"nomeMaquina";"nomeComponente";"nomeMetrica";"unidadeDeMedida";"dataColeta";"valorLeitura"
"Servidor-SPTECH";"ram";"ram_Usada";"GB";"2022-11-03 09:54:23";6.71
"Servidor-SPTECH";"ram";"ram_Usada";"GB";"2022-11-03 09:54:21";6.69
"Servidor-SPTECH";"ram";"ram_Usada";"GB";"2022-11-03 09:54:19";6.7
"Servidor-SPTECH";"ram";"ram_Usada";"GB";"2022-11-03 09:54:17";6.75
"Servidor-SPTECH";"ram";"ram_Usada";"GB";"2022-11-03 09:54:15";6.76
"Servidor-SPTECH";"ram";"ram_Usada";"GB";"2022-11-03 09:54:13";6.76
"Servidor-SPTECH";"ram";"ram_Usada";"GB";"2022-11-03 09:54:12";6.71
"Servidor-SPTECH";"ram";"ram_Usada";"GB";"2022-11-03 09:54:10";6.74
"Servidor-SPTECH";"ram";"ram_Usada";"GB";"2022-11-03 09:54:08";6.76
"Servidor-SPTECH";"ram";"ram_Usada";"GB";"2022-11-03 09:54:06";6.77
"Servidor-SPTECH";"ram";"ram_Usada";"GB";"2022-11-03 09:54:04";6.76
"Servidor-SPTECH";"ram";"ram_Usada";"GB";"2022-11-03 09:54:02";6.69
"Servidor-SPTECH";"ram";"ram_Usada";"GB";"2022-11-03 09:54:00";6.72
"Servidor-SPTECH";"ram";"ram_Usada";"GB";"2022-11-03 09:53:59";6.46
"Servidor-SPTECH";"ram";"ram_Usada";"GB";"2022-11-03 09:53:57";6.46
"Servidor-SPTECH";"ram";"ram_Usada";"GB";"2022-11-03 09:53:55";6.47
"Servidor-SPTECH";"ram";"ram_Usada";"GB";"2022-11-03 09:53:53";6.46
"Servidor-SPTECH";"ram";"ram_Usada";"GB";"2022-11-03 09:53:51";6.46
"Servidor-SPTECH";"ram";"ram_Usada";"GB";"2022-11-03 09:53:49";6.48
"Servidor-SPTECH";"ram";"ram_Usada";"GB";"2022-11-03 09:53:47";6.48
"Servidor-SPTECH";"ram";"ram_Usada";"GB";"2022-11-03 09:53:46";6.46
"Servidor-SPTECH";"ram";"ram_Usada";"GB";"2022-11-03 09:53:44";6.47
"Servidor-SPTECH";"ram";"ram_Usada";"GB";"2022-11-03 09:53:42";6.45
"Servidor-SPTECH";"ram";"ram_Usada";"GB";"2022-11-03 09:53:40";6.47
"Servidor-SPTECH";"ram";"ram_Usada";"GB";"2022-11-03 09:53:39";6.46
"Servidor-SPTECH";"ram";"ram_Usada";"GB";"2022-11-03 09:53:37";6.4
"Servidor-SPTECH";"ram";"ram_Usada";"GB";"2022-11-03 09:53:35";6.42
"Servidor-SPTECH";"ram";"ram_Usada";"GB";"2022-11-03 09:53:33";6.42
"Servidor-SPTECH";"ram";"ram_Usada";"GB";"2022-11-03 09:53:31";6.42
"Servidor-SPTECH";"ram";"ram_Usada";"GB";"2022-11-03 09:53:29";6.41
"Servidor-SPTECH";"ram";"ram_Usada";"GB";"2022-11-03 09:53:27";6.4
"Servidor-SPTECH";"ram";"ram_Usada";"GB";"2022-11-03 09:53:26";6.36
"Servidor-SPTECH";"ram";"ram_Usada";"GB";"2022-11-03 09:53:24";6.33
"Servidor-SPTECH";"ram";"ram_Usada";"GB";"2022-11-03 09:53:22";6.32
"Servidor-SPTECH";"ram";"ram_Usada";"GB";"2022-11-03 09:53:20";6.28
"Servidor-SPTECH";"ram";"ram_Usada";"GB";"2022-11-03 09:53:18";6.28
"Servidor-SPTECH";"ram";"ram_Usada";"GB";"2022-11-03 09:53:17";6.27
"Servidor-SPTECH";"ram";"ram_Usada";"GB";"2022-11-03 09:53:15";6.23
"Servidor-SPTECH";"ram";"ram_Usada";"GB";"2022-11-03 09:53:13";6.24
"Servidor-SPTECH";"ram";"ram_Usada";"GB";"2022-11-03 09:53:11";6.26
"Servidor-SPTECH";"ram";"ram_Usada";"GB";"2022-11-03 09:53:10";6.27
"Servidor-SPTECH";"ram";"ram_Usada";"GB";"2022-11-03 09:53:08";6.29
"Servidor-SPTECH";"ram";"ram_Usada";"GB";"2022-11-03 09:53:06";6.3
"Servidor-SPTECH";"ram";"ram_Usada";"GB";"2022-11-03 09:53:05";6.25
"Servidor-SPTECH";"ram";"ram_Usada";"GB";"2022-11-03 09:53:03";6.23
"Servidor-SPTECH";"ram";"ram_Usada";"GB";"2022-11-03 09:53:01";6.27
"Servidor-SPTECH";"ram";"ram_Usada";"GB";"2022-11-03 09:52:59";6.28
"Servidor-SPTECH";"ram";"ram_Usada";"GB";"2022-11-03 09:52:57";6.29
"Servidor-SPTECH";"ram";"ram_Usada";"GB";"2022-11-03 09:52:55";6.09
"Servidor-SPTECH";"ram";"ram_Usada";"GB";"2022-11-03 09:52:54";6.09
"Servidor-SPTECH";"ram";"ram_Usada";"GB";"2022-11-03 09:52:52";6.03
"Servidor-SPTECH";"ram";"ram_Usada";"GB";"2022-11-03 09:52:50";6.0
"Servidor-SPTECH";"ram";"ram_Usada";"GB";"2022-11-03 09:52:49";5.99
"Servidor-SPTECH";"ram";"ram_Usada";"GB";"2022-11-03 09:52:47";5.99
"Servidor-SPTECH";"ram";"ram_Usada";"GB";"2022-11-03 09:52:45";5.99
"Servidor-SPTECH";"ram";"ram_Usada";"GB";"2022-11-03 09:52:44";5.99
"Servidor-SPTECH";"ram";"ram_Usada";"GB";"2022-11-03 09:52:42";5.99
"Servidor-SPTECH";"ram";"ram_Usada";"GB";"2022-11-03 09:52:40";5.99
"Servidor-SPTECH";"ram";"ram_Usada";"GB";"2022-11-03 09:52:39";5.99
"Servidor-SPTECH";"ram";"ram_Usada";"GB";"2022-11-03 09:52:37";5.99
"Servidor-SPTECH";"ram";"ram_Usada";"GB";"2022-11-03 09:52:36";5.99
"Servidor-SPTECH";"ram";"ram_Usada";"GB";"2022-11-03 09:52:34";5.99
"Servidor-SPTECH";"ram";"ram_Usada";"GB";"2022-11-03 09:52:32";5.99
"Servidor-SPTECH";"ram";"ram_Usada";"GB";"2022-11-03 09:52:31";5.99
"Servidor-SPTECH";"ram";"ram_Usada";"GB";"2022-11-03 09:52:29";5.99
"Servidor-SPTECH";"ram";"ram_Usada";"GB";"2022-11-03 09:52:27";5.98
"Servidor-SPTECH";"ram";"ram_Usada";"GB";"2022-11-03 09:52:26";5.98
"Servidor-SPTECH";"ram";"ram_Usada";"GB";"2022-11-03 09:52:24";5.99
"Servidor-SPTECH";"ram";"ram_Usada";"GB";"2022-11-03 09:52:23";5.99
"Servidor-SPTECH";"ram";"ram_Usada";"GB";"2022-11-03 09:52:21";5.99
"Servidor-SPTECH";"ram";"ram_Usada";"GB";"2022-11-03 09:52:19";5.92
"Servidor-SPTECH";"ram";"ram_Usada";"GB";"2022-11-03 09:52:18";5.92
"Servidor-SPTECH";"ram";"ram_Usada";"GB";"2022-11-03 09:52:16";5.89
"Servidor-SPTECH";"ram";"ram_Usada";"GB";"2022-11-03 09:52:14";5.89
"Servidor-SPTECH";"ram";"ram_Usada";"GB";"2022-11-03 09:52:13";5.88
"Servidor-SPTECH";"ram";"ram_Usada";"GB";"2022-11-03 09:52:11";5.89
"Servidor-SPTECH";"ram";"ram_Usada";"GB";"2022-11-03 09:52:09";5.88
"Servidor-SPTECH";"ram";"ram_Usada";"GB";"2022-11-03 09:52:08";5.88
"Servidor-SPTECH";"ram";"ram_Usada";"GB";"2022-11-03 09:52:06";5.88
"Servidor-SPTECH";"ram";"ram_Usada";"GB";"2022-11-03 09:52:04";5.88
"Servidor-SPTECH";"ram";"ram_Usada";"GB";"2022-11-03 09:52:03";5.88
"Servidor-SPTECH";"ram";"ram_Usada";"GB";"2022-11-03 09:52:01";5.89
"Servidor-SPTECH";"ram";"ram_Usada";"GB";"2022-11-03 09:52:00";5.89
"Servidor-SPTECH";"ram";"ram_Usada";"GB";"2022-11-03 09:51:58";5.92
"Servidor-SPTECH";"ram";"ram_Usada";"GB";"2022-11-03 09:51:56";5.89
"Servidor-SPTECH";"ram";"ram_Usada";"GB";"2022-11-03 09:51:55";5.89
"Servidor-SPTECH";"ram";"ram_Usada";"GB";"2022-11-03 09:51:53";5.89
"Servidor-SPTECH";"ram";"ram_Usada";"GB";"2022-11-03 09:51:52";5.88
"Servidor-SPTECH";"ram";"ram_Usada";"GB";"2022-11-03 09:51:50";5.91
"Servidor-SPTECH";"ram";"ram_Usada";"GB";"2022-11-03 09:51:48";5.9
"Servidor-SPTECH";"ram";"ram_Usada";"GB";"2022-11-03 09:51:46";5.89
"Servidor-SPTECH";"ram";"ram_Usada";"GB";"2022-11-03 09:51:45";5.89
"Servidor-SPTECH";"ram";"ram_Usada";"GB";"2022-11-03 09:51:43";5.88
"Servidor-SPTECH";"ram";"ram_Usada";"GB";"2022-11-03 09:51:42";5.88
"Servidor-SPTECH";"ram";"ram_Usada";"GB";"2022-11-03 09:51:40";5.88
"Servidor-SPTECH";"ram";"ram_Usada";"GB";"2022-11-03 09:51:38";5.88
"Servidor-SPTECH";"ram";"ram_Usada";"GB";"2022-11-03 09:51:37";5.89
"Servidor-SPTECH";"ram";"ram_Usada";"GB";"2022-11-03 09:51:35";5.89
"Servidor-SPTECH";"ram";"ram_Usada";"GB";"2022-11-03 09:51:33";5.88
"Servidor-SPTECH";"ram";"ram_Usada";"GB";"2022-11-03 09:51:32";5.9
"Servidor-SPTECH";"ram";"ram_Usada";"GB";"2022-11-03 09:51:30";5.88
"Servidor-SPTECH";"ram";"ram_Usada";"GB";"2022-11-03 09:51:29";5.86
"Servidor-SPTECH";"ram";"ram_Usada";"GB";"2022-11-03 09:51:27";5.86
"Servidor-SPTECH";"ram";"ram_Usada";"GB";"2022-11-03 09:51:26";5.87
"Servidor-SPTECH";"ram";"ram_Usada";"GB";"2022-11-03 09:51:24";5.86
"Servidor-SPTECH";"ram";"ram_Usada";"GB";"2022-11-03 09:51:22";5.87
"Servidor-SPTECH";"ram";"ram_Usada";"GB";"2022-11-03 09:51:21";5.87
"Servidor-SPTECH";"ram";"ram_Usada";"GB";"2022-11-03 09:51:19";5.86
"Servidor-SPTECH";"ram";"ram_Usada";"GB";"2022-11-03 09:51:17";5.86
"Servidor-SPTECH";"ram";"ram_Usada";"GB";"2022-11-03 09:51:16";5.86
"Servidor-SPTECH";"ram";"ram_Usada";"GB";"2022-11-03 09:51:14";5.87
"Servidor-SPTECH";"ram";"ram_Usada";"GB";"2022-11-03 09:51:13";5.85
"Servidor-SPTECH";"ram";"ram_Usada";"GB";"2022-11-03 09:51:11";5.85
"Servidor-SPTECH";"ram";"ram_Usada";"GB";"2022-11-03 09:51:09";5.85
"Servidor-SPTECH";"ram";"ram_Usada";"GB";"2022-11-03 09:51:08";5.85
"Servidor-SPTECH";"ram";"ram_Usada";"GB";"2022-11-03 09:51:06";5.84
"Servidor-SPTECH";"ram";"ram_Usada";"GB";"2022-11-03 09:51:05";5.84
"Servidor-SPTECH";"ram";"ram_Usada";"GB";"2022-11-03 09:51:03";5.83
"Servidor-SPTECH";"ram";"ram_Usada";"GB";"2022-11-03 09:51:01";5.83
"Servidor-SPTECH";"ram";"ram_Usada";"GB";"2022-11-03 09:51:00";5.84
"Servidor-SPTECH";"ram";"ram_Usada";"GB";"2022-11-03 09:50:58";5.83
"Servidor-SPTECH";"ram";"ram_Usada";"GB";"2022-11-03 09:50:56";5.82
"Servidor-SPTECH";"ram";"ram_Usada";"GB";"2022-11-03 09:50:55";5.83
"Servidor-SPTECH";"ram";"ram_Usada";"GB";"2022-11-03 09:50:53";5.8
"Servidor-SPTECH";"ram";"ram_Usada";"GB";"2022-11-03 09:50:51";5.87
"Servidor-SPTECH";"ram";"ram_Usada";"GB";"2022-11-03 09:50:50";6.03
"Servidor-SPTECH";"ram";"ram_Usada";"GB";"2022-11-03 09:50:48";6.05
"Servidor-SPTECH";"ram";"ram_Usada";"GB";"2022-11-03 09:50:47";6.03
"Servidor-SPTECH";"ram";"ram_Usada";"GB";"2022-11-03 09:50:45";6.04
"Servidor-SPTECH";"ram";"ram_Usada";"GB";"2022-11-03 09:50:43";6.04
"Servidor-SPTECH";"ram";"ram_Usada";"GB";"2022-11-03 09:50:42";6.06
"Servidor-SPTECH";"ram";"ram_Usada";"GB";"2022-11-03 09:50:40";6.07
"Servidor-SPTECH";"ram";"ram_Usada";"GB";"2022-11-03 09:50:39";6.07
"Servidor-SPTECH";"ram";"ram_Usada";"GB";"2022-11-03 09:50:37";6.05
"Servidor-SPTECH";"ram";"ram_Usada";"GB";"2022-11-03 09:50:35";6.05
"Servidor-SPTECH";"ram";"ram_Usada";"GB";"2022-11-03 09:50:34";6.05
"Servidor-SPTECH";"ram";"ram_Usada";"GB";"2022-11-03 09:50:32";6.05
"Servidor-SPTECH";"ram";"ram_Usada";"GB";"2022-11-03 09:50:30";6.28
"Servidor-SPTECH";"ram";"ram_Usada";"GB";"2022-11-03 09:50:28";6.57
"Servidor-SPTECH";"ram";"ram_Usada";"GB";"2022-11-03 09:50:27";6.56
"Servidor-SPTECH";"ram";"ram_Usada";"GB";"2022-11-03 09:50:25";6.81
"Servidor-SPTECH";"ram";"ram_Usada";"GB";"2022-11-03 09:50:23";6.81
"Servidor-SPTECH";"ram";"ram_Usada";"GB";"2022-11-03 09:50:22";6.82
"Servidor-SPTECH";"ram";"ram_Usada";"GB";"2022-11-03 09:50:20";6.85
"Servidor-SPTECH";"ram";"ram_Usada";"GB";"2022-11-03 09:50:18";6.78
"Servidor-SPTECH";"ram";"ram_Usada";"GB";"2022-11-03 09:50:17";6.9
"Servidor-SPTECH";"ram";"ram_Usada";"GB";"2022-11-03 09:50:15";7.15
"Servidor-SPTECH";"ram";"ram_Usada";"GB";"2022-11-03 09:50:13";7.25
"Servidor-SPTECH";"ram";"ram_Usada";"GB";"2022-11-03 09:50:11";7.26
"Servidor-SPTECH";"ram";"ram_Usada";"GB";"2022-11-03 09:50:09";6.92
"Servidor-SPTECH";"ram";"ram_Usada";"GB";"2022-11-03 09:50:07";6.58
"Servidor-SPTECH";"ram";"ram_Usada";"GB";"2022-11-03 09:50:05";6.59
"Servidor-SPTECH";"ram";"ram_Usada";"GB";"2022-11-03 09:50:04";6.74
"Servidor-SPTECH";"ram";"ram_Usada";"GB";"2022-11-03 09:50:02";6.76
"Servidor-SPTECH";"ram";"ram_Usada";"GB";"2022-11-03 09:50:00";6.76
"Servidor-SPTECH";"ram";"ram_Usada";"GB";"2022-11-03 09:49:58";6.56
"Servidor-SPTECH";"ram";"ram_Usada";"GB";"2022-11-03 09:49:56";6.56
"Servidor-SPTECH";"ram";"ram_Usada";"GB";"2022-11-03 09:49:55";6.51
"Servidor-SPTECH";"ram";"ram_Usada";"GB";"2022-11-03 09:49:53";6.58
"Servidor-SPTECH";"ram";"ram_Usada";"GB";"2022-11-03 09:49:51";6.57
"Servidor-SPTECH";"ram";"ram_Usada";"GB";"2022-11-03 09:49:50";6.54
"Servidor-SPTECH";"ram";"ram_Usada";"GB";"2022-11-03 09:49:48";6.59
"Servidor-SPTECH";"ram";"ram_Usada";"GB";"2022-11-03 09:49:46";6.82
"Servidor-SPTECH";"ram";"ram_Usada";"GB";"2022-11-03 09:49:45";6.88
"Servidor-SPTECH";"ram";"ram_Usada";"GB";"2022-11-03 09:49:43";6.91
"Servidor-SPTECH";"ram";"ram_Usada";"GB";"2022-11-03 09:49:41";6.83
"Servidor-SPTECH";"ram";"ram_Usada";"GB";"2022-11-03 09:49:39";6.82
"Servidor-SPTECH";"ram";"ram_Usada";"GB";"2022-11-03 09:49:38";6.82
"Servidor-SPTECH";"ram";"ram_Usada";"GB";"2022-11-03 09:49:36";6.85
"Servidor-SPTECH";"ram";"ram_Usada";"GB";"2022-11-03 09:49:34";6.85
"Servidor-SPTECH";"ram";"ram_Usada";"GB";"2022-11-03 09:49:33";6.86
"Servidor-SPTECH";"ram";"ram_Usada";"GB";"2022-11-03 09:49:31";6.83
"Servidor-SPTECH";"ram";"ram_Usada";"GB";"2022-11-03 09:49:29";6.8
"Servidor-SPTECH";"ram";"ram_Usada";"GB";"2022-11-03 09:49:28";6.79
"Servidor-SPTECH";"ram";"ram_Usada";"GB";"2022-11-03 09:49:26";6.79
"Servidor-SPTECH";"ram";"ram_Usada";"GB";"2022-11-03 09:49:24";6.79
"Servidor-SPTECH";"ram";"ram_Usada";"GB";"2022-11-03 09:49:23";6.79
"Servidor-SPTECH";"ram";"ram_Usada";"GB";"2022-11-03 09:49:21";6.79
"Servidor-SPTECH";"ram";"ram_Usada";"GB";"2022-11-03 09:49:19";6.79
"Servidor-SPTECH";"ram";"ram_Usada";"GB";"2022-11-03 09:49:18";6.8
"Servidor-SPTECH";"ram";"ram_Usada";"GB";"2022-11-03 09:49:16";6.79
"Servidor-SPTECH";"ram";"ram_Usada";"GB";"2022-11-03 09:49:14";6.8
"Servidor-SPTECH";"ram";"ram_Usada";"GB";"2022-11-03 09:49:13";6.79
"Servidor-SPTECH";"ram";"ram_Usada";"GB";"2022-11-03 09:49:11";6.79
"Servidor-SPTECH";"ram";"ram_Usada";"GB";"2022-11-03 09:49:10";6.79
"Servidor-SPTECH";"ram";"ram_Usada";"GB";"2022-11-03 09:49:08";6.79
"Servidor-SPTECH";"ram";"ram_Usada";"GB";"2022-11-03 09:49:06";6.79
"Servidor-SPTECH";"ram";"ram_Usada";"GB";"2022-11-03 09:49:05";6.78
"Servidor-SPTECH";"ram";"ram_Usada";"GB";"2022-11-03 09:49:03";6.79
"Servidor-SPTECH";"ram";"ram_Usada";"GB";"2022-11-03 09:49:01";6.78
"Servidor-SPTECH";"ram";"ram_Usada";"GB";"2022-11-03 09:49:00";6.78
"Servidor-SPTECH";"ram";"ram_Usada";"GB";"2022-11-03 09:48:58";6.79
"Servidor-SPTECH";"ram";"ram_Usada";"GB";"2022-11-03 09:48:57";6.8
"Servidor-SPTECH";"ram";"ram_Usada";"GB";"2022-11-03 09:48:55";6.8
"Servidor-SPTECH";"ram";"ram_Usada";"GB";"2022-11-03 09:48:53";6.79
"Servidor-SPTECH";"ram";"ram_Usada";"GB";"2022-11-03 09:48:52";6.79
"Servidor-SPTECH";"ram";"ram_Usada";"GB";"2022-11-03 09:48:50";6.99
"Servidor-SPTECH";"ram";"ram_Usada";"GB";"2022-11-03 09:48:48";6.99
"Servidor-SPTECH";"ram";"ram_Usada";"GB";"2022-11-03 09:48:47";7.0
"Servidor-SPTECH";"ram";"ram_Usada";"GB";"2022-11-03 09:48:45";7.0
"Servidor-SPTECH";"ram";"ram_Usada";"GB";"2022-11-03 09:48:43";7.01
"Servidor-SPTECH";"ram";"ram_Usada";"GB";"2022-11-03 09:48:42";7.01
"Servidor-SPTECH";"ram";"ram_Usada";"GB";"2022-11-03 09:48:40";7.01
"Servidor-SPTECH";"ram";"ram_Usada";"GB";"2022-11-03 09:48:39";7.1
"Servidor-SPTECH";"ram";"ram_Usada";"GB";"2022-11-03 09:48:37";7.1
"Servidor-SPTECH";"ram";"ram_Usada";"GB";"2022-11-03 09:48:35";7.18
"Servidor-SPTECH";"ram";"ram_Usada";"GB";"2022-11-03 09:48:33";7.2
"Servidor-SPTECH";"ram";"ram_Usada";"GB";"2022-11-03 09:48:32";7.18
"Servidor-SPTECH";"ram";"ram_Usada";"GB";"2022-11-03 09:48:30";7.2
"Servidor-SPTECH";"ram";"ram_Usada";"GB";"2022-11-03 09:48:28";7.2
"Servidor-SPTECH";"ram";"ram_Usada";"GB";"2022-11-03 09:48:26";7.19
"Servidor-SPTECH";"ram";"ram_Usada";"GB";"2022-11-03 09:48:24";7.2
"Servidor-SPTECH";"ram";"ram_Usada";"GB";"2022-11-03 09:48:22";7.23
"Servidor-SPTECH";"ram";"ram_Usada";"GB";"2022-11-03 09:48:20";7.31
"Servidor-SPTECH";"ram";"ram_Usada";"GB";"2022-11-03 09:48:19";7.33
"Servidor-SPTECH";"ram";"ram_Usada";"GB";"2022-11-03 09:48:17";7.35
"Servidor-SPTECH";"ram";"ram_Usada";"GB";"2022-11-03 09:48:15";7.2
"Servidor-SPTECH";"ram";"ram_Usada";"GB";"2022-11-03 09:48:13";6.73
"Servidor-SPTECH";"ram";"ram_Usada";"GB";"2022-11-03 09:48:11";6.65
"Servidor-SPTECH";"ram";"ram_Usada";"GB";"2022-11-03 09:48:10";6.88
"Servidor-SPTECH";"ram";"ram_Usada";"GB";"2022-11-03 09:48:08";7.21
"Servidor-SPTECH";"ram";"ram_Usada";"GB";"2022-11-03 09:48:06";7.21
"Servidor-SPTECH";"ram";"ram_Usada";"GB";"2022-11-03 09:48:04";7.21
"Servidor-SPTECH";"ram";"ram_Usada";"GB";"2022-11-03 09:48:02";7.05
"Servidor-SPTECH";"ram";"ram_Usada";"GB";"2022-11-03 09:48:00";6.77
"Servidor-SPTECH";"ram";"ram_Usada";"GB";"2022-11-03 09:47:59";6.69
"Servidor-SPTECH";"ram";"ram_Usada";"GB";"2022-11-03 09:47:57";6.69
"Servidor-SPTECH";"ram";"ram_Usada";"GB";"2022-11-03 09:47:55";6.67
"Servidor-SPTECH";"ram";"ram_Usada";"GB";"2022-11-03 09:47:53";6.69
"Servidor-SPTECH";"ram";"ram_Usada";"GB";"2022-11-03 09:47:52";6.71
"Servidor-SPTECH";"ram";"ram_Usada";"GB";"2022-11-03 09:47:50";6.75
"Servidor-SPTECH";"ram";"ram_Usada";"GB";"2022-11-03 09:47:48";6.79
"Servidor-SPTECH";"ram";"ram_Usada";"GB";"2022-11-03 09:47:46";6.81
"Servidor-SPTECH";"ram";"ram_Usada";"GB";"2022-11-03 09:47:45";6.81
"Servidor-SPTECH";"ram";"ram_Usada";"GB";"2022-11-03 09:47:43";6.82
"Servidor-SPTECH";"ram";"ram_Usada";"GB";"2022-11-03 09:47:41";6.78
"Servidor-SPTECH";"ram";"ram_Usada";"GB";"2022-11-03 09:47:40";6.78
"Servidor-SPTECH";"ram";"ram_Usada";"GB";"2022-11-03 09:47:38";6.8
"Servidor-SPTECH";"ram";"ram_Usada";"GB";"2022-11-03 09:47:36";6.81
"Servidor-SPTECH";"ram";"ram_Usada";"GB";"2022-11-03 09:47:35";6.82
"Servidor-SPTECH";"ram";"ram_Usada";"GB";"2022-11-03 09:47:33";6.77
"Servidor-SPTECH";"ram";"ram_Usada";"GB";"2022-11-03 09:47:31";6.63
"Servidor-SPTECH";"ram";"ram_Usada";"GB";"2022-11-03 09:47:29";6.63
"Servidor-SPTECH";"ram";"ram_Usada";"GB";"2022-11-03 09:47:27";6.63
"Servidor-SPTECH";"ram";"ram_Usada";"GB";"2022-11-03 09:47:26";6.62
"Servidor-SPTECH";"ram";"ram_Usada";"GB";"2022-11-03 09:47:24";6.67
"Servidor-SPTECH";"ram";"ram_Usada";"GB";"2022-11-03 09:47:22";6.73
"Servidor-SPTECH";"ram";"ram_Usada";"GB";"2022-11-03 09:47:20";6.73
"Servidor-SPTECH";"ram";"ram_Usada";"GB";"2022-11-03 09:47:18";6.76
"Servidor-SPTECH";"ram";"ram_Usada";"GB";"2022-11-03 09:47:17";6.77
"Servidor-SPTECH";"ram";"ram_Usada";"GB";"2022-11-03 09:47:15";6.77
"Servidor-SPTECH";"ram";"ram_Usada";"GB";"2022-11-03 09:47:13";6.78
"Servidor-SPTECH";"ram";"ram_Usada";"GB";"2022-11-03 09:47:11";6.77
"Servidor-SPTECH";"ram";"ram_Usada";"GB";"2022-11-03 09:47:09";6.78
"Servidor-SPTECH";"ram";"ram_Usada";"GB";"2022-11-03 09:47:07";6.78
"Servidor-SPTECH";"ram";"ram_Usada";"GB";"2022-11-03 09:47:05";6.77
"Servidor-SPTECH";"ram";"ram_Usada";"GB";"2022-11-03 09:47:04";6.75
"Servidor-SPTECH";"ram";"ram_Usada";"GB";"2022-11-03 09:47:02";6.7
"Servidor-SPTECH";"ram";"ram_Usada";"GB";"2022-11-03 09:47:00";6.76
"Servidor-SPTECH";"ram";"ram_Usada";"GB";"2022-11-03 09:46:58";6.85
"Servidor-SPTECH";"ram";"ram_Usada";"GB";"2022-11-03 09:46:56";6.83
"Servidor-SPTECH";"ram";"ram_Usada";"GB";"2022-11-03 09:46:55";6.78
"Servidor-SPTECH";"ram";"ram_Usada";"GB";"2022-11-03 09:46:53";6.81
"Servidor-SPTECH";"ram";"ram_Usada";"GB";"2022-11-03 09:46:51";6.93
"Servidor-SPTECH";"ram";"ram_Usada";"GB";"2022-11-03 09:46:49";6.93
"Servidor-SPTECH";"ram";"ram_Usada";"GB";"2022-11-03 09:46:47";7.11
"Servidor-SPTECH";"ram";"ram_Usada";"GB";"2022-11-03 09:46:46";6.97
"Servidor-SPTECH";"ram";"ram_Usada";"GB";"2022-11-03 09:46:44";6.97
"Servidor-SPTECH";"ram";"ram_Usada";"GB";"2022-11-03 09:46:43";7.01
"Servidor-SPTECH";"ram";"ram_Usada";"GB";"2022-11-03 09:46:41";6.8
"Servidor-SPTECH";"ram";"ram_Usada";"GB";"2022-11-03 09:46:39";6.82
"Servidor-SPTECH";"ram";"ram_Usada";"GB";"2022-11-03 09:46:37";6.82
"Servidor-SPTECH";"ram";"ram_Usada";"GB";"2022-11-03 09:46:36";6.83
"Servidor-SPTECH";"ram";"ram_Usada";"GB";"2022-11-03 09:46:34";6.82
"Servidor-SPTECH";"ram";"ram_Usada";"GB";"2022-11-03 09:46:32";6.87
"Servidor-SPTECH";"ram";"ram_Usada";"GB";"2022-11-03 09:46:30";6.89
"Servidor-SPTECH";"ram";"ram_Usada";"GB";"2022-11-03 09:46:28";6.84
"Servidor-SPTECH";"ram";"ram_Usada";"GB";"2022-11-03 09:46:26";6.43
"Servidor-SPTECH";"ram";"ram_Usada";"GB";"2022-11-03 09:46:24";6.33
"Servidor-SPTECH";"ram";"ram_Usada";"GB";"2022-11-03 09:46:23";6.17
"Servidor-SPTECH";"ram";"ram_Usada";"GB";"2022-11-03 09:46:21";6.16
"Servidor-SPTECH";"ram";"ram_Usada";"GB";"2022-11-03 09:46:19";6.17
"Servidor-SPTECH";"ram";"ram_Usada";"GB";"2022-11-03 09:46:17";6.14
"Servidor-SPTECH";"ram";"ram_Usada";"GB";"2022-11-03 09:46:15";6.19
"Servidor-SPTECH";"ram";"ram_Usada";"GB";"2022-11-03 09:46:14";6.19
"Servidor-SPTECH";"ram";"ram_Usada";"GB";"2022-11-03 09:46:12";6.19
"Servidor-SPTECH";"ram";"ram_Usada";"GB";"2022-11-03 09:46:10";6.2
"Servidor-SPTECH";"ram";"ram_Usada";"GB";"2022-11-03 09:46:09";6.18
"Servidor-SPTECH";"ram";"ram_Usada";"GB";"2022-11-03 09:46:07";6.19
"Servidor-SPTECH";"ram";"ram_Usada";"GB";"2022-11-03 09:46:05";6.19
"Servidor-SPTECH";"ram";"ram_Usada";"GB";"2022-11-03 09:46:04";6.2
"Servidor-SPTECH";"ram";"ram_Usada";"GB";"2022-11-03 09:46:02";6.22
"Servidor-SPTECH";"ram";"ram_Usada";"GB";"2022-11-03 09:46:00";6.2
"Servidor-SPTECH";"ram";"ram_Usada";"GB";"2022-11-03 09:45:58";6.22
"Servidor-SPTECH";"ram";"ram_Usada";"GB";"2022-11-03 09:45:56";6.23
"Servidor-SPTECH";"ram";"ram_Usada";"GB";"2022-11-03 09:45:55";6.22
"Servidor-SPTECH";"ram";"ram_Usada";"GB";"2022-11-03 09:45:53";6.2
"Servidor-SPTECH";"ram";"ram_Usada";"GB";"2022-11-03 09:45:51";6.21
"Servidor-SPTECH";"ram";"ram_Usada";"GB";"2022-11-03 09:45:49";6.22
"Servidor-SPTECH";"ram";"ram_Usada";"GB";"2022-11-03 09:45:48";6.23
"Servidor-SPTECH";"ram";"ram_Usada";"GB";"2022-11-03 09:45:46";6.2
"Servidor-SPTECH";"ram";"ram_Usada";"GB";"2022-11-03 09:45:44";6.19
"Servidor-SPTECH";"ram";"ram_Usada";"GB";"2022-11-03 09:45:42";6.19
"Servidor-SPTECH";"ram";"ram_Usada";"GB";"2022-11-03 09:45:41";6.18
"Servidor-SPTECH";"ram";"ram_Usada";"GB";"2022-11-03 09:45:39";6.25
"Servidor-SPTECH";"ram";"ram_Usada";"GB";"2022-11-03 09:45:37";6.29
"Servidor-SPTECH";"ram";"ram_Usada";"GB";"2022-11-03 09:45:36";6.3
"Servidor-SPTECH";"ram";"ram_Usada";"GB";"2022-11-03 09:45:34";6.29
"Servidor-SPTECH";"ram";"ram_Usada";"GB";"2022-11-03 09:45:32";6.36
"Servidor-SPTECH";"ram";"ram_Usada";"GB";"2022-11-03 09:45:31";6.36
"Servidor-SPTECH";"ram";"ram_Usada";"GB";"2022-11-03 09:45:29";6.37
"Servidor-SPTECH";"ram";"ram_Usada";"GB";"2022-11-03 09:45:27";6.75
"Servidor-SPTECH";"ram";"ram_Usada";"GB";"2022-11-03 09:45:26";6.5
"Servidor-SPTECH";"ram";"ram_Usada";"GB";"2022-11-03 09:45:24";6.51
"Servidor-SPTECH";"ram";"ram_Usada";"GB";"2022-11-03 09:45:22";6.6
"Servidor-SPTECH";"ram";"ram_Usada";"GB";"2022-11-03 09:45:20";6.62
"Servidor-SPTECH";"ram";"ram_Usada";"GB";"2022-11-03 09:45:18";6.78
"Servidor-SPTECH";"ram";"ram_Usada";"GB";"2022-11-03 09:45:17";6.74
"Servidor-SPTECH";"ram";"ram_Usada";"GB";"2022-11-03 09:45:15";6.56
"Servidor-SPTECH";"ram";"ram_Usada";"GB";"2022-11-03 09:45:13";6.74
"Servidor-SPTECH";"ram";"ram_Usada";"GB";"2022-11-01 15:30:07";5.94
"Servidor-SPTECH";"ram";"ram_Usada";"GB";"2022-11-01 15:30:05";5.9
"Servidor-SPTECH";"ram";"ram_Usada";"GB";"2022-11-01 15:30:04";5.9
"Servidor-SPTECH";"ram";"ram_Usada";"GB";"2022-11-01 15:30:02";5.88
"Servidor-SPTECH";"ram";"ram_Usada";"GB";"2022-11-01 15:30:01";5.91
"Servidor-SPTECH";"ram";"ram_Usada";"GB";"2022-11-01 15:30:00";5.9
"Servidor-SPTECH";"ram";"ram_Usada";"GB";"2022-11-01 15:29:58";5.82
"Servidor-SPTECH";"ram";"ram_Usada";"GB";"2022-11-01 15:29:57";5.81
"Servidor-SPTECH";"ram";"ram_Usada";"GB";"2022-11-01 15:29:55";5.82
"Servidor-SPTECH";"ram";"ram_Usada";"GB";"2022-11-01 15:29:54";5.81
"Servidor-SPTECH";"ram";"ram_Usada";"GB";"2022-11-01 15:29:53";5.82
"Servidor-SPTECH";"ram";"ram_Usada";"GB";"2022-11-01 15:29:51";5.81
"Servidor-SPTECH";"ram";"ram_Usada";"GB";"2022-11-01 15:29:50";5.79
"Servidor-SPTECH";"ram";"ram_Usada";"GB";"2022-11-01 15:29:48";5.82
"Servidor-SPTECH";"ram";"ram_Usada";"GB";"2022-11-01 15:29:47";5.81
"Servidor-SPTECH";"ram";"ram_Usada";"GB";"2022-11-01 15:29:46";5.82
"Servidor-SPTECH";"ram";"ram_Usada";"GB";"2022-11-01 15:29:44";5.82
"Servidor-SPTECH";"ram";"ram_Usada";"GB";"2022-11-01 15:29:43";5.84
"Servidor-SPTECH";"ram";"ram_Usada";"GB";"2022-11-01 15:29:41";5.84
"Servidor-SPTECH";"ram";"ram_Usada";"GB";"2022-11-01 15:29:40";5.84
"Servidor-SPTECH";"ram";"ram_Usada";"GB";"2022-11-01 15:29:39";5.81
"Servidor-SPTECH";"ram";"ram_Usada";"GB";"2022-11-01 15:29:37";5.84
"Servidor-SPTECH";"ram";"ram_Usada";"GB";"2022-11-01 15:29:36";5.84
"Servidor-SPTECH";"ram";"ram_Usada";"GB";"2022-11-01 15:29:34";5.85
"Servidor-SPTECH";"ram";"ram_Usada";"GB";"2022-11-01 15:29:33";5.84
"Servidor-SPTECH";"ram";"ram_Usada";"GB";"2022-11-01 15:29:31";5.84
"Servidor-SPTECH";"ram";"ram_Usada";"GB";"2022-11-01 15:29:30";5.84
"Servidor-SPTECH";"ram";"ram_Usada";"GB";"2022-11-01 15:29:29";5.84
"Servidor-SPTECH";"ram";"ram_Usada";"GB";"2022-11-01 15:29:27";5.84
"Servidor-SPTECH";"ram";"ram_Usada";"GB";"2022-11-01 15:29:26";5.81
"Servidor-SPTECH";"ram";"ram_Usada";"GB";"2022-11-01 15:29:24";5.84
"Servidor-SPTECH";"ram";"ram_Usada";"GB";"2022-11-01 15:29:23";5.84
"Servidor-SPTECH";"ram";"ram_Usada";"GB";"2022-11-01 15:29:22";5.84
"Servidor-SPTECH";"ram";"ram_Usada";"GB";"2022-11-01 15:29:20";5.82
"Servidor-SPTECH";"ram";"ram_Usada";"GB";"2022-11-01 15:29:19";5.86
"Servidor-SPTECH";"ram";"ram_Usada";"GB";"2022-11-01 15:29:17";5.86
"Servidor-SPTECH";"ram";"ram_Usada";"GB";"2022-11-01 15:29:16";5.87
"Servidor-SPTECH";"ram";"ram_Usada";"GB";"2022-11-01 15:29:15";5.89
"Servidor-SPTECH";"ram";"ram_Usada";"GB";"2022-11-01 15:29:13";5.92
"Servidor-SPTECH";"ram";"ram_Usada";"GB";"2022-11-01 15:29:12";5.94
"Servidor-SPTECH";"ram";"ram_Usada";"GB";"2022-11-01 15:29:10";5.97
"Servidor-SPTECH";"ram";"ram_Usada";"GB";"2022-11-01 15:29:09";5.98
"Servidor-SPTECH";"ram";"ram_Usada";"GB";"2022-11-01 15:29:08";5.98
"Servidor-SPTECH";"ram";"ram_Usada";"GB";"2022-11-01 15:29:06";5.97
"Servidor-SPTECH";"ram";"ram_Usada";"GB";"2022-11-01 15:29:05";5.91
"Servidor-SPTECH";"ram";"ram_Usada";"GB";"2022-11-01 15:29:03";5.9
"Servidor-SPTECH";"ram";"ram_Usada";"GB";"2022-11-01 15:29:02";5.87
"Servidor-SPTECH";"ram";"ram_Usada";"GB";"2022-11-01 15:29:00";5.88
"Servidor-SPTECH";"ram";"ram_Usada";"GB";"2022-11-01 15:28:59";5.82
"Servidor-SPTECH";"ram";"ram_Usada";"GB";"2022-11-01 15:28:57";6.46
"Servidor-SPTECH";"ram";"ram_Usada";"GB";"2022-11-01 15:28:56";6.59
"Servidor-SPTECH";"ram";"ram_Usada";"GB";"2022-11-01 15:28:55";6.55
"Servidor-SPTECH";"ram";"ram_Usada";"GB";"2022-11-01 15:28:53";6.36
"Servidor-SPTECH";"ram";"ram_Usada";"GB";"2022-11-01 15:28:52";6.37
"Servidor-SPTECH";"ram";"ram_Usada";"GB";"2022-11-01 15:28:50";6.94
"Servidor-SPTECH";"ram";"ram_Usada";"GB";"2022-11-01 15:28:49";6.94
"Servidor-SPTECH";"ram";"ram_Usada";"GB";"2022-11-01 15:28:47";6.89
"Servidor-SPTECH";"ram";"ram_Usada";"GB";"2022-11-01 15:28:46";6.89
"Servidor-SPTECH";"ram";"ram_Usada";"GB";"2022-11-01 15:28:45";6.92
"Servidor-SPTECH";"ram";"ram_Usada";"GB";"2022-11-01 15:28:43";6.94
"Servidor-SPTECH";"ram";"ram_Usada";"GB";"2022-11-01 15:28:42";6.96
"Servidor-SPTECH";"ram";"ram_Usada";"GB";"2022-11-01 15:28:40";6.94
"Servidor-SPTECH";"ram";"ram_Usada";"GB";"2022-11-01 15:28:39";6.93
"Servidor-SPTECH";"ram";"ram_Usada";"GB";"2022-11-01 15:28:38";6.93
"Servidor-SPTECH";"ram";"ram_Usada";"GB";"2022-11-01 15:28:36";6.93
"Servidor-SPTECH";"ram";"ram_Usada";"GB";"2022-11-01 15:28:35";6.92
"Servidor-SPTECH";"ram";"ram_Usada";"GB";"2022-11-01 15:28:33";6.92
"Servidor-SPTECH";"ram";"ram_Usada";"GB";"2022-11-01 15:28:32";6.94
"Servidor-SPTECH";"ram";"ram_Usada";"GB";"2022-11-01 15:28:31";6.94
"Servidor-SPTECH";"ram";"ram_Usada";"GB";"2022-11-01 15:28:29";6.94
"Servidor-SPTECH";"ram";"ram_Usada";"GB";"2022-11-01 15:28:28";6.94
"Servidor-SPTECH";"ram";"ram_Usada";"GB";"2022-11-01 15:28:26";6.94
"Servidor-SPTECH";"ram";"ram_Usada";"GB";"2022-11-01 15:28:25";6.94
"Servidor-SPTECH";"ram";"ram_Usada";"GB";"2022-11-01 15:28:24";6.94
"Servidor-SPTECH";"ram";"ram_Usada";"GB";"2022-11-01 15:28:22";6.96
"Servidor-SPTECH";"ram";"ram_Usada";"GB";"2022-11-01 15:28:21";6.96
"Servidor-SPTECH";"ram";"ram_Usada";"GB";"2022-11-01 15:28:19";6.99
"Servidor-SPTECH";"ram";"ram_Usada";"GB";"2022-11-01 15:28:18";7.0
"Servidor-SPTECH";"ram";"ram_Usada";"GB";"2022-11-01 15:28:16";6.99
"Servidor-SPTECH";"ram";"ram_Usada";"GB";"2022-11-01 15:28:15";6.98
"Servidor-SPTECH";"ram";"ram_Usada";"GB";"2022-11-01 15:28:14";6.86
"Servidor-SPTECH";"ram";"ram_Usada";"GB";"2022-11-01 15:28:12";6.86
"Servidor-SPTECH";"ram";"ram_Usada";"GB";"2022-11-01 15:28:11";6.85
"Servidor-SPTECH";"ram";"ram_Usada";"GB";"2022-11-01 15:28:09";6.85
"Servidor-SPTECH";"ram";"ram_Usada";"GB";"2022-11-01 15:28:08";6.85
"Servidor-SPTECH";"ram";"ram_Usada";"GB";"2022-11-01 15:28:06";6.85
"Servidor-SPTECH";"ram";"ram_Usada";"GB";"2022-11-01 15:28:05";6.85
"Servidor-SPTECH";"ram";"ram_Usada";"GB";"2022-11-01 15:28:04";6.85
"Servidor-SPTECH";"ram";"ram_Usada";"GB";"2022-11-01 15:28:02";6.85
"Servidor-SPTECH";"ram";"ram_Usada";"GB";"2022-11-01 15:28:01";6.85
"Servidor-SPTECH";"ram";"ram_Usada";"GB";"2022-11-01 15:27:59";6.84
"Servidor-SPTECH";"ram";"ram_Usada";"GB";"2022-11-01 15:27:58";6.85
"Servidor-SPTECH";"ram";"ram_Usada";"GB";"2022-11-01 15:27:57";6.85
"Servidor-SPTECH";"ram";"ram_Usada";"GB";"2022-11-01 15:27:55";6.85
"Servidor-SPTECH";"ram";"ram_Usada";"GB";"2022-11-01 15:27:54";6.85
"Servidor-SPTECH";"ram";"ram_Usada";"GB";"2022-11-01 15:27:52";6.86
"Servidor-SPTECH";"ram";"ram_Usada";"GB";"2022-11-01 15:27:51";6.85
"Servidor-SPTECH";"ram";"ram_Usada";"GB";"2022-11-01 15:27:49";6.85
"Servidor-SPTECH";"ram";"ram_Usada";"GB";"2022-11-01 15:27:48";6.83
"Servidor-SPTECH";"ram";"ram_Usada";"GB";"2022-11-01 15:27:47";6.83
"Servidor-SPTECH";"ram";"ram_Usada";"GB";"2022-11-01 15:27:45";6.83
"Servidor-SPTECH";"ram";"ram_Usada";"GB";"2022-11-01 15:27:44";6.87
"Servidor-SPTECH";"ram";"ram_Usada";"GB";"2022-11-01 15:27:42";6.87
"Servidor-SPTECH";"ram";"ram_Usada";"GB";"2022-11-01 15:27:41";6.87
"Servidor-SPTECH";"ram";"ram_Usada";"GB";"2022-11-01 15:27:39";6.87
"Servidor-SPTECH";"ram";"ram_Usada";"GB";"2022-11-01 15:27:38";6.88
"Servidor-SPTECH";"ram";"ram_Usada";"GB";"2022-11-01 15:27:37";6.89
"Servidor-SPTECH";"ram";"ram_Usada";"GB";"2022-11-01 15:27:35";6.85
"Servidor-SPTECH";"ram";"ram_Usada";"GB";"2022-11-01 15:27:34";6.86
"Servidor-SPTECH";"ram";"ram_Usada";"GB";"2022-11-01 15:27:32";6.86
"Servidor-SPTECH";"ram";"ram_Usada";"GB";"2022-11-01 15:27:31";6.86
"Servidor-SPTECH";"ram";"ram_Usada";"GB";"2022-11-01 15:27:30";6.87
"Servidor-SPTECH";"ram";"ram_Usada";"GB";"2022-11-01 15:27:28";6.85
"Servidor-SPTECH";"ram";"ram_Usada";"GB";"2022-11-01 15:27:27";6.85
"Servidor-SPTECH";"ram";"ram_Usada";"GB";"2022-11-01 15:27:25";6.85
"Servidor-SPTECH";"ram";"ram_Usada";"GB";"2022-11-01 15:27:24";6.85
"Servidor-SPTECH";"ram";"ram_Usada";"GB";"2022-11-01 15:27:22";6.92
"Servidor-SPTECH";"ram";"ram_Usada";"GB";"2022-11-01 15:27:21";6.96
"Servidor-SPTECH";"ram";"ram_Usada";"GB";"2022-11-01 15:27:20";6.93
"Servidor-SPTECH";"ram";"ram_Usada";"GB";"2022-11-01 15:27:18";6.97
"Servidor-SPTECH";"ram";"ram_Usada";"GB";"2022-11-01 15:27:17";6.97
"Servidor-SPTECH";"ram";"ram_Usada";"GB";"2022-11-01 15:27:15";6.98
"Servidor-SPTECH";"ram";"ram_Usada";"GB";"2022-11-01 15:27:14";6.99
"Servidor-SPTECH";"ram";"ram_Usada";"GB";"2022-11-01 15:27:13";6.98
"Servidor-SPTECH";"ram";"ram_Usada";"GB";"2022-11-01 15:27:11";6.95
"Servidor-SPTECH";"ram";"ram_Usada";"GB";"2022-11-01 15:27:10";6.96
"Servidor-SPTECH";"ram";"ram_Usada";"GB";"2022-11-01 15:27:08";6.96
"Servidor-SPTECH";"ram";"ram_Usada";"GB";"2022-11-01 15:27:07";6.96
"Servidor-SPTECH";"ram";"ram_Usada";"GB";"2022-11-01 15:27:05";6.91
"Servidor-SPTECH";"ram";"ram_Usada";"GB";"2022-11-01 15:27:04";6.86
"Servidor-SPTECH";"ram";"ram_Usada";"GB";"2022-11-01 15:27:02";6.86
"Servidor-SPTECH";"ram";"ram_Usada";"GB";"2022-11-01 15:27:01";6.87
"Servidor-SPTECH";"ram";"ram_Usada";"GB";"2022-11-01 15:26:59";6.87
"Servidor-SPTECH";"ram";"ram_Usada";"GB";"2022-11-01 15:26:58";6.87
"Servidor-SPTECH";"ram";"ram_Usada";"GB";"2022-11-01 15:26:57";6.85
"Servidor-SPTECH";"ram";"ram_Usada";"GB";"2022-11-01 15:26:55";6.85
"Servidor-SPTECH";"ram";"ram_Usada";"GB";"2022-11-01 15:26:54";6.85
"Servidor-SPTECH";"ram";"ram_Usada";"GB";"2022-11-01 15:26:52";6.83
"Servidor-SPTECH";"ram";"ram_Usada";"GB";"2022-11-01 15:26:51";6.82
"Servidor-SPTECH";"ram";"ram_Usada";"GB";"2022-11-01 15:26:49";6.82
"Servidor-SPTECH";"ram";"ram_Usada";"GB";"2022-11-01 15:26:48";6.81
"Servidor-SPTECH";"ram";"ram_Usada";"GB";"2022-11-01 15:26:46";6.82
"Servidor-SPTECH";"ram";"ram_Usada";"GB";"2022-11-01 15:26:45";6.83
"Servidor-SPTECH";"ram";"ram_Usada";"GB";"2022-11-01 15:26:44";6.87
"Servidor-SPTECH";"ram";"ram_Usada";"GB";"2022-11-01 15:26:42";6.87
"Servidor-SPTECH";"ram";"ram_Usada";"GB";"2022-11-01 15:26:41";6.86
"Servidor-SPTECH";"ram";"ram_Usada";"GB";"2022-11-01 15:26:39";6.87
"Servidor-SPTECH";"ram";"ram_Usada";"GB";"2022-11-01 15:26:38";6.78
"Servidor-SPTECH";"ram";"ram_Usada";"GB";"2022-11-01 15:26:37";6.9
"Servidor-SPTECH";"ram";"ram_Usada";"GB";"2022-11-01 15:26:35";6.95
"Servidor-SPTECH";"ram";"ram_Usada";"GB";"2022-11-01 15:26:34";6.99
"Servidor-SPTECH";"ram";"ram_Usada";"GB";"2022-11-01 15:26:32";7.03
"Servidor-SPTECH";"ram";"ram_Usada";"GB";"2022-11-01 15:26:31";7.04
"Servidor-SPTECH";"ram";"ram_Usada";"GB";"2022-11-01 15:26:29";7.01
"Servidor-SPTECH";"ram";"ram_Usada";"GB";"2022-11-01 15:26:28";6.92
"Servidor-SPTECH";"ram";"ram_Usada";"GB";"2022-11-01 15:26:26";6.89
"Servidor-SPTECH";"ram";"ram_Usada";"GB";"2022-11-01 15:26:25";6.87
"Servidor-SPTECH";"ram";"ram_Usada";"GB";"2022-11-01 15:26:23";6.84
"Servidor-SPTECH";"ram";"ram_Usada";"GB";"2022-11-01 15:26:22";6.8
"Servidor-SPTECH";"ram";"ram_Usada";"GB";"2022-11-01 15:26:21";6.86
"Servidor-SPTECH";"ram";"ram_Usada";"GB";"2022-11-01 15:26:19";6.86
"Servidor-SPTECH";"ram";"ram_Usada";"GB";"2022-11-01 15:26:18";6.86
"Servidor-SPTECH";"ram";"ram_Usada";"GB";"2022-11-01 15:26:16";6.88
"Servidor-SPTECH";"ram";"ram_Usada";"GB";"2022-11-01 15:26:15";6.87
"Servidor-SPTECH";"ram";"ram_Usada";"GB";"2022-11-01 15:26:14";6.87
"Servidor-SPTECH";"ram";"ram_Usada";"GB";"2022-11-01 15:26:12";6.88
"Servidor-SPTECH";"ram";"ram_Usada";"GB";"2022-11-01 15:26:11";6.86
"Servidor-SPTECH";"ram";"ram_Usada";"GB";"2022-11-01 15:26:09";6.9
"Servidor-SPTECH";"ram";"ram_Usada";"GB";"2022-11-01 15:26:08";6.87
"Servidor-SPTECH";"ram";"ram_Usada";"GB";"2022-11-01 15:26:07";6.88
"Servidor-SPTECH";"ram";"ram_Usada";"GB";"2022-11-01 15:26:05";6.88
"Servidor-SPTECH";"ram";"ram_Usada";"GB";"2022-11-01 15:26:04";6.88
"Servidor-SPTECH";"ram";"ram_Usada";"GB";"2022-11-01 15:26:02";6.87
"Servidor-SPTECH";"ram";"ram_Usada";"GB";"2022-11-01 15:26:01";6.89
"Servidor-SPTECH";"ram";"ram_Usada";"GB";"2022-11-01 15:25:59";6.9
"Servidor-SPTECH";"ram";"ram_Usada";"GB";"2022-11-01 15:25:58";6.89
"Servidor-SPTECH";"ram";"ram_Usada";"GB";"2022-11-01 15:25:57";6.9
"Servidor-SPTECH";"ram";"ram_Usada";"GB";"2022-11-01 15:25:55";6.89
"Servidor-SPTECH";"ram";"ram_Usada";"GB";"2022-11-01 15:25:54";6.9
"Servidor-SPTECH";"ram";"ram_Usada";"GB";"2022-11-01 15:25:52";6.87
"Servidor-SPTECH";"ram";"ram_Usada";"GB";"2022-11-01 15:25:51";6.87
"Servidor-SPTECH";"ram";"ram_Usada";"GB";"2022-11-01 15:25:49";6.86
"Servidor-SPTECH";"ram";"ram_Usada";"GB";"2022-11-01 15:25:48";6.82
"Servidor-SPTECH";"ram";"ram_Usada";"GB";"2022-11-01 15:25:47";6.86
"Servidor-SPTECH";"ram";"ram_Usada";"GB";"2022-11-01 15:25:45";6.86
"Servidor-SPTECH";"ram";"ram_Usada";"GB";"2022-11-01 15:25:44";6.91
"Servidor-SPTECH";"ram";"ram_Usada";"GB";"2022-11-01 15:25:42";6.91
"Servidor-SPTECH";"ram";"ram_Usada";"GB";"2022-11-01 15:25:41";6.9
"Servidor-SPTECH";"ram";"ram_Usada";"GB";"2022-11-01 15:25:39";6.93
"Servidor-SPTECH";"ram";"ram_Usada";"GB";"2022-11-01 15:25:38";6.94
"Servidor-SPTECH";"ram";"ram_Usada";"GB";"2022-11-01 15:25:37";6.92
"Servidor-SPTECH";"ram";"ram_Usada";"GB";"2022-11-01 15:25:35";6.93
"Servidor-SPTECH";"ram";"ram_Usada";"GB";"2022-11-01 15:25:34";6.93
"Servidor-SPTECH";"ram";"ram_Usada";"GB";"2022-11-01 15:25:32";6.94
"Servidor-SPTECH";"ram";"ram_Usada";"GB";"2022-11-01 15:25:31";6.93
"Servidor-SPTECH";"ram";"ram_Usada";"GB";"2022-11-01 15:25:29";6.97
"Servidor-SPTECH";"ram";"ram_Usada";"GB";"2022-11-01 15:25:28";6.98
"Servidor-SPTECH";"ram";"ram_Usada";"GB";"2022-11-01 15:25:27";7.01
"Servidor-SPTECH";"ram";"ram_Usada";"GB";"2022-11-01 15:25:25";7.01
"Servidor-SPTECH";"ram";"ram_Usada";"GB";"2022-11-01 15:25:24";7.03
"Servidor-SPTECH";"ram";"ram_Usada";"GB";"2022-11-01 15:25:22";6.85
"Servidor-SPTECH";"ram";"ram_Usada";"GB";"2022-11-01 15:25:21";6.86
"Servidor-SPTECH";"ram";"ram_Usada";"GB";"2022-11-01 15:25:19";6.86
"Servidor-SPTECH";"ram";"ram_Usada";"GB";"2022-11-01 15:25:18";6.85
"Servidor-SPTECH";"ram";"ram_Usada";"GB";"2022-11-01 15:25:16";6.86
"Servidor-SPTECH";"ram";"ram_Usada";"GB";"2022-11-01 15:25:15";6.79
"Servidor-SPTECH";"ram";"ram_Usada";"GB";"2022-11-01 15:25:13";6.78
"Servidor-SPTECH";"ram";"ram_Usada";"GB";"2022-11-01 15:25:12";6.78
"Servidor-SPTECH";"ram";"ram_Usada";"GB";"2022-11-01 15:25:11";6.72
"Servidor-SPTECH";"ram";"ram_Usada";"GB";"2022-11-01 15:25:09";6.69
"Servidor-SPTECH";"ram";"ram_Usada";"GB";"2022-11-01 15:25:08";6.68
"Servidor-SPTECH";"ram";"ram_Usada";"GB";"2022-11-01 15:25:06";6.75
"Servidor-SPTECH";"ram";"ram_Usada";"GB";"2022-11-01 15:25:05";6.78
"Servidor-SPTECH";"ram";"ram_Usada";"GB";"2022-11-01 15:25:04";6.78
"Servidor-SPTECH";"ram";"ram_Usada";"GB";"2022-11-01 15:25:02";6.76
"Servidor-SPTECH";"ram";"ram_Usada";"GB";"2022-11-01 15:25:01";6.79
"Servidor-SPTECH";"ram";"ram_Usada";"GB";"2022-11-01 15:24:59";6.71
"Servidor-SPTECH";"ram";"ram_Usada";"GB";"2022-11-01 15:24:58";6.7
"Servidor-SPTECH";"ram";"ram_Usada";"GB";"2022-11-01 15:24:56";6.7
"Servidor-SPTECH";"ram";"ram_Usada";"GB";"2022-11-01 15:24:55";6.69
"Servidor-SPTECH";"ram";"ram_Usada";"GB";"2022-11-01 15:24:54";6.69
"Servidor-SPTECH";"ram";"ram_Usada";"GB";"2022-11-01 15:24:52";6.72
"Servidor-SPTECH";"ram";"ram_Usada";"GB";"2022-11-01 15:24:51";6.69
"Servidor-SPTECH";"ram";"ram_Usada";"GB";"2022-11-01 15:24:49";6.73
"Servidor-SPTECH";"ram";"ram_Usada";"GB";"2022-11-01 15:24:48";6.74
"Servidor-SPTECH";"ram";"ram_Usada";"GB";"2022-11-01 15:24:46";6.69
"Servidor-SPTECH";"ram";"ram_Usada";"GB";"2022-11-01 15:24:45";6.69
"Servidor-SPTECH";"ram";"ram_Usada";"GB";"2022-11-01 15:24:43";6.76
"Servidor-SPTECH";"ram";"ram_Usada";"GB";"2022-11-01 15:24:42";6.74
"Servidor-SPTECH";"ram";"ram_Usada";"GB";"2022-11-01 15:24:40";6.75
"Servidor-SPTECH";"ram";"ram_Usada";"GB";"2022-11-01 15:24:39";6.72
"Servidor-SPTECH";"ram";"ram_Usada";"GB";"2022-11-01 15:24:37";6.72
"Servidor-SPTECH";"ram";"ram_Usada";"GB";"2022-11-01 15:24:36";6.72
"Servidor-SPTECH";"ram";"ram_Usada";"GB";"2022-11-01 15:24:34";6.68
"Servidor-SPTECH";"ram";"ram_Usada";"GB";"2022-11-01 15:24:33";6.73
"Servidor-SPTECH";"ram";"ram_Usada";"GB";"2022-11-01 15:24:32";6.73
"Servidor-SPTECH";"ram";"ram_Usada";"GB";"2022-11-01 15:24:30";6.73
"Servidor-SPTECH";"ram";"ram_Usada";"GB";"2022-11-01 15:24:29";6.72
"Servidor-SPTECH";"ram";"ram_Usada";"GB";"2022-11-01 15:24:27";6.72
"Servidor-SPTECH";"ram";"ram_Usada";"GB";"2022-11-01 15:24:26";6.71
"Servidor-SPTECH";"ram";"ram_Usada";"GB";"2022-11-01 15:24:24";6.72
"Servidor-SPTECH";"ram";"ram_Usada";"GB";"2022-11-01 15:24:23";6.71
"Servidor-SPTECH";"ram";"ram_Usada";"GB";"2022-11-01 15:24:22";6.68
"Servidor-SPTECH";"ram";"ram_Usada";"GB";"2022-11-01 15:24:20";6.68
"Servidor-SPTECH";"ram";"ram_Usada";"GB";"2022-11-01 15:24:19";6.68
"Servidor-SPTECH";"ram";"ram_Usada";"GB";"2022-11-01 15:24:17";6.68
"Servidor-SPTECH";"ram";"ram_Usada";"GB";"2022-11-01 15:24:16";6.67
"Servidor-SPTECH";"ram";"ram_Usada";"GB";"2022-11-01 15:24:14";6.67
"Servidor-SPTECH";"ram";"ram_Usada";"GB";"2022-11-01 15:24:13";6.67
"Servidor-SPTECH";"ram";"ram_Usada";"GB";"2022-11-01 15:24:12";6.67
"Servidor-SPTECH";"ram";"ram_Usada";"GB";"2022-11-01 15:24:10";6.66
"Servidor-SPTECH";"ram";"ram_Usada";"GB";"2022-11-01 15:24:09";6.7
"Servidor-SPTECH";"ram";"ram_Usada";"GB";"2022-11-01 15:24:07";6.7
"Servidor-SPTECH";"ram";"ram_Usada";"GB";"2022-11-01 15:24:06";6.7
"Servidor-SPTECH";"ram";"ram_Usada";"GB";"2022-11-01 15:24:05";6.66
"Servidor-SPTECH";"ram";"ram_Usada";"GB";"2022-11-01 15:24:03";6.68
"Servidor-SPTECH";"ram";"ram_Usada";"GB";"2022-11-01 15:24:02";6.66
"Servidor-SPTECH";"ram";"ram_Usada";"GB";"2022-11-01 15:24:00";6.66
"Servidor-SPTECH";"ram";"ram_Usada";"GB";"2022-11-01 15:23:59";6.66
"Servidor-SPTECH";"ram";"ram_Usada";"GB";"2022-11-01 15:23:57";6.66
"Servidor-SPTECH";"ram";"ram_Usada";"GB";"2022-11-01 15:23:56";6.66
"Servidor-SPTECH";"ram";"ram_Usada";"GB";"2022-11-01 15:23:54";6.66
"Servidor-SPTECH";"ram";"ram_Usada";"GB";"2022-11-01 15:23:53";6.64
"Servidor-SPTECH";"ram";"ram_Usada";"GB";"2022-11-01 15:23:52";6.63
"Servidor-SPTECH";"ram";"ram_Usada";"GB";"2022-11-01 15:23:50";6.63
"Servidor-SPTECH";"ram";"ram_Usada";"GB";"2022-11-01 15:23:49";6.63
"Servidor-SPTECH";"ram";"ram_Usada";"GB";"2022-11-01 15:23:47";6.62
"Servidor-SPTECH";"ram";"ram_Usada";"GB";"2022-11-01 15:23:46";6.59
"Servidor-SPTECH";"ram";"ram_Usada";"GB";"2022-11-01 15:23:45";6.68
"Servidor-SPTECH";"ram";"ram_Usada";"GB";"2022-11-01 15:23:43";6.7
"Servidor-SPTECH";"ram";"ram_Usada";"GB";"2022-11-01 15:23:42";6.69
"Servidor-SPTECH";"ram";"ram_Usada";"GB";"2022-11-01 15:23:40";6.65
"Servidor-SPTECH";"ram";"ram_Usada";"GB";"2022-11-01 15:23:39";6.7
"Servidor-SPTECH";"ram";"ram_Usada";"GB";"2022-11-01 15:23:38";6.68
"Servidor-SPTECH";"ram";"ram_Usada";"GB";"2022-11-01 15:23:36";6.64
"Servidor-SPTECH";"ram";"ram_Usada";"GB";"2022-11-01 15:23:35";6.68
"Servidor-SPTECH";"ram";"ram_Usada";"GB";"2022-11-01 15:23:33";6.69
"Servidor-SPTECH";"ram";"ram_Usada";"GB";"2022-11-01 15:23:32";6.73
"Servidor-SPTECH";"ram";"ram_Usada";"GB";"2022-11-01 15:23:31";6.73
"Servidor-SPTECH";"ram";"ram_Usada";"GB";"2022-11-01 15:23:29";6.74
"Servidor-SPTECH";"ram";"ram_Usada";"GB";"2022-11-01 15:23:28";6.75
"Servidor-SPTECH";"ram";"ram_Usada";"GB";"2022-11-01 15:23:26";6.69
"Servidor-SPTECH";"ram";"ram_Usada";"GB";"2022-11-01 15:23:25";6.73
"Servidor-SPTECH";"ram";"ram_Usada";"GB";"2022-11-01 15:23:23";6.73
"Servidor-SPTECH";"ram";"ram_Usada";"GB";"2022-11-01 15:23:22";6.71
"Servidor-SPTECH";"ram";"ram_Usada";"GB";"2022-11-01 15:23:21";6.74
"Servidor-SPTECH";"ram";"ram_Usada";"GB";"2022-11-01 15:23:19";6.73
"Servidor-SPTECH";"ram";"ram_Usada";"GB";"2022-11-01 15:23:18";6.66
"Servidor-SPTECH";"ram";"ram_Usada";"GB";"2022-11-01 15:23:16";6.57
"Servidor-SPTECH";"ram";"ram_Usada";"GB";"2022-11-01 15:23:15";6.57
"Servidor-SPTECH";"ram";"ram_Usada";"GB";"2022-11-01 15:23:13";6.58
"Servidor-SPTECH";"ram";"ram_Usada";"GB";"2022-11-01 15:23:12";6.56
"Servidor-SPTECH";"ram";"ram_Usada";"GB";"2022-11-01 15:23:10";6.52
"Servidor-SPTECH";"ram";"ram_Usada";"GB";"2022-11-01 15:23:09";6.55
"Servidor-SPTECH";"ram";"ram_Usada";"GB";"2022-11-01 15:23:08";6.55
"Servidor-SPTECH";"ram";"ram_Usada";"GB";"2022-11-01 15:23:06";6.57
"Servidor-SPTECH";"ram";"ram_Usada";"GB";"2022-11-01 15:23:05";6.54
"Servidor-SPTECH";"ram";"ram_Usada";"GB";"2022-11-01 15:23:03";6.54
"Servidor-SPTECH";"ram";"ram_Usada";"GB";"2022-11-01 15:23:02";6.51
"Servidor-SPTECH";"ram";"ram_Usada";"GB";"2022-11-01 15:23:01";6.51
"Servidor-SPTECH";"ram";"ram_Usada";"GB";"2022-11-01 15:22:59";6.51
"Servidor-SPTECH";"ram";"ram_Usada";"GB";"2022-11-01 15:22:58";6.51
"Servidor-SPTECH";"ram";"ram_Usada";"GB";"2022-11-01 15:22:56";6.51
"Servidor-SPTECH";"ram";"ram_Usada";"GB";"2022-11-01 15:22:55";6.51
"Servidor-SPTECH";"ram";"ram_Usada";"GB";"2022-11-01 15:22:53";6.51
"Servidor-SPTECH";"ram";"ram_Usada";"GB";"2022-11-01 15:22:52";6.48
"Servidor-SPTECH";"ram";"ram_Usada";"GB";"2022-11-01 15:22:51";6.51
"Servidor-SPTECH";"ram";"ram_Usada";"GB";"2022-11-01 15:22:49";6.5
"Servidor-SPTECH";"ram";"ram_Usada";"GB";"2022-11-01 15:22:48";6.49
"Servidor-SPTECH";"ram";"ram_Usada";"GB";"2022-11-01 15:22:46";6.45
"Servidor-SPTECH";"ram";"ram_Usada";"GB";"2022-11-01 15:22:45";6.47
"Servidor-SPTECH";"ram";"ram_Usada";"GB";"2022-11-01 15:22:43";6.53
"Servidor-SPTECH";"ram";"ram_Usada";"GB";"2022-11-01 15:22:42";6.64
"Servidor-SPTECH";"ram";"ram_Usada";"GB";"2022-11-01 15:22:41";6.64
"Servidor-SPTECH";"ram";"ram_Usada";"GB";"2022-11-01 15:22:39";6.64
"Servidor-SPTECH";"ram";"ram_Usada";"GB";"2022-11-01 15:22:38";6.63
"Servidor-SPTECH";"ram";"ram_Usada";"GB";"2022-11-01 15:22:36";6.64
"Servidor-SPTECH";"ram";"ram_Usada";"GB";"2022-11-01 15:22:35";6.7
"Servidor-SPTECH";"ram";"ram_Usada";"GB";"2022-11-01 15:22:34";6.71
"Servidor-SPTECH";"ram";"ram_Usada";"GB";"2022-11-01 15:22:32";6.7
"Servidor-SPTECH";"ram";"ram_Usada";"GB";"2022-11-01 15:22:31";6.72
"Servidor-SPTECH";"ram";"ram_Usada";"GB";"2022-11-01 15:22:29";6.76
"Servidor-SPTECH";"ram";"ram_Usada";"GB";"2022-11-01 15:22:28";6.77
"Servidor-SPTECH";"ram";"ram_Usada";"GB";"2022-11-01 15:22:26";6.87
"Servidor-SPTECH";"ram";"ram_Usada";"GB";"2022-11-01 15:22:25";6.83
"Servidor-SPTECH";"ram";"ram_Usada";"GB";"2022-11-01 15:22:23";6.8
"Servidor-SPTECH";"ram";"ram_Usada";"GB";"2022-11-01 15:22:22";6.72
"Servidor-SPTECH";"ram";"ram_Usada";"GB";"2022-11-01 15:22:20";6.71
"Servidor-SPTECH";"ram";"ram_Usada";"GB";"2022-11-01 15:22:19";6.67
"Servidor-SPTECH";"ram";"ram_Usada";"GB";"2022-11-01 15:22:18";6.68
"Servidor-SPTECH";"ram";"ram_Usada";"GB";"2022-11-01 15:22:16";6.66
"Servidor-SPTECH";"ram";"ram_Usada";"GB";"2022-11-01 15:22:15";6.68
"Servidor-SPTECH";"ram";"ram_Usada";"GB";"2022-11-01 15:22:13";6.68
"Servidor-SPTECH";"ram";"ram_Usada";"GB";"2022-11-01 15:22:12";6.69
"Servidor-SPTECH";"ram";"ram_Usada";"GB";"2022-11-01 15:22:11";6.7
"Servidor-SPTECH";"ram";"ram_Usada";"GB";"2022-11-01 15:22:09";6.72
"Servidor-SPTECH";"ram";"ram_Usada";"GB";"2022-11-01 15:22:08";6.86
"Servidor-SPTECH";"ram";"ram_Usada";"GB";"2022-11-01 15:22:06";6.91
"Servidor-SPTECH";"ram";"ram_Usada";"GB";"2022-11-01 15:22:05";6.91
"Servidor-SPTECH";"ram";"ram_Usada";"GB";"2022-11-01 15:22:03";6.9
"Servidor-SPTECH";"ram";"ram_Usada";"GB";"2022-11-01 15:22:02";6.87
"Servidor-SPTECH";"ram";"ram_Usada";"GB";"2022-11-01 15:22:01";6.89
"Servidor-SPTECH";"ram";"ram_Usada";"GB";"2022-11-01 15:21:59";6.86
"Servidor-SPTECH";"ram";"ram_Usada";"GB";"2022-11-01 15:21:58";6.85
"Servidor-SPTECH";"ram";"ram_Usada";"GB";"2022-11-01 15:21:56";6.85
"Servidor-SPTECH";"ram";"ram_Usada";"GB";"2022-11-01 15:21:55";6.85
"Servidor-SPTECH";"ram";"ram_Usada";"GB";"2022-11-01 15:21:54";6.85
"Servidor-SPTECH";"ram";"ram_Usada";"GB";"2022-11-01 15:21:52";6.83
"Servidor-SPTECH";"ram";"ram_Usada";"GB";"2022-11-01 15:21:51";6.82
"Servidor-SPTECH";"ram";"ram_Usada";"GB";"2022-11-01 15:21:49";6.82
"Servidor-SPTECH";"ram";"ram_Usada";"GB";"2022-11-01 15:21:48";6.84
"Servidor-SPTECH";"ram";"ram_Usada";"GB";"2022-11-01 15:21:46";6.84
"Servidor-SPTECH";"ram";"ram_Usada";"GB";"2022-11-01 15:21:45";6.86
"Servidor-SPTECH";"ram";"ram_Usada";"GB";"2022-11-01 15:21:44";6.91
"Servidor-SPTECH";"ram";"ram_Usada";"GB";"2022-11-01 15:21:42";6.85
"Servidor-SPTECH";"ram";"ram_Usada";"GB";"2022-11-01 15:21:41";6.85
"Servidor-SPTECH";"ram";"ram_Usada";"GB";"2022-11-01 15:21:39";6.86
"Servidor-SPTECH";"ram";"ram_Usada";"GB";"2022-11-01 15:21:38";6.87
"Servidor-SPTECH";"ram";"ram_Usada";"GB";"2022-11-01 15:21:36";6.84
"Servidor-SPTECH";"ram";"ram_Usada";"GB";"2022-11-01 15:21:35";6.88
"Servidor-SPTECH";"ram";"ram_Usada";"GB";"2022-11-01 15:21:34";6.86
"Servidor-SPTECH";"ram";"ram_Usada";"GB";"2022-11-01 15:21:32";6.89
"Servidor-SPTECH";"ram";"ram_Usada";"GB";"2022-11-01 15:21:31";6.89
"Servidor-SPTECH";"ram";"ram_Usada";"GB";"2022-11-01 15:21:29";6.89
"Servidor-SPTECH";"ram";"ram_Usada";"GB";"2022-11-01 15:21:28";6.87
"Servidor-SPTECH";"ram";"ram_Usada";"GB";"2022-11-01 15:21:26";7.05
"Servidor-SPTECH";"ram";"ram_Usada";"GB";"2022-11-01 15:21:25";7.07
"Servidor-SPTECH";"ram";"ram_Usada";"GB";"2022-11-01 15:21:23";7.07
"Servidor-SPTECH";"ram";"ram_Usada";"GB";"2022-11-01 15:21:22";7.09
"Servidor-SPTECH";"ram";"ram_Usada";"GB";"2022-11-01 15:21:21";7.13
"Servidor-SPTECH";"ram";"ram_Usada";"GB";"2022-11-01 15:21:19";7.13
"Servidor-SPTECH";"ram";"ram_Usada";"GB";"2022-11-01 15:21:18";7.17
"Servidor-SPTECH";"ram";"ram_Usada";"GB";"2022-11-01 15:21:16";7.05
"Servidor-SPTECH";"ram";"ram_Usada";"GB";"2022-11-01 15:21:15";6.8
"Servidor-SPTECH";"ram";"ram_Usada";"GB";"2022-11-01 15:21:13";6.81
"Servidor-SPTECH";"ram";"ram_Usada";"GB";"2022-11-01 15:21:12";6.73
"Servidor-SPTECH";"ram";"ram_Usada";"GB";"2022-11-01 15:21:11";6.74
"Servidor-SPTECH";"ram";"ram_Usada";"GB";"2022-11-01 15:21:09";6.74
"Servidor-SPTECH";"ram";"ram_Usada";"GB";"2022-11-01 15:21:08";6.78
"Servidor-SPTECH";"ram";"ram_Usada";"GB";"2022-11-01 15:21:06";6.79
"Servidor-SPTECH";"ram";"ram_Usada";"GB";"2022-11-01 15:21:05";6.81
"Servidor-SPTECH";"ram";"ram_Usada";"GB";"2022-11-01 15:21:03";6.82
"Servidor-SPTECH";"ram";"ram_Usada";"GB";"2022-11-01 15:21:02";6.79
"Servidor-SPTECH";"ram";"ram_Usada";"GB";"2022-11-01 15:21:01";6.79
"Servidor-SPTECH";"ram";"ram_Usada";"GB";"2022-11-01 15:20:59";6.8
"Servidor-SPTECH";"ram";"ram_Usada";"GB";"2022-11-01 15:20:58";6.74
"Servidor-SPTECH";"ram";"ram_Usada";"GB";"2022-11-01 15:20:56";6.71
"Servidor-SPTECH";"ram";"ram_Usada";"GB";"2022-11-01 15:20:55";6.67
"Servidor-SPTECH";"ram";"ram_Usada";"GB";"2022-11-01 15:20:53";6.67
"Servidor-SPTECH";"ram";"ram_Usada";"GB";"2022-11-01 15:20:52";6.64
"Servidor-SPTECH";"ram";"ram_Usada";"GB";"2022-11-01 15:20:50";6.67
"Servidor-SPTECH";"ram";"ram_Usada";"GB";"2022-11-01 15:20:49";6.65
"Servidor-SPTECH";"ram";"ram_Usada";"GB";"2022-11-01 15:20:48";6.65
"Servidor-SPTECH";"ram";"ram_Usada";"GB";"2022-11-01 15:20:46";6.66
"Servidor-SPTECH";"ram";"ram_Usada";"GB";"2022-11-01 15:20:45";6.68
"Servidor-SPTECH";"ram";"ram_Usada";"GB";"2022-11-01 15:20:43";6.71
"Servidor-SPTECH";"ram";"ram_Usada";"GB";"2022-11-01 15:20:42";6.72
"Servidor-SPTECH";"ram";"ram_Usada";"GB";"2022-11-01 15:20:41";6.71
"Servidor-SPTECH";"ram";"ram_Usada";"GB";"2022-11-01 15:20:39";6.7
"Servidor-SPTECH";"ram";"ram_Usada";"GB";"2022-11-01 15:20:38";6.69
"Servidor-SPTECH";"ram";"ram_Usada";"GB";"2022-11-01 15:20:36";6.68
"Servidor-SPTECH";"ram";"ram_Usada";"GB";"2022-11-01 15:20:35";6.68
"Servidor-SPTECH";"ram";"ram_Usada";"GB";"2022-11-01 15:20:33";6.66
"Servidor-SPTECH";"ram";"ram_Usada";"GB";"2022-11-01 15:20:32";6.68
"Servidor-SPTECH";"ram";"ram_Usada";"GB";"2022-11-01 15:20:31";6.73
"Servidor-SPTECH";"ram";"ram_Usada";"GB";"2022-11-01 15:20:29";6.71
"Servidor-SPTECH";"ram";"ram_Usada";"GB";"2022-11-01 15:20:28";6.67
"Servidor-SPTECH";"ram";"ram_Usada";"GB";"2022-11-01 15:20:26";6.71
"Servidor-SPTECH";"ram";"ram_Usada";"GB";"2022-11-01 15:20:25";6.71
"Servidor-SPTECH";"ram";"ram_Usada";"GB";"2022-11-01 15:20:24";6.7
"Servidor-SPTECH";"ram";"ram_Usada";"GB";"2022-11-01 15:20:22";6.66
"Servidor-SPTECH";"ram";"ram_Usada";"GB";"2022-11-01 15:20:21";6.67
"Servidor-SPTECH";"ram";"ram_Usada";"GB";"2022-11-01 15:20:19";6.67
"Servidor-SPTECH";"ram";"ram_Usada";"GB";"2022-11-01 15:20:18";6.65
"Servidor-SPTECH";"ram";"ram_Usada";"GB";"2022-11-01 15:20:16";6.67
"Servidor-SPTECH";"ram";"ram_Usada";"GB";"2022-11-01 15:20:15";6.67
"Servidor-SPTECH";"ram";"ram_Usada";"GB";"2022-11-01 15:20:14";6.68
"Servidor-SPTECH";"ram";"ram_Usada";"GB";"2022-11-01 15:20:12";6.74
"Servidor-SPTECH";"ram";"ram_Usada";"GB";"2022-11-01 15:20:11";6.73
"Servidor-SPTECH";"ram";"ram_Usada";"GB";"2022-11-01 15:20:09";6.72
"Servidor-SPTECH";"ram";"ram_Usada";"GB";"2022-11-01 15:20:08";6.75
"Servidor-SPTECH";"ram";"ram_Usada";"GB";"2022-11-01 15:20:07";6.74
"Servidor-SPTECH";"ram";"ram_Usada";"GB";"2022-11-01 15:20:05";6.75
"Servidor-SPTECH";"ram";"ram_Usada";"GB";"2022-11-01 15:20:04";6.77
"Servidor-SPTECH";"ram";"ram_Usada";"GB";"2022-11-01 15:20:02";6.78
"Servidor-SPTECH";"ram";"ram_Usada";"GB";"2022-11-01 15:20:01";6.81
"Servidor-SPTECH";"ram";"ram_Usada";"GB";"2022-11-01 15:19:59";6.78
"Servidor-SPTECH";"ram";"ram_Usada";"GB";"2022-11-01 15:19:58";6.78
"Servidor-SPTECH";"ram";"ram_Usada";"GB";"2022-11-01 15:19:57";6.8
"Servidor-SPTECH";"ram";"ram_Usada";"GB";"2022-11-01 15:19:55";6.75
"Servidor-SPTECH";"ram";"ram_Usada";"GB";"2022-11-01 15:19:54";6.67
"Servidor-SPTECH";"ram";"ram_Usada";"GB";"2022-11-01 15:19:52";6.7
"Servidor-SPTECH";"ram";"ram_Usada";"GB";"2022-11-01 15:19:51";6.7
"Servidor-SPTECH";"ram";"ram_Usada";"GB";"2022-11-01 15:19:49";6.71
"Servidor-SPTECH";"ram";"ram_Usada";"GB";"2022-11-01 15:19:48";6.72
"Servidor-SPTECH";"ram";"ram_Usada";"GB";"2022-11-01 15:19:47";6.76
"Servidor-SPTECH";"ram";"ram_Usada";"GB";"2022-11-01 15:19:45";6.76
"Servidor-SPTECH";"ram";"ram_Usada";"GB";"2022-11-01 15:19:44";6.8
"Servidor-SPTECH";"ram";"ram_Usada";"GB";"2022-11-01 15:19:42";6.81
"Servidor-SPTECH";"ram";"ram_Usada";"GB";"2022-11-01 15:19:41";6.76
"Servidor-SPTECH";"ram";"ram_Usada";"GB";"2022-11-01 15:19:39";6.77
"Servidor-SPTECH";"ram";"ram_Usada";"GB";"2022-11-01 15:19:38";6.77
"Servidor-SPTECH";"ram";"ram_Usada";"GB";"2022-11-01 15:19:37";6.77
"Servidor-SPTECH";"ram";"ram_Usada";"GB";"2022-11-01 15:19:35";6.82
"Servidor-SPTECH";"ram";"ram_Usada";"GB";"2022-11-01 15:19:34";6.77
"Servidor-SPTECH";"ram";"ram_Usada";"GB";"2022-11-01 15:19:32";6.75
"Servidor-SPTECH";"ram";"ram_Usada";"GB";"2022-11-01 15:19:31";6.75
"Servidor-SPTECH";"ram";"ram_Usada";"GB";"2022-11-01 15:19:29";6.73
"Servidor-SPTECH";"ram";"ram_Usada";"GB";"2022-11-01 15:19:28";6.75
"Servidor-SPTECH";"ram";"ram_Usada";"GB";"2022-11-01 15:19:26";6.77
"Servidor-SPTECH";"ram";"ram_Usada";"GB";"2022-11-01 15:19:25";6.75
"Servidor-SPTECH";"ram";"ram_Usada";"GB";"2022-11-01 15:19:24";6.77
"Servidor-SPTECH";"ram";"ram_Usada";"GB";"2022-11-01 15:19:22";6.78
"Servidor-SPTECH";"ram";"ram_Usada";"GB";"2022-11-01 15:19:21";6.82
"Servidor-SPTECH";"ram";"ram_Usada";"GB";"2022-11-01 15:19:19";6.81
"Servidor-SPTECH";"ram";"ram_Usada";"GB";"2022-11-01 15:19:18";6.81
"Servidor-SPTECH";"ram";"ram_Usada";"GB";"2022-11-01 15:19:16";6.84
"Servidor-SPTECH";"ram";"ram_Usada";"GB";"2022-11-01 15:19:15";6.81
"Servidor-SPTECH";"ram";"ram_Usada";"GB";"2022-11-01 15:19:14";6.74
"Servidor-SPTECH";"ram";"ram_Usada";"GB";"2022-11-01 15:19:12";6.74
"Servidor-SPTECH";"ram";"ram_Usada";"GB";"2022-11-01 15:19:11";6.73
"Servidor-SPTECH";"ram";"ram_Usada";"GB";"2022-11-01 15:19:09";6.78
"Servidor-SPTECH";"ram";"ram_Usada";"GB";"2022-11-01 15:19:08";6.76
"Servidor-SPTECH";"ram";"ram_Usada";"GB";"2022-11-01 15:19:06";6.75
"Servidor-SPTECH";"ram";"ram_Usada";"GB";"2022-11-01 15:19:05";6.8
"Servidor-SPTECH";"ram";"ram_Usada";"GB";"2022-11-01 15:19:04";6.81
"Servidor-SPTECH";"ram";"ram_Usada";"GB";"2022-11-01 15:19:02";6.8
"Servidor-SPTECH";"ram";"ram_Usada";"GB";"2022-11-01 15:19:01";6.84
"Servidor-SPTECH";"ram";"ram_Usada";"GB";"2022-11-01 15:18:59";6.86
"Servidor-SPTECH";"ram";"ram_Usada";"GB";"2022-11-01 15:18:58";6.87
"Servidor-SPTECH";"ram";"ram_Usada";"GB";"2022-11-01 15:18:56";6.8
"Servidor-SPTECH";"ram";"ram_Usada";"GB";"2022-11-01 15:18:55";6.74
"Servidor-SPTECH";"ram";"ram_Usada";"GB";"2022-11-01 15:18:53";6.76
"Servidor-SPTECH";"ram";"ram_Usada";"GB";"2022-11-01 15:18:52";6.77
"Servidor-SPTECH";"ram";"ram_Usada";"GB";"2022-11-01 15:18:51";6.79
"Servidor-SPTECH";"ram";"ram_Usada";"GB";"2022-11-01 15:18:49";6.78
"Servidor-SPTECH";"ram";"ram_Usada";"GB";"2022-11-01 15:18:48";6.83
"Servidor-SPTECH";"ram";"ram_Usada";"GB";"2022-11-01 15:18:46";6.77
"Servidor-SPTECH";"ram";"ram_Usada";"GB";"2022-11-01 15:18:45";6.77
"Servidor-SPTECH";"ram";"ram_Usada";"GB";"2022-11-01 15:18:43";6.79
"Servidor-SPTECH";"ram";"ram_Usada";"GB";"2022-11-01 15:18:42";6.77
"Servidor-SPTECH";"ram";"ram_Usada";"GB";"2022-11-01 15:18:41";6.76
"Servidor-SPTECH";"ram";"ram_Usada";"GB";"2022-11-01 15:18:39";6.77
"Servidor-SPTECH";"ram";"ram_Usada";"GB";"2022-11-01 15:18:38";6.78
"Servidor-SPTECH";"ram";"ram_Usada";"GB";"2022-11-01 15:18:36";6.76
"Servidor-SPTECH";"ram";"ram_Usada";"GB";"2022-11-01 15:18:35";6.77
"Servidor-SPTECH";"ram";"ram_Usada";"GB";"2022-11-01 15:18:33";6.73
"Servidor-SPTECH";"ram";"ram_Usada";"GB";"2022-11-01 15:18:32";6.69
"Servidor-SPTECH";"ram";"ram_Usada";"GB";"2022-11-01 15:18:30";6.71
"Servidor-SPTECH";"ram";"ram_Usada";"GB";"2022-11-01 15:18:29";6.71
"Servidor-SPTECH";"ram";"ram_Usada";"GB";"2022-11-01 15:18:28";6.75
"Servidor-SPTECH";"ram";"ram_Usada";"GB";"2022-11-01 15:18:26";6.75
"Servidor-SPTECH";"ram";"ram_Usada";"GB";"2022-11-01 15:18:25";6.75
"Servidor-SPTECH";"ram";"ram_Usada";"GB";"2022-11-01 15:18:23";6.75
"Servidor-SPTECH";"ram";"ram_Usada";"GB";"2022-11-01 15:18:22";6.72
"Servidor-SPTECH";"ram";"ram_Usada";"GB";"2022-11-01 15:18:21";6.72
"Servidor-SPTECH";"ram";"ram_Usada";"GB";"2022-11-01 15:18:19";6.68
"Servidor-SPTECH";"ram";"ram_Usada";"GB";"2022-11-01 15:18:18";6.67
"Servidor-SPTECH";"ram";"ram_Usada";"GB";"2022-11-01 15:18:16";6.68
"Servidor-SPTECH";"ram";"ram_Usada";"GB";"2022-11-01 15:18:15";6.62
"Servidor-SPTECH";"ram";"ram_Usada";"GB";"2022-11-01 15:18:13";6.62
"Servidor-SPTECH";"ram";"ram_Usada";"GB";"2022-11-01 15:18:12";6.63
"Servidor-SPTECH";"ram";"ram_Usada";"GB";"2022-11-01 15:18:11";6.62
"Servidor-SPTECH";"ram";"ram_Usada";"GB";"2022-11-01 15:18:09";6.61
"Servidor-SPTECH";"ram";"ram_Usada";"GB";"2022-11-01 15:18:08";6.74
"Servidor-SPTECH";"ram";"ram_Usada";"GB";"2022-11-01 15:18:06";6.76
"Servidor-SPTECH";"ram";"ram_Usada";"GB";"2022-11-01 15:18:05";6.77
"Servidor-SPTECH";"ram";"ram_Usada";"GB";"2022-11-01 15:18:03";6.77
"Servidor-SPTECH";"ram";"ram_Usada";"GB";"2022-11-01 15:18:02";6.78
"Servidor-SPTECH";"ram";"ram_Usada";"GB";"2022-11-01 15:18:00";6.78
"Servidor-SPTECH";"ram";"ram_Usada";"GB";"2022-11-01 15:17:59";6.74
"Servidor-SPTECH";"ram";"ram_Usada";"GB";"2022-11-01 15:17:57";6.7
"Servidor-SPTECH";"ram";"ram_Usada";"GB";"2022-11-01 15:17:56";6.7
"Servidor-SPTECH";"ram";"ram_Usada";"GB";"2022-11-01 15:17:54";6.69
"Servidor-SPTECH";"ram";"ram_Usada";"GB";"2022-11-01 15:17:53";6.72
"Servidor-SPTECH";"ram";"ram_Usada";"GB";"2022-11-01 15:17:51";6.67
"Servidor-SPTECH";"ram";"ram_Usada";"GB";"2022-11-01 15:17:50";6.65
"Servidor-SPTECH";"ram";"ram_Usada";"GB";"2022-11-01 15:17:49";6.57
"Servidor-SPTECH";"ram";"ram_Usada";"GB";"2022-11-01 15:17:47";6.6
"Servidor-SPTECH";"ram";"ram_Usada";"GB";"2022-11-01 15:17:46";6.6
"Servidor-SPTECH";"ram";"ram_Usada";"GB";"2022-11-01 15:17:44";6.65
"Servidor-SPTECH";"ram";"ram_Usada";"GB";"2022-11-01 15:17:43";6.61
"Servidor-SPTECH";"ram";"ram_Usada";"GB";"2022-11-01 15:17:41";6.69
"Servidor-SPTECH";"ram";"ram_Usada";"GB";"2022-11-01 15:17:40";6.72
"Servidor-SPTECH";"ram";"ram_Usada";"GB";"2022-11-01 15:17:39";6.72
"Servidor-SPTECH";"ram";"ram_Usada";"GB";"2022-11-01 15:17:37";6.72
"Servidor-SPTECH";"ram";"ram_Usada";"GB";"2022-11-01 15:17:36";6.74
"Servidor-SPTECH";"ram";"ram_Usada";"GB";"2022-11-01 15:17:34";6.75
"Servidor-SPTECH";"ram";"ram_Usada";"GB";"2022-11-01 15:17:33";6.77
"Servidor-SPTECH";"ram";"ram_Usada";"GB";"2022-11-01 15:17:32";6.75
"Servidor-SPTECH";"ram";"ram_Usada";"GB";"2022-11-01 15:17:30";6.72
"Servidor-SPTECH";"ram";"ram_Usada";"GB";"2022-11-01 15:17:29";6.75
"Servidor-SPTECH";"ram";"ram_Usada";"GB";"2022-11-01 15:17:27";6.78
"Servidor-SPTECH";"ram";"ram_Usada";"GB";"2022-11-01 15:17:26";6.76
"Servidor-SPTECH";"ram";"ram_Usada";"GB";"2022-11-01 15:17:24";6.78
"Servidor-SPTECH";"ram";"ram_Usada";"GB";"2022-11-01 15:17:23";6.81
"Servidor-SPTECH";"ram";"ram_Usada";"GB";"2022-11-01 15:17:22";6.79
"Servidor-SPTECH";"ram";"ram_Usada";"GB";"2022-11-01 15:17:20";6.73
"Servidor-SPTECH";"ram";"ram_Usada";"GB";"2022-11-01 15:17:19";6.61
"Servidor-SPTECH";"ram";"ram_Usada";"GB";"2022-11-01 15:17:17";6.54
"Servidor-SPTECH";"ram";"ram_Usada";"GB";"2022-11-01 15:17:16";6.59
"Servidor-SPTECH";"ram";"ram_Usada";"GB";"2022-11-01 15:17:14";6.59
"Servidor-SPTECH";"ram";"ram_Usada";"GB";"2022-11-01 15:17:13";6.59
"Servidor-SPTECH";"ram";"ram_Usada";"GB";"2022-11-01 15:17:11";6.71
"Servidor-SPTECH";"ram";"ram_Usada";"GB";"2022-11-01 15:17:10";6.72
"Servidor-SPTECH";"ram";"ram_Usada";"GB";"2022-11-01 15:17:08";6.71
"Servidor-SPTECH";"ram";"ram_Usada";"GB";"2022-11-01 15:17:07";6.98
"Servidor-SPTECH";"ram";"ram_Usada";"GB";"2022-11-01 15:17:06";7.0
"Servidor-SPTECH";"ram";"ram_Usada";"GB";"2022-11-01 15:17:04";7.0
"Servidor-SPTECH";"ram";"ram_Usada";"GB";"2022-11-01 15:17:03";7.01
"Servidor-SPTECH";"ram";"ram_Usada";"GB";"2022-11-01 15:17:01";7.0
"Servidor-SPTECH";"ram";"ram_Usada";"GB";"2022-11-01 15:17:00";7.0
"Servidor-SPTECH";"ram";"ram_Usada";"GB";"2022-11-01 15:16:59";7.01
"Servidor-SPTECH";"ram";"ram_Usada";"GB";"2022-11-01 15:16:57";7.01
"Servidor-SPTECH";"ram";"ram_Usada";"GB";"2022-11-01 15:16:56";7.04
"Servidor-SPTECH";"ram";"ram_Usada";"GB";"2022-11-01 15:16:54";7.0
"Servidor-SPTECH";"ram";"ram_Usada";"GB";"2022-11-01 15:16:53";7.03
"Servidor-SPTECH";"ram";"ram_Usada";"GB";"2022-11-01 15:16:51";7.08
"Servidor-SPTECH";"ram";"ram_Usada";"GB";"2022-11-01 15:16:50";7.02
"Servidor-SPTECH";"ram";"ram_Usada";"GB";"2022-11-01 15:16:49";7.0
"Servidor-SPTECH";"ram";"ram_Usada";"GB";"2022-11-01 15:16:47";7.0
"Servidor-SPTECH";"ram";"ram_Usada";"GB";"2022-11-01 15:16:46";7.0
"Servidor-SPTECH";"ram";"ram_Usada";"GB";"2022-11-01 15:16:44";7.03
"Servidor-SPTECH";"ram";"ram_Usada";"GB";"2022-11-01 15:16:43";7.04
"Servidor-SPTECH";"ram";"ram_Usada";"GB";"2022-11-01 15:16:41";7.09
"Servidor-SPTECH";"ram";"ram_Usada";"GB";"2022-11-01 15:16:40";7.12
"Servidor-SPTECH";"ram";"ram_Usada";"GB";"2022-11-01 15:16:39";7.14
"Servidor-SPTECH";"ram";"ram_Usada";"GB";"2022-11-01 15:16:37";7.13
"Servidor-SPTECH";"ram";"ram_Usada";"GB";"2022-11-01 15:16:36";7.18
"Servidor-SPTECH";"ram";"ram_Usada";"GB";"2022-11-01 15:16:34";7.17
"Servidor-SPTECH";"ram";"ram_Usada";"GB";"2022-11-01 15:16:33";7.15
"Servidor-SPTECH";"ram";"ram_Usada";"GB";"2022-11-01 15:16:32";7.23
"Servidor-SPTECH";"ram";"ram_Usada";"GB";"2022-11-01 15:16:30";7.17
"Servidor-SPTECH";"ram";"ram_Usada";"GB";"2022-11-01 15:16:29";7.2
"Servidor-SPTECH";"ram";"ram_Usada";"GB";"2022-11-01 15:16:27";7.21
"Servidor-SPTECH";"ram";"ram_Usada";"GB";"2022-11-01 15:16:26";7.26
"Servidor-SPTECH";"ram";"ram_Usada";"GB";"2022-11-01 15:16:24";7.24
"Servidor-SPTECH";"ram";"ram_Usada";"GB";"2022-11-01 15:16:23";7.25
"Servidor-SPTECH";"ram";"ram_Usada";"GB";"2022-11-01 15:16:22";7.18
"Servidor-SPTECH";"ram";"ram_Usada";"GB";"2022-11-01 15:16:20";7.17
"Servidor-SPTECH";"ram";"ram_Usada";"GB";"2022-11-01 15:16:19";7.18
"Servidor-SPTECH";"ram";"ram_Usada";"GB";"2022-11-01 15:16:17";7.13
"Servidor-SPTECH";"ram";"ram_Usada";"GB";"2022-11-01 15:16:16";7.16
"Servidor-SPTECH";"ram";"ram_Usada";"GB";"2022-11-01 15:16:14";7.11
"Servidor-SPTECH";"ram";"ram_Usada";"GB";"2022-11-01 15:16:13";7.11
"Servidor-SPTECH";"ram";"ram_Usada";"GB";"2022-11-01 15:16:11";7.1
"Servidor-SPTECH";"ram";"ram_Usada";"GB";"2022-11-01 15:16:10";7.12
"Servidor-SPTECH";"ram";"ram_Usada";"GB";"2022-11-01 15:16:09";7.12
"Servidor-SPTECH";"ram";"ram_Usada";"GB";"2022-11-01 15:16:07";7.11
"Servidor-SPTECH";"ram";"ram_Usada";"GB";"2022-11-01 15:16:06";7.19
"Servidor-SPTECH";"ram";"ram_Usada";"GB";"2022-11-01 15:16:04";7.18
"Servidor-SPTECH";"ram";"ram_Usada";"GB";"2022-11-01 15:16:03";7.16
"Servidor-SPTECH";"ram";"ram_Usada";"GB";"2022-11-01 15:16:01";7.12
"Servidor-SPTECH";"ram";"ram_Usada";"GB";"2022-11-01 15:16:00";7.05
"Servidor-SPTECH";"ram";"ram_Usada";"GB";"2022-11-01 15:15:59";7.08
"Servidor-SPTECH";"ram";"ram_Usada";"GB";"2022-11-01 15:15:57";7.07
"Servidor-SPTECH";"ram";"ram_Usada";"GB";"2022-11-01 15:15:56";7.09
"Servidor-SPTECH";"ram";"ram_Usada";"GB";"2022-11-01 15:15:54";7.09
"Servidor-SPTECH";"ram";"ram_Usada";"GB";"2022-11-01 15:15:53";7.1
"Servidor-SPTECH";"ram";"ram_Usada";"GB";"2022-11-01 15:15:52";7.12
"Servidor-SPTECH";"ram";"ram_Usada";"GB";"2022-11-01 15:15:50";7.15
"Servidor-SPTECH";"ram";"ram_Usada";"GB";"2022-11-01 15:15:49";7.16
"Servidor-SPTECH";"ram";"ram_Usada";"GB";"2022-11-01 15:15:47";7.15
"Servidor-SPTECH";"ram";"ram_Usada";"GB";"2022-11-01 15:15:46";7.16
"Servidor-SPTECH";"ram";"ram_Usada";"GB";"2022-11-01 15:15:45";7.17
"Servidor-SPTECH";"ram";"ram_Usada";"GB";"2022-11-01 15:15:43";7.18
"Servidor-SPTECH";"ram";"ram_Usada";"GB";"2022-11-01 15:15:42";7.22
"Servidor-SPTECH";"ram";"ram_Usada";"GB";"2022-11-01 15:15:40";7.24
"Servidor-SPTECH";"ram";"ram_Usada";"GB";"2022-11-01 15:15:39";7.27
"Servidor-SPTECH";"ram";"ram_Usada";"GB";"2022-11-01 15:15:37";7.25
"Servidor-SPTECH";"ram";"ram_Usada";"GB";"2022-11-01 15:15:36";7.26
"Servidor-SPTECH";"ram";"ram_Usada";"GB";"2022-11-01 15:15:34";7.27
"Servidor-SPTECH";"ram";"ram_Usada";"GB";"2022-11-01 15:15:33";7.27
"Servidor-SPTECH";"ram";"ram_Usada";"GB";"2022-11-01 15:15:31";7.21
"Servidor-SPTECH";"ram";"ram_Usada";"GB";"2022-11-01 15:15:30";7.24
"Servidor-SPTECH";"ram";"ram_Usada";"GB";"2022-11-01 15:15:29";7.25
"Servidor-SPTECH";"ram";"ram_Usada";"GB";"2022-11-01 15:15:27";7.19
"Servidor-SPTECH";"ram";"ram_Usada";"GB";"2022-11-01 15:15:26";7.18
"Servidor-SPTECH";"ram";"ram_Usada";"GB";"2022-11-01 15:15:24";7.11
"Servidor-SPTECH";"ram";"ram_Usada";"GB";"2022-11-01 15:15:23";7.09
"Servidor-SPTECH";"ram";"ram_Usada";"GB";"2022-11-01 15:15:21";7.08
"Servidor-SPTECH";"ram";"ram_Usada";"GB";"2022-11-01 15:15:20";7.08
"Servidor-SPTECH";"ram";"ram_Usada";"GB";"2022-11-01 15:15:19";7.09
"Servidor-SPTECH";"ram";"ram_Usada";"GB";"2022-11-01 15:15:17";7.08
"Servidor-SPTECH";"ram";"ram_Usada";"GB";"2022-11-01 15:15:16";7.08
"Servidor-SPTECH";"ram";"ram_Usada";"GB";"2022-11-01 15:15:14";7.06
"Servidor-SPTECH";"ram";"ram_Usada";"GB";"2022-11-01 15:15:13";7.06
"Servidor-SPTECH";"ram";"ram_Usada";"GB";"2022-11-01 15:15:11";7.05
"Servidor-SPTECH";"ram";"ram_Usada";"GB";"2022-11-01 15:15:10";7.07
"Servidor-SPTECH";"ram";"ram_Usada";"GB";"2022-11-01 15:15:09";7.07
"Servidor-SPTECH";"ram";"ram_Usada";"GB";"2022-11-01 15:15:07";7.06
"Servidor-SPTECH";"ram";"ram_Usada";"GB";"2022-11-01 15:15:06";7.03
"Servidor-SPTECH";"ram";"ram_Usada";"GB";"2022-11-01 15:15:04";7.06
"Servidor-SPTECH";"ram";"ram_Usada";"GB";"2022-11-01 15:15:03";7.06
"Servidor-SPTECH";"ram";"ram_Usada";"GB";"2022-11-01 15:15:01";7.07
"Servidor-SPTECH";"ram";"ram_Usada";"GB";"2022-11-01 15:15:00";7.05
"Servidor-SPTECH";"ram";"ram_Usada";"GB";"2022-11-01 15:14:59";7.1
"Servidor-SPTECH";"ram";"ram_Usada";"GB";"2022-11-01 15:14:57";7.08
"Servidor-SPTECH";"ram";"ram_Usada";"GB";"2022-11-01 15:14:56";7.12
"Servidor-SPTECH";"ram";"ram_Usada";"GB";"2022-11-01 15:14:54";7.09
"Servidor-SPTECH";"ram";"ram_Usada";"GB";"2022-11-01 15:14:53";7.12
"Servidor-SPTECH";"ram";"ram_Usada";"GB";"2022-11-01 15:14:52";7.12
"Servidor-SPTECH";"ram";"ram_Usada";"GB";"2022-11-01 15:14:50";7.13
"Servidor-SPTECH";"ram";"ram_Usada";"GB";"2022-11-01 15:14:49";7.14
"Servidor-SPTECH";"ram";"ram_Usada";"GB";"2022-11-01 15:14:47";7.1
"Servidor-SPTECH";"ram";"ram_Usada";"GB";"2022-11-01 15:14:46";7.11
"Servidor-SPTECH";"ram";"ram_Usada";"GB";"2022-11-01 15:14:44";7.14
"Servidor-SPTECH";"ram";"ram_Usada";"GB";"2022-11-01 15:14:43";7.18
"Servidor-SPTECH";"ram";"ram_Usada";"GB";"2022-11-01 15:14:42";7.15
"Servidor-SPTECH";"ram";"ram_Usada";"GB";"2022-11-01 15:14:40";7.22
"Servidor-SPTECH";"ram";"ram_Usada";"GB";"2022-11-01 15:14:39";7.21
"Servidor-SPTECH";"ram";"ram_Usada";"GB";"2022-11-01 15:14:37";7.21
"Servidor-SPTECH";"ram";"ram_Usada";"GB";"2022-11-01 15:14:36";7.19
"Servidor-SPTECH";"ram";"ram_Usada";"GB";"2022-11-01 15:14:34";7.22
"Servidor-SPTECH";"ram";"ram_Usada";"GB";"2022-11-01 15:14:33";7.22
"Servidor-SPTECH";"ram";"ram_Usada";"GB";"2022-11-01 15:14:32";7.22
"Servidor-SPTECH";"ram";"ram_Usada";"GB";"2022-11-01 15:14:30";7.2
"Servidor-SPTECH";"ram";"ram_Usada";"GB";"2022-11-01 15:14:28";7.15
"Servidor-SPTECH";"ram";"ram_Usada";"GB";"2022-11-01 15:14:27";7.09
"Servidor-SPTECH";"ram";"ram_Usada";"GB";"2022-11-01 15:14:25";7.1
"Servidor-SPTECH";"ram";"ram_Usada";"GB";"2022-11-01 15:14:24";7.08
"Servidor-SPTECH";"ram";"ram_Usada";"GB";"2022-11-01 15:14:23";7.13
"Servidor-SPTECH";"ram";"ram_Usada";"GB";"2022-11-01 15:14:21";7.1
"Servidor-SPTECH";"ram";"ram_Usada";"GB";"2022-11-01 15:14:20";7.1
"Servidor-SPTECH";"ram";"ram_Usada";"GB";"2022-11-01 15:14:18";7.11
"Servidor-SPTECH";"ram";"ram_Usada";"GB";"2022-11-01 15:14:17";7.13
"Servidor-SPTECH";"ram";"ram_Usada";"GB";"2022-11-01 15:14:15";7.16
"Servidor-SPTECH";"ram";"ram_Usada";"GB";"2022-11-01 15:14:14";7.12
"Servidor-SPTECH";"ram";"ram_Usada";"GB";"2022-11-01 15:14:13";7.15
"Servidor-SPTECH";"ram";"ram_Usada";"GB";"2022-11-01 15:14:11";7.16
"Servidor-SPTECH";"ram";"ram_Usada";"GB";"2022-11-01 15:14:10";7.16
"Servidor-SPTECH";"ram";"ram_Usada";"GB";"2022-11-01 15:14:08";7.17
"Servidor-SPTECH";"ram";"ram_Usada";"GB";"2022-11-01 15:14:07";7.14
"Servidor-SPTECH";"ram";"ram_Usada";"GB";"2022-11-01 15:14:05";7.16
"Servidor-SPTECH";"ram";"ram_Usada";"GB";"2022-11-01 15:14:04";7.19
"Servidor-SPTECH";"ram";"ram_Usada";"GB";"2022-11-01 15:14:03";7.19
"Servidor-SPTECH";"ram";"ram_Usada";"GB";"2022-11-01 15:14:01";7.16
"Servidor-SPTECH";"ram";"ram_Usada";"GB";"2022-11-01 15:14:00";7.09
"Servidor-SPTECH";"ram";"ram_Usada";"GB";"2022-11-01 15:13:58";7.02
"Servidor-SPTECH";"ram";"ram_Usada";"GB";"2022-11-01 15:13:57";7.02
"Servidor-SPTECH";"ram";"ram_Usada";"GB";"2022-11-01 15:13:55";7.01
"Servidor-SPTECH";"ram";"ram_Usada";"GB";"2022-11-01 15:13:54";6.99
"Servidor-SPTECH";"ram";"ram_Usada";"GB";"2022-11-01 15:13:53";7.02
"Servidor-SPTECH";"ram";"ram_Usada";"GB";"2022-11-01 15:13:51";7.02
"Servidor-SPTECH";"ram";"ram_Usada";"GB";"2022-11-01 15:13:50";7.09
"Servidor-SPTECH";"ram";"ram_Usada";"GB";"2022-11-01 15:13:48";7.09
"Servidor-SPTECH";"ram";"ram_Usada";"GB";"2022-11-01 15:13:47";7.08
"Servidor-SPTECH";"ram";"ram_Usada";"GB";"2022-11-01 15:13:45";7.05
"Servidor-SPTECH";"ram";"ram_Usada";"GB";"2022-11-01 15:13:44";7.1
"Servidor-SPTECH";"ram";"ram_Usada";"GB";"2022-11-01 15:13:43";7.1
"Servidor-SPTECH";"ram";"ram_Usada";"GB";"2022-11-01 15:13:41";7.02
"Servidor-SPTECH";"ram";"ram_Usada";"GB";"2022-11-01 15:13:40";7.05
"Servidor-SPTECH";"ram";"ram_Usada";"GB";"2022-11-01 15:13:38";7.06
"Servidor-SPTECH";"ram";"ram_Usada";"GB";"2022-11-01 15:13:37";7.05
"Servidor-SPTECH";"ram";"ram_Usada";"GB";"2022-11-01 15:13:35";7.09
"Servidor-SPTECH";"ram";"ram_Usada";"GB";"2022-11-01 15:13:34";7.12
"Servidor-SPTECH";"ram";"ram_Usada";"GB";"2022-11-01 15:13:33";7.07
"Servidor-SPTECH";"ram";"ram_Usada";"GB";"2022-11-01 15:13:31";7.07
"Servidor-SPTECH";"ram";"ram_Usada";"GB";"2022-11-01 15:13:30";7.05
"Servidor-SPTECH";"ram";"ram_Usada";"GB";"2022-11-01 15:13:28";7.07
"Servidor-SPTECH";"ram";"ram_Usada";"GB";"2022-11-01 15:13:27";7.07
"Servidor-SPTECH";"ram";"ram_Usada";"GB";"2022-11-01 15:13:26";7.11
"Servidor-SPTECH";"ram";"ram_Usada";"GB";"2022-11-01 15:13:24";7.11
"Servidor-SPTECH";"ram";"ram_Usada";"GB";"2022-11-01 15:13:23";7.12
"Servidor-SPTECH";"ram";"ram_Usada";"GB";"2022-11-01 15:13:21";6.96
"Servidor-SPTECH";"ram";"ram_Usada";"GB";"2022-11-01 15:13:20";6.93
"Servidor-SPTECH";"ram";"ram_Usada";"GB";"2022-11-01 15:13:18";7.02
"Servidor-SPTECH";"ram";"ram_Usada";"GB";"2022-11-01 15:13:17";7.02
"Servidor-SPTECH";"ram";"ram_Usada";"GB";"2022-11-01 15:13:16";7.04
"Servidor-SPTECH";"ram";"ram_Usada";"GB";"2022-11-01 15:13:14";7.08
"Servidor-SPTECH";"ram";"ram_Usada";"GB";"2022-11-01 15:13:13";7.12
"Servidor-SPTECH";"ram";"ram_Usada";"GB";"2022-11-01 15:13:11";7.11
"Servidor-SPTECH";"ram";"ram_Usada";"GB";"2022-11-01 15:13:10";7.15
"Servidor-SPTECH";"ram";"ram_Usada";"GB";"2022-11-01 15:13:08";7.16
"Servidor-SPTECH";"ram";"ram_Usada";"GB";"2022-11-01 15:13:07";7.16
"Servidor-SPTECH";"ram";"ram_Usada";"GB";"2022-11-01 15:13:06";7.15
"Servidor-SPTECH";"ram";"ram_Usada";"GB";"2022-11-01 15:13:04";7.07
"Servidor-SPTECH";"ram";"ram_Usada";"GB";"2022-11-01 15:13:03";7.0
"Servidor-SPTECH";"ram";"ram_Usada";"GB";"2022-11-01 15:13:01";6.97
"Servidor-SPTECH";"ram";"ram_Usada";"GB";"2022-11-01 15:13:00";6.95
"Servidor-SPTECH";"ram";"ram_Usada";"GB";"2022-11-01 15:12:58";6.95
"Servidor-SPTECH";"ram";"ram_Usada";"GB";"2022-11-01 15:12:57";6.94
"Servidor-SPTECH";"ram";"ram_Usada";"GB";"2022-11-01 15:12:56";6.94
"Servidor-SPTECH";"ram";"ram_Usada";"GB";"2022-11-01 15:12:54";6.88
"Servidor-SPTECH";"ram";"ram_Usada";"GB";"2022-11-01 15:12:53";6.88
"Servidor-SPTECH";"ram";"ram_Usada";"GB";"2022-11-01 15:12:51";6.87
"Servidor-SPTECH";"ram";"ram_Usada";"GB";"2022-11-01 15:12:50";6.87
"Servidor-SPTECH";"ram";"ram_Usada";"GB";"2022-11-01 15:12:49";6.86
"Servidor-SPTECH";"ram";"ram_Usada";"GB";"2022-11-01 15:12:47";6.83
"Servidor-SPTECH";"ram";"ram_Usada";"GB";"2022-11-01 15:12:46";6.93
"Servidor-SPTECH";"ram";"ram_Usada";"GB";"2022-11-01 15:12:44";7.1
"Servidor-SPTECH";"ram";"ram_Usada";"GB";"2022-11-01 15:12:43";7.15
"Servidor-SPTECH";"ram";"ram_Usada";"GB";"2022-11-01 15:12:41";7.11
"Servidor-SPTECH";"ram";"ram_Usada";"GB";"2022-11-01 15:12:40";7.14
"Servidor-SPTECH";"ram";"ram_Usada";"GB";"2022-11-01 15:12:38";7.05
"Servidor-SPTECH";"ram";"ram_Usada";"GB";"2022-11-01 15:12:37";7.03
"Servidor-SPTECH";"ram";"ram_Usada";"GB";"2022-11-01 15:12:36";7.01
"Servidor-SPTECH";"ram";"ram_Usada";"GB";"2022-11-01 15:12:34";7.01
"Servidor-SPTECH";"ram";"ram_Usada";"GB";"2022-11-01 15:12:33";7.01
"Servidor-SPTECH";"ram";"ram_Usada";"GB";"2022-11-01 15:12:31";7.01
"Servidor-SPTECH";"ram";"ram_Usada";"GB";"2022-11-01 15:12:30";7.06
"Servidor-SPTECH";"ram";"ram_Usada";"GB";"2022-11-01 15:12:29";7.06
"Servidor-SPTECH";"ram";"ram_Usada";"GB";"2022-11-01 15:12:27";7.07
"Servidor-SPTECH";"ram";"ram_Usada";"GB";"2022-11-01 15:12:26";7.13
"Servidor-SPTECH";"ram";"ram_Usada";"GB";"2022-11-01 15:12:24";7.16
"Servidor-SPTECH";"ram";"ram_Usada";"GB";"2022-11-01 15:12:23";7.13
"Servidor-SPTECH";"ram";"ram_Usada";"GB";"2022-11-01 15:12:22";7.17
"Servidor-SPTECH";"ram";"ram_Usada";"GB";"2022-11-01 15:12:20";7.19
"Servidor-SPTECH";"ram";"ram_Usada";"GB";"2022-11-01 15:12:19";7.2
"Servidor-SPTECH";"ram";"ram_Usada";"GB";"2022-11-01 15:12:17";7.18
"Servidor-SPTECH";"ram";"ram_Usada";"GB";"2022-11-01 15:12:16";7.24
"Servidor-SPTECH";"ram";"ram_Usada";"GB";"2022-11-01 15:12:14";7.1
"Servidor-SPTECH";"ram";"ram_Usada";"GB";"2022-11-01 15:12:13";6.98
"Servidor-SPTECH";"ram";"ram_Usada";"GB";"2022-11-01 15:12:11";6.95
"Servidor-SPTECH";"ram";"ram_Usada";"GB";"2022-11-01 15:12:10";6.98
"Servidor-SPTECH";"ram";"ram_Usada";"GB";"2022-11-01 15:12:08";6.97
"Servidor-SPTECH";"ram";"ram_Usada";"GB";"2022-11-01 15:12:07";6.98
"Servidor-SPTECH";"ram";"ram_Usada";"GB";"2022-11-01 15:12:06";7.03
"Servidor-SPTECH";"ram";"ram_Usada";"GB";"2022-11-01 15:12:04";7.04
"Servidor-SPTECH";"ram";"ram_Usada";"GB";"2022-11-01 15:12:03";7.04
"Servidor-SPTECH";"ram";"ram_Usada";"GB";"2022-11-01 15:12:01";7.04
"Servidor-SPTECH";"ram";"ram_Usada";"GB";"2022-11-01 15:12:00";7.02
"Servidor-SPTECH";"ram";"ram_Usada";"GB";"2022-11-01 15:11:59";7.01
"Servidor-SPTECH";"ram";"ram_Usada";"GB";"2022-11-01 15:11:57";7.02
"Servidor-SPTECH";"ram";"ram_Usada";"GB";"2022-11-01 15:11:56";7.04
"Servidor-SPTECH";"ram";"ram_Usada";"GB";"2022-11-01 15:11:54";6.99
"Servidor-SPTECH";"ram";"ram_Usada";"GB";"2022-11-01 15:11:53";6.99
"Servidor-SPTECH";"ram";"ram_Usada";"GB";"2022-11-01 15:11:51";6.98
"Servidor-SPTECH";"ram";"ram_Usada";"GB";"2022-11-01 15:11:50";7.02
"Servidor-SPTECH";"ram";"ram_Usada";"GB";"2022-11-01 15:11:49";7.01
"Servidor-SPTECH";"ram";"ram_Usada";"GB";"2022-11-01 15:11:47";7.01
"Servidor-SPTECH";"ram";"ram_Usada";"GB";"2022-11-01 15:11:46";7.03
"Servidor-SPTECH";"ram";"ram_Usada";"GB";"2022-11-01 15:11:44";7.1
"Servidor-SPTECH";"ram";"ram_Usada";"GB";"2022-11-01 15:11:43";7.1
"Servidor-SPTECH";"ram";"ram_Usada";"GB";"2022-11-01 15:11:42";7.09
"Servidor-SPTECH";"ram";"ram_Usada";"GB";"2022-11-01 15:11:40";7.11
"Servidor-SPTECH";"ram";"ram_Usada";"GB";"2022-11-01 15:11:39";7.01
"Servidor-SPTECH";"ram";"ram_Usada";"GB";"2022-11-01 15:11:37";7.05
"Servidor-SPTECH";"ram";"ram_Usada";"GB";"2022-11-01 15:11:36";7.07
"Servidor-SPTECH";"ram";"ram_Usada";"GB";"2022-11-01 15:11:34";7.07
"Servidor-SPTECH";"ram";"ram_Usada";"GB";"2022-11-01 15:11:33";7.07
"Servidor-SPTECH";"ram";"ram_Usada";"GB";"2022-11-01 15:11:32";7.06
"Servidor-SPTECH";"ram";"ram_Usada";"GB";"2022-11-01 15:11:30";7.05
"Servidor-SPTECH";"ram";"ram_Usada";"GB";"2022-11-01 15:11:29";7.02
"Servidor-SPTECH";"ram";"ram_Usada";"GB";"2022-11-01 15:11:27";6.96
"Servidor-SPTECH";"ram";"ram_Usada";"GB";"2022-11-01 15:11:26";6.97
"Servidor-SPTECH";"ram";"ram_Usada";"GB";"2022-11-01 15:11:24";6.95
"Servidor-SPTECH";"ram";"ram_Usada";"GB";"2022-11-01 15:11:23";6.95
"Servidor-SPTECH";"ram";"ram_Usada";"GB";"2022-11-01 15:11:22";6.96
"Servidor-SPTECH";"ram";"ram_Usada";"GB";"2022-11-01 15:11:20";6.96
"Servidor-SPTECH";"ram";"ram_Usada";"GB";"2022-11-01 15:11:19";6.95
"Servidor-SPTECH";"ram";"ram_Usada";"GB";"2022-11-01 15:11:17";6.96
"Servidor-SPTECH";"ram";"ram_Usada";"GB";"2022-11-01 15:11:16";6.95
"Servidor-SPTECH";"ram";"ram_Usada";"GB";"2022-11-01 15:11:15";6.92
"Servidor-SPTECH";"ram";"ram_Usada";"GB";"2022-11-01 15:11:13";6.96
"Servidor-SPTECH";"ram";"ram_Usada";"GB";"2022-11-01 15:11:12";6.96
"Servidor-SPTECH";"ram";"ram_Usada";"GB";"2022-11-01 15:11:10";6.97
"Servidor-SPTECH";"ram";"ram_Usada";"GB";"2022-11-01 15:11:09";6.96
"Servidor-SPTECH";"ram";"ram_Usada";"GB";"2022-11-01 15:11:08";6.97
"Servidor-SPTECH";"ram";"ram_Usada";"GB";"2022-11-01 15:11:06";6.98
"Servidor-SPTECH";"ram";"ram_Usada";"GB";"2022-11-01 15:11:05";6.98
"Servidor-SPTECH";"ram";"ram_Usada";"GB";"2022-11-01 15:11:03";6.98
"Servidor-SPTECH";"ram";"ram_Usada";"GB";"2022-11-01 15:11:02";6.98
"Servidor-SPTECH";"ram";"ram_Usada";"GB";"2022-11-01 15:11:00";7.0
"Servidor-SPTECH";"ram";"ram_Usada";"GB";"2022-11-01 15:10:59";7.05
"Servidor-SPTECH";"ram";"ram_Usada";"GB";"2022-11-01 15:10:58";7.07
"Servidor-SPTECH";"ram";"ram_Usada";"GB";"2022-11-01 15:10:56";7.08
"Servidor-SPTECH";"ram";"ram_Usada";"GB";"2022-11-01 15:10:55";7.11
"Servidor-SPTECH";"ram";"ram_Usada";"GB";"2022-11-01 15:10:53";7.12
"Servidor-SPTECH";"ram";"ram_Usada";"GB";"2022-11-01 15:10:52";7.15
"Servidor-SPTECH";"ram";"ram_Usada";"GB";"2022-11-01 15:10:51";7.18
"Servidor-SPTECH";"ram";"ram_Usada";"GB";"2022-11-01 15:10:49";7.18
"Servidor-SPTECH";"ram";"ram_Usada";"GB";"2022-11-01 15:10:48";7.18
"Servidor-SPTECH";"ram";"ram_Usada";"GB";"2022-11-01 15:10:46";7.16
"Servidor-SPTECH";"ram";"ram_Usada";"GB";"2022-11-01 15:10:45";7.17
"Servidor-SPTECH";"ram";"ram_Usada";"GB";"2022-11-01 15:10:43";7.12
"Servidor-SPTECH";"ram";"ram_Usada";"GB";"2022-11-01 15:10:42";7.03
"Servidor-SPTECH";"ram";"ram_Usada";"GB";"2022-11-01 15:10:40";7.04
"Servidor-SPTECH";"ram";"ram_Usada";"GB";"2022-11-01 15:10:39";7.04
"Servidor-SPTECH";"ram";"ram_Usada";"GB";"2022-11-01 15:10:37";7.05
"Servidor-SPTECH";"ram";"ram_Usada";"GB";"2022-11-01 15:10:36";7.07
"Servidor-SPTECH";"ram";"ram_Usada";"GB";"2022-11-01 15:10:34";7.08
"Servidor-SPTECH";"ram";"ram_Usada";"GB";"2022-11-01 15:10:33";7.05
"Servidor-SPTECH";"ram";"ram_Usada";"GB";"2022-11-01 15:10:32";6.96
"Servidor-SPTECH";"ram";"ram_Usada";"GB";"2022-11-01 15:10:30";6.96
"Servidor-SPTECH";"ram";"ram_Usada";"GB";"2022-11-01 15:10:29";7.04
"Servidor-SPTECH";"ram";"ram_Usada";"GB";"2022-11-01 15:10:27";7.04
"Servidor-SPTECH";"ram";"ram_Usada";"GB";"2022-11-01 15:10:26";7.06
"Servidor-SPTECH";"ram";"ram_Usada";"GB";"2022-11-01 15:10:24";7.06
"Servidor-SPTECH";"ram";"ram_Usada";"GB";"2022-11-01 15:10:23";7.06
"Servidor-SPTECH";"ram";"ram_Usada";"GB";"2022-11-01 15:10:22";7.04
"Servidor-SPTECH";"ram";"ram_Usada";"GB";"2022-11-01 15:10:20";7.02
"Servidor-SPTECH";"ram";"ram_Usada";"GB";"2022-11-01 15:10:19";7.06
"Servidor-SPTECH";"ram";"ram_Usada";"GB";"2022-11-01 15:10:18";7.06
"Servidor-SPTECH";"ram";"ram_Usada";"GB";"2022-11-01 15:10:16";7.03
"Servidor-SPTECH";"ram";"ram_Usada";"GB";"2022-11-01 15:10:15";7.03
"Servidor-SPTECH";"ram";"ram_Usada";"GB";"2022-11-01 15:10:13";7.03
"Servidor-SPTECH";"ram";"ram_Usada";"GB";"2022-11-01 15:10:12";6.99
"Servidor-SPTECH";"ram";"ram_Usada";"GB";"2022-11-01 15:10:10";7.04
"Servidor-SPTECH";"ram";"ram_Usada";"GB";"2022-11-01 15:10:09";7.04
"Servidor-SPTECH";"ram";"ram_Usada";"GB";"2022-11-01 15:10:08";7.04
"Servidor-SPTECH";"ram";"ram_Usada";"GB";"2022-11-01 15:10:06";7.03
"Servidor-SPTECH";"ram";"ram_Usada";"GB";"2022-11-01 15:10:05";7.02
"Servidor-SPTECH";"ram";"ram_Usada";"GB";"2022-11-01 15:10:03";7.0
"Servidor-SPTECH";"ram";"ram_Usada";"GB";"2022-11-01 15:10:02";6.96
"Servidor-SPTECH";"ram";"ram_Usada";"GB";"2022-11-01 15:10:01";6.96
"Servidor-SPTECH";"ram";"ram_Usada";"GB";"2022-11-01 15:09:59";6.95
"Servidor-SPTECH";"ram";"ram_Usada";"GB";"2022-11-01 15:09:58";6.95
"Servidor-SPTECH";"ram";"ram_Usada";"GB";"2022-11-01 15:09:56";6.92
"Servidor-SPTECH";"ram";"ram_Usada";"GB";"2022-11-01 15:09:55";6.93
"Servidor-SPTECH";"ram";"ram_Usada";"GB";"2022-11-01 15:09:53";6.95
"Servidor-SPTECH";"ram";"ram_Usada";"GB";"2022-11-01 15:09:52";6.93
"Servidor-SPTECH";"ram";"ram_Usada";"GB";"2022-11-01 15:09:51";6.94
"Servidor-SPTECH";"ram";"ram_Usada";"GB";"2022-11-01 15:09:49";6.94
"Servidor-SPTECH";"ram";"ram_Usada";"GB";"2022-11-01 15:09:48";6.94
"Servidor-SPTECH";"ram";"ram_Usada";"GB";"2022-11-01 15:09:46";6.94
"Servidor-SPTECH";"ram";"ram_Usada";"GB";"2022-11-01 15:09:45";6.95
"Servidor-SPTECH";"ram";"ram_Usada";"GB";"2022-11-01 15:09:44";7.0
"Servidor-SPTECH";"ram";"ram_Usada";"GB";"2022-11-01 15:09:42";7.0
"Servidor-SPTECH";"ram";"ram_Usada";"GB";"2022-11-01 15:09:41";6.99
"Servidor-SPTECH";"ram";"ram_Usada";"GB";"2022-11-01 15:09:39";7.04
"Servidor-SPTECH";"ram";"ram_Usada";"GB";"2022-11-01 15:09:38";7.04
"Servidor-SPTECH";"ram";"ram_Usada";"GB";"2022-11-01 15:09:37";7.05
"Servidor-SPTECH";"ram";"ram_Usada";"GB";"2022-11-01 15:09:35";7.08
"Servidor-SPTECH";"ram";"ram_Usada";"GB";"2022-11-01 15:09:34";7.12
"Servidor-SPTECH";"ram";"ram_Usada";"GB";"2022-11-01 15:09:32";7.08
"Servidor-SPTECH";"ram";"ram_Usada";"GB";"2022-11-01 15:09:31";7.11
"Servidor-SPTECH";"ram";"ram_Usada";"GB";"2022-11-01 15:09:29";7.09
"Servidor-SPTECH";"ram";"ram_Usada";"GB";"2022-11-01 15:09:28";7.09
"Servidor-SPTECH";"ram";"ram_Usada";"GB";"2022-11-01 15:09:27";7.06
"Servidor-SPTECH";"ram";"ram_Usada";"GB";"2022-11-01 15:09:25";7.01
"Servidor-SPTECH";"ram";"ram_Usada";"GB";"2022-11-01 15:09:24";7.03
"Servidor-SPTECH";"ram";"ram_Usada";"GB";"2022-11-01 15:09:22";7.06
"Servidor-SPTECH";"ram";"ram_Usada";"GB";"2022-11-01 15:09:21";7.09
"Servidor-SPTECH";"ram";"ram_Usada";"GB";"2022-11-01 15:09:19";7.11
"Servidor-SPTECH";"ram";"ram_Usada";"GB";"2022-11-01 15:09:18";7.11
"Servidor-SPTECH";"ram";"ram_Usada";"GB";"2022-11-01 15:09:17";7.13
"Servidor-SPTECH";"ram";"ram_Usada";"GB";"2022-11-01 15:09:15";7.09
"Servidor-SPTECH";"ram";"ram_Usada";"GB";"2022-11-01 15:09:14";7.05
"Servidor-SPTECH";"ram";"ram_Usada";"GB";"2022-11-01 15:09:12";7.04
"Servidor-SPTECH";"ram";"ram_Usada";"GB";"2022-11-01 15:09:11";7.02
"Servidor-SPTECH";"ram";"ram_Usada";"GB";"2022-11-01 15:09:09";7.01
"Servidor-SPTECH";"ram";"ram_Usada";"GB";"2022-11-01 15:09:08";6.97
"Servidor-SPTECH";"ram";"ram_Usada";"GB";"2022-11-01 15:09:07";7.02
"Servidor-SPTECH";"ram";"ram_Usada";"GB";"2022-11-01 15:09:05";6.99
"Servidor-SPTECH";"ram";"ram_Usada";"GB";"2022-11-01 15:09:04";7.04
"Servidor-SPTECH";"ram";"ram_Usada";"GB";"2022-11-01 15:09:02";7.05
"Servidor-SPTECH";"ram";"ram_Usada";"GB";"2022-11-01 15:09:01";7.11
"Servidor-SPTECH";"ram";"ram_Usada";"GB";"2022-11-01 15:09:00";7.12
"Servidor-SPTECH";"ram";"ram_Usada";"GB";"2022-11-01 15:08:58";7.13
"Servidor-SPTECH";"ram";"ram_Usada";"GB";"2022-11-01 15:08:57";7.14
"Servidor-SPTECH";"ram";"ram_Usada";"GB";"2022-11-01 15:08:55";7.13
"Servidor-SPTECH";"ram";"ram_Usada";"GB";"2022-11-01 15:08:54";7.1
"Servidor-SPTECH";"ram";"ram_Usada";"GB";"2022-11-01 15:08:52";7.01
"Servidor-SPTECH";"ram";"ram_Usada";"GB";"2022-11-01 15:08:51";6.99
"Servidor-SPTECH";"ram";"ram_Usada";"GB";"2022-11-01 15:08:49";6.99
"Servidor-SPTECH";"ram";"ram_Usada";"GB";"2022-11-01 15:08:48";6.99
"Servidor-SPTECH";"ram";"ram_Usada";"GB";"2022-11-01 15:08:46";6.99
"Servidor-SPTECH";"ram";"ram_Usada";"GB";"2022-11-01 15:08:45";6.99
"Servidor-SPTECH";"ram";"ram_Usada";"GB";"2022-11-01 15:08:44";7.0
"Servidor-SPTECH";"ram";"ram_Usada";"GB";"2022-11-01 15:08:42";7.01
"Servidor-SPTECH";"ram";"ram_Usada";"GB";"2022-11-01 15:08:41";7.0
"Servidor-SPTECH";"ram";"ram_Usada";"GB";"2022-11-01 15:08:39";6.98
"Servidor-SPTECH";"ram";"ram_Usada";"GB";"2022-11-01 15:08:38";6.99
"Servidor-SPTECH";"ram";"ram_Usada";"GB";"2022-11-01 15:08:36";7.01
"Servidor-SPTECH";"ram";"ram_Usada";"GB";"2022-11-01 15:08:35";7.04
"Servidor-SPTECH";"ram";"ram_Usada";"GB";"2022-11-01 15:08:34";7.05
"Servidor-SPTECH";"ram";"ram_Usada";"GB";"2022-11-01 15:08:32";7.03
"Servidor-SPTECH";"ram";"ram_Usada";"GB";"2022-11-01 15:08:31";7.04
"Servidor-SPTECH";"ram";"ram_Usada";"GB";"2022-11-01 15:08:29";7.05
"Servidor-SPTECH";"ram";"ram_Usada";"GB";"2022-11-01 15:08:28";7.02
"Servidor-SPTECH";"ram";"ram_Usada";"GB";"2022-11-01 15:08:26";6.99
"Servidor-SPTECH";"ram";"ram_Usada";"GB";"2022-11-01 15:08:25";7.05
"Servidor-SPTECH";"ram";"ram_Usada";"GB";"2022-11-01 15:08:24";7.03
"Servidor-SPTECH";"ram";"ram_Usada";"GB";"2022-11-01 15:08:22";7.02
"Servidor-SPTECH";"ram";"ram_Usada";"GB";"2022-11-01 15:08:21";7.03
"Servidor-SPTECH";"ram";"ram_Usada";"GB";"2022-11-01 15:08:19";7.05
"Servidor-SPTECH";"ram";"ram_Usada";"GB";"2022-11-01 15:08:18";7.08
"Servidor-SPTECH";"ram";"ram_Usada";"GB";"2022-11-01 15:08:16";7.07
"Servidor-SPTECH";"ram";"ram_Usada";"GB";"2022-11-01 15:08:15";7.1
"Servidor-SPTECH";"ram";"ram_Usada";"GB";"2022-11-01 15:08:13";7.12
"Servidor-SPTECH";"ram";"ram_Usada";"GB";"2022-11-01 15:08:12";7.12
"Servidor-SPTECH";"ram";"ram_Usada";"GB";"2022-11-01 15:08:11";7.14
"Servidor-SPTECH";"ram";"ram_Usada";"GB";"2022-11-01 15:08:09";7.1
"Servidor-SPTECH";"ram";"ram_Usada";"GB";"2022-11-01 15:08:08";7.11
"Servidor-SPTECH";"ram";"ram_Usada";"GB";"2022-11-01 15:08:06";7.06
"Servidor-SPTECH";"ram";"ram_Usada";"GB";"2022-11-01 15:08:05";7.05
"Servidor-SPTECH";"ram";"ram_Usada";"GB";"2022-11-01 15:08:03";7.03
"Servidor-SPTECH";"ram";"ram_Usada";"GB";"2022-11-01 15:08:02";7.0
"Servidor-SPTECH";"ram";"ram_Usada";"GB";"2022-11-01 15:08:01";7.07
"Servidor-SPTECH";"ram";"ram_Usada";"GB";"2022-11-01 15:07:59";7.08
"Servidor-SPTECH";"ram";"ram_Usada";"GB";"2022-11-01 15:07:58";7.05
"Servidor-SPTECH";"ram";"ram_Usada";"GB";"2022-11-01 15:07:56";7.07
"Servidor-SPTECH";"ram";"ram_Usada";"GB";"2022-11-01 15:07:55";7.08
"Servidor-SPTECH";"ram";"ram_Usada";"GB";"2022-11-01 15:07:53";7.06
"Servidor-SPTECH";"ram";"ram_Usada";"GB";"2022-11-01 15:07:52";7.0
"Servidor-SPTECH";"ram";"ram_Usada";"GB";"2022-11-01 15:07:50";6.96
"Servidor-SPTECH";"ram";"ram_Usada";"GB";"2022-11-01 15:07:49";6.97
"Servidor-SPTECH";"ram";"ram_Usada";"GB";"2022-11-01 15:07:47";6.96
"Servidor-SPTECH";"ram";"ram_Usada";"GB";"2022-11-01 15:07:46";6.94
"Servidor-SPTECH";"ram";"ram_Usada";"GB";"2022-11-01 15:07:45";6.89
"Servidor-SPTECH";"ram";"ram_Usada";"GB";"2022-11-01 15:07:43";6.91
"Servidor-SPTECH";"ram";"ram_Usada";"GB";"2022-11-01 15:07:42";6.91
"Servidor-SPTECH";"ram";"ram_Usada";"GB";"2022-11-01 15:07:40";6.96
"Servidor-SPTECH";"ram";"ram_Usada";"GB";"2022-11-01 15:07:39";6.95
"Servidor-SPTECH";"ram";"ram_Usada";"GB";"2022-11-01 15:07:38";6.92
"Servidor-SPTECH";"ram";"ram_Usada";"GB";"2022-11-01 15:07:36";6.95
"Servidor-SPTECH";"ram";"ram_Usada";"GB";"2022-11-01 15:07:35";6.91
"Servidor-SPTECH";"ram";"ram_Usada";"GB";"2022-11-01 15:07:33";6.92
"Servidor-SPTECH";"ram";"ram_Usada";"GB";"2022-11-01 15:07:32";6.88
"Servidor-SPTECH";"ram";"ram_Usada";"GB";"2022-11-01 15:07:30";6.91
"Servidor-SPTECH";"ram";"ram_Usada";"GB";"2022-11-01 15:07:29";6.88
"Servidor-SPTECH";"ram";"ram_Usada";"GB";"2022-11-01 15:07:28";6.88
"Servidor-SPTECH";"ram";"ram_Usada";"GB";"2022-11-01 15:07:26";6.87
"Servidor-SPTECH";"ram";"ram_Usada";"GB";"2022-11-01 15:07:25";6.87
"Servidor-SPTECH";"ram";"ram_Usada";"GB";"2022-11-01 15:07:23";6.88
"Servidor-SPTECH";"ram";"ram_Usada";"GB";"2022-11-01 15:07:22";6.87
"Servidor-SPTECH";"ram";"ram_Usada";"GB";"2022-11-01 15:07:21";6.86
"Servidor-SPTECH";"ram";"ram_Usada";"GB";"2022-11-01 15:07:19";6.85
"Servidor-SPTECH";"ram";"ram_Usada";"GB";"2022-11-01 15:07:18";6.85
"Servidor-SPTECH";"ram";"ram_Usada";"GB";"2022-11-01 15:07:16";6.85
"Servidor-SPTECH";"ram";"ram_Usada";"GB";"2022-11-01 15:07:15";6.85
"Servidor-SPTECH";"ram";"ram_Usada";"GB";"2022-11-01 15:07:14";6.82
"Servidor-SPTECH";"ram";"ram_Usada";"GB";"2022-11-01 15:07:12";6.85
"Servidor-SPTECH";"ram";"ram_Usada";"GB";"2022-11-01 15:07:11";6.85
"Servidor-SPTECH";"ram";"ram_Usada";"GB";"2022-11-01 15:07:09";6.86
"Servidor-SPTECH";"ram";"ram_Usada";"GB";"2022-11-01 15:07:08";6.86
"Servidor-SPTECH";"ram";"ram_Usada";"GB";"2022-11-01 15:07:07";6.88
"Servidor-SPTECH";"ram";"ram_Usada";"GB";"2022-11-01 15:07:05";6.95
"Servidor-SPTECH";"ram";"ram_Usada";"GB";"2022-11-01 15:07:04";6.95
"Servidor-SPTECH";"ram";"ram_Usada";"GB";"2022-11-01 15:07:02";6.96
"Servidor-SPTECH";"ram";"ram_Usada";"GB";"2022-11-01 15:07:01";6.96
"Servidor-SPTECH";"ram";"ram_Usada";"GB";"2022-11-01 15:07:00";6.98
"Servidor-SPTECH";"ram";"ram_Usada";"GB";"2022-11-01 15:06:58";6.96
"Servidor-SPTECH";"ram";"ram_Usada";"GB";"2022-11-01 15:06:57";6.97
"Servidor-SPTECH";"ram";"ram_Usada";"GB";"2022-11-01 15:06:55";7.04
"Servidor-SPTECH";"ram";"ram_Usada";"GB";"2022-11-01 15:06:54";7.05
"Servidor-SPTECH";"ram";"ram_Usada";"GB";"2022-11-01 15:06:52";7.05
"Servidor-SPTECH";"ram";"ram_Usada";"GB";"2022-11-01 15:06:51";7.07
"Servidor-SPTECH";"ram";"ram_Usada";"GB";"2022-11-01 15:06:50";7.04
"Servidor-SPTECH";"ram";"ram_Usada";"GB";"2022-11-01 15:06:48";7.06
"Servidor-SPTECH";"ram";"ram_Usada";"GB";"2022-11-01 15:06:47";7.02
"Servidor-SPTECH";"ram";"ram_Usada";"GB";"2022-11-01 15:06:45";7.07
"Servidor-SPTECH";"ram";"ram_Usada";"GB";"2022-11-01 15:06:44";7.02
"Servidor-SPTECH";"ram";"ram_Usada";"GB";"2022-11-01 15:06:42";7.01
"Servidor-SPTECH";"ram";"ram_Usada";"GB";"2022-11-01 15:06:41";7.02
"Servidor-SPTECH";"ram";"ram_Usada";"GB";"2022-11-01 15:06:40";7.02
"Servidor-SPTECH";"ram";"ram_Usada";"GB";"2022-11-01 15:06:38";6.99
"Servidor-SPTECH";"ram";"ram_Usada";"GB";"2022-11-01 15:06:37";6.99
"Servidor-SPTECH";"ram";"ram_Usada";"GB";"2022-11-01 15:06:35";7.04
"Servidor-SPTECH";"ram";"ram_Usada";"GB";"2022-11-01 15:06:34";7.05
"Servidor-SPTECH";"ram";"ram_Usada";"GB";"2022-11-01 15:06:33";7.04
"Servidor-SPTECH";"ram";"ram_Usada";"GB";"2022-11-01 15:06:31";7.03
"Servidor-SPTECH";"ram";"ram_Usada";"GB";"2022-11-01 15:06:30";7.03
"Servidor-SPTECH";"ram";"ram_Usada";"GB";"2022-11-01 15:06:28";7.02
"Servidor-SPTECH";"ram";"ram_Usada";"GB";"2022-11-01 15:06:27";7.01
"Servidor-SPTECH";"ram";"ram_Usada";"GB";"2022-11-01 15:06:26";6.99
"Servidor-SPTECH";"ram";"ram_Usada";"GB";"2022-11-01 15:06:24";7.03
"Servidor-SPTECH";"ram";"ram_Usada";"GB";"2022-11-01 15:06:23";7.02
"Servidor-SPTECH";"ram";"ram_Usada";"GB";"2022-11-01 15:06:21";6.99
"Servidor-SPTECH";"ram";"ram_Usada";"GB";"2022-11-01 15:06:20";7.01
"Servidor-SPTECH";"ram";"ram_Usada";"GB";"2022-11-01 15:06:18";7.0
"Servidor-SPTECH";"ram";"ram_Usada";"GB";"2022-11-01 15:06:17";6.99
"Servidor-SPTECH";"ram";"ram_Usada";"GB";"2022-11-01 15:06:16";6.98
"Servidor-SPTECH";"ram";"ram_Usada";"GB";"2022-11-01 15:06:14";6.97
"Servidor-SPTECH";"ram";"ram_Usada";"GB";"2022-11-01 15:06:13";6.97
"Servidor-SPTECH";"ram";"ram_Usada";"GB";"2022-11-01 15:06:11";6.97
"Servidor-SPTECH";"ram";"ram_Usada";"GB";"2022-11-01 15:06:10";6.97
"Servidor-SPTECH";"ram";"ram_Usada";"GB";"2022-11-01 15:06:09";6.98
"Servidor-SPTECH";"ram";"ram_Usada";"GB";"2022-11-01 15:06:07";6.95
"Servidor-SPTECH";"ram";"ram_Usada";"GB";"2022-11-01 15:06:06";6.98
"Servidor-SPTECH";"ram";"ram_Usada";"GB";"2022-11-01 15:06:04";6.98
"Servidor-SPTECH";"ram";"ram_Usada";"GB";"2022-11-01 15:06:03";6.98
"Servidor-SPTECH";"ram";"ram_Usada";"GB";"2022-11-01 15:06:02";6.96
"Servidor-SPTECH";"ram";"ram_Usada";"GB";"2022-11-01 15:06:00";7.0
"Servidor-SPTECH";"ram";"ram_Usada";"GB";"2022-11-01 15:05:59";7.0
"Servidor-SPTECH";"ram";"ram_Usada";"GB";"2022-11-01 15:05:57";7.02
"Servidor-SPTECH";"ram";"ram_Usada";"GB";"2022-11-01 15:05:56";7.02
"Servidor-SPTECH";"ram";"ram_Usada";"GB";"2022-11-01 15:05:55";7.06
"Servidor-SPTECH";"ram";"ram_Usada";"GB";"2022-11-01 15:05:53";7.06
"Servidor-SPTECH";"ram";"ram_Usada";"GB";"2022-11-01 15:05:52";7.05
"Servidor-SPTECH";"ram";"ram_Usada";"GB";"2022-11-01 15:05:50";7.01
"Servidor-SPTECH";"ram";"ram_Usada";"GB";"2022-11-01 15:05:49";6.96
"Servidor-SPTECH";"ram";"ram_Usada";"GB";"2022-11-01 15:05:47";6.96
"Servidor-SPTECH";"ram";"ram_Usada";"GB";"2022-11-01 15:05:46";6.96
"Servidor-SPTECH";"ram";"ram_Usada";"GB";"2022-11-01 15:05:44";7.0
"Servidor-SPTECH";"ram";"ram_Usada";"GB";"2022-11-01 15:05:43";6.97
"Servidor-SPTECH";"ram";"ram_Usada";"GB";"2022-11-01 15:05:42";7.01
"Servidor-SPTECH";"ram";"ram_Usada";"GB";"2022-11-01 15:05:40";7.0
"Servidor-SPTECH";"ram";"ram_Usada";"GB";"2022-11-01 15:05:39";7.01
"Servidor-SPTECH";"ram";"ram_Usada";"GB";"2022-11-01 15:05:37";6.98
"Servidor-SPTECH";"ram";"ram_Usada";"GB";"2022-11-01 15:05:36";7.01
"Servidor-SPTECH";"ram";"ram_Usada";"GB";"2022-11-01 15:05:35";7.01
"Servidor-SPTECH";"ram";"ram_Usada";"GB";"2022-11-01 15:05:33";7.02
"Servidor-SPTECH";"ram";"ram_Usada";"GB";"2022-11-01 15:05:32";7.04
"Servidor-SPTECH";"ram";"ram_Usada";"GB";"2022-11-01 15:05:30";7.05
"Servidor-SPTECH";"ram";"ram_Usada";"GB";"2022-11-01 15:05:29";7.08
"Servidor-SPTECH";"ram";"ram_Usada";"GB";"2022-11-01 15:05:27";7.09
"Servidor-SPTECH";"ram";"ram_Usada";"GB";"2022-11-01 15:05:26";7.09
"Servidor-SPTECH";"ram";"ram_Usada";"GB";"2022-11-01 15:05:25";7.14
"Servidor-SPTECH";"ram";"ram_Usada";"GB";"2022-11-01 15:05:23";7.15
"Servidor-SPTECH";"ram";"ram_Usada";"GB";"2022-11-01 15:05:22";7.15
"Servidor-SPTECH";"ram";"ram_Usada";"GB";"2022-11-01 15:05:20";7.15
"Servidor-SPTECH";"ram";"ram_Usada";"GB";"2022-11-01 15:05:19";7.15
"Servidor-SPTECH";"ram";"ram_Usada";"GB";"2022-11-01 15:05:18";7.14
"Servidor-SPTECH";"ram";"ram_Usada";"GB";"2022-11-01 15:05:16";7.13
"Servidor-SPTECH";"ram";"ram_Usada";"GB";"2022-11-01 15:05:15";7.17
"Servidor-SPTECH";"ram";"ram_Usada";"GB";"2022-11-01 15:05:13";7.14
"Servidor-SPTECH";"ram";"ram_Usada";"GB";"2022-11-01 15:05:12";7.14
"Servidor-SPTECH";"ram";"ram_Usada";"GB";"2022-11-01 15:05:10";7.14
"Servidor-SPTECH";"ram";"ram_Usada";"GB";"2022-11-01 15:05:09";7.12
"Servidor-SPTECH";"ram";"ram_Usada";"GB";"2022-11-01 15:05:07";7.04
"Servidor-SPTECH";"ram";"ram_Usada";"GB";"2022-11-01 15:05:06";7.08
"Servidor-SPTECH";"ram";"ram_Usada";"GB";"2022-11-01 15:05:04";7.12
"Servidor-SPTECH";"ram";"ram_Usada";"GB";"2022-11-01 15:05:03";7.12
"Servidor-SPTECH";"ram";"ram_Usada";"GB";"2022-11-01 15:05:01";7.05
"Servidor-SPTECH";"ram";"ram_Usada";"GB";"2022-11-01 15:05:00";7.11
"Servidor-SPTECH";"ram";"ram_Usada";"GB";"2022-11-01 15:04:59";7.12
"Servidor-SPTECH";"ram";"ram_Usada";"GB";"2022-11-01 15:04:57";7.13
"Servidor-SPTECH";"ram";"ram_Usada";"GB";"2022-11-01 15:04:56";7.14
"Servidor-SPTECH";"ram";"ram_Usada";"GB";"2022-11-01 15:04:54";7.14
"Servidor-SPTECH";"ram";"ram_Usada";"GB";"2022-11-01 15:04:53";7.07
"Servidor-SPTECH";"ram";"ram_Usada";"GB";"2022-11-01 15:04:51";7.05
"Servidor-SPTECH";"ram";"ram_Usada";"GB";"2022-11-01 15:04:50";7.06
"Servidor-SPTECH";"ram";"ram_Usada";"GB";"2022-11-01 15:04:48";7.07
"Servidor-SPTECH";"ram";"ram_Usada";"GB";"2022-11-01 15:04:47";7.04
"Servidor-SPTECH";"ram";"ram_Usada";"GB";"2022-11-01 15:04:46";7.03
"Servidor-SPTECH";"ram";"ram_Usada";"GB";"2022-11-01 15:04:44";7.09
"Servidor-SPTECH";"ram";"ram_Usada";"GB";"2022-11-01 15:04:43";7.09
"Servidor-SPTECH";"ram";"ram_Usada";"GB";"2022-11-01 15:04:41";7.13
"Servidor-SPTECH";"ram";"ram_Usada";"GB";"2022-11-01 15:04:40";7.12
"Servidor-SPTECH";"ram";"ram_Usada";"GB";"2022-11-01 15:04:38";7.12
"Servidor-SPTECH";"ram";"ram_Usada";"GB";"2022-11-01 15:04:37";7.1
"Servidor-SPTECH";"ram";"ram_Usada";"GB";"2022-11-01 15:04:35";7.09
"Servidor-SPTECH";"ram";"ram_Usada";"GB";"2022-11-01 15:04:34";7.12
"Servidor-SPTECH";"ram";"ram_Usada";"GB";"2022-11-01 15:04:33";6.94
"Servidor-SPTECH";"ram";"ram_Usada";"GB";"2022-11-01 15:04:31";6.9
"Servidor-SPTECH";"ram";"ram_Usada";"GB";"2022-11-01 15:04:30";6.93
"Servidor-SPTECH";"ram";"ram_Usada";"GB";"2022-11-01 15:04:28";6.92
"Servidor-SPTECH";"ram";"ram_Usada";"GB";"2022-11-01 15:04:27";6.93
"Servidor-SPTECH";"ram";"ram_Usada";"GB";"2022-11-01 15:04:25";6.93
"Servidor-SPTECH";"ram";"ram_Usada";"GB";"2022-11-01 15:04:24";6.97
"Servidor-SPTECH";"ram";"ram_Usada";"GB";"2022-11-01 15:04:23";6.95
"Servidor-SPTECH";"ram";"ram_Usada";"GB";"2022-11-01 15:04:21";6.95
"Servidor-SPTECH";"ram";"ram_Usada";"GB";"2022-11-01 15:04:20";6.99
"Servidor-SPTECH";"ram";"ram_Usada";"GB";"2022-11-01 15:04:18";7.01
"Servidor-SPTECH";"ram";"ram_Usada";"GB";"2022-11-01 15:04:17";7.03
"Servidor-SPTECH";"ram";"ram_Usada";"GB";"2022-11-01 15:04:15";7.06
"Servidor-SPTECH";"ram";"ram_Usada";"GB";"2022-11-01 15:04:14";7.05
"Servidor-SPTECH";"ram";"ram_Usada";"GB";"2022-11-01 15:04:13";6.99
"Servidor-SPTECH";"ram";"ram_Usada";"GB";"2022-11-01 15:04:11";7.05
"Servidor-SPTECH";"ram";"ram_Usada";"GB";"2022-11-01 15:04:10";7.05
"Servidor-SPTECH";"ram";"ram_Usada";"GB";"2022-11-01 15:04:08";6.96
"Servidor-SPTECH";"ram";"ram_Usada";"GB";"2022-11-01 15:04:07";6.95
"Servidor-SPTECH";"ram";"ram_Usada";"GB";"2022-11-01 15:04:05";6.95
"Servidor-SPTECH";"ram";"ram_Usada";"GB";"2022-11-01 15:04:04";6.94
"Servidor-SPTECH";"ram";"ram_Usada";"GB";"2022-11-01 15:04:03";6.92
"Servidor-SPTECH";"ram";"ram_Usada";"GB";"2022-11-01 15:04:01";6.89
"Servidor-SPTECH";"ram";"ram_Usada";"GB";"2022-11-01 15:04:00";6.92
"Servidor-SPTECH";"ram";"ram_Usada";"GB";"2022-11-01 15:03:58";6.91
"Servidor-SPTECH";"ram";"ram_Usada";"GB";"2022-11-01 15:03:57";6.9
"Servidor-SPTECH";"ram";"ram_Usada";"GB";"2022-11-01 15:03:55";6.91
"Servidor-SPTECH";"ram";"ram_Usada";"GB";"2022-11-01 15:03:54";6.88
"Servidor-SPTECH";"ram";"ram_Usada";"GB";"2022-11-01 15:03:53";6.87
"Servidor-SPTECH";"ram";"ram_Usada";"GB";"2022-11-01 15:03:51";6.83
"Servidor-SPTECH";"ram";"ram_Usada";"GB";"2022-11-01 15:03:50";6.83
"Servidor-SPTECH";"ram";"ram_Usada";"GB";"2022-11-01 15:03:48";6.85
"Servidor-SPTECH";"ram";"ram_Usada";"GB";"2022-11-01 15:03:47";6.83
"Servidor-SPTECH";"ram";"ram_Usada";"GB";"2022-11-01 15:03:45";6.86
"Servidor-SPTECH";"ram";"ram_Usada";"GB";"2022-11-01 15:03:44";6.84
"Servidor-SPTECH";"ram";"ram_Usada";"GB";"2022-11-01 15:03:42";6.8
"Servidor-SPTECH";"ram";"ram_Usada";"GB";"2022-11-01 15:03:41";6.83
"Servidor-SPTECH";"ram";"ram_Usada";"GB";"2022-11-01 15:03:40";6.84
"Servidor-SPTECH";"ram";"ram_Usada";"GB";"2022-11-01 15:03:38";6.83
"Servidor-SPTECH";"ram";"ram_Usada";"GB";"2022-11-01 15:03:37";6.85
"Servidor-SPTECH";"ram";"ram_Usada";"GB";"2022-11-01 15:03:35";6.87
"Servidor-SPTECH";"ram";"ram_Usada";"GB";"2022-11-01 15:03:34";6.86
"Servidor-SPTECH";"ram";"ram_Usada";"GB";"2022-11-01 15:03:33";6.86
"Servidor-SPTECH";"ram";"ram_Usada";"GB";"2022-11-01 15:03:31";6.83
"Servidor-SPTECH";"ram";"ram_Usada";"GB";"2022-11-01 15:03:30";6.86
"Servidor-SPTECH";"ram";"ram_Usada";"GB";"2022-11-01 15:03:28";6.82
"Servidor-SPTECH";"ram";"ram_Usada";"GB";"2022-11-01 15:03:27";6.83
"Servidor-SPTECH";"ram";"ram_Usada";"GB";"2022-11-01 15:03:25";6.82
"Servidor-SPTECH";"ram";"ram_Usada";"GB";"2022-11-01 15:03:24";6.84
"Servidor-SPTECH";"ram";"ram_Usada";"GB";"2022-11-01 15:03:23";6.84
"Servidor-SPTECH";"ram";"ram_Usada";"GB";"2022-11-01 15:03:21";6.84
"Servidor-SPTECH";"ram";"ram_Usada";"GB";"2022-11-01 15:03:20";6.83
"Servidor-SPTECH";"ram";"ram_Usada";"GB";"2022-11-01 15:03:18";6.8
"Servidor-SPTECH";"ram";"ram_Usada";"GB";"2022-11-01 15:03:17";6.81
"Servidor-SPTECH";"ram";"ram_Usada";"GB";"2022-11-01 15:03:16";6.83
"Servidor-SPTECH";"ram";"ram_Usada";"GB";"2022-11-01 15:03:14";6.83
"Servidor-SPTECH";"ram";"ram_Usada";"GB";"2022-11-01 15:03:13";6.8
"Servidor-SPTECH";"ram";"ram_Usada";"GB";"2022-11-01 15:03:11";6.83
"Servidor-SPTECH";"ram";"ram_Usada";"GB";"2022-11-01 15:03:10";6.83
"Servidor-SPTECH";"ram";"ram_Usada";"GB";"2022-11-01 15:03:08";6.82
"Servidor-SPTECH";"ram";"ram_Usada";"GB";"2022-11-01 15:03:07";6.79
"Servidor-SPTECH";"ram";"ram_Usada";"GB";"2022-11-01 15:03:06";6.81
"Servidor-SPTECH";"ram";"ram_Usada";"GB";"2022-11-01 15:03:04";6.82
"Servidor-SPTECH";"ram";"ram_Usada";"GB";"2022-11-01 15:03:03";6.82
"Servidor-SPTECH";"ram";"ram_Usada";"GB";"2022-11-01 15:03:01";6.82
"Servidor-SPTECH";"ram";"ram_Usada";"GB";"2022-11-01 15:03:00";6.79
"Servidor-SPTECH";"ram";"ram_Usada";"GB";"2022-11-01 15:02:59";6.85
"Servidor-SPTECH";"ram";"ram_Usada";"GB";"2022-11-01 15:02:57";6.84
"Servidor-SPTECH";"ram";"ram_Usada";"GB";"2022-11-01 15:02:56";6.84
"Servidor-SPTECH";"ram";"ram_Usada";"GB";"2022-11-01 15:02:54";6.82
"Servidor-SPTECH";"ram";"ram_Usada";"GB";"2022-11-01 15:02:53";6.84
"Servidor-SPTECH";"ram";"ram_Usada";"GB";"2022-11-01 15:02:51";6.84
"Servidor-SPTECH";"ram";"ram_Usada";"GB";"2022-11-01 15:02:50";6.73
"Servidor-SPTECH";"ram";"ram_Usada";"GB";"2022-11-01 15:02:49";6.69
"Servidor-SPTECH";"ram";"ram_Usada";"GB";"2022-11-01 15:02:47";6.74
"Servidor-SPTECH";"ram";"ram_Usada";"GB";"2022-11-01 15:02:46";6.73
"Servidor-SPTECH";"ram";"ram_Usada";"GB";"2022-11-01 15:02:44";6.82
"Servidor-SPTECH";"ram";"ram_Usada";"GB";"2022-11-01 15:02:43";6.95
"Servidor-SPTECH";"ram";"ram_Usada";"GB";"2022-11-01 15:02:42";6.94
"Servidor-SPTECH";"ram";"ram_Usada";"GB";"2022-11-01 15:02:40";6.92
"Servidor-SPTECH";"ram";"ram_Usada";"GB";"2022-11-01 15:02:39";6.95
"Servidor-SPTECH";"ram";"ram_Usada";"GB";"2022-11-01 15:02:37";6.94
"Servidor-SPTECH";"ram";"ram_Usada";"GB";"2022-11-01 15:02:36";6.93
"Servidor-SPTECH";"ram";"ram_Usada";"GB";"2022-11-01 15:02:35";6.93
"Servidor-SPTECH";"ram";"ram_Usada";"GB";"2022-11-01 15:02:33";6.92
"Servidor-SPTECH";"ram";"ram_Usada";"GB";"2022-11-01 15:02:32";6.91
"Servidor-SPTECH";"ram";"ram_Usada";"GB";"2022-11-01 15:02:30";6.91
"Servidor-SPTECH";"ram";"ram_Usada";"GB";"2022-11-01 15:02:29";6.91
"Servidor-SPTECH";"ram";"ram_Usada";"GB";"2022-11-01 15:02:27";6.91
"Servidor-SPTECH";"ram";"ram_Usada";"GB";"2022-11-01 15:02:26";6.91
"Servidor-SPTECH";"ram";"ram_Usada";"GB";"2022-11-01 15:02:25";6.92
"Servidor-SPTECH";"ram";"ram_Usada";"GB";"2022-11-01 15:02:23";6.92
"Servidor-SPTECH";"ram";"ram_Usada";"GB";"2022-11-01 15:02:22";6.91
"Servidor-SPTECH";"ram";"ram_Usada";"GB";"2022-11-01 15:02:20";6.91
"Servidor-SPTECH";"ram";"ram_Usada";"GB";"2022-11-01 15:02:19";6.91
"Servidor-SPTECH";"ram";"ram_Usada";"GB";"2022-11-01 15:02:18";6.91
"Servidor-SPTECH";"ram";"ram_Usada";"GB";"2022-11-01 15:02:16";6.91
"Servidor-SPTECH";"ram";"ram_Usada";"GB";"2022-11-01 15:02:15";6.91
"Servidor-SPTECH";"ram";"ram_Usada";"GB";"2022-11-01 15:02:13";6.91
"Servidor-SPTECH";"ram";"ram_Usada";"GB";"2022-11-01 15:02:12";6.9
"Servidor-SPTECH";"ram";"ram_Usada";"GB";"2022-11-01 15:02:11";6.9
"Servidor-SPTECH";"ram";"ram_Usada";"GB";"2022-11-01 15:02:09";6.9
"Servidor-SPTECH";"ram";"ram_Usada";"GB";"2022-11-01 15:02:08";6.9
"Servidor-SPTECH";"ram";"ram_Usada";"GB";"2022-11-01 15:02:06";6.9
"Servidor-SPTECH";"ram";"ram_Usada";"GB";"2022-11-01 15:02:05";6.94
"Servidor-SPTECH";"ram";"ram_Usada";"GB";"2022-11-01 15:02:04";6.95
"Servidor-SPTECH";"ram";"ram_Usada";"GB";"2022-11-01 15:02:02";6.95
"Servidor-SPTECH";"ram";"ram_Usada";"GB";"2022-11-01 15:02:01";6.95
"Servidor-SPTECH";"ram";"ram_Usada";"GB";"2022-11-01 15:01:59";6.95
"Servidor-SPTECH";"ram";"ram_Usada";"GB";"2022-11-01 15:01:58";6.93
"Servidor-SPTECH";"ram";"ram_Usada";"GB";"2022-11-01 15:01:56";6.95
"Servidor-SPTECH";"ram";"ram_Usada";"GB";"2022-11-01 15:01:55";6.95
"Servidor-SPTECH";"ram";"ram_Usada";"GB";"2022-11-01 15:01:54";6.96
"Servidor-SPTECH";"ram";"ram_Usada";"GB";"2022-11-01 15:01:52";6.95
"Servidor-SPTECH";"ram";"ram_Usada";"GB";"2022-11-01 15:01:51";6.95
"Servidor-SPTECH";"ram";"ram_Usada";"GB";"2022-11-01 15:01:49";6.95
"Servidor-SPTECH";"ram";"ram_Usada";"GB";"2022-11-01 15:01:48";6.95
"Servidor-SPTECH";"ram";"ram_Usada";"GB";"2022-11-01 15:01:47";6.95
"Servidor-SPTECH";"ram";"ram_Usada";"GB";"2022-11-01 15:01:45";6.94
"Servidor-SPTECH";"ram";"ram_Usada";"GB";"2022-11-01 15:01:44";6.97
"Servidor-SPTECH";"ram";"ram_Usada";"GB";"2022-11-01 15:01:42";6.98
"Servidor-SPTECH";"ram";"ram_Usada";"GB";"2022-11-01 15:01:41";6.97
"Servidor-SPTECH";"ram";"ram_Usada";"GB";"2022-11-01 15:01:40";6.97
"Servidor-SPTECH";"ram";"ram_Usada";"GB";"2022-11-01 15:01:38";6.96
"Servidor-SPTECH";"ram";"ram_Usada";"GB";"2022-11-01 15:01:37";6.96
"Servidor-SPTECH";"ram";"ram_Usada";"GB";"2022-11-01 15:01:35";6.96
"Servidor-SPTECH";"ram";"ram_Usada";"GB";"2022-11-01 15:01:34";6.97
"Servidor-SPTECH";"ram";"ram_Usada";"GB";"2022-11-01 15:01:33";6.97
"Servidor-SPTECH";"ram";"ram_Usada";"GB";"2022-11-01 15:01:31";6.97
"Servidor-SPTECH";"ram";"ram_Usada";"GB";"2022-11-01 15:01:30";6.97
"Servidor-SPTECH";"ram";"ram_Usada";"GB";"2022-11-01 15:01:28";6.97
"Servidor-SPTECH";"ram";"ram_Usada";"GB";"2022-11-01 15:01:27";6.98
"Servidor-SPTECH";"ram";"ram_Usada";"GB";"2022-11-01 15:01:26";6.98
"Servidor-SPTECH";"ram";"ram_Usada";"GB";"2022-11-01 15:01:24";6.98
"Servidor-SPTECH";"ram";"ram_Usada";"GB";"2022-11-01 15:01:23";6.97
"Servidor-SPTECH";"ram";"ram_Usada";"GB";"2022-11-01 15:01:21";6.97
"Servidor-SPTECH";"ram";"ram_Usada";"GB";"2022-11-01 15:01:20";6.96
"Servidor-SPTECH";"ram";"ram_Usada";"GB";"2022-11-01 15:01:18";6.96
"Servidor-SPTECH";"ram";"ram_Usada";"GB";"2022-11-01 15:01:17";6.97
"Servidor-SPTECH";"ram";"ram_Usada";"GB";"2022-11-01 15:01:16";6.93
"Servidor-SPTECH";"ram";"ram_Usada";"GB";"2022-11-01 15:01:14";6.89
"Servidor-SPTECH";"ram";"ram_Usada";"GB";"2022-11-01 15:01:13";6.88
"Servidor-SPTECH";"ram";"ram_Usada";"GB";"2022-11-01 15:01:11";6.84
"Servidor-SPTECH";"ram";"ram_Usada";"GB";"2022-11-01 15:01:10";6.79
"Servidor-SPTECH";"ram";"ram_Usada";"GB";"2022-11-01 15:01:08";6.82
"Servidor-SPTECH";"ram";"ram_Usada";"GB";"2022-11-01 15:01:07";6.81
"Servidor-SPTECH";"ram";"ram_Usada";"GB";"2022-11-01 15:01:06";6.82
"Servidor-SPTECH";"ram";"ram_Usada";"GB";"2022-11-01 15:01:04";6.84
"Servidor-SPTECH";"ram";"ram_Usada";"GB";"2022-11-01 15:01:03";6.86
"Servidor-SPTECH";"ram";"ram_Usada";"GB";"2022-11-01 15:01:01";6.85
"Servidor-SPTECH";"ram";"ram_Usada";"GB";"2022-11-01 15:01:00";6.86
"Servidor-SPTECH";"ram";"ram_Usada";"GB";"2022-11-01 15:00:59";6.85
"Servidor-SPTECH";"ram";"ram_Usada";"GB";"2022-11-01 15:00:57";6.85
"Servidor-SPTECH";"ram";"ram_Usada";"GB";"2022-11-01 15:00:56";6.92
"Servidor-SPTECH";"ram";"ram_Usada";"GB";"2022-11-01 15:00:54";6.94
"Servidor-SPTECH";"ram";"ram_Usada";"GB";"2022-11-01 15:00:53";6.95
"Servidor-SPTECH";"ram";"ram_Usada";"GB";"2022-11-01 15:00:51";6.88
"Servidor-SPTECH";"ram";"ram_Usada";"GB";"2022-11-01 15:00:50";6.85
"Servidor-SPTECH";"ram";"ram_Usada";"GB";"2022-11-01 15:00:49";6.91
"Servidor-SPTECH";"ram";"ram_Usada";"GB";"2022-11-01 15:00:47";6.91
"Servidor-SPTECH";"ram";"ram_Usada";"GB";"2022-11-01 15:00:46";6.88
"Servidor-SPTECH";"ram";"ram_Usada";"GB";"2022-11-01 15:00:44";6.81
"Servidor-SPTECH";"ram";"ram_Usada";"GB";"2022-11-01 15:00:43";6.8
"Servidor-SPTECH";"ram";"ram_Usada";"GB";"2022-11-01 15:00:42";6.8
"Servidor-SPTECH";"ram";"ram_Usada";"GB";"2022-11-01 15:00:40";6.81
"Servidor-SPTECH";"ram";"ram_Usada";"GB";"2022-11-01 15:00:39";6.81
"Servidor-SPTECH";"ram";"ram_Usada";"GB";"2022-11-01 15:00:37";6.81
"Servidor-SPTECH";"ram";"ram_Usada";"GB";"2022-11-01 15:00:36";6.8
"Servidor-SPTECH";"ram";"ram_Usada";"GB";"2022-11-01 15:00:34";6.84
"Servidor-SPTECH";"ram";"ram_Usada";"GB";"2022-11-01 15:00:33";6.84
"Servidor-SPTECH";"ram";"ram_Usada";"GB";"2022-11-01 15:00:32";6.81
"Servidor-SPTECH";"ram";"ram_Usada";"GB";"2022-11-01 15:00:30";6.82
"Servidor-SPTECH";"ram";"ram_Usada";"GB";"2022-11-01 15:00:29";6.81
"Servidor-SPTECH";"ram";"ram_Usada";"GB";"2022-11-01 15:00:27";6.81
"Servidor-SPTECH";"ram";"ram_Usada";"GB";"2022-11-01 15:00:26";6.8
"Servidor-SPTECH";"ram";"ram_Usada";"GB";"2022-11-01 15:00:24";6.8
"Servidor-SPTECH";"ram";"ram_Usada";"GB";"2022-11-01 15:00:23";6.81
"Servidor-SPTECH";"ram";"ram_Usada";"GB";"2022-11-01 15:00:22";6.77
"Servidor-SPTECH";"ram";"ram_Usada";"GB";"2022-11-01 15:00:20";6.8
"Servidor-SPTECH";"ram";"ram_Usada";"GB";"2022-11-01 15:00:19";6.8
"Servidor-SPTECH";"ram";"ram_Usada";"GB";"2022-11-01 15:00:17";6.75
"Servidor-SPTECH";"ram";"ram_Usada";"GB";"2022-11-01 15:00:16";6.73
"Servidor-SPTECH";"ram";"ram_Usada";"GB";"2022-11-01 15:00:14";6.74
"Servidor-SPTECH";"ram";"ram_Usada";"GB";"2022-11-01 15:00:13";6.74
"Servidor-SPTECH";"ram";"ram_Usada";"GB";"2022-11-01 15:00:12";6.74
"Servidor-SPTECH";"ram";"ram_Usada";"GB";"2022-11-01 15:00:10";6.73
"Servidor-SPTECH";"ram";"ram_Usada";"GB";"2022-11-01 15:00:09";6.73
"Servidor-SPTECH";"ram";"ram_Usada";"GB";"2022-11-01 15:00:07";6.74
"Servidor-SPTECH";"ram";"ram_Usada";"GB";"2022-11-01 15:00:06";6.75
"Servidor-SPTECH";"ram";"ram_Usada";"GB";"2022-11-01 15:00:05";6.74
"Servidor-SPTECH";"ram";"ram_Usada";"GB";"2022-11-01 15:00:03";6.75
"Servidor-SPTECH";"ram";"ram_Usada";"GB";"2022-11-01 15:00:02";6.76
"Servidor-SPTECH";"ram";"ram_Usada";"GB";"2022-11-01 15:00:00";6.76
"Servidor-SPTECH";"ram";"ram_Usada";"GB";"2022-11-01 14:59:59";6.75
"Servidor-SPTECH";"ram";"ram_Usada";"GB";"2022-11-01 14:59:58";6.72
"Servidor-SPTECH";"ram";"ram_Usada";"GB";"2022-11-01 14:59:56";6.75
"Servidor-SPTECH";"ram";"ram_Usada";"GB";"2022-11-01 14:59:55";6.75
"Servidor-SPTECH";"ram";"ram_Usada";"GB";"2022-11-01 14:59:53";6.75
"Servidor-SPTECH";"ram";"ram_Usada";"GB";"2022-11-01 14:59:52";6.75
"Servidor-SPTECH";"ram";"ram_Usada";"GB";"2022-11-01 14:59:50";6.77
"Servidor-SPTECH";"ram";"ram_Usada";"GB";"2022-11-01 14:59:49";6.77
"Servidor-SPTECH";"ram";"ram_Usada";"GB";"2022-11-01 14:59:48";6.78
"Servidor-SPTECH";"ram";"ram_Usada";"GB";"2022-11-01 14:59:46";6.78
"Servidor-SPTECH";"ram";"ram_Usada";"GB";"2022-11-01 14:59:45";6.8
"Servidor-SPTECH";"ram";"ram_Usada";"GB";"2022-11-01 14:59:43";6.82
"Servidor-SPTECH";"ram";"ram_Usada";"GB";"2022-11-01 14:59:42";6.84
"Servidor-SPTECH";"ram";"ram_Usada";"GB";"2022-11-01 14:59:41";6.84
"Servidor-SPTECH";"ram";"ram_Usada";"GB";"2022-11-01 14:59:39";6.87
"Servidor-SPTECH";"ram";"ram_Usada";"GB";"2022-11-01 14:59:38";6.8
"Servidor-SPTECH";"ram";"ram_Usada";"GB";"2022-11-01 14:59:36";6.8
"Servidor-SPTECH";"ram";"ram_Usada";"GB";"2022-11-01 14:59:35";6.75
"Servidor-SPTECH";"ram";"ram_Usada";"GB";"2022-11-01 14:59:33";6.71
"Servidor-SPTECH";"ram";"ram_Usada";"GB";"2022-11-01 14:59:32";6.73
"Servidor-SPTECH";"ram";"ram_Usada";"GB";"2022-11-01 14:59:31";6.67
"Servidor-SPTECH";"ram";"ram_Usada";"GB";"2022-11-01 14:59:29";6.67
"Servidor-SPTECH";"ram";"ram_Usada";"GB";"2022-11-01 14:59:28";6.67
"Servidor-SPTECH";"ram";"ram_Usada";"GB";"2022-11-01 14:59:26";6.67
"Servidor-SPTECH";"ram";"ram_Usada";"GB";"2022-11-01 14:59:25";6.67
"Servidor-SPTECH";"ram";"ram_Usada";"GB";"2022-11-01 14:59:23";6.68
"Servidor-SPTECH";"ram";"ram_Usada";"GB";"2022-11-01 14:59:22";6.67
"Servidor-SPTECH";"ram";"ram_Usada";"GB";"2022-11-01 14:59:21";6.67
"Servidor-SPTECH";"ram";"ram_Usada";"GB";"2022-11-01 14:59:19";6.67
"Servidor-SPTECH";"ram";"ram_Usada";"GB";"2022-11-01 14:59:18";6.67
"Servidor-SPTECH";"ram";"ram_Usada";"GB";"2022-11-01 14:59:16";6.67
"Servidor-SPTECH";"ram";"ram_Usada";"GB";"2022-11-01 14:59:15";6.67
"Servidor-SPTECH";"ram";"ram_Usada";"GB";"2022-11-01 14:59:14";6.69
"Servidor-SPTECH";"ram";"ram_Usada";"GB";"2022-11-01 14:59:12";6.69
"Servidor-SPTECH";"ram";"ram_Usada";"GB";"2022-11-01 14:59:11";6.81
"Servidor-SPTECH";"ram";"ram_Usada";"GB";"2022-11-01 14:59:09";6.81
"Servidor-SPTECH";"ram";"ram_Usada";"GB";"2022-11-01 14:59:08";6.84
"Servidor-SPTECH";"ram";"ram_Usada";"GB";"2022-11-01 14:59:07";6.85
"Servidor-SPTECH";"ram";"ram_Usada";"GB";"2022-11-01 14:59:05";6.85
"Servidor-SPTECH";"ram";"ram_Usada";"GB";"2022-11-01 14:59:04";6.89
"Servidor-SPTECH";"ram";"ram_Usada";"GB";"2022-11-01 14:59:02";6.9
"Servidor-SPTECH";"ram";"ram_Usada";"GB";"2022-11-01 14:59:01";6.87
"Servidor-SPTECH";"ram";"ram_Usada";"GB";"2022-11-01 14:58:59";6.86
"Servidor-SPTECH";"ram";"ram_Usada";"GB";"2022-11-01 14:58:58";6.82
"Servidor-SPTECH";"ram";"ram_Usada";"GB";"2022-11-01 14:58:57";6.84
"Servidor-SPTECH";"ram";"ram_Usada";"GB";"2022-11-01 14:58:55";6.84
"Servidor-SPTECH";"ram";"ram_Usada";"GB";"2022-11-01 14:58:54";6.89
"Servidor-SPTECH";"ram";"ram_Usada";"GB";"2022-11-01 14:58:52";6.87
"Servidor-SPTECH";"ram";"ram_Usada";"GB";"2022-11-01 14:58:51";6.83
"Servidor-SPTECH";"ram";"ram_Usada";"GB";"2022-11-01 14:58:50";6.7
"Servidor-SPTECH";"ram";"ram_Usada";"GB";"2022-11-01 14:58:48";6.69
"Servidor-SPTECH";"ram";"ram_Usada";"GB";"2022-11-01 14:58:47";6.69
"Servidor-SPTECH";"ram";"ram_Usada";"GB";"2022-11-01 14:58:45";6.57
"Servidor-SPTECH";"ram";"ram_Usada";"GB";"2022-11-01 14:58:44";6.64
"Servidor-SPTECH";"ram";"ram_Usada";"GB";"2022-11-01 14:58:42";6.55
"Servidor-SPTECH";"ram";"ram_Usada";"GB";"2022-11-01 14:58:41";6.56
"Servidor-SPTECH";"ram";"ram_Usada";"GB";"2022-11-01 14:58:40";6.74
"Servidor-SPTECH";"ram";"ram_Usada";"GB";"2022-11-01 14:58:38";6.78
"Servidor-SPTECH";"ram";"ram_Usada";"GB";"2022-11-01 14:58:37";6.74
"Servidor-SPTECH";"ram";"ram_Usada";"GB";"2022-11-01 14:58:35";6.7
"Servidor-SPTECH";"ram";"ram_Usada";"GB";"2022-11-01 14:58:34";6.71
"Servidor-SPTECH";"ram";"ram_Usada";"GB";"2022-11-01 14:58:32";6.73
"Servidor-SPTECH";"ram";"ram_Usada";"GB";"2022-11-01 14:58:31";6.7
"Servidor-SPTECH";"ram";"ram_Usada";"GB";"2022-11-01 14:58:29";6.67
"Servidor-SPTECH";"ram";"ram_Usada";"GB";"2022-11-01 14:58:28";6.71
"Servidor-SPTECH";"ram";"ram_Usada";"GB";"2022-11-01 14:58:26";6.72
"Servidor-SPTECH";"ram";"ram_Usada";"GB";"2022-11-01 14:58:25";6.72
"Servidor-SPTECH";"ram";"ram_Usada";"GB";"2022-11-01 14:58:24";6.7
"Servidor-SPTECH";"ram";"ram_Usada";"GB";"2022-11-01 14:58:22";6.7
"Servidor-SPTECH";"ram";"ram_Usada";"GB";"2022-11-01 14:58:21";6.65
"Servidor-SPTECH";"ram";"ram_Usada";"GB";"2022-11-01 14:58:19";6.61
"Servidor-SPTECH";"ram";"ram_Usada";"GB";"2022-11-01 14:58:18";6.62
"Servidor-SPTECH";"ram";"ram_Usada";"GB";"2022-11-01 14:58:17";6.61
"Servidor-SPTECH";"ram";"ram_Usada";"GB";"2022-11-01 14:58:15";6.59
"Servidor-SPTECH";"ram";"ram_Usada";"GB";"2022-11-01 14:58:14";6.61
"Servidor-SPTECH";"ram";"ram_Usada";"GB";"2022-11-01 14:58:12";6.61
"Servidor-SPTECH";"ram";"ram_Usada";"GB";"2022-11-01 14:58:11";6.62
"Servidor-SPTECH";"ram";"ram_Usada";"GB";"2022-11-01 14:58:10";6.62
"Servidor-SPTECH";"ram";"ram_Usada";"GB";"2022-11-01 14:58:08";6.62
"Servidor-SPTECH";"ram";"ram_Usada";"GB";"2022-11-01 14:58:07";6.62
"Servidor-SPTECH";"ram";"ram_Usada";"GB";"2022-11-01 14:58:05";6.63
"Servidor-SPTECH";"ram";"ram_Usada";"GB";"2022-11-01 14:58:04";6.64
"Servidor-SPTECH";"ram";"ram_Usada";"GB";"2022-11-01 14:58:02";6.65
"Servidor-SPTECH";"ram";"ram_Usada";"GB";"2022-11-01 14:58:01";6.65
"Servidor-SPTECH";"ram";"ram_Usada";"GB";"2022-11-01 14:58:00";6.67
"Servidor-SPTECH";"ram";"ram_Usada";"GB";"2022-11-01 14:57:58";6.69
"Servidor-SPTECH";"ram";"ram_Usada";"GB";"2022-11-01 14:57:57";6.68
"Servidor-SPTECH";"ram";"ram_Usada";"GB";"2022-11-01 14:57:55";6.63
"Servidor-SPTECH";"ram";"ram_Usada";"GB";"2022-11-01 14:57:54";6.62
"Servidor-SPTECH";"ram";"ram_Usada";"GB";"2022-11-01 14:57:52";6.61
"Servidor-SPTECH";"ram";"ram_Usada";"GB";"2022-11-01 14:57:51";6.56
"Servidor-SPTECH";"ram";"ram_Usada";"GB";"2022-11-01 14:57:49";6.62
"Servidor-SPTECH";"ram";"ram_Usada";"GB";"2022-11-01 14:57:48";6.53
"Servidor-SPTECH";"ram";"ram_Usada";"GB";"2022-11-01 14:57:46";6.45
"Servidor-SPTECH";"ram";"ram_Usada";"GB";"2022-11-01 14:57:45";6.33
"Servidor-SPTECH";"ram";"ram_Usada";"GB";"2022-11-01 14:57:43";6.22
"Servidor-SPTECH";"ram";"ram_Usada";"GB";"2022-11-01 14:57:42";6.18
"Servidor-SPTECH";"ram";"ram_Usada";"GB";"2022-11-01 14:57:41";6.15
"Servidor-SPTECH";"ram";"ram_Usada";"GB";"2022-11-01 14:57:39";6.12
"Servidor-SPTECH";"ram";"ram_Usada";"GB";"2022-11-01 14:57:38";6.15
"Servidor-SPTECH";"ram";"ram_Usada";"GB";"2022-11-01 14:57:36";6.15
"Servidor-SPTECH";"ram";"ram_Usada";"GB";"2022-11-01 14:57:35";6.15
"Servidor-SPTECH";"ram";"ram_Usada";"GB";"2022-11-01 14:57:34";6.15
"Servidor-SPTECH";"ram";"ram_Usada";"GB";"2022-11-01 14:57:32";6.15
"Servidor-SPTECH";"ram";"ram_Usada";"GB";"2022-11-01 14:57:31";6.15
"Servidor-SPTECH";"ram";"ram_Usada";"GB";"2022-11-01 14:57:29";6.15
"Servidor-SPTECH";"ram";"ram_Usada";"GB";"2022-11-01 14:57:28";6.15
"Servidor-SPTECH";"ram";"ram_Usada";"GB";"2022-11-01 14:57:27";6.15
"Servidor-SPTECH";"ram";"ram_Usada";"GB";"2022-11-01 14:57:25";6.15
"Servidor-SPTECH";"ram";"ram_Usada";"GB";"2022-11-01 14:57:24";6.15
"Servidor-SPTECH";"ram";"ram_Usada";"GB";"2022-11-01 14:57:22";6.15
"Servidor-SPTECH";"ram";"ram_Usada";"GB";"2022-11-01 14:57:21";6.12
"Servidor-SPTECH";"ram";"ram_Usada";"GB";"2022-11-01 14:57:19";6.15
"Servidor-SPTECH";"ram";"ram_Usada";"GB";"2022-11-01 14:57:18";6.15
"Servidor-SPTECH";"ram";"ram_Usada";"GB";"2022-11-01 14:57:17";6.15
"Servidor-SPTECH";"ram";"ram_Usada";"GB";"2022-11-01 14:57:15";6.13
"Servidor-SPTECH";"ram";"ram_Usada";"GB";"2022-11-01 14:57:14";6.15
"Servidor-SPTECH";"ram";"ram_Usada";"GB";"2022-11-01 14:57:12";6.16
"Servidor-SPTECH";"ram";"ram_Usada";"GB";"2022-11-01 14:57:11";6.15
"Servidor-SPTECH";"ram";"ram_Usada";"GB";"2022-11-01 14:57:10";6.15
"Servidor-SPTECH";"ram";"ram_Usada";"GB";"2022-11-01 14:57:08";6.15
"Servidor-SPTECH";"ram";"ram_Usada";"GB";"2022-11-01 14:57:07";6.16
"Servidor-SPTECH";"ram";"ram_Usada";"GB";"2022-11-01 14:57:05";6.16
"Servidor-SPTECH";"ram";"ram_Usada";"GB";"2022-11-01 14:57:04";6.21
"Servidor-SPTECH";"ram";"ram_Usada";"GB";"2022-11-01 14:57:03";6.18
"Servidor-SPTECH";"ram";"ram_Usada";"GB";"2022-11-01 14:57:01";6.22
"Servidor-SPTECH";"ram";"ram_Usada";"GB";"2022-11-01 14:57:00";6.22
"Servidor-SPTECH";"ram";"ram_Usada";"GB";"2022-11-01 14:56:58";6.22
"Servidor-SPTECH";"ram";"ram_Usada";"GB";"2022-11-01 14:56:57";6.14
"Servidor-SPTECH";"ram";"ram_Usada";"GB";"2022-11-01 14:56:56";6.16
"Servidor-SPTECH";"ram";"ram_Usada";"GB";"2022-11-01 14:56:54";6.16
"Servidor-SPTECH";"ram";"ram_Usada";"GB";"2022-11-01 14:56:53";6.15
"Servidor-SPTECH";"ram";"ram_Usada";"GB";"2022-11-01 14:56:51";6.15
"Servidor-SPTECH";"ram";"ram_Usada";"GB";"2022-11-01 14:56:50";6.15
"Servidor-SPTECH";"ram";"ram_Usada";"GB";"2022-11-01 14:56:49";6.15
"Servidor-SPTECH";"ram";"ram_Usada";"GB";"2022-11-01 14:56:47";6.17
"Servidor-SPTECH";"ram";"ram_Usada";"GB";"2022-11-01 14:56:46";6.17
"Servidor-SPTECH";"ram";"ram_Usada";"GB";"2022-11-01 14:56:44";6.19
"Servidor-SPTECH";"ram";"ram_Usada";"GB";"2022-11-01 14:56:43";6.19
"Servidor-SPTECH";"ram";"ram_Usada";"GB";"2022-11-01 14:56:41";6.17
"Servidor-SPTECH";"ram";"ram_Usada";"GB";"2022-11-01 14:56:40";6.16
"Servidor-SPTECH";"ram";"ram_Usada";"GB";"2022-11-01 14:56:39";6.15
"Servidor-SPTECH";"ram";"ram_Usada";"GB";"2022-11-01 14:56:37";6.18
"Servidor-SPTECH";"ram";"ram_Usada";"GB";"2022-11-01 14:56:36";6.18
"Servidor-SPTECH";"ram";"ram_Usada";"GB";"2022-11-01 14:56:34";6.18
"Servidor-SPTECH";"ram";"ram_Usada";"GB";"2022-11-01 14:56:33";6.16
"Servidor-SPTECH";"ram";"ram_Usada";"GB";"2022-11-01 14:56:32";6.19
"Servidor-SPTECH";"ram";"ram_Usada";"GB";"2022-11-01 14:56:30";6.19
"Servidor-SPTECH";"ram";"ram_Usada";"GB";"2022-11-01 14:56:29";6.18
"Servidor-SPTECH";"ram";"ram_Usada";"GB";"2022-11-01 14:56:27";6.18
"Servidor-SPTECH";"ram";"ram_Usada";"GB";"2022-11-01 14:56:26";6.17
"Servidor-SPTECH";"ram";"ram_Usada";"GB";"2022-11-01 14:56:24";6.17
"Servidor-SPTECH";"ram";"ram_Usada";"GB";"2022-11-01 14:56:23";6.16
"Servidor-SPTECH";"ram";"ram_Usada";"GB";"2022-11-01 14:56:22";6.16
"Servidor-SPTECH";"ram";"ram_Usada";"GB";"2022-11-01 14:56:20";6.17
"Servidor-SPTECH";"ram";"ram_Usada";"GB";"2022-11-01 14:56:19";6.17
"Servidor-SPTECH";"ram";"ram_Usada";"GB";"2022-11-01 14:56:17";6.19
"Servidor-SPTECH";"ram";"ram_Usada";"GB";"2022-11-01 14:56:16";6.19
"Servidor-SPTECH";"ram";"ram_Usada";"GB";"2022-11-01 14:56:15";6.15
"Servidor-SPTECH";"ram";"ram_Usada";"GB";"2022-11-01 14:56:13";6.17
"Servidor-SPTECH";"ram";"ram_Usada";"GB";"2022-11-01 14:56:12";6.19
"Servidor-SPTECH";"ram";"ram_Usada";"GB";"2022-11-01 14:56:10";6.18
"Servidor-SPTECH";"ram";"ram_Usada";"GB";"2022-11-01 14:56:09";6.16
"Servidor-SPTECH";"ram";"ram_Usada";"GB";"2022-11-01 14:56:07";6.18
"Servidor-SPTECH";"ram";"ram_Usada";"GB";"2022-11-01 14:56:06";6.17
"Servidor-SPTECH";"ram";"ram_Usada";"GB";"2022-11-01 14:56:05";6.16
"Servidor-SPTECH";"ram";"ram_Usada";"GB";"2022-11-01 14:56:03";6.15
"Servidor-SPTECH";"ram";"ram_Usada";"GB";"2022-11-01 14:56:02";6.15
"Servidor-SPTECH";"ram";"ram_Usada";"GB";"2022-11-01 14:56:00";6.15
"Servidor-SPTECH";"ram";"ram_Usada";"GB";"2022-11-01 14:55:59";6.17
"Servidor-SPTECH";"ram";"ram_Usada";"GB";"2022-11-01 14:55:58";6.17
"Servidor-SPTECH";"ram";"ram_Usada";"GB";"2022-11-01 14:55:56";6.17
"Servidor-SPTECH";"ram";"ram_Usada";"GB";"2022-11-01 14:55:55";6.18
"Servidor-SPTECH";"ram";"ram_Usada";"GB";"2022-11-01 14:55:53";6.15
"Servidor-SPTECH";"ram";"ram_Usada";"GB";"2022-11-01 14:55:52";6.15
"Servidor-SPTECH";"ram";"ram_Usada";"GB";"2022-11-01 14:55:51";6.13
"Servidor-SPTECH";"ram";"ram_Usada";"GB";"2022-11-01 14:55:49";6.15
"Servidor-SPTECH";"ram";"ram_Usada";"GB";"2022-11-01 14:55:48";6.15
"Servidor-SPTECH";"ram";"ram_Usada";"GB";"2022-11-01 14:55:46";6.15
"Servidor-SPTECH";"ram";"ram_Usada";"GB";"2022-11-01 14:55:45";6.12
"Servidor-SPTECH";"ram";"ram_Usada";"GB";"2022-11-01 14:55:43";6.18
"Servidor-SPTECH";"ram";"ram_Usada";"GB";"2022-11-01 14:55:42";6.17
"Servidor-SPTECH";"ram";"ram_Usada";"GB";"2022-11-01 14:55:41";6.17
"Servidor-SPTECH";"ram";"ram_Usada";"GB";"2022-11-01 14:55:39";6.19
"Servidor-SPTECH";"ram";"ram_Usada";"GB";"2022-11-01 14:55:38";6.19
"Servidor-SPTECH";"ram";"ram_Usada";"GB";"2022-11-01 14:55:36";6.19
"Servidor-SPTECH";"ram";"ram_Usada";"GB";"2022-11-01 14:55:35";6.18
"Servidor-SPTECH";"ram";"ram_Usada";"GB";"2022-11-01 14:55:34";6.17
"Servidor-SPTECH";"ram";"ram_Usada";"GB";"2022-11-01 14:55:32";6.16
"Servidor-SPTECH";"ram";"ram_Usada";"GB";"2022-11-01 14:55:31";6.18
"Servidor-SPTECH";"ram";"ram_Usada";"GB";"2022-11-01 14:55:29";6.18
"Servidor-SPTECH";"ram";"ram_Usada";"GB";"2022-11-01 14:55:28";6.19
"Servidor-SPTECH";"ram";"ram_Usada";"GB";"2022-11-01 14:55:27";6.16
"Servidor-SPTECH";"ram";"ram_Usada";"GB";"2022-11-01 14:55:25";6.19
"Servidor-SPTECH";"ram";"ram_Usada";"GB";"2022-11-01 14:55:24";6.18
"Servidor-SPTECH";"ram";"ram_Usada";"GB";"2022-11-01 14:55:22";6.18
"Servidor-SPTECH";"ram";"ram_Usada";"GB";"2022-11-01 14:55:21";6.14
"Servidor-SPTECH";"ram";"ram_Usada";"GB";"2022-11-01 14:55:19";6.16
"Servidor-SPTECH";"ram";"ram_Usada";"GB";"2022-11-01 14:55:18";6.15
"Servidor-SPTECH";"ram";"ram_Usada";"GB";"2022-11-01 14:55:17";6.15
"Servidor-SPTECH";"ram";"ram_Usada";"GB";"2022-11-01 14:55:15";6.15
"Servidor-SPTECH";"ram";"ram_Usada";"GB";"2022-11-01 14:55:14";6.15
"Servidor-SPTECH";"ram";"ram_Usada";"GB";"2022-11-01 14:55:12";6.12
"Servidor-SPTECH";"ram";"ram_Usada";"GB";"2022-11-01 14:55:11";6.1
"Servidor-SPTECH";"ram";"ram_Usada";"GB";"2022-11-01 14:55:10";6.1
"Servidor-SPTECH";"ram";"ram_Usada";"GB";"2022-11-01 14:55:08";6.06
"Servidor-SPTECH";"ram";"ram_Usada";"GB";"2022-11-01 14:55:07";6.09
"Servidor-SPTECH";"ram";"ram_Usada";"GB";"2022-11-01 14:55:05";6.09
"Servidor-SPTECH";"ram";"ram_Usada";"GB";"2022-11-01 14:55:04";6.09
"Servidor-SPTECH";"ram";"ram_Usada";"GB";"2022-11-01 14:55:03";6.06
"Servidor-SPTECH";"ram";"ram_Usada";"GB";"2022-11-01 14:55:01";6.09
"Servidor-SPTECH";"ram";"ram_Usada";"GB";"2022-11-01 14:55:00";6.09
"Servidor-SPTECH";"ram";"ram_Usada";"GB";"2022-11-01 14:54:58";6.08
"Servidor-SPTECH";"ram";"ram_Usada";"GB";"2022-11-01 14:54:57";6.08
"Servidor-SPTECH";"ram";"ram_Usada";"GB";"2022-11-01 14:54:55";6.08
"Servidor-SPTECH";"ram";"ram_Usada";"GB";"2022-11-01 14:54:54";6.08
"Servidor-SPTECH";"ram";"ram_Usada";"GB";"2022-11-01 14:54:53";6.08
"Servidor-SPTECH";"ram";"ram_Usada";"GB";"2022-11-01 14:54:51";6.08
"Servidor-SPTECH";"ram";"ram_Usada";"GB";"2022-11-01 14:54:50";6.08
"Servidor-SPTECH";"ram";"ram_Usada";"GB";"2022-11-01 14:54:48";6.09
"Servidor-SPTECH";"ram";"ram_Usada";"GB";"2022-11-01 14:54:47";6.08
"Servidor-SPTECH";"ram";"ram_Usada";"GB";"2022-11-01 14:54:46";6.08
"Servidor-SPTECH";"ram";"ram_Usada";"GB";"2022-11-01 14:54:44";6.08
"Servidor-SPTECH";"ram";"ram_Usada";"GB";"2022-11-01 14:54:43";6.11
"Servidor-SPTECH";"ram";"ram_Usada";"GB";"2022-11-01 14:54:41";6.11
"Servidor-SPTECH";"ram";"ram_Usada";"GB";"2022-11-01 14:54:40";6.1
"Servidor-SPTECH";"ram";"ram_Usada";"GB";"2022-11-01 14:54:39";6.08
"Servidor-SPTECH";"ram";"ram_Usada";"GB";"2022-11-01 14:54:37";6.11
"Servidor-SPTECH";"ram";"ram_Usada";"GB";"2022-11-01 14:54:36";6.11
"Servidor-SPTECH";"ram";"ram_Usada";"GB";"2022-11-01 14:54:34";6.11
"Servidor-SPTECH";"ram";"ram_Usada";"GB";"2022-11-01 14:54:33";6.11
"Servidor-SPTECH";"ram";"ram_Usada";"GB";"2022-11-01 14:54:32";6.11
"Servidor-SPTECH";"ram";"ram_Usada";"GB";"2022-11-01 14:54:30";6.11
"Servidor-SPTECH";"ram";"ram_Usada";"GB";"2022-11-01 14:54:29";6.11
"Servidor-SPTECH";"ram";"ram_Usada";"GB";"2022-11-01 14:54:27";6.11
"Servidor-SPTECH";"ram";"ram_Usada";"GB";"2022-11-01 14:54:26";6.08
"Servidor-SPTECH";"ram";"ram_Usada";"GB";"2022-11-01 14:54:25";6.1
"Servidor-SPTECH";"ram";"ram_Usada";"GB";"2022-11-01 14:54:23";6.11
"Servidor-SPTECH";"ram";"ram_Usada";"GB";"2022-11-01 14:54:22";6.12
"Servidor-SPTECH";"ram";"ram_Usada";"GB";"2022-11-01 14:54:20";6.07
"Servidor-SPTECH";"ram";"ram_Usada";"GB";"2022-11-01 14:54:19";6.1
"Servidor-SPTECH";"ram";"ram_Usada";"GB";"2022-11-01 14:54:17";6.1
"Servidor-SPTECH";"ram";"ram_Usada";"GB";"2022-11-01 14:54:16";6.1
"Servidor-SPTECH";"ram";"ram_Usada";"GB";"2022-11-01 14:54:15";6.07
"Servidor-SPTECH";"ram";"ram_Usada";"GB";"2022-11-01 14:54:13";6.1
"Servidor-SPTECH";"ram";"ram_Usada";"GB";"2022-11-01 14:54:12";6.09
"Servidor-SPTECH";"ram";"ram_Usada";"GB";"2022-11-01 14:54:10";6.1
"Servidor-SPTECH";"ram";"ram_Usada";"GB";"2022-11-01 14:54:09";6.09
"Servidor-SPTECH";"ram";"ram_Usada";"GB";"2022-11-01 14:54:08";6.1
"Servidor-SPTECH";"ram";"ram_Usada";"GB";"2022-11-01 14:54:06";6.09
"Servidor-SPTECH";"ram";"ram_Usada";"GB";"2022-11-01 14:54:05";6.09
"Servidor-SPTECH";"ram";"ram_Usada";"GB";"2022-11-01 14:54:03";6.09
"Servidor-SPTECH";"ram";"ram_Usada";"GB";"2022-11-01 14:54:02";6.09
"Servidor-SPTECH";"ram";"ram_Usada";"GB";"2022-11-01 14:54:01";6.09
"Servidor-SPTECH";"ram";"ram_Usada";"GB";"2022-11-01 14:53:59";6.09
"Servidor-SPTECH";"ram";"ram_Usada";"GB";"2022-11-01 14:53:58";6.09
"Servidor-SPTECH";"ram";"ram_Usada";"GB";"2022-11-01 14:53:56";6.09
"Servidor-SPTECH";"ram";"ram_Usada";"GB";"2022-11-01 14:53:55";6.08
"Servidor-SPTECH";"ram";"ram_Usada";"GB";"2022-11-01 14:53:54";6.09
"Servidor-SPTECH";"ram";"ram_Usada";"GB";"2022-11-01 14:53:52";6.09
"Servidor-SPTECH";"ram";"ram_Usada";"GB";"2022-11-01 14:53:51";6.08
"Servidor-SPTECH";"ram";"ram_Usada";"GB";"2022-11-01 14:53:49";6.09
"Servidor-SPTECH";"ram";"ram_Usada";"GB";"2022-11-01 14:53:48";6.09
"Servidor-SPTECH";"ram";"ram_Usada";"GB";"2022-11-01 14:53:46";6.08
"Servidor-SPTECH";"ram";"ram_Usada";"GB";"2022-11-01 14:53:45";6.09
"Servidor-SPTECH";"ram";"ram_Usada";"GB";"2022-11-01 14:53:44";6.1
"Servidor-SPTECH";"ram";"ram_Usada";"GB";"2022-11-01 14:53:42";6.11
"Servidor-SPTECH";"ram";"ram_Usada";"GB";"2022-11-01 14:53:41";6.1
"Servidor-SPTECH";"ram";"ram_Usada";"GB";"2022-11-01 14:53:39";6.11
"Servidor-SPTECH";"ram";"ram_Usada";"GB";"2022-11-01 14:53:38";6.1
"Servidor-SPTECH";"ram";"ram_Usada";"GB";"2022-11-01 14:53:37";6.1
"Servidor-SPTECH";"ram";"ram_Usada";"GB";"2022-11-01 14:53:35";6.1
"Servidor-SPTECH";"ram";"ram_Usada";"GB";"2022-11-01 14:53:34";6.1
"Servidor-SPTECH";"ram";"ram_Usada";"GB";"2022-11-01 14:53:32";6.11
"Servidor-SPTECH";"ram";"ram_Usada";"GB";"2022-11-01 14:53:31";6.11
"Servidor-SPTECH";"ram";"ram_Usada";"GB";"2022-11-01 14:53:30";6.08
"Servidor-SPTECH";"ram";"ram_Usada";"GB";"2022-11-01 14:53:28";6.11
"Servidor-SPTECH";"ram";"ram_Usada";"GB";"2022-11-01 14:53:27";6.11
"Servidor-SPTECH";"ram";"ram_Usada";"GB";"2022-11-01 14:53:25";6.11
"Servidor-SPTECH";"ram";"ram_Usada";"GB";"2022-11-01 14:53:24";6.1
"Servidor-SPTECH";"ram";"ram_Usada";"GB";"2022-11-01 14:53:23";6.11
"Servidor-SPTECH";"ram";"ram_Usada";"GB";"2022-11-01 14:53:21";6.11
"Servidor-SPTECH";"ram";"ram_Usada";"GB";"2022-11-01 14:53:20";6.1
"Servidor-SPTECH";"ram";"ram_Usada";"GB";"2022-11-01 14:53:18";6.11
"Servidor-SPTECH";"ram";"ram_Usada";"GB";"2022-11-01 14:53:17";6.1
"Servidor-SPTECH";"ram";"ram_Usada";"GB";"2022-11-01 14:53:15";6.11
"Servidor-SPTECH";"ram";"ram_Usada";"GB";"2022-11-01 14:53:14";6.14
"Servidor-SPTECH";"ram";"ram_Usada";"GB";"2022-11-01 14:53:13";6.14
"Servidor-SPTECH";"ram";"ram_Usada";"GB";"2022-11-01 14:53:11";6.14
"Servidor-SPTECH";"ram";"ram_Usada";"GB";"2022-11-01 14:53:10";6.15
"Servidor-SPTECH";"ram";"ram_Usada";"GB";"2022-11-01 14:53:08";6.16
"Servidor-SPTECH";"ram";"ram_Usada";"GB";"2022-11-01 14:53:07";6.23
"Servidor-SPTECH";"ram";"ram_Usada";"GB";"2022-11-01 14:53:06";6.36
"Servidor-SPTECH";"ram";"ram_Usada";"GB";"2022-11-01 14:53:04";6.35
"Servidor-SPTECH";"ram";"ram_Usada";"GB";"2022-11-01 14:53:03";6.38
"Servidor-SPTECH";"ram";"ram_Usada";"GB";"2022-11-01 14:53:01";6.35
"Servidor-SPTECH";"ram";"ram_Usada";"GB";"2022-11-01 14:53:00";6.56
"Servidor-SPTECH";"ram";"ram_Usada";"GB";"2022-11-01 14:52:59";6.56
"Servidor-SPTECH";"ram";"ram_Usada";"GB";"2022-11-01 14:52:57";6.56
"Servidor-SPTECH";"ram";"ram_Usada";"GB";"2022-11-01 14:52:56";6.58
"Servidor-SPTECH";"ram";"ram_Usada";"GB";"2022-11-01 14:52:54";6.58
"Servidor-SPTECH";"ram";"ram_Usada";"GB";"2022-11-01 14:52:53";6.62
"Servidor-SPTECH";"ram";"ram_Usada";"GB";"2022-11-01 14:52:51";6.55
"Servidor-SPTECH";"ram";"ram_Usada";"GB";"2022-11-01 14:52:50";6.54
"Servidor-SPTECH";"ram";"ram_Usada";"GB";"2022-11-01 14:52:49";6.57
"Servidor-SPTECH";"ram";"ram_Usada";"GB";"2022-11-01 14:52:47";6.52
"Servidor-SPTECH";"ram";"ram_Usada";"GB";"2022-11-01 14:52:46";6.52
"Servidor-SPTECH";"ram";"ram_Usada";"GB";"2022-11-01 14:52:44";6.5
"Servidor-SPTECH";"ram";"ram_Usada";"GB";"2022-11-01 14:52:43";6.57
"Servidor-SPTECH";"ram";"ram_Usada";"GB";"2022-11-01 14:52:41";6.57
"Servidor-SPTECH";"ram";"ram_Usada";"GB";"2022-11-01 14:52:40";6.57
"Servidor-SPTECH";"ram";"ram_Usada";"GB";"2022-11-01 14:52:39";6.57
"Servidor-SPTECH";"ram";"ram_Usada";"GB";"2022-11-01 14:52:37";6.56
"Servidor-SPTECH";"ram";"ram_Usada";"GB";"2022-11-01 14:52:36";6.56
"Servidor-SPTECH";"ram";"ram_Usada";"GB";"2022-11-01 14:52:34";6.56
"Servidor-SPTECH";"ram";"ram_Usada";"GB";"2022-11-01 14:52:33";6.57
"Servidor-SPTECH";"ram";"ram_Usada";"GB";"2022-11-01 14:52:32";6.57
"Servidor-SPTECH";"ram";"ram_Usada";"GB";"2022-11-01 14:52:30";6.56
"Servidor-SPTECH";"ram";"ram_Usada";"GB";"2022-11-01 14:52:29";6.56
"Servidor-SPTECH";"ram";"ram_Usada";"GB";"2022-11-01 14:52:27";6.57
"Servidor-SPTECH";"ram";"ram_Usada";"GB";"2022-11-01 14:52:26";6.56
"Servidor-SPTECH";"ram";"ram_Usada";"GB";"2022-11-01 14:52:25";6.56
"Servidor-SPTECH";"ram";"ram_Usada";"GB";"2022-11-01 14:52:23";6.56
"Servidor-SPTECH";"ram";"ram_Usada";"GB";"2022-11-01 14:52:22";6.56
"Servidor-SPTECH";"ram";"ram_Usada";"GB";"2022-11-01 14:52:20";6.56
"Servidor-SPTECH";"ram";"ram_Usada";"GB";"2022-11-01 14:52:19";6.56
"Servidor-SPTECH";"ram";"ram_Usada";"GB";"2022-11-01 14:52:18";6.56
"Servidor-SPTECH";"ram";"ram_Usada";"GB";"2022-11-01 14:52:16";6.56
"Servidor-SPTECH";"ram";"ram_Usada";"GB";"2022-11-01 14:52:15";6.56
"Servidor-SPTECH";"ram";"ram_Usada";"GB";"2022-11-01 14:52:13";6.56
"Servidor-SPTECH";"ram";"ram_Usada";"GB";"2022-11-01 14:52:12";6.55
"Servidor-SPTECH";"ram";"ram_Usada";"GB";"2022-11-01 14:52:11";6.55
"Servidor-SPTECH";"ram";"ram_Usada";"GB";"2022-11-01 14:52:09";6.56
"Servidor-SPTECH";"ram";"ram_Usada";"GB";"2022-11-01 14:52:08";6.55
"Servidor-SPTECH";"ram";"ram_Usada";"GB";"2022-11-01 14:52:06";6.55
"Servidor-SPTECH";"ram";"ram_Usada";"GB";"2022-11-01 14:52:05";6.61
"Servidor-SPTECH";"ram";"ram_Usada";"GB";"2022-11-01 14:52:03";6.62
"Servidor-SPTECH";"ram";"ram_Usada";"GB";"2022-11-01 14:52:02";6.63
"Servidor-SPTECH";"ram";"ram_Usada";"GB";"2022-11-01 14:52:01";6.63
"Servidor-SPTECH";"ram";"ram_Usada";"GB";"2022-11-01 14:51:59";6.61
"Servidor-SPTECH";"ram";"ram_Usada";"GB";"2022-11-01 14:51:58";6.64
"Servidor-SPTECH";"ram";"ram_Usada";"GB";"2022-11-01 14:51:56";6.5
"Servidor-SPTECH";"ram";"ram_Usada";"GB";"2022-11-01 14:51:55";6.5
"Servidor-SPTECH";"ram";"ram_Usada";"GB";"2022-11-01 14:51:54";6.34
"Servidor-SPTECH";"ram";"ram_Usada";"GB";"2022-11-01 14:51:52";6.3
"Servidor-SPTECH";"ram";"ram_Usada";"GB";"2022-11-01 14:51:51";6.36
"Servidor-SPTECH";"ram";"ram_Usada";"GB";"2022-11-01 14:51:49";6.36
"Servidor-SPTECH";"ram";"ram_Usada";"GB";"2022-11-01 14:51:48";6.64
"Servidor-SPTECH";"ram";"ram_Usada";"GB";"2022-11-01 14:51:46";6.64
"Servidor-SPTECH";"ram";"ram_Usada";"GB";"2022-11-01 14:51:45";6.64
"Servidor-SPTECH";"ram";"ram_Usada";"GB";"2022-11-01 14:51:44";6.66
"Servidor-SPTECH";"ram";"ram_Usada";"GB";"2022-11-01 14:51:42";6.65
"Servidor-SPTECH";"ram";"ram_Usada";"GB";"2022-11-01 14:51:41";6.63
"Servidor-SPTECH";"ram";"ram_Usada";"GB";"2022-11-01 14:51:39";6.52
"Servidor-SPTECH";"ram";"ram_Usada";"GB";"2022-11-01 14:51:38";6.49
"Servidor-SPTECH";"ram";"ram_Usada";"GB";"2022-11-01 14:51:37";6.48
"Servidor-SPTECH";"ram";"ram_Usada";"GB";"2022-11-01 14:51:35";6.43
"Servidor-SPTECH";"ram";"ram_Usada";"GB";"2022-11-01 14:51:34";6.46
"Servidor-SPTECH";"ram";"ram_Usada";"GB";"2022-11-01 14:51:32";6.46
"Servidor-SPTECH";"ram";"ram_Usada";"GB";"2022-11-01 14:51:31";6.47
"Servidor-SPTECH";"ram";"ram_Usada";"GB";"2022-11-01 14:51:29";6.47
"Servidor-SPTECH";"ram";"ram_Usada";"GB";"2022-11-01 14:51:28";6.46
"Servidor-SPTECH";"ram";"ram_Usada";"GB";"2022-11-01 14:51:27";6.2
"Servidor-SPTECH";"ram";"ram_Usada";"GB";"2022-11-01 14:51:25";6.16
"Servidor-SPTECH";"ram";"ram_Usada";"GB";"2022-11-01 14:51:24";6.16
"Servidor-SPTECH";"ram";"ram_Usada";"GB";"2022-11-01 14:51:22";6.11
"Servidor-SPTECH";"ram";"ram_Usada";"GB";"2022-11-01 14:51:21";6.11
"Servidor-SPTECH";"ram";"ram_Usada";"GB";"2022-11-01 14:51:20";6.15
"Servidor-SPTECH";"ram";"ram_Usada";"GB";"2022-11-01 14:51:18";6.15
"Servidor-SPTECH";"ram";"ram_Usada";"GB";"2022-11-01 14:51:17";6.16
"Servidor-SPTECH";"ram";"ram_Usada";"GB";"2022-11-01 14:51:15";6.17
"Servidor-SPTECH";"ram";"ram_Usada";"GB";"2022-11-01 14:51:14";6.27
"Servidor-SPTECH";"ram";"ram_Usada";"GB";"2022-11-01 14:51:12";6.25
"Servidor-SPTECH";"ram";"ram_Usada";"GB";"2022-11-01 14:51:11";6.22
"Servidor-SPTECH";"ram";"ram_Usada";"GB";"2022-11-01 14:51:10";6.3
"Servidor-SPTECH";"ram";"ram_Usada";"GB";"2022-11-01 14:51:08";6.31
"Servidor-SPTECH";"ram";"ram_Usada";"GB";"2022-11-01 14:51:07";6.3
"Servidor-SPTECH";"ram";"ram_Usada";"GB";"2022-11-01 14:51:05";6.23
"Servidor-SPTECH";"ram";"ram_Usada";"GB";"2022-11-01 14:51:04";6.25
"Servidor-SPTECH";"ram";"ram_Usada";"GB";"2022-11-01 14:51:02";6.19
"Servidor-SPTECH";"ram";"ram_Usada";"GB";"2022-11-01 14:51:01";6.2
"Servidor-SPTECH";"ram";"ram_Usada";"GB";"2022-11-01 14:50:59";6.15
"Servidor-SPTECH";"ram";"ram_Usada";"GB";"2022-11-01 14:50:58";6.14
"Servidor-SPTECH";"ram";"ram_Usada";"GB";"2022-11-01 14:50:57";6.14
"Servidor-SPTECH";"ram";"ram_Usada";"GB";"2022-11-01 14:50:55";6.15
"Servidor-SPTECH";"ram";"ram_Usada";"GB";"2022-11-01 14:50:54";6.15
"Servidor-SPTECH";"ram";"ram_Usada";"GB";"2022-11-01 14:50:52";6.14
"Servidor-SPTECH";"ram";"ram_Usada";"GB";"2022-11-01 14:50:51";6.14
"Servidor-SPTECH";"ram";"ram_Usada";"GB";"2022-11-01 14:50:50";6.14
"Servidor-SPTECH";"ram";"ram_Usada";"GB";"2022-11-01 14:50:48";6.14
"Servidor-SPTECH";"ram";"ram_Usada";"GB";"2022-11-01 14:50:47";6.11
"Servidor-SPTECH";"ram";"ram_Usada";"GB";"2022-11-01 14:50:45";6.14
"Servidor-SPTECH";"ram";"ram_Usada";"GB";"2022-11-01 14:50:44";6.16
"Servidor-SPTECH";"ram";"ram_Usada";"GB";"2022-11-01 14:50:43";6.16
"Servidor-SPTECH";"ram";"ram_Usada";"GB";"2022-11-01 14:50:41";6.15
"Servidor-SPTECH";"ram";"ram_Usada";"GB";"2022-11-01 14:50:40";6.15
"Servidor-SPTECH";"ram";"ram_Usada";"GB";"2022-11-01 14:50:38";6.15
"Servidor-SPTECH";"ram";"ram_Usada";"GB";"2022-11-01 14:50:37";6.15
"Servidor-SPTECH";"ram";"ram_Usada";"GB";"2022-11-01 14:50:36";6.15
"Servidor-SPTECH";"ram";"ram_Usada";"GB";"2022-11-01 14:50:34";6.15
"Servidor-SPTECH";"ram";"ram_Usada";"GB";"2022-11-01 14:50:33";6.15
"Servidor-SPTECH";"ram";"ram_Usada";"GB";"2022-11-01 14:50:31";6.15
"Servidor-SPTECH";"ram";"ram_Usada";"GB";"2022-11-01 14:50:30";6.15
"Servidor-SPTECH";"ram";"ram_Usada";"GB";"2022-11-01 14:50:29";6.15
"Servidor-SPTECH";"ram";"ram_Usada";"GB";"2022-11-01 14:50:27";6.14
"Servidor-SPTECH";"ram";"ram_Usada";"GB";"2022-11-01 14:50:26";6.14
"Servidor-SPTECH";"ram";"ram_Usada";"GB";"2022-11-01 14:50:24";6.14
"Servidor-SPTECH";"ram";"ram_Usada";"GB";"2022-11-01 14:50:23";6.12
"Servidor-SPTECH";"ram";"ram_Usada";"GB";"2022-11-01 14:50:22";6.15
"Servidor-SPTECH";"ram";"ram_Usada";"GB";"2022-11-01 14:50:20";6.15
"Servidor-SPTECH";"ram";"ram_Usada";"GB";"2022-11-01 14:50:19";6.14
"Servidor-SPTECH";"ram";"ram_Usada";"GB";"2022-11-01 14:50:17";6.18
"Servidor-SPTECH";"ram";"ram_Usada";"GB";"2022-11-01 14:50:16";6.18
"Servidor-SPTECH";"ram";"ram_Usada";"GB";"2022-11-01 14:50:14";6.18
"Servidor-SPTECH";"ram";"ram_Usada";"GB";"2022-11-01 14:50:13";6.19
"Servidor-SPTECH";"ram";"ram_Usada";"GB";"2022-11-01 14:50:12";6.18
"Servidor-SPTECH";"ram";"ram_Usada";"GB";"2022-11-01 14:50:10";6.18
"Servidor-SPTECH";"ram";"ram_Usada";"GB";"2022-11-01 14:50:09";6.18
"Servidor-SPTECH";"ram";"ram_Usada";"GB";"2022-11-01 14:50:07";6.18
"Servidor-SPTECH";"ram";"ram_Usada";"GB";"2022-11-01 14:50:06";6.18
"Servidor-SPTECH";"ram";"ram_Usada";"GB";"2022-11-01 14:50:05";6.15
"Servidor-SPTECH";"ram";"ram_Usada";"GB";"2022-11-01 14:50:03";6.17
"Servidor-SPTECH";"ram";"ram_Usada";"GB";"2022-11-01 14:50:02";6.18
"Servidor-SPTECH";"ram";"ram_Usada";"GB";"2022-11-01 14:50:00";6.18
"Servidor-SPTECH";"ram";"ram_Usada";"GB";"2022-11-01 14:49:59";6.17
"Servidor-SPTECH";"ram";"ram_Usada";"GB";"2022-11-01 14:49:58";6.17
"Servidor-SPTECH";"ram";"ram_Usada";"GB";"2022-11-01 14:49:56";6.17
"Servidor-SPTECH";"ram";"ram_Usada";"GB";"2022-11-01 14:49:55";6.17
"Servidor-SPTECH";"ram";"ram_Usada";"GB";"2022-11-01 14:49:53";6.17
"Servidor-SPTECH";"ram";"ram_Usada";"GB";"2022-11-01 14:49:52";6.17
"Servidor-SPTECH";"ram";"ram_Usada";"GB";"2022-11-01 14:49:51";6.17
"Servidor-SPTECH";"ram";"ram_Usada";"GB";"2022-11-01 14:49:49";6.17
"Servidor-SPTECH";"ram";"ram_Usada";"GB";"2022-11-01 14:49:48";6.17
"Servidor-SPTECH";"ram";"ram_Usada";"GB";"2022-11-01 14:49:46";6.17
"Servidor-SPTECH";"ram";"ram_Usada";"GB";"2022-11-01 14:49:45";6.17
"Servidor-SPTECH";"ram";"ram_Usada";"GB";"2022-11-01 14:49:44";6.2
"Servidor-SPTECH";"ram";"ram_Usada";"GB";"2022-11-01 14:49:42";6.2
"Servidor-SPTECH";"ram";"ram_Usada";"GB";"2022-11-01 14:49:41";6.16
"Servidor-SPTECH";"ram";"ram_Usada";"GB";"2022-11-01 14:49:39";6.19
"Servidor-SPTECH";"ram";"ram_Usada";"GB";"2022-11-01 14:49:38";6.19
"Servidor-SPTECH";"ram";"ram_Usada";"GB";"2022-11-01 14:49:37";6.19
"Servidor-SPTECH";"ram";"ram_Usada";"GB";"2022-11-01 14:49:35";6.2
"Servidor-SPTECH";"ram";"ram_Usada";"GB";"2022-11-01 14:49:34";6.2
"Servidor-SPTECH";"ram";"ram_Usada";"GB";"2022-11-01 14:49:32";6.19
"Servidor-SPTECH";"ram";"ram_Usada";"GB";"2022-11-01 14:49:31";6.19
"Servidor-SPTECH";"ram";"ram_Usada";"GB";"2022-11-01 14:49:30";6.19
"Servidor-SPTECH";"ram";"ram_Usada";"GB";"2022-11-01 14:49:28";6.19
"Servidor-SPTECH";"ram";"ram_Usada";"GB";"2022-11-01 14:49:27";6.19
"Servidor-SPTECH";"ram";"ram_Usada";"GB";"2022-11-01 14:49:25";6.19
"Servidor-SPTECH";"ram";"ram_Usada";"GB";"2022-11-01 14:49:24";6.19
"Servidor-SPTECH";"ram";"ram_Usada";"GB";"2022-11-01 14:49:22";6.15
"Servidor-SPTECH";"ram";"ram_Usada";"GB";"2022-11-01 14:49:21";6.18
"Servidor-SPTECH";"ram";"ram_Usada";"GB";"2022-11-01 14:49:20";6.19
"Servidor-SPTECH";"ram";"ram_Usada";"GB";"2022-11-01 14:49:18";6.19
"Servidor-SPTECH";"ram";"ram_Usada";"GB";"2022-11-01 14:49:17";6.17
"Servidor-SPTECH";"ram";"ram_Usada";"GB";"2022-11-01 14:49:15";6.18
"Servidor-SPTECH";"ram";"ram_Usada";"GB";"2022-11-01 14:49:14";6.18
"Servidor-SPTECH";"ram";"ram_Usada";"GB";"2022-11-01 14:49:13";6.18
"Servidor-SPTECH";"ram";"ram_Usada";"GB";"2022-11-01 14:49:11";6.17
"Servidor-SPTECH";"ram";"ram_Usada";"GB";"2022-11-01 14:49:10";6.17
"Servidor-SPTECH";"ram";"ram_Usada";"GB";"2022-11-01 14:49:08";6.17
"Servidor-SPTECH";"ram";"ram_Usada";"GB";"2022-11-01 14:49:07";6.17
"Servidor-SPTECH";"ram";"ram_Usada";"GB";"2022-11-01 14:49:06";6.18
"Servidor-SPTECH";"ram";"ram_Usada";"GB";"2022-11-01 14:49:04";6.18
"Servidor-SPTECH";"ram";"ram_Usada";"GB";"2022-11-01 14:49:03";6.18
"Servidor-SPTECH";"ram";"ram_Usada";"GB";"2022-11-01 14:49:01";6.18
"Servidor-SPTECH";"ram";"ram_Usada";"GB";"2022-11-01 14:49:00";6.18
"Servidor-SPTECH";"ram";"ram_Usada";"GB";"2022-11-01 14:48:58";6.16
"Servidor-SPTECH";"ram";"ram_Usada";"GB";"2022-11-01 14:48:57";6.18
"Servidor-SPTECH";"ram";"ram_Usada";"GB";"2022-11-01 14:48:56";6.18
"Servidor-SPTECH";"ram";"ram_Usada";"GB";"2022-11-01 14:48:54";6.18
"Servidor-SPTECH";"ram";"ram_Usada";"GB";"2022-11-01 14:48:53";6.18
"Servidor-SPTECH";"ram";"ram_Usada";"GB";"2022-11-01 14:48:51";6.18
"Servidor-SPTECH";"ram";"ram_Usada";"GB";"2022-11-01 14:48:50";6.18
"Servidor-SPTECH";"ram";"ram_Usada";"GB";"2022-11-01 14:48:49";6.18
"Servidor-SPTECH";"ram";"ram_Usada";"GB";"2022-11-01 14:48:47";6.18
"Servidor-SPTECH";"ram";"ram_Usada";"GB";"2022-11-01 14:48:46";6.18
"Servidor-SPTECH";"ram";"ram_Usada";"GB";"2022-11-01 14:48:44";6.2
"Servidor-SPTECH";"ram";"ram_Usada";"GB";"2022-11-01 14:48:43";6.2
"Servidor-SPTECH";"ram";"ram_Usada";"GB";"2022-11-01 14:48:42";6.2
"Servidor-SPTECH";"ram";"ram_Usada";"GB";"2022-11-01 14:48:40";6.21
"Servidor-SPTECH";"ram";"ram_Usada";"GB";"2022-11-01 14:48:39";6.2
"Servidor-SPTECH";"ram";"ram_Usada";"GB";"2022-11-01 14:48:37";6.2
"Servidor-SPTECH";"ram";"ram_Usada";"GB";"2022-11-01 14:48:36";6.19
"Servidor-SPTECH";"ram";"ram_Usada";"GB";"2022-11-01 14:48:34";6.16
"Servidor-SPTECH";"ram";"ram_Usada";"GB";"2022-11-01 14:48:33";6.19
"Servidor-SPTECH";"ram";"ram_Usada";"GB";"2022-11-01 14:48:32";6.19
"Servidor-SPTECH";"ram";"ram_Usada";"GB";"2022-11-01 14:48:30";6.18
"Servidor-SPTECH";"ram";"ram_Usada";"GB";"2022-11-01 14:48:29";6.18
"Servidor-SPTECH";"ram";"ram_Usada";"GB";"2022-11-01 14:48:27";6.18
"Servidor-SPTECH";"ram";"ram_Usada";"GB";"2022-11-01 14:48:26";6.18
"Servidor-SPTECH";"ram";"ram_Usada";"GB";"2022-11-01 14:48:25";6.17
"Servidor-SPTECH";"ram";"ram_Usada";"GB";"2022-11-01 14:48:23";6.17
"Servidor-SPTECH";"ram";"ram_Usada";"GB";"2022-11-01 14:48:22";6.17
"Servidor-SPTECH";"ram";"ram_Usada";"GB";"2022-11-01 14:48:20";6.17
"Servidor-SPTECH";"ram";"ram_Usada";"GB";"2022-11-01 14:48:19";6.17
"Servidor-SPTECH";"ram";"ram_Usada";"GB";"2022-11-01 14:48:18";6.18
"Servidor-SPTECH";"ram";"ram_Usada";"GB";"2022-11-01 14:48:16";6.14
"Servidor-SPTECH";"ram";"ram_Usada";"GB";"2022-11-01 14:48:15";6.17
"Servidor-SPTECH";"ram";"ram_Usada";"GB";"2022-11-01 14:48:13";6.17
"Servidor-SPTECH";"ram";"ram_Usada";"GB";"2022-11-01 14:48:12";6.17
"Servidor-SPTECH";"ram";"ram_Usada";"GB";"2022-11-01 14:48:11";6.14
"Servidor-SPTECH";"ram";"ram_Usada";"GB";"2022-11-01 14:48:09";6.17
"Servidor-SPTECH";"ram";"ram_Usada";"GB";"2022-11-01 14:48:08";6.16
"Servidor-SPTECH";"ram";"ram_Usada";"GB";"2022-11-01 14:48:06";6.17
"Servidor-SPTECH";"ram";"ram_Usada";"GB";"2022-11-01 14:48:05";6.17
"Servidor-SPTECH";"ram";"ram_Usada";"GB";"2022-11-01 14:48:03";6.17
"Servidor-SPTECH";"ram";"ram_Usada";"GB";"2022-11-01 14:48:02";6.16
"Servidor-SPTECH";"ram";"ram_Usada";"GB";"2022-11-01 14:48:01";6.17
"Servidor-SPTECH";"ram";"ram_Usada";"GB";"2022-11-01 14:47:59";6.16
"Servidor-SPTECH";"ram";"ram_Usada";"GB";"2022-11-01 14:47:58";6.17
"Servidor-SPTECH";"ram";"ram_Usada";"GB";"2022-11-01 14:47:56";6.16
"Servidor-SPTECH";"ram";"ram_Usada";"GB";"2022-11-01 14:47:55";6.16
"Servidor-SPTECH";"ram";"ram_Usada";"GB";"2022-11-01 14:47:54";6.17
"Servidor-SPTECH";"ram";"ram_Usada";"GB";"2022-11-01 14:47:52";6.14
"Servidor-SPTECH";"ram";"ram_Usada";"GB";"2022-11-01 14:47:51";6.17
"Servidor-SPTECH";"ram";"ram_Usada";"GB";"2022-11-01 14:47:49";6.17
"Servidor-SPTECH";"ram";"ram_Usada";"GB";"2022-11-01 14:47:48";6.17
"Servidor-SPTECH";"ram";"ram_Usada";"GB";"2022-11-01 14:47:47";6.14
"Servidor-SPTECH";"ram";"ram_Usada";"GB";"2022-11-01 14:47:45";6.19
"Servidor-SPTECH";"ram";"ram_Usada";"GB";"2022-11-01 14:47:44";6.21
"Servidor-SPTECH";"ram";"ram_Usada";"GB";"2022-11-01 14:47:42";6.19
"Servidor-SPTECH";"ram";"ram_Usada";"GB";"2022-11-01 14:47:41";6.19
"Servidor-SPTECH";"ram";"ram_Usada";"GB";"2022-11-01 14:47:39";6.19
"Servidor-SPTECH";"ram";"ram_Usada";"GB";"2022-11-01 14:47:38";6.19
"Servidor-SPTECH";"ram";"ram_Usada";"GB";"2022-11-01 14:47:37";6.19
"Servidor-SPTECH";"ram";"ram_Usada";"GB";"2022-11-01 14:47:35";6.19
"Servidor-SPTECH";"ram";"ram_Usada";"GB";"2022-11-01 14:47:34";6.18
"Servidor-SPTECH";"ram";"ram_Usada";"GB";"2022-11-01 14:47:32";6.19
"Servidor-SPTECH";"ram";"ram_Usada";"GB";"2022-11-01 14:47:31";6.19
"Servidor-SPTECH";"ram";"ram_Usada";"GB";"2022-11-01 14:47:30";6.19
"Servidor-SPTECH";"ram";"ram_Usada";"GB";"2022-11-01 14:47:28";6.16
"Servidor-SPTECH";"ram";"ram_Usada";"GB";"2022-11-01 14:47:27";6.19
"Servidor-SPTECH";"ram";"ram_Usada";"GB";"2022-11-01 14:47:25";6.19
"Servidor-SPTECH";"ram";"ram_Usada";"GB";"2022-11-01 14:47:24";6.19
"Servidor-SPTECH";"ram";"ram_Usada";"GB";"2022-11-01 14:47:23";6.19
"Servidor-SPTECH";"ram";"ram_Usada";"GB";"2022-11-01 14:47:21";6.19
"Servidor-SPTECH";"ram";"ram_Usada";"GB";"2022-11-01 14:47:20";6.19
"Servidor-SPTECH";"ram";"ram_Usada";"GB";"2022-11-01 14:47:18";6.19
"Servidor-SPTECH";"ram";"ram_Usada";"GB";"2022-11-01 14:47:17";6.19
"Servidor-SPTECH";"ram";"ram_Usada";"GB";"2022-11-01 14:47:16";6.19
"Servidor-SPTECH";"ram";"ram_Usada";"GB";"2022-11-01 14:47:14";6.19
"Servidor-SPTECH";"ram";"ram_Usada";"GB";"2022-11-01 14:47:13";6.19
"Servidor-SPTECH";"ram";"ram_Usada";"GB";"2022-11-01 14:47:11";6.19
"Servidor-SPTECH";"ram";"ram_Usada";"GB";"2022-11-01 14:47:10";6.16
"Servidor-SPTECH";"ram";"ram_Usada";"GB";"2022-11-01 14:47:08";6.2
"Servidor-SPTECH";"ram";"ram_Usada";"GB";"2022-11-01 14:47:07";6.2
"Servidor-SPTECH";"ram";"ram_Usada";"GB";"2022-11-01 14:47:06";6.21
"Servidor-SPTECH";"ram";"ram_Usada";"GB";"2022-11-01 14:47:04";6.18
"Servidor-SPTECH";"ram";"ram_Usada";"GB";"2022-11-01 14:47:03";6.25
"Servidor-SPTECH";"ram";"ram_Usada";"GB";"2022-11-01 14:47:01";6.27
"Servidor-SPTECH";"ram";"ram_Usada";"GB";"2022-11-01 14:47:00";6.26
"Servidor-SPTECH";"ram";"ram_Usada";"GB";"2022-11-01 14:46:59";6.27
"Servidor-SPTECH";"ram";"ram_Usada";"GB";"2022-11-01 14:46:57";6.26
"Servidor-SPTECH";"ram";"ram_Usada";"GB";"2022-11-01 14:46:56";6.26
"Servidor-SPTECH";"ram";"ram_Usada";"GB";"2022-11-01 14:46:54";6.27
"Servidor-SPTECH";"ram";"ram_Usada";"GB";"2022-11-01 14:46:53";6.27
"Servidor-SPTECH";"ram";"ram_Usada";"GB";"2022-11-01 14:46:51";6.25
"Servidor-SPTECH";"ram";"ram_Usada";"GB";"2022-11-01 14:46:50";6.26
"Servidor-SPTECH";"ram";"ram_Usada";"GB";"2022-11-01 14:46:49";6.25
"Servidor-SPTECH";"ram";"ram_Usada";"GB";"2022-11-01 14:46:47";6.26
"Servidor-SPTECH";"ram";"ram_Usada";"GB";"2022-11-01 14:46:46";6.22
"Servidor-SPTECH";"ram";"ram_Usada";"GB";"2022-11-01 14:46:44";6.25
"Servidor-SPTECH";"ram";"ram_Usada";"GB";"2022-11-01 14:46:43";6.25
"Servidor-SPTECH";"ram";"ram_Usada";"GB";"2022-11-01 14:46:42";6.25
"Servidor-SPTECH";"ram";"ram_Usada";"GB";"2022-11-01 14:46:40";6.22
"Servidor-SPTECH";"ram";"ram_Usada";"GB";"2022-11-01 14:46:39";6.24
"Servidor-SPTECH";"ram";"ram_Usada";"GB";"2022-11-01 14:46:37";6.25
"Servidor-SPTECH";"ram";"ram_Usada";"GB";"2022-11-01 14:46:36";6.26
"Servidor-SPTECH";"ram";"ram_Usada";"GB";"2022-11-01 14:46:34";6.23
"Servidor-SPTECH";"ram";"ram_Usada";"GB";"2022-11-01 14:46:33";6.24
"Servidor-SPTECH";"ram";"ram_Usada";"GB";"2022-11-01 14:46:32";6.24
"Servidor-SPTECH";"ram";"ram_Usada";"GB";"2022-11-01 14:46:30";6.24
"Servidor-SPTECH";"ram";"ram_Usada";"GB";"2022-11-01 14:46:29";6.24
"Servidor-SPTECH";"ram";"ram_Usada";"GB";"2022-11-01 14:46:27";6.22
"Servidor-SPTECH";"ram";"ram_Usada";"GB";"2022-11-01 14:46:26";6.22
"Servidor-SPTECH";"ram";"ram_Usada";"GB";"2022-11-01 14:46:25";6.29
"Servidor-SPTECH";"ram";"ram_Usada";"GB";"2022-11-01 14:46:23";6.47
"Servidor-SPTECH";"ram";"ram_Usada";"GB";"2022-11-01 14:46:22";6.5
"Servidor-SPTECH";"ram";"ram_Usada";"GB";"2022-11-01 14:46:20";6.81
"Servidor-SPTECH";"ram";"ram_Usada";"GB";"2022-11-01 14:46:19";6.81
"Servidor-SPTECH";"ram";"ram_Usada";"GB";"2022-11-01 14:46:17";6.81
"Servidor-SPTECH";"ram";"ram_Usada";"GB";"2022-11-01 14:46:16";6.78
"Servidor-SPTECH";"ram";"ram_Usada";"GB";"2022-11-01 14:46:15";6.8
"Servidor-SPTECH";"ram";"ram_Usada";"GB";"2022-11-01 14:46:13";6.82
"Servidor-SPTECH";"ram";"ram_Usada";"GB";"2022-11-01 14:46:12";6.82
"Servidor-SPTECH";"ram";"ram_Usada";"GB";"2022-11-01 14:46:10";6.82
"Servidor-SPTECH";"ram";"ram_Usada";"GB";"2022-11-01 14:46:09";6.82
"Servidor-SPTECH";"ram";"ram_Usada";"GB";"2022-11-01 14:46:08";6.83
"Servidor-SPTECH";"ram";"ram_Usada";"GB";"2022-11-01 14:46:06";6.82
"Servidor-SPTECH";"ram";"ram_Usada";"GB";"2022-11-01 14:46:05";6.83
"Servidor-SPTECH";"ram";"ram_Usada";"GB";"2022-11-01 14:46:03";6.83
"Servidor-SPTECH";"ram";"ram_Usada";"GB";"2022-11-01 14:46:02";6.82
"Servidor-SPTECH";"ram";"ram_Usada";"GB";"2022-11-01 14:46:00";6.79
"Servidor-SPTECH";"ram";"ram_Usada";"GB";"2022-11-01 14:45:59";6.78
"Servidor-SPTECH";"ram";"ram_Usada";"GB";"2022-11-01 14:45:58";6.75
"Servidor-SPTECH";"ram";"ram_Usada";"GB";"2022-11-01 14:45:56";6.77
"Servidor-SPTECH";"ram";"ram_Usada";"GB";"2022-11-01 14:45:55";6.77
"Servidor-SPTECH";"ram";"ram_Usada";"GB";"2022-11-01 14:45:53";6.78
"Servidor-SPTECH";"ram";"ram_Usada";"GB";"2022-11-01 14:45:52";6.75
"Servidor-SPTECH";"ram";"ram_Usada";"GB";"2022-11-01 14:45:51";6.77
"Servidor-SPTECH";"ram";"ram_Usada";"GB";"2022-11-01 14:45:49";6.77
"Servidor-SPTECH";"ram";"ram_Usada";"GB";"2022-11-01 14:45:48";6.77
"Servidor-SPTECH";"ram";"ram_Usada";"GB";"2022-11-01 14:45:46";6.76
"Servidor-SPTECH";"ram";"ram_Usada";"GB";"2022-11-01 14:45:45";6.77
"Servidor-SPTECH";"ram";"ram_Usada";"GB";"2022-11-01 14:45:44";6.8
"Servidor-SPTECH";"ram";"ram_Usada";"GB";"2022-11-01 14:45:42";6.8
"Servidor-SPTECH";"ram";"ram_Usada";"GB";"2022-11-01 14:45:41";6.8
"Servidor-SPTECH";"ram";"ram_Usada";"GB";"2022-11-01 14:45:39";6.8
"Servidor-SPTECH";"ram";"ram_Usada";"GB";"2022-11-01 14:45:38";6.8
"Servidor-SPTECH";"ram";"ram_Usada";"GB";"2022-11-01 14:45:36";6.8
"Servidor-SPTECH";"ram";"ram_Usada";"GB";"2022-11-01 14:45:35";6.8
"Servidor-SPTECH";"ram";"ram_Usada";"GB";"2022-11-01 14:45:34";6.76
"Servidor-SPTECH";"ram";"ram_Usada";"GB";"2022-11-01 14:45:32";6.79
"Servidor-SPTECH";"ram";"ram_Usada";"GB";"2022-11-01 14:45:31";6.79
"Servidor-SPTECH";"ram";"ram_Usada";"GB";"2022-11-01 14:45:29";6.78
"Servidor-SPTECH";"ram";"ram_Usada";"GB";"2022-11-01 14:45:28";6.75
"Servidor-SPTECH";"ram";"ram_Usada";"GB";"2022-11-01 14:45:27";6.78
"Servidor-SPTECH";"ram";"ram_Usada";"GB";"2022-11-01 14:45:25";6.78
"Servidor-SPTECH";"ram";"ram_Usada";"GB";"2022-11-01 14:45:24";6.78
"Servidor-SPTECH";"ram";"ram_Usada";"GB";"2022-11-01 14:45:22";6.78
"Servidor-SPTECH";"ram";"ram_Usada";"GB";"2022-11-01 14:45:21";6.78
"Servidor-SPTECH";"ram";"ram_Usada";"GB";"2022-11-01 14:45:19";6.79
"Servidor-SPTECH";"ram";"ram_Usada";"GB";"2022-11-01 14:45:18";6.79
"Servidor-SPTECH";"ram";"ram_Usada";"GB";"2022-11-01 14:45:17";6.78
"Servidor-SPTECH";"ram";"ram_Usada";"GB";"2022-11-01 14:45:15";6.78
"Servidor-SPTECH";"ram";"ram_Usada";"GB";"2022-11-01 14:45:14";6.78
"Servidor-SPTECH";"ram";"ram_Usada";"GB";"2022-11-01 14:45:12";6.78
"Servidor-SPTECH";"ram";"ram_Usada";"GB";"2022-11-01 14:45:11";6.78
"Servidor-SPTECH";"ram";"ram_Usada";"GB";"2022-11-01 14:45:10";6.75
"Servidor-SPTECH";"ram";"ram_Usada";"GB";"2022-11-01 14:45:08";6.78
"Servidor-SPTECH";"ram";"ram_Usada";"GB";"2022-11-01 14:45:07";6.79
"Servidor-SPTECH";"ram";"ram_Usada";"GB";"2022-11-01 14:45:05";6.77
"Servidor-SPTECH";"ram";"ram_Usada";"GB";"2022-11-01 14:45:04";6.74
"Servidor-SPTECH";"ram";"ram_Usada";"GB";"2022-11-01 14:45:02";6.78
"Servidor-SPTECH";"ram";"ram_Usada";"GB";"2022-11-01 14:45:01";6.77
"Servidor-SPTECH";"ram";"ram_Usada";"GB";"2022-11-01 14:45:00";6.77
"Servidor-SPTECH";"ram";"ram_Usada";"GB";"2022-11-01 14:44:58";6.78
"Servidor-SPTECH";"ram";"ram_Usada";"GB";"2022-11-01 14:44:57";6.77
"Servidor-SPTECH";"ram";"ram_Usada";"GB";"2022-11-01 14:44:55";6.77
"Servidor-SPTECH";"ram";"ram_Usada";"GB";"2022-11-01 14:44:54";6.77
"Servidor-SPTECH";"ram";"ram_Usada";"GB";"2022-11-01 14:44:53";6.79
"Servidor-SPTECH";"ram";"ram_Usada";"GB";"2022-11-01 14:44:51";6.77
"Servidor-SPTECH";"ram";"ram_Usada";"GB";"2022-11-01 14:44:50";6.79
"Servidor-SPTECH";"ram";"ram_Usada";"GB";"2022-11-01 14:44:48";6.79
"Servidor-SPTECH";"ram";"ram_Usada";"GB";"2022-11-01 14:44:47";6.79
"Servidor-SPTECH";"ram";"ram_Usada";"GB";"2022-11-01 14:44:46";6.76
"Servidor-SPTECH";"ram";"ram_Usada";"GB";"2022-11-01 14:44:44";6.82
"Servidor-SPTECH";"ram";"ram_Usada";"GB";"2022-11-01 14:44:43";6.78
"Servidor-SPTECH";"ram";"ram_Usada";"GB";"2022-11-01 14:44:41";6.79
"Servidor-SPTECH";"ram";"ram_Usada";"GB";"2022-11-01 14:44:40";6.76
"Servidor-SPTECH";"ram";"ram_Usada";"GB";"2022-11-01 14:44:38";6.79
"Servidor-SPTECH";"ram";"ram_Usada";"GB";"2022-11-01 14:44:37";6.79
"Servidor-SPTECH";"ram";"ram_Usada";"GB";"2022-11-01 14:44:36";6.79
"Servidor-SPTECH";"ram";"ram_Usada";"GB";"2022-11-01 14:44:34";6.78
"Servidor-SPTECH";"ram";"ram_Usada";"GB";"2022-11-01 14:44:33";6.79
"Servidor-SPTECH";"ram";"ram_Usada";"GB";"2022-11-01 14:44:31";6.78
"Servidor-SPTECH";"ram";"ram_Usada";"GB";"2022-11-01 14:44:30";6.78
"Servidor-SPTECH";"ram";"ram_Usada";"GB";"2022-11-01 14:44:29";6.79
"Servidor-SPTECH";"ram";"ram_Usada";"GB";"2022-11-01 14:44:27";6.75
"Servidor-SPTECH";"ram";"ram_Usada";"GB";"2022-11-01 14:44:26";6.78
"Servidor-SPTECH";"ram";"ram_Usada";"GB";"2022-11-01 14:44:24";6.78
"Servidor-SPTECH";"ram";"ram_Usada";"GB";"2022-11-01 14:44:23";6.78
"Servidor-SPTECH";"ram";"ram_Usada";"GB";"2022-11-01 14:44:21";6.75
"Servidor-SPTECH";"ram";"ram_Usada";"GB";"2022-11-01 14:44:20";6.76
"Servidor-SPTECH";"ram";"ram_Usada";"GB";"2022-11-01 14:44:19";6.77
"Servidor-SPTECH";"ram";"ram_Usada";"GB";"2022-11-01 14:44:17";6.77
"Servidor-SPTECH";"ram";"ram_Usada";"GB";"2022-11-01 14:44:16";6.77
"Servidor-SPTECH";"ram";"ram_Usada";"GB";"2022-11-01 14:44:14";6.77
"Servidor-SPTECH";"ram";"ram_Usada";"GB";"2022-11-01 14:44:13";6.77
"Servidor-SPTECH";"ram";"ram_Usada";"GB";"2022-11-01 14:44:12";6.76
"Servidor-SPTECH";"ram";"ram_Usada";"GB";"2022-11-01 14:44:10";6.77
"Servidor-SPTECH";"ram";"ram_Usada";"GB";"2022-11-01 14:44:09";6.74
"Servidor-SPTECH";"ram";"ram_Usada";"GB";"2022-11-01 14:44:07";6.74
"Servidor-SPTECH";"ram";"ram_Usada";"GB";"2022-11-01 14:44:06";6.74
"Servidor-SPTECH";"ram";"ram_Usada";"GB";"2022-11-01 14:44:04";6.74
"Servidor-SPTECH";"ram";"ram_Usada";"GB";"2022-11-01 14:44:03";6.73
"Servidor-SPTECH";"ram";"ram_Usada";"GB";"2022-11-01 14:44:02";6.73
"Servidor-SPTECH";"ram";"ram_Usada";"GB";"2022-11-01 14:44:00";6.73
"Servidor-SPTECH";"ram";"ram_Usada";"GB";"2022-11-01 14:43:59";6.73
"Servidor-SPTECH";"ram";"ram_Usada";"GB";"2022-11-01 14:43:57";6.74
"Servidor-SPTECH";"ram";"ram_Usada";"GB";"2022-11-01 14:43:56";6.73
"Servidor-SPTECH";"ram";"ram_Usada";"GB";"2022-11-01 14:43:55";6.73
"Servidor-SPTECH";"ram";"ram_Usada";"GB";"2022-11-01 14:43:53";6.72
"Servidor-SPTECH";"ram";"ram_Usada";"GB";"2022-11-01 14:43:52";6.73
"Servidor-SPTECH";"ram";"ram_Usada";"GB";"2022-11-01 14:43:50";6.73
"Servidor-SPTECH";"ram";"ram_Usada";"GB";"2022-11-01 14:43:49";6.7
"Servidor-SPTECH";"ram";"ram_Usada";"GB";"2022-11-01 14:43:47";6.73
"Servidor-SPTECH";"ram";"ram_Usada";"GB";"2022-11-01 14:43:46";6.73
"Servidor-SPTECH";"ram";"ram_Usada";"GB";"2022-11-01 14:43:45";6.72
"Servidor-SPTECH";"ram";"ram_Usada";"GB";"2022-11-01 14:43:43";6.75
"Servidor-SPTECH";"ram";"ram_Usada";"GB";"2022-11-01 14:43:42";6.77
"Servidor-SPTECH";"ram";"ram_Usada";"GB";"2022-11-01 14:43:40";6.77
"Servidor-SPTECH";"ram";"ram_Usada";"GB";"2022-11-01 14:43:39";6.77
"Servidor-SPTECH";"ram";"ram_Usada";"GB";"2022-11-01 14:43:37";6.77
"Servidor-SPTECH";"ram";"ram_Usada";"GB";"2022-11-01 14:43:36";6.76
"Servidor-SPTECH";"ram";"ram_Usada";"GB";"2022-11-01 14:43:35";6.76
"Servidor-SPTECH";"ram";"ram_Usada";"GB";"2022-11-01 14:43:33";6.76
"Servidor-SPTECH";"ram";"ram_Usada";"GB";"2022-11-01 14:43:32";6.75
"Servidor-SPTECH";"ram";"ram_Usada";"GB";"2022-11-01 14:43:30";6.73
"Servidor-SPTECH";"ram";"ram_Usada";"GB";"2022-11-01 14:43:29";6.73
"Servidor-SPTECH";"ram";"ram_Usada";"GB";"2022-11-01 14:43:27";6.66
"Servidor-SPTECH";"ram";"ram_Usada";"GB";"2022-11-01 14:43:26";6.42
"Servidor-SPTECH";"ram";"ram_Usada";"GB";"2022-11-01 14:43:25";6.37
"Servidor-SPTECH";"ram";"ram_Usada";"GB";"2022-11-01 14:43:23";6.37
"Servidor-SPTECH";"ram";"ram_Usada";"GB";"2022-11-01 14:43:22";6.35
"Servidor-SPTECH";"ram";"ram_Usada";"GB";"2022-11-01 14:43:20";6.36
"Servidor-SPTECH";"ram";"ram_Usada";"GB";"2022-11-01 14:43:19";6.36
"Servidor-SPTECH";"ram";"ram_Usada";"GB";"2022-11-01 14:43:18";6.37
"Servidor-SPTECH";"ram";"ram_Usada";"GB";"2022-11-01 14:43:16";6.38
"Servidor-SPTECH";"ram";"ram_Usada";"GB";"2022-11-01 14:43:15";6.37
"Servidor-SPTECH";"ram";"ram_Usada";"GB";"2022-11-01 14:43:13";6.14
"Servidor-SPTECH";"ram";"ram_Usada";"GB";"2022-11-01 14:43:12";6.15
"Servidor-SPTECH";"ram";"ram_Usada";"GB";"2022-11-01 14:43:10";6.12
"Servidor-SPTECH";"ram";"ram_Usada";"GB";"2022-11-01 14:43:09";6.13
"Servidor-SPTECH";"ram";"ram_Usada";"GB";"2022-11-01 14:43:08";6.13
"Servidor-SPTECH";"ram";"ram_Usada";"GB";"2022-11-01 14:43:06";6.13
"Servidor-SPTECH";"ram";"ram_Usada";"GB";"2022-11-01 14:43:05";6.14
"Servidor-SPTECH";"ram";"ram_Usada";"GB";"2022-11-01 14:43:03";6.14
"Servidor-SPTECH";"ram";"ram_Usada";"GB";"2022-11-01 14:43:02";6.14
"Servidor-SPTECH";"ram";"ram_Usada";"GB";"2022-11-01 14:43:01";6.14
"Servidor-SPTECH";"ram";"ram_Usada";"GB";"2022-11-01 14:42:59";6.14
"Servidor-SPTECH";"ram";"ram_Usada";"GB";"2022-11-01 14:42:58";6.12
"Servidor-SPTECH";"ram";"ram_Usada";"GB";"2022-11-01 14:42:56";6.12
"Servidor-SPTECH";"ram";"ram_Usada";"GB";"2022-11-01 14:42:55";6.12
"Servidor-SPTECH";"ram";"ram_Usada";"GB";"2022-11-01 14:42:53";6.12
"Servidor-SPTECH";"ram";"ram_Usada";"GB";"2022-11-01 14:42:52";6.18
"Servidor-SPTECH";"ram";"ram_Usada";"GB";"2022-11-01 14:42:51";6.18
"Servidor-SPTECH";"ram";"ram_Usada";"GB";"2022-11-01 14:42:49";6.42
"Servidor-SPTECH";"ram";"ram_Usada";"GB";"2022-11-01 14:42:48";6.42
"Servidor-SPTECH";"ram";"ram_Usada";"GB";"2022-11-01 14:42:46";6.41
"Servidor-SPTECH";"ram";"ram_Usada";"GB";"2022-11-01 14:42:45";6.78
"Servidor-SPTECH";"ram";"ram_Usada";"GB";"2022-11-01 14:42:44";6.85
"Servidor-SPTECH";"ram";"ram_Usada";"GB";"2022-11-01 14:42:42";6.9
"Servidor-SPTECH";"ram";"ram_Usada";"GB";"2022-11-01 14:42:41";6.9
"Servidor-SPTECH";"ram";"ram_Usada";"GB";"2022-11-01 14:42:39";6.9
"Servidor-SPTECH";"ram";"ram_Usada";"GB";"2022-11-01 14:42:38";6.91
"Servidor-SPTECH";"ram";"ram_Usada";"GB";"2022-11-01 14:42:36";6.9
"Servidor-SPTECH";"ram";"ram_Usada";"GB";"2022-11-01 14:42:35";6.93
"Servidor-SPTECH";"ram";"ram_Usada";"GB";"2022-11-01 14:42:34";6.92
"Servidor-SPTECH";"ram";"ram_Usada";"GB";"2022-11-01 14:42:32";6.92
"Servidor-SPTECH";"ram";"ram_Usada";"GB";"2022-11-01 14:42:31";6.84
"Servidor-SPTECH";"ram";"ram_Usada";"GB";"2022-11-01 14:42:29";6.86
"Servidor-SPTECH";"ram";"ram_Usada";"GB";"2022-11-01 14:42:28";6.87
"Servidor-SPTECH";"ram";"ram_Usada";"GB";"2022-11-01 14:42:26";6.88
"Servidor-SPTECH";"ram";"ram_Usada";"GB";"2022-11-01 14:42:25";6.88
"Servidor-SPTECH";"ram";"ram_Usada";"GB";"2022-11-01 14:42:24";6.79
"Servidor-SPTECH";"ram";"ram_Usada";"GB";"2022-11-01 14:42:22";6.77
"Servidor-SPTECH";"ram";"ram_Usada";"GB";"2022-11-01 14:42:21";6.76
"Servidor-SPTECH";"ram";"ram_Usada";"GB";"2022-11-01 14:42:19";6.76
"Servidor-SPTECH";"ram";"ram_Usada";"GB";"2022-11-01 14:42:18";6.78
"Servidor-SPTECH";"ram";"ram_Usada";"GB";"2022-11-01 14:42:16";6.77
"Servidor-SPTECH";"ram";"ram_Usada";"GB";"2022-11-01 14:42:15";6.77
"Servidor-SPTECH";"ram";"ram_Usada";"GB";"2022-11-01 14:42:14";6.77
"Servidor-SPTECH";"ram";"ram_Usada";"GB";"2022-11-01 14:42:12";6.76
"Servidor-SPTECH";"ram";"ram_Usada";"GB";"2022-11-01 14:42:11";6.77
"Servidor-SPTECH";"ram";"ram_Usada";"GB";"2022-11-01 14:42:09";6.75
"Servidor-SPTECH";"ram";"ram_Usada";"GB";"2022-11-01 14:42:08";6.78
"Servidor-SPTECH";"ram";"ram_Usada";"GB";"2022-11-01 14:42:07";6.68
"Servidor-SPTECH";"ram";"ram_Usada";"GB";"2022-11-01 14:42:05";6.32
"Servidor-SPTECH";"ram";"ram_Usada";"GB";"2022-11-01 14:42:04";6.15
"Servidor-SPTECH";"ram";"ram_Usada";"GB";"2022-11-01 14:42:02";6.17
"Servidor-SPTECH";"ram";"ram_Usada";"GB";"2022-11-01 14:42:01";6.18
"Servidor-SPTECH";"ram";"ram_Usada";"GB";"2022-11-01 14:41:59";6.18
"Servidor-SPTECH";"ram";"ram_Usada";"GB";"2022-11-01 14:41:58";6.17
"Servidor-SPTECH";"ram";"ram_Usada";"GB";"2022-11-01 14:41:57";6.16
"Servidor-SPTECH";"ram";"ram_Usada";"GB";"2022-11-01 14:41:55";6.17
"Servidor-SPTECH";"ram";"ram_Usada";"GB";"2022-11-01 14:41:54";6.17
"Servidor-SPTECH";"ram";"ram_Usada";"GB";"2022-11-01 14:41:52";6.18
"Servidor-SPTECH";"ram";"ram_Usada";"GB";"2022-11-01 14:41:51";6.18
"Servidor-SPTECH";"ram";"ram_Usada";"GB";"2022-11-01 14:41:49";6.18
"Servidor-SPTECH";"ram";"ram_Usada";"GB";"2022-11-01 14:41:48";6.18
"Servidor-SPTECH";"ram";"ram_Usada";"GB";"2022-11-01 14:41:47";6.16
"Servidor-SPTECH";"ram";"ram_Usada";"GB";"2022-11-01 14:41:45";6.17
"Servidor-SPTECH";"ram";"ram_Usada";"GB";"2022-11-01 14:41:44";6.2
"Servidor-SPTECH";"ram";"ram_Usada";"GB";"2022-11-01 14:41:42";6.18
"Servidor-SPTECH";"ram";"ram_Usada";"GB";"2022-11-01 14:41:41";6.2
"Servidor-SPTECH";"ram";"ram_Usada";"GB";"2022-11-01 14:41:40";6.44
"Servidor-SPTECH";"ram";"ram_Usada";"GB";"2022-11-01 14:41:38";6.48
"Servidor-SPTECH";"ram";"ram_Usada";"GB";"2022-11-01 14:41:37";6.47
"Servidor-SPTECH";"ram";"ram_Usada";"GB";"2022-11-01 14:41:35";6.47
"Servidor-SPTECH";"ram";"ram_Usada";"GB";"2022-11-01 14:41:34";6.47
"Servidor-SPTECH";"ram";"ram_Usada";"GB";"2022-11-01 14:41:33";6.5
"Servidor-SPTECH";"ram";"ram_Usada";"GB";"2022-11-01 14:41:31";6.51
"Servidor-SPTECH";"ram";"ram_Usada";"GB";"2022-11-01 14:41:30";6.51
"Servidor-SPTECH";"ram";"ram_Usada";"GB";"2022-11-01 14:41:28";6.51
"Servidor-SPTECH";"ram";"ram_Usada";"GB";"2022-11-01 14:41:27";6.51
"Servidor-SPTECH";"ram";"ram_Usada";"GB";"2022-11-01 14:41:26";6.51
"Servidor-SPTECH";"ram";"ram_Usada";"GB";"2022-11-01 14:41:24";6.51
"Servidor-SPTECH";"ram";"ram_Usada";"GB";"2022-11-01 14:41:23";6.49
"Servidor-SPTECH";"ram";"ram_Usada";"GB";"2022-11-01 14:41:21";6.49
"Servidor-SPTECH";"ram";"ram_Usada";"GB";"2022-11-01 14:41:20";6.52
"Servidor-SPTECH";"ram";"ram_Usada";"GB";"2022-11-01 14:41:18";6.57
"Servidor-SPTECH";"ram";"ram_Usada";"GB";"2022-11-01 14:41:17";6.68
"Servidor-SPTECH";"ram";"ram_Usada";"GB";"2022-11-01 14:41:16";6.68
"Servidor-SPTECH";"ram";"ram_Usada";"GB";"2022-11-01 14:41:14";6.68
"Servidor-SPTECH";"ram";"ram_Usada";"GB";"2022-11-01 14:41:13";6.68
"Servidor-SPTECH";"ram";"ram_Usada";"GB";"2022-11-01 14:41:11";6.67
"Servidor-SPTECH";"ram";"ram_Usada";"GB";"2022-11-01 14:41:10";6.67
"Servidor-SPTECH";"ram";"ram_Usada";"GB";"2022-11-01 14:41:09";6.67
"Servidor-SPTECH";"ram";"ram_Usada";"GB";"2022-11-01 14:41:07";6.68
"Servidor-SPTECH";"ram";"ram_Usada";"GB";"2022-11-01 14:41:06";6.66
"Servidor-SPTECH";"ram";"ram_Usada";"GB";"2022-11-01 14:41:04";6.63
"Servidor-SPTECH";"ram";"ram_Usada";"GB";"2022-11-01 14:41:03";6.6
"Servidor-SPTECH";"ram";"ram_Usada";"GB";"2022-11-01 14:41:02";6.6
"Servidor-SPTECH";"ram";"ram_Usada";"GB";"2022-11-01 14:41:00";6.57
"Servidor-SPTECH";"ram";"ram_Usada";"GB";"2022-11-01 14:40:59";6.6
"Servidor-SPTECH";"ram";"ram_Usada";"GB";"2022-11-01 14:40:57";6.6
"Servidor-SPTECH";"ram";"ram_Usada";"GB";"2022-11-01 14:40:56";6.6
"Servidor-SPTECH";"ram";"ram_Usada";"GB";"2022-11-01 14:40:55";6.6
"Servidor-SPTECH";"ram";"ram_Usada";"GB";"2022-11-01 14:40:53";6.6
"Servidor-SPTECH";"ram";"ram_Usada";"GB";"2022-11-01 14:40:52";6.59
"Servidor-SPTECH";"ram";"ram_Usada";"GB";"2022-11-01 14:40:50";6.59
"Servidor-SPTECH";"ram";"ram_Usada";"GB";"2022-11-01 14:40:49";6.59
"Servidor-SPTECH";"ram";"ram_Usada";"GB";"2022-11-01 14:40:48";6.59
"Servidor-SPTECH";"ram";"ram_Usada";"GB";"2022-11-01 14:40:46";6.59
"Servidor-SPTECH";"ram";"ram_Usada";"GB";"2022-11-01 14:40:45";6.58
"Servidor-SPTECH";"ram";"ram_Usada";"GB";"2022-11-01 14:40:43";6.74
"Servidor-SPTECH";"ram";"ram_Usada";"GB";"2022-11-01 14:40:42";6.75
"Servidor-SPTECH";"ram";"ram_Usada";"GB";"2022-11-01 14:40:40";6.77
"Servidor-SPTECH";"ram";"ram_Usada";"GB";"2022-11-01 14:40:39";6.77
"Servidor-SPTECH";"ram";"ram_Usada";"GB";"2022-11-01 14:40:38";6.77
"Servidor-SPTECH";"ram";"ram_Usada";"GB";"2022-11-01 14:40:36";6.74
"Servidor-SPTECH";"ram";"ram_Usada";"GB";"2022-11-01 14:40:35";6.67
"Servidor-SPTECH";"ram";"ram_Usada";"GB";"2022-11-01 14:40:33";6.67
"Servidor-SPTECH";"ram";"ram_Usada";"GB";"2022-11-01 14:40:32";6.68
"Servidor-SPTECH";"ram";"ram_Usada";"GB";"2022-11-01 14:40:31";6.7
"Servidor-SPTECH";"ram";"ram_Usada";"GB";"2022-11-01 14:40:29";6.87
"Servidor-SPTECH";"ram";"ram_Usada";"GB";"2022-11-01 14:40:28";6.88
"Servidor-SPTECH";"ram";"ram_Usada";"GB";"2022-11-01 14:40:26";6.91
"Servidor-SPTECH";"ram";"ram_Usada";"GB";"2022-11-01 14:40:25";6.93
"Servidor-SPTECH";"ram";"ram_Usada";"GB";"2022-11-01 14:40:23";6.6
"Servidor-SPTECH";"ram";"ram_Usada";"GB";"2022-11-01 14:40:22";6.61
"Servidor-SPTECH";"ram";"ram_Usada";"GB";"2022-11-01 14:40:21";6.6
"Servidor-SPTECH";"ram";"ram_Usada";"GB";"2022-11-01 14:40:19";6.61
"Servidor-SPTECH";"ram";"ram_Usada";"GB";"2022-11-01 14:40:18";6.6
"Servidor-SPTECH";"ram";"ram_Usada";"GB";"2022-11-01 14:40:16";6.56
"Servidor-SPTECH";"ram";"ram_Usada";"GB";"2022-11-01 14:40:15";6.52
"Servidor-SPTECH";"ram";"ram_Usada";"GB";"2022-11-01 14:40:13";6.53
"Servidor-SPTECH";"ram";"ram_Usada";"GB";"2022-11-01 14:40:12";6.5
"Servidor-SPTECH";"ram";"ram_Usada";"GB";"2022-11-01 14:40:11";6.53
"Servidor-SPTECH";"ram";"ram_Usada";"GB";"2022-11-01 14:40:09";6.53
"Servidor-SPTECH";"ram";"ram_Usada";"GB";"2022-11-01 14:40:08";6.53
"Servidor-SPTECH";"ram";"ram_Usada";"GB";"2022-11-01 14:40:06";6.53
"Servidor-SPTECH";"ram";"ram_Usada";"GB";"2022-11-01 14:40:05";6.55
"Servidor-SPTECH";"ram";"ram_Usada";"GB";"2022-11-01 14:40:04";6.55
"Servidor-SPTECH";"ram";"ram_Usada";"GB";"2022-11-01 14:40:02";6.55
"Servidor-SPTECH";"ram";"ram_Usada";"GB";"2022-11-01 14:40:01";6.55
"Servidor-SPTECH";"ram";"ram_Usada";"GB";"2022-11-01 14:39:59";6.54
"Servidor-SPTECH";"ram";"ram_Usada";"GB";"2022-11-01 14:39:58";6.55
"Servidor-SPTECH";"ram";"ram_Usada";"GB";"2022-11-01 14:39:56";6.55
"Servidor-SPTECH";"ram";"ram_Usada";"GB";"2022-11-01 14:39:55";6.55
"Servidor-SPTECH";"ram";"ram_Usada";"GB";"2022-11-01 14:39:54";6.56
"Servidor-SPTECH";"ram";"ram_Usada";"GB";"2022-11-01 14:39:52";6.56
"Servidor-SPTECH";"ram";"ram_Usada";"GB";"2022-11-01 14:39:51";6.56
"Servidor-SPTECH";"ram";"ram_Usada";"GB";"2022-11-01 14:39:49";6.77
"Servidor-SPTECH";"ram";"ram_Usada";"GB";"2022-11-01 14:39:48";6.67
"Servidor-SPTECH";"ram";"ram_Usada";"GB";"2022-11-01 14:39:47";6.96
"Servidor-SPTECH";"ram";"ram_Usada";"GB";"2022-11-01 14:39:45";6.96
"Servidor-SPTECH";"ram";"ram_Usada";"GB";"2022-11-01 14:39:44";7.0
"Servidor-SPTECH";"ram";"ram_Usada";"GB";"2022-11-01 14:39:42";7.0
"Servidor-SPTECH";"ram";"ram_Usada";"GB";"2022-11-01 14:39:41";6.99
"Servidor-SPTECH";"ram";"ram_Usada";"GB";"2022-11-01 14:39:39";6.99
"Servidor-SPTECH";"ram";"ram_Usada";"GB";"2022-11-01 14:39:38";7.0
"Servidor-SPTECH";"ram";"ram_Usada";"GB";"2022-11-01 14:39:37";6.97
"Servidor-SPTECH";"ram";"ram_Usada";"GB";"2022-11-01 14:39:35";6.97
"Servidor-SPTECH";"ram";"ram_Usada";"GB";"2022-11-01 14:39:34";6.96
"Servidor-SPTECH";"ram";"ram_Usada";"GB";"2022-11-01 14:39:32";6.92
"Servidor-SPTECH";"ram";"ram_Usada";"GB";"2022-11-01 14:39:31";7.09
"Servidor-SPTECH";"ram";"ram_Usada";"GB";"2022-11-01 14:39:29";7.09
"Servidor-SPTECH";"ram";"ram_Usada";"GB";"2022-11-01 14:39:28";7.17
"Servidor-SPTECH";"ram";"ram_Usada";"GB";"2022-11-01 14:39:27";7.18
"Servidor-SPTECH";"ram";"ram_Usada";"GB";"2022-11-01 14:39:25";6.85
"Servidor-SPTECH";"ram";"ram_Usada";"GB";"2022-11-01 14:39:24";6.88
"Servidor-SPTECH";"ram";"ram_Usada";"GB";"2022-11-01 14:39:22";6.8
"Servidor-SPTECH";"ram";"ram_Usada";"GB";"2022-11-01 14:39:21";6.74
"Servidor-SPTECH";"ram";"ram_Usada";"GB";"2022-11-01 14:39:19";6.74
"Servidor-SPTECH";"ram";"ram_Usada";"GB";"2022-11-01 14:39:18";6.88
"Servidor-SPTECH";"ram";"ram_Usada";"GB";"2022-11-01 14:39:17";6.91
"Servidor-SPTECH";"ram";"ram_Usada";"GB";"2022-11-01 14:39:15";6.91
"Servidor-SPTECH";"ram";"ram_Usada";"GB";"2022-11-01 14:39:14";6.92
"Servidor-SPTECH";"ram";"ram_Usada";"GB";"2022-11-01 14:39:12";6.92
"Servidor-SPTECH";"ram";"ram_Usada";"GB";"2022-11-01 14:39:11";6.83
"Servidor-SPTECH";"ram";"ram_Usada";"GB";"2022-11-01 14:39:10";6.83
"Servidor-SPTECH";"ram";"ram_Usada";"GB";"2022-11-01 14:39:08";6.85
"Servidor-SPTECH";"ram";"ram_Usada";"GB";"2022-11-01 14:39:07";6.82
"Servidor-SPTECH";"ram";"ram_Usada";"GB";"2022-11-01 14:39:05";6.81
"Servidor-SPTECH";"ram";"ram_Usada";"GB";"2022-11-01 14:39:04";6.79
"Servidor-SPTECH";"ram";"ram_Usada";"GB";"2022-11-01 14:39:02";6.79
"Servidor-SPTECH";"ram";"ram_Usada";"GB";"2022-11-01 14:39:01";6.79
"Servidor-SPTECH";"ram";"ram_Usada";"GB";"2022-11-01 14:39:00";6.77
"Servidor-SPTECH";"ram";"ram_Usada";"GB";"2022-11-01 14:38:58";6.82
"Servidor-SPTECH";"ram";"ram_Usada";"GB";"2022-11-01 14:38:57";6.81
"Servidor-SPTECH";"ram";"ram_Usada";"GB";"2022-11-01 14:38:55";6.81
"Servidor-SPTECH";"ram";"ram_Usada";"GB";"2022-11-01 14:38:54";6.75
"Servidor-SPTECH";"ram";"ram_Usada";"GB";"2022-11-01 14:38:52";6.69
"Servidor-SPTECH";"ram";"ram_Usada";"GB";"2022-11-01 14:38:51";6.68
"Servidor-SPTECH";"ram";"ram_Usada";"GB";"2022-11-01 14:38:50";6.53
"Servidor-SPTECH";"ram";"ram_Usada";"GB";"2022-11-01 14:38:48";6.23
"Servidor-SPTECH";"ram";"ram_Usada";"GB";"2022-11-01 14:38:47";6.17
"Servidor-SPTECH";"ram";"ram_Usada";"GB";"2022-11-01 14:38:45";6.36
"Servidor-SPTECH";"ram";"ram_Usada";"GB";"2022-11-01 14:38:44";6.38
"Servidor-SPTECH";"ram";"ram_Usada";"GB";"2022-11-01 14:38:42";6.33
"Servidor-SPTECH";"ram";"ram_Usada";"GB";"2022-11-01 14:38:41";6.34
"Servidor-SPTECH";"ram";"ram_Usada";"GB";"2022-11-01 14:38:40";6.28
"Servidor-SPTECH";"ram";"ram_Usada";"GB";"2022-11-01 14:38:38";6.27
"Servidor-SPTECH";"ram";"ram_Usada";"GB";"2022-11-01 14:38:37";6.27
"Servidor-SPTECH";"ram";"ram_Usada";"GB";"2022-11-01 14:38:35";6.27
"Servidor-SPTECH";"ram";"ram_Usada";"GB";"2022-11-01 14:38:34";6.27
"Servidor-SPTECH";"ram";"ram_Usada";"GB";"2022-11-01 14:38:32";6.27
"Servidor-SPTECH";"ram";"ram_Usada";"GB";"2022-11-01 14:38:31";6.27
"Servidor-SPTECH";"ram";"ram_Usada";"GB";"2022-11-01 14:38:30";6.24
"Servidor-SPTECH";"ram";"ram_Usada";"GB";"2022-11-01 14:38:28";6.27
"Servidor-SPTECH";"ram";"ram_Usada";"GB";"2022-11-01 14:38:27";6.27
"Servidor-SPTECH";"ram";"ram_Usada";"GB";"2022-11-01 14:38:25";6.26
"Servidor-SPTECH";"ram";"ram_Usada";"GB";"2022-11-01 14:38:24";6.26
"Servidor-SPTECH";"ram";"ram_Usada";"GB";"2022-11-01 14:38:23";6.26
"Servidor-SPTECH";"ram";"ram_Usada";"GB";"2022-11-01 14:38:21";6.26
"Servidor-SPTECH";"ram";"ram_Usada";"GB";"2022-11-01 14:38:20";6.26
"Servidor-SPTECH";"ram";"ram_Usada";"GB";"2022-11-01 14:38:18";6.26
"Servidor-SPTECH";"ram";"ram_Usada";"GB";"2022-11-01 14:38:17";6.26
"Servidor-SPTECH";"ram";"ram_Usada";"GB";"2022-11-01 14:38:16";6.26
"Servidor-SPTECH";"ram";"ram_Usada";"GB";"2022-11-01 14:38:14";6.25
"Servidor-SPTECH";"ram";"ram_Usada";"GB";"2022-11-01 14:38:13";6.25
"Servidor-SPTECH";"ram";"ram_Usada";"GB";"2022-11-01 14:38:11";6.25
"Servidor-SPTECH";"ram";"ram_Usada";"GB";"2022-11-01 14:38:10";6.26
"Servidor-SPTECH";"ram";"ram_Usada";"GB";"2022-11-01 14:38:09";6.26
"Servidor-SPTECH";"ram";"ram_Usada";"GB";"2022-11-01 14:38:07";6.26
"Servidor-SPTECH";"ram";"ram_Usada";"GB";"2022-11-01 14:38:06";6.23
"Servidor-SPTECH";"ram";"ram_Usada";"GB";"2022-11-01 14:38:04";6.26
"Servidor-SPTECH";"ram";"ram_Usada";"GB";"2022-11-01 14:38:03";6.26
"Servidor-SPTECH";"ram";"ram_Usada";"GB";"2022-11-01 14:38:01";6.25
"Servidor-SPTECH";"ram";"ram_Usada";"GB";"2022-11-01 14:38:00";6.26
"Servidor-SPTECH";"ram";"ram_Usada";"GB";"2022-11-01 14:37:59";6.26
"Servidor-SPTECH";"ram";"ram_Usada";"GB";"2022-11-01 14:37:57";6.26
"Servidor-SPTECH";"ram";"ram_Usada";"GB";"2022-11-01 14:37:56";6.25
"Servidor-SPTECH";"ram";"ram_Usada";"GB";"2022-11-01 14:37:54";6.26
"Servidor-SPTECH";"ram";"ram_Usada";"GB";"2022-11-01 14:37:53";6.25
"Servidor-SPTECH";"ram";"ram_Usada";"GB";"2022-11-01 14:37:52";6.25
"Servidor-SPTECH";"ram";"ram_Usada";"GB";"2022-11-01 14:37:50";6.25
"Servidor-SPTECH";"ram";"ram_Usada";"GB";"2022-11-01 14:37:49";6.25
"Servidor-SPTECH";"ram";"ram_Usada";"GB";"2022-11-01 14:37:47";6.21
"Servidor-SPTECH";"ram";"ram_Usada";"GB";"2022-11-01 14:37:46";6.24
"Servidor-SPTECH";"ram";"ram_Usada";"GB";"2022-11-01 14:37:45";6.24
"Servidor-SPTECH";"ram";"ram_Usada";"GB";"2022-11-01 14:37:43";6.26
"Servidor-SPTECH";"ram";"ram_Usada";"GB";"2022-11-01 14:37:42";6.23
"Servidor-SPTECH";"ram";"ram_Usada";"GB";"2022-11-01 14:37:40";6.27
"Servidor-SPTECH";"ram";"ram_Usada";"GB";"2022-11-01 14:37:39";6.26
"Servidor-SPTECH";"ram";"ram_Usada";"GB";"2022-11-01 14:37:38";6.27
"Servidor-SPTECH";"ram";"ram_Usada";"GB";"2022-11-01 14:37:36";6.27
"Servidor-SPTECH";"ram";"ram_Usada";"GB";"2022-11-01 14:37:35";6.27
"Servidor-SPTECH";"ram";"ram_Usada";"GB";"2022-11-01 14:37:33";6.25
"Servidor-SPTECH";"ram";"ram_Usada";"GB";"2022-11-01 14:37:32";6.25
"Servidor-SPTECH";"ram";"ram_Usada";"GB";"2022-11-01 14:37:30";6.25
"Servidor-SPTECH";"ram";"ram_Usada";"GB";"2022-11-01 14:37:29";6.25
"Servidor-SPTECH";"ram";"ram_Usada";"GB";"2022-11-01 14:37:28";6.25
"Servidor-SPTECH";"ram";"ram_Usada";"GB";"2022-11-01 14:37:26";6.23
"Servidor-SPTECH";"ram";"ram_Usada";"GB";"2022-11-01 14:37:25";6.22
"Servidor-SPTECH";"ram";"ram_Usada";"GB";"2022-11-01 14:37:23";6.2
"Servidor-SPTECH";"ram";"ram_Usada";"GB";"2022-11-01 14:37:22";6.23
"Servidor-SPTECH";"ram";"ram_Usada";"GB";"2022-11-01 14:37:21";6.22
"Servidor-SPTECH";"ram";"ram_Usada";"GB";"2022-11-01 14:37:19";6.22
"Servidor-SPTECH";"ram";"ram_Usada";"GB";"2022-11-01 14:37:18";6.22
"Servidor-SPTECH";"ram";"ram_Usada";"GB";"2022-11-01 14:37:16";6.23
"Servidor-SPTECH";"ram";"ram_Usada";"GB";"2022-11-01 14:37:15";6.23
"Servidor-SPTECH";"ram";"ram_Usada";"GB";"2022-11-01 14:37:14";6.23
"Servidor-SPTECH";"ram";"ram_Usada";"GB";"2022-11-01 14:37:12";6.22
"Servidor-SPTECH";"ram";"ram_Usada";"GB";"2022-11-01 14:37:11";6.22
"Servidor-SPTECH";"ram";"ram_Usada";"GB";"2022-11-01 14:37:09";6.22
"Servidor-SPTECH";"ram";"ram_Usada";"GB";"2022-11-01 14:37:08";6.22
"Servidor-SPTECH";"ram";"ram_Usada";"GB";"2022-11-01 14:37:07";6.22
"Servidor-SPTECH";"ram";"ram_Usada";"GB";"2022-11-01 14:37:05";6.19
"Servidor-SPTECH";"ram";"ram_Usada";"GB";"2022-11-01 14:37:04";6.22
"Servidor-SPTECH";"ram";"ram_Usada";"GB";"2022-11-01 14:37:02";6.41
"Servidor-SPTECH";"ram";"ram_Usada";"GB";"2022-11-01 14:37:01";6.51
"Servidor-SPTECH";"ram";"ram_Usada";"GB";"2022-11-01 14:37:00";6.49
"Servidor-SPTECH";"ram";"ram_Usada";"GB";"2022-11-01 14:36:58";6.51
"Servidor-SPTECH";"ram";"ram_Usada";"GB";"2022-11-01 14:36:57";6.51
"Servidor-SPTECH";"ram";"ram_Usada";"GB";"2022-11-01 14:36:55";6.51
"Servidor-SPTECH";"ram";"ram_Usada";"GB";"2022-11-01 14:36:54";6.51
"Servidor-SPTECH";"ram";"ram_Usada";"GB";"2022-11-01 14:36:52";6.51
"Servidor-SPTECH";"ram";"ram_Usada";"GB";"2022-11-01 14:36:51";6.51
"Servidor-SPTECH";"ram";"ram_Usada";"GB";"2022-11-01 14:36:50";6.51
"Servidor-SPTECH";"ram";"ram_Usada";"GB";"2022-11-01 14:36:48";6.5
"Servidor-SPTECH";"ram";"ram_Usada";"GB";"2022-11-01 14:36:47";6.5
"Servidor-SPTECH";"ram";"ram_Usada";"GB";"2022-11-01 14:36:45";6.51
"Servidor-SPTECH";"ram";"ram_Usada";"GB";"2022-11-01 14:36:44";6.54
"Servidor-SPTECH";"ram";"ram_Usada";"GB";"2022-11-01 14:36:43";6.53
"Servidor-SPTECH";"ram";"ram_Usada";"GB";"2022-11-01 14:36:41";6.51
"Servidor-SPTECH";"ram";"ram_Usada";"GB";"2022-11-01 14:36:40";6.54
"Servidor-SPTECH";"ram";"ram_Usada";"GB";"2022-11-01 14:36:38";6.54
"Servidor-SPTECH";"ram";"ram_Usada";"GB";"2022-11-01 14:36:37";6.54
"Servidor-SPTECH";"ram";"ram_Usada";"GB";"2022-11-01 14:36:36";6.52
"Servidor-SPTECH";"ram";"ram_Usada";"GB";"2022-11-01 14:36:34";6.54
"Servidor-SPTECH";"ram";"ram_Usada";"GB";"2022-11-01 14:36:33";6.54
"Servidor-SPTECH";"ram";"ram_Usada";"GB";"2022-11-01 14:36:31";6.53
"Servidor-SPTECH";"ram";"ram_Usada";"GB";"2022-11-01 14:36:30";6.65
"Servidor-SPTECH";"ram";"ram_Usada";"GB";"2022-11-01 14:36:29";6.66
"Servidor-SPTECH";"ram";"ram_Usada";"GB";"2022-11-01 14:36:27";6.68
"Servidor-SPTECH";"ram";"ram_Usada";"GB";"2022-11-01 14:36:26";6.71
"Servidor-SPTECH";"ram";"ram_Usada";"GB";"2022-11-01 14:36:24";6.71
"Servidor-SPTECH";"ram";"ram_Usada";"GB";"2022-11-01 14:36:23";6.7
"Servidor-SPTECH";"ram";"ram_Usada";"GB";"2022-11-01 14:36:22";6.72
"Servidor-SPTECH";"ram";"ram_Usada";"GB";"2022-11-01 14:36:20";6.77
"Servidor-SPTECH";"ram";"ram_Usada";"GB";"2022-11-01 14:36:19";6.7
"Servidor-SPTECH";"ram";"ram_Usada";"GB";"2022-11-01 14:36:17";6.65
"Servidor-SPTECH";"ram";"ram_Usada";"GB";"2022-11-01 14:36:16";6.67
"Servidor-SPTECH";"ram";"ram_Usada";"GB";"2022-11-01 14:36:14";6.68
"Servidor-SPTECH";"ram";"ram_Usada";"GB";"2022-11-01 14:36:13";6.67
"Servidor-SPTECH";"ram";"ram_Usada";"GB";"2022-11-01 14:36:12";6.67
"Servidor-SPTECH";"ram";"ram_Usada";"GB";"2022-11-01 14:36:10";6.67
"Servidor-SPTECH";"ram";"ram_Usada";"GB";"2022-11-01 14:36:09";6.67
"Servidor-SPTECH";"ram";"ram_Usada";"GB";"2022-11-01 14:36:07";6.67
"Servidor-SPTECH";"ram";"ram_Usada";"GB";"2022-11-01 14:36:06";6.67
"Servidor-SPTECH";"ram";"ram_Usada";"GB";"2022-11-01 14:36:05";6.67
"Servidor-SPTECH";"ram";"ram_Usada";"GB";"2022-11-01 14:36:03";6.67
"Servidor-SPTECH";"ram";"ram_Usada";"GB";"2022-11-01 14:36:02";6.67
"Servidor-SPTECH";"ram";"ram_Usada";"GB";"2022-11-01 14:36:00";6.67
"Servidor-SPTECH";"ram";"ram_Usada";"GB";"2022-11-01 14:35:59";6.64
"Servidor-SPTECH";"ram";"ram_Usada";"GB";"2022-11-01 14:35:58";6.67
"Servidor-SPTECH";"ram";"ram_Usada";"GB";"2022-11-01 14:35:56";6.66
"Servidor-SPTECH";"ram";"ram_Usada";"GB";"2022-11-01 14:35:55";6.66
"Servidor-SPTECH";"ram";"ram_Usada";"GB";"2022-11-01 14:35:53";6.64
"Servidor-SPTECH";"ram";"ram_Usada";"GB";"2022-11-01 14:35:52";6.67
"Servidor-SPTECH";"ram";"ram_Usada";"GB";"2022-11-01 14:35:50";6.68
"Servidor-SPTECH";"ram";"ram_Usada";"GB";"2022-11-01 14:35:49";6.67
"Servidor-SPTECH";"ram";"ram_Usada";"GB";"2022-11-01 14:35:48";6.67
"Servidor-SPTECH";"ram";"ram_Usada";"GB";"2022-11-01 14:35:46";6.67
"Servidor-SPTECH";"ram";"ram_Usada";"GB";"2022-11-01 14:35:45";6.67
"Servidor-SPTECH";"ram";"ram_Usada";"GB";"2022-11-01 14:35:43";6.69
"Servidor-SPTECH";"ram";"ram_Usada";"GB";"2022-11-01 14:35:42";6.69
"Servidor-SPTECH";"ram";"ram_Usada";"GB";"2022-11-01 14:35:41";6.69
"Servidor-SPTECH";"ram";"ram_Usada";"GB";"2022-11-01 14:35:39";6.69
"Servidor-SPTECH";"ram";"ram_Usada";"GB";"2022-11-01 14:35:38";6.74
"Servidor-SPTECH";"ram";"ram_Usada";"GB";"2022-11-01 14:35:36";6.74
"Servidor-SPTECH";"ram";"ram_Usada";"GB";"2022-11-01 14:35:35";6.71
"Servidor-SPTECH";"ram";"ram_Usada";"GB";"2022-11-01 14:35:34";6.74
"Servidor-SPTECH";"ram";"ram_Usada";"GB";"2022-11-01 14:35:32";6.85
"Servidor-SPTECH";"ram";"ram_Usada";"GB";"2022-11-01 14:35:31";6.85
"Servidor-SPTECH";"ram";"ram_Usada";"GB";"2022-11-01 14:35:29";6.83
"Servidor-SPTECH";"ram";"ram_Usada";"GB";"2022-11-01 14:35:28";6.85
"Servidor-SPTECH";"ram";"ram_Usada";"GB";"2022-11-01 14:35:27";6.84
"Servidor-SPTECH";"ram";"ram_Usada";"GB";"2022-11-01 14:35:25";6.84
"Servidor-SPTECH";"ram";"ram_Usada";"GB";"2022-11-01 14:35:24";6.84
"Servidor-SPTECH";"ram";"ram_Usada";"GB";"2022-11-01 14:35:22";6.86
"Servidor-SPTECH";"ram";"ram_Usada";"GB";"2022-11-01 14:35:21";6.87
"Servidor-SPTECH";"ram";"ram_Usada";"GB";"2022-11-01 14:35:19";6.82
"Servidor-SPTECH";"ram";"ram_Usada";"GB";"2022-11-01 14:35:18";6.72
"Servidor-SPTECH";"ram";"ram_Usada";"GB";"2022-11-01 14:35:17";6.69
"Servidor-SPTECH";"ram";"ram_Usada";"GB";"2022-11-01 14:35:15";6.72
"Servidor-SPTECH";"ram";"ram_Usada";"GB";"2022-11-01 14:35:14";6.71
"Servidor-SPTECH";"ram";"ram_Usada";"GB";"2022-11-01 14:35:12";6.71
"Servidor-SPTECH";"ram";"ram_Usada";"GB";"2022-11-01 14:35:11";6.69
"Servidor-SPTECH";"ram";"ram_Usada";"GB";"2022-11-01 14:35:10";6.71
"Servidor-SPTECH";"ram";"ram_Usada";"GB";"2022-11-01 14:35:08";6.71
"Servidor-SPTECH";"ram";"ram_Usada";"GB";"2022-11-01 14:35:07";6.71
"Servidor-SPTECH";"ram";"ram_Usada";"GB";"2022-11-01 14:35:05";6.7
"Servidor-SPTECH";"ram";"ram_Usada";"GB";"2022-11-01 14:35:04";6.71
"Servidor-SPTECH";"ram";"ram_Usada";"GB";"2022-11-01 14:35:02";6.7
"Servidor-SPTECH";"ram";"ram_Usada";"GB";"2022-11-01 14:35:01";6.71
"Servidor-SPTECH";"ram";"ram_Usada";"GB";"2022-11-01 14:35:00";6.7
"Servidor-SPTECH";"ram";"ram_Usada";"GB";"2022-11-01 14:34:58";6.7
"Servidor-SPTECH";"ram";"ram_Usada";"GB";"2022-11-01 14:34:57";6.7
"Servidor-SPTECH";"ram";"ram_Usada";"GB";"2022-11-01 14:34:55";6.7
"Servidor-SPTECH";"ram";"ram_Usada";"GB";"2022-11-01 14:34:54";6.7
"Servidor-SPTECH";"ram";"ram_Usada";"GB";"2022-11-01 14:34:53";6.68
"Servidor-SPTECH";"ram";"ram_Usada";"GB";"2022-11-01 14:34:51";6.7
"Servidor-SPTECH";"ram";"ram_Usada";"GB";"2022-11-01 14:34:50";6.7
"Servidor-SPTECH";"ram";"ram_Usada";"GB";"2022-11-01 14:34:48";6.72
"Servidor-SPTECH";"ram";"ram_Usada";"GB";"2022-11-01 14:34:47";6.7
"Servidor-SPTECH";"ram";"ram_Usada";"GB";"2022-11-01 14:34:46";6.72
"Servidor-SPTECH";"ram";"ram_Usada";"GB";"2022-11-01 14:34:44";6.72
"Servidor-SPTECH";"ram";"ram_Usada";"GB";"2022-11-01 14:34:43";6.71
"Servidor-SPTECH";"ram";"ram_Usada";"GB";"2022-11-01 14:34:41";6.71
"Servidor-SPTECH";"ram";"ram_Usada";"GB";"2022-11-01 14:34:40";6.71
"Servidor-SPTECH";"ram";"ram_Usada";"GB";"2022-11-01 14:34:39";6.71
"Servidor-SPTECH";"ram";"ram_Usada";"GB";"2022-11-01 14:34:37";6.71
"Servidor-SPTECH";"ram";"ram_Usada";"GB";"2022-11-01 14:34:36";6.7
"Servidor-SPTECH";"ram";"ram_Usada";"GB";"2022-11-01 14:34:34";6.7
"Servidor-SPTECH";"ram";"ram_Usada";"GB";"2022-11-01 14:34:33";6.7
"Servidor-SPTECH";"ram";"ram_Usada";"GB";"2022-11-01 14:34:31";6.7
"Servidor-SPTECH";"ram";"ram_Usada";"GB";"2022-11-01 14:34:30";6.7
"Servidor-SPTECH";"ram";"ram_Usada";"GB";"2022-11-01 14:34:29";6.67
"Servidor-SPTECH";"ram";"ram_Usada";"GB";"2022-11-01 14:34:27";6.7
"Servidor-SPTECH";"ram";"ram_Usada";"GB";"2022-11-01 14:34:26";6.7
"Servidor-SPTECH";"ram";"ram_Usada";"GB";"2022-11-01 14:34:24";6.69
"Servidor-SPTECH";"ram";"ram_Usada";"GB";"2022-11-01 14:34:23";6.67
"Servidor-SPTECH";"ram";"ram_Usada";"GB";"2022-11-01 14:34:22";6.68
"Servidor-SPTECH";"ram";"ram_Usada";"GB";"2022-11-01 14:34:20";6.68
"Servidor-SPTECH";"ram";"ram_Usada";"GB";"2022-11-01 14:34:19";6.68
"Servidor-SPTECH";"ram";"ram_Usada";"GB";"2022-11-01 14:34:17";6.7
"Servidor-SPTECH";"ram";"ram_Usada";"GB";"2022-11-01 14:34:16";6.67
"Servidor-SPTECH";"ram";"ram_Usada";"GB";"2022-11-01 14:34:15";6.68
"Servidor-SPTECH";"ram";"ram_Usada";"GB";"2022-11-01 14:34:13";6.67
"Servidor-SPTECH";"ram";"ram_Usada";"GB";"2022-11-01 14:34:12";6.61
"Servidor-SPTECH";"ram";"ram_Usada";"GB";"2022-11-01 14:34:10";6.58
"Servidor-SPTECH";"ram";"ram_Usada";"GB";"2022-11-01 14:34:09";6.61
"Servidor-SPTECH";"ram";"ram_Usada";"GB";"2022-11-01 14:34:08";6.61
"Servidor-SPTECH";"ram";"ram_Usada";"GB";"2022-11-01 14:34:06";6.61
"Servidor-SPTECH";"ram";"ram_Usada";"GB";"2022-11-01 14:34:05";6.58
"Servidor-SPTECH";"ram";"ram_Usada";"GB";"2022-11-01 14:34:03";6.61
"Servidor-SPTECH";"ram";"ram_Usada";"GB";"2022-11-01 14:34:02";6.61
"Servidor-SPTECH";"ram";"ram_Usada";"GB";"2022-11-01 14:34:01";6.61
"Servidor-SPTECH";"ram";"ram_Usada";"GB";"2022-11-01 14:33:59";6.58
"Servidor-SPTECH";"ram";"ram_Usada";"GB";"2022-11-01 14:33:58";6.6
"Servidor-SPTECH";"ram";"ram_Usada";"GB";"2022-11-01 14:33:56";6.61
"Servidor-SPTECH";"ram";"ram_Usada";"GB";"2022-11-01 14:33:55";6.61
"Servidor-SPTECH";"ram";"ram_Usada";"GB";"2022-11-01 14:33:53";6.6
"Servidor-SPTECH";"ram";"ram_Usada";"GB";"2022-11-01 14:33:52";6.6
"Servidor-SPTECH";"ram";"ram_Usada";"GB";"2022-11-01 14:33:51";6.6
"Servidor-SPTECH";"ram";"ram_Usada";"GB";"2022-11-01 14:33:49";6.6
"Servidor-SPTECH";"ram";"ram_Usada";"GB";"2022-11-01 14:33:48";6.6
"Servidor-SPTECH";"ram";"ram_Usada";"GB";"2022-11-01 14:33:46";6.58
"Servidor-SPTECH";"ram";"ram_Usada";"GB";"2022-11-01 14:33:45";6.63
"Servidor-SPTECH";"ram";"ram_Usada";"GB";"2022-11-01 14:33:44";6.72
"Servidor-SPTECH";"ram";"ram_Usada";"GB";"2022-11-01 14:33:42";6.72
"Servidor-SPTECH";"ram";"ram_Usada";"GB";"2022-11-01 14:33:41";6.82
"Servidor-SPTECH";"ram";"ram_Usada";"GB";"2022-11-01 14:33:39";6.8
"Servidor-SPTECH";"ram";"ram_Usada";"GB";"2022-11-01 14:33:38";7.09
"Servidor-SPTECH";"ram";"ram_Usada";"GB";"2022-11-01 14:33:36";7.1
"Servidor-SPTECH";"ram";"ram_Usada";"GB";"2022-11-01 14:33:35";7.07
"Servidor-SPTECH";"ram";"ram_Usada";"GB";"2022-11-01 14:33:34";7.11
"Servidor-SPTECH";"ram";"ram_Usada";"GB";"2022-11-01 14:33:32";7.1
"Servidor-SPTECH";"ram";"ram_Usada";"GB";"2022-11-01 14:33:31";7.1
"Servidor-SPTECH";"ram";"ram_Usada";"GB";"2022-11-01 14:33:29";7.1
"Servidor-SPTECH";"ram";"ram_Usada";"GB";"2022-11-01 14:33:28";7.1
"Servidor-SPTECH";"ram";"ram_Usada";"GB";"2022-11-01 14:33:26";7.03
"Servidor-SPTECH";"ram";"ram_Usada";"GB";"2022-11-01 14:33:25";6.64
"Servidor-SPTECH";"ram";"ram_Usada";"GB";"2022-11-01 14:33:23";6.65
"Servidor-SPTECH";"ram";"ram_Usada";"GB";"2022-11-01 14:33:22";6.66
"Servidor-SPTECH";"ram";"ram_Usada";"GB";"2022-11-01 14:33:20";6.65
"Servidor-SPTECH";"ram";"ram_Usada";"GB";"2022-11-01 14:33:19";6.66
"Servidor-SPTECH";"ram";"ram_Usada";"GB";"2022-11-01 14:33:18";6.66
"Servidor-SPTECH";"ram";"ram_Usada";"GB";"2022-11-01 14:33:16";6.64
"Servidor-SPTECH";"ram";"ram_Usada";"GB";"2022-11-01 14:33:15";6.9
"Servidor-SPTECH";"ram";"ram_Usada";"GB";"2022-11-01 14:33:13";6.56
"Servidor-SPTECH";"ram";"ram_Usada";"GB";"2022-11-01 14:33:12";6.57
"Servidor-SPTECH";"ram";"ram_Usada";"GB";"2022-11-01 14:33:11";6.56
"Servidor-SPTECH";"ram";"ram_Usada";"GB";"2022-11-01 14:33:09";6.59
"Servidor-SPTECH";"ram";"ram_Usada";"GB";"2022-11-01 14:33:08";6.57
"Servidor-SPTECH";"ram";"ram_Usada";"GB";"2022-11-01 14:33:06";6.54
"Servidor-SPTECH";"ram";"ram_Usada";"GB";"2022-11-01 14:33:05";6.51
"Servidor-SPTECH";"ram";"ram_Usada";"GB";"2022-11-01 14:33:03";6.5
"Servidor-SPTECH";"ram";"ram_Usada";"GB";"2022-11-01 14:33:02";6.49
"Servidor-SPTECH";"ram";"ram_Usada";"GB";"2022-11-01 14:33:01";6.5
"Servidor-SPTECH";"ram";"ram_Usada";"GB";"2022-11-01 14:32:59";6.5
"Servidor-SPTECH";"ram";"ram_Usada";"GB";"2022-11-01 14:32:58";6.49
"Servidor-SPTECH";"ram";"ram_Usada";"GB";"2022-11-01 14:32:56";6.49
"Servidor-SPTECH";"ram";"ram_Usada";"GB";"2022-11-01 14:32:55";6.49
"Servidor-SPTECH";"ram";"ram_Usada";"GB";"2022-11-01 14:32:54";6.49
"Servidor-SPTECH";"ram";"ram_Usada";"GB";"2022-11-01 14:32:52";6.5
"Servidor-SPTECH";"ram";"ram_Usada";"GB";"2022-11-01 14:32:51";6.5
"Servidor-SPTECH";"ram";"ram_Usada";"GB";"2022-11-01 14:32:49";6.5
"Servidor-SPTECH";"ram";"ram_Usada";"GB";"2022-11-01 14:32:48";6.51
"Servidor-SPTECH";"ram";"ram_Usada";"GB";"2022-11-01 14:32:47";6.51
"Servidor-SPTECH";"ram";"ram_Usada";"GB";"2022-11-01 14:32:45";6.5
"Servidor-SPTECH";"ram";"ram_Usada";"GB";"2022-11-01 14:32:44";6.55
"Servidor-SPTECH";"ram";"ram_Usada";"GB";"2022-11-01 14:32:42";6.56
"Servidor-SPTECH";"ram";"ram_Usada";"GB";"2022-11-01 14:32:41";6.56
"Servidor-SPTECH";"ram";"ram_Usada";"GB";"2022-11-01 14:32:39";6.56
"Servidor-SPTECH";"ram";"ram_Usada";"GB";"2022-11-01 14:32:38";6.55
"Servidor-SPTECH";"ram";"ram_Usada";"GB";"2022-11-01 14:32:37";6.55
"Servidor-SPTECH";"ram";"ram_Usada";"GB";"2022-11-01 14:32:35";6.55
"Servidor-SPTECH";"ram";"ram_Usada";"GB";"2022-11-01 14:32:34";6.56
"Servidor-SPTECH";"ram";"ram_Usada";"GB";"2022-11-01 14:32:32";6.56
"Servidor-SPTECH";"ram";"ram_Usada";"GB";"2022-11-01 14:32:31";6.55
"Servidor-SPTECH";"ram";"ram_Usada";"GB";"2022-11-01 14:32:30";6.55
"Servidor-SPTECH";"ram";"ram_Usada";"GB";"2022-11-01 14:32:28";6.55
"Servidor-SPTECH";"ram";"ram_Usada";"GB";"2022-11-01 14:32:27";6.55
"Servidor-SPTECH";"ram";"ram_Usada";"GB";"2022-11-01 14:32:25";6.55
"Servidor-SPTECH";"ram";"ram_Usada";"GB";"2022-11-01 14:32:24";6.55
"Servidor-SPTECH";"ram";"ram_Usada";"GB";"2022-11-01 14:32:23";6.53
"Servidor-SPTECH";"ram";"ram_Usada";"GB";"2022-11-01 14:32:21";6.55
"Servidor-SPTECH";"ram";"ram_Usada";"GB";"2022-11-01 14:32:20";6.55
"Servidor-SPTECH";"ram";"ram_Usada";"GB";"2022-11-01 14:32:18";6.55
"Servidor-SPTECH";"ram";"ram_Usada";"GB";"2022-11-01 14:32:17";6.55
"Servidor-SPTECH";"ram";"ram_Usada";"GB";"2022-11-01 14:32:15";6.55
"Servidor-SPTECH";"ram";"ram_Usada";"GB";"2022-11-01 14:32:14";6.55
"Servidor-SPTECH";"ram";"ram_Usada";"GB";"2022-11-01 14:32:13";6.55
"Servidor-SPTECH";"ram";"ram_Usada";"GB";"2022-11-01 14:32:11";6.54
"Servidor-SPTECH";"ram";"ram_Usada";"GB";"2022-11-01 14:32:10";6.55
"Servidor-SPTECH";"ram";"ram_Usada";"GB";"2022-11-01 14:32:08";6.54
"Servidor-SPTECH";"ram";"ram_Usada";"GB";"2022-11-01 14:32:07";6.54
"Servidor-SPTECH";"ram";"ram_Usada";"GB";"2022-11-01 14:32:06";6.55
"Servidor-SPTECH";"ram";"ram_Usada";"GB";"2022-11-01 14:32:04";6.54
"Servidor-SPTECH";"ram";"ram_Usada";"GB";"2022-11-01 14:32:03";6.54
"Servidor-SPTECH";"ram";"ram_Usada";"GB";"2022-11-01 14:32:01";6.54
"Servidor-SPTECH";"ram";"ram_Usada";"GB";"2022-11-01 14:32:00";6.66
"Servidor-SPTECH";"ram";"ram_Usada";"GB";"2022-11-01 14:31:59";6.66
"Servidor-SPTECH";"ram";"ram_Usada";"GB";"2022-11-01 14:31:57";6.66
"Servidor-SPTECH";"ram";"ram_Usada";"GB";"2022-11-01 14:31:56";6.63
"Servidor-SPTECH";"ram";"ram_Usada";"GB";"2022-11-01 14:31:54";6.66
"Servidor-SPTECH";"ram";"ram_Usada";"GB";"2022-11-01 14:31:53";6.66
"Servidor-SPTECH";"ram";"ram_Usada";"GB";"2022-11-01 14:31:52";6.66
"Servidor-SPTECH";"ram";"ram_Usada";"GB";"2022-11-01 14:31:50";6.66
"Servidor-SPTECH";"ram";"ram_Usada";"GB";"2022-11-01 14:31:49";6.66
"Servidor-SPTECH";"ram";"ram_Usada";"GB";"2022-11-01 14:31:47";6.66
"Servidor-SPTECH";"ram";"ram_Usada";"GB";"2022-11-01 14:31:46";6.66
"Servidor-SPTECH";"ram";"ram_Usada";"GB";"2022-11-01 14:31:44";6.61
"Servidor-SPTECH";"ram";"ram_Usada";"GB";"2022-11-01 14:31:43";6.64
"Servidor-SPTECH";"ram";"ram_Usada";"GB";"2022-11-01 14:31:42";6.63
"Servidor-SPTECH";"ram";"ram_Usada";"GB";"2022-11-01 14:31:40";6.64
"Servidor-SPTECH";"ram";"ram_Usada";"GB";"2022-11-01 14:31:39";6.63
"Servidor-SPTECH";"ram";"ram_Usada";"GB";"2022-11-01 14:31:37";6.63
"Servidor-SPTECH";"ram";"ram_Usada";"GB";"2022-11-01 14:31:36";6.63
"Servidor-SPTECH";"ram";"ram_Usada";"GB";"2022-11-01 14:31:35";6.63
"Servidor-SPTECH";"ram";"ram_Usada";"GB";"2022-11-01 14:31:33";6.63
"Servidor-SPTECH";"ram";"ram_Usada";"GB";"2022-11-01 14:31:32";6.63
"Servidor-SPTECH";"ram";"ram_Usada";"GB";"2022-11-01 14:31:30";6.63
"Servidor-SPTECH";"ram";"ram_Usada";"GB";"2022-11-01 14:31:29";6.63
"Servidor-SPTECH";"ram";"ram_Usada";"GB";"2022-11-01 14:31:27";6.63
"Servidor-SPTECH";"ram";"ram_Usada";"GB";"2022-11-01 14:31:26";6.62
"Servidor-SPTECH";"ram";"ram_Usada";"GB";"2022-11-01 14:31:25";6.63
"Servidor-SPTECH";"ram";"ram_Usada";"GB";"2022-11-01 14:31:23";6.62
"Servidor-SPTECH";"ram";"ram_Usada";"GB";"2022-11-01 14:31:22";6.62
"Servidor-SPTECH";"ram";"ram_Usada";"GB";"2022-11-01 14:31:20";6.63
"Servidor-SPTECH";"ram";"ram_Usada";"GB";"2022-11-01 14:31:19";6.63
"Servidor-SPTECH";"ram";"ram_Usada";"GB";"2022-11-01 14:31:18";6.62
"Servidor-SPTECH";"ram";"ram_Usada";"GB";"2022-11-01 14:31:16";6.63
"Servidor-SPTECH";"ram";"ram_Usada";"GB";"2022-11-01 14:31:15";6.62
"Servidor-SPTECH";"ram";"ram_Usada";"GB";"2022-11-01 14:31:13";6.62
"Servidor-SPTECH";"ram";"ram_Usada";"GB";"2022-11-01 14:31:12";6.62
"Servidor-SPTECH";"ram";"ram_Usada";"GB";"2022-11-01 14:31:11";6.63
"Servidor-SPTECH";"ram";"ram_Usada";"GB";"2022-11-01 14:31:09";6.63
"Servidor-SPTECH";"ram";"ram_Usada";"GB";"2022-11-01 14:31:08";6.63
"Servidor-SPTECH";"ram";"ram_Usada";"GB";"2022-11-01 14:31:06";6.63
"Servidor-SPTECH";"ram";"ram_Usada";"GB";"2022-11-01 14:31:05";6.64
"Servidor-SPTECH";"ram";"ram_Usada";"GB";"2022-11-01 14:31:04";6.64
"Servidor-SPTECH";"ram";"ram_Usada";"GB";"2022-11-01 14:31:02";6.64
"Servidor-SPTECH";"ram";"ram_Usada";"GB";"2022-11-01 14:31:01";6.64
"Servidor-SPTECH";"ram";"ram_Usada";"GB";"2022-11-01 14:30:59";6.64
"Servidor-SPTECH";"ram";"ram_Usada";"GB";"2022-11-01 14:30:58";6.64
"Servidor-SPTECH";"ram";"ram_Usada";"GB";"2022-11-01 14:30:57";6.64
"Servidor-SPTECH";"ram";"ram_Usada";"GB";"2022-11-01 14:30:55";6.64
"Servidor-SPTECH";"ram";"ram_Usada";"GB";"2022-11-01 14:30:54";6.63
"Servidor-SPTECH";"ram";"ram_Usada";"GB";"2022-11-01 14:30:52";6.63
"Servidor-SPTECH";"ram";"ram_Usada";"GB";"2022-11-01 14:30:51";6.63
"Servidor-SPTECH";"ram";"ram_Usada";"GB";"2022-11-01 14:30:49";6.6
"Servidor-SPTECH";"ram";"ram_Usada";"GB";"2022-11-01 14:30:48";6.63
"Servidor-SPTECH";"ram";"ram_Usada";"GB";"2022-11-01 14:30:47";6.63
"Servidor-SPTECH";"ram";"ram_Usada";"GB";"2022-11-01 14:30:45";6.65
"Servidor-SPTECH";"ram";"ram_Usada";"GB";"2022-11-01 14:30:44";6.68
"Servidor-SPTECH";"ram";"ram_Usada";"GB";"2022-11-01 14:30:42";6.68
"Servidor-SPTECH";"ram";"ram_Usada";"GB";"2022-11-01 14:30:41";6.68
"Servidor-SPTECH";"ram";"ram_Usada";"GB";"2022-11-01 14:30:40";6.67
"Servidor-SPTECH";"ram";"ram_Usada";"GB";"2022-11-01 14:30:38";6.68
"Servidor-SPTECH";"ram";"ram_Usada";"GB";"2022-11-01 14:30:37";6.67
"Servidor-SPTECH";"ram";"ram_Usada";"GB";"2022-11-01 14:30:35";6.67
"Servidor-SPTECH";"ram";"ram_Usada";"GB";"2022-11-01 14:30:34";6.67
"Servidor-SPTECH";"ram";"ram_Usada";"GB";"2022-11-01 14:30:33";6.67
"Servidor-SPTECH";"ram";"ram_Usada";"GB";"2022-11-01 14:30:31";6.67
"Servidor-SPTECH";"ram";"ram_Usada";"GB";"2022-11-01 14:30:30";6.67
"Servidor-SPTECH";"ram";"ram_Usada";"GB";"2022-11-01 14:30:28";6.67
"Servidor-SPTECH";"ram";"ram_Usada";"GB";"2022-11-01 14:30:27";6.67
"Servidor-SPTECH";"ram";"ram_Usada";"GB";"2022-11-01 14:30:25";6.64
"Servidor-SPTECH";"ram";"ram_Usada";"GB";"2022-11-01 14:30:24";6.67
"Servidor-SPTECH";"ram";"ram_Usada";"GB";"2022-11-01 14:30:23";6.67
"Servidor-SPTECH";"ram";"ram_Usada";"GB";"2022-11-01 14:30:21";6.69
"Servidor-SPTECH";"ram";"ram_Usada";"GB";"2022-11-01 14:30:20";6.68
"Servidor-SPTECH";"ram";"ram_Usada";"GB";"2022-11-01 14:30:18";6.68
"Servidor-SPTECH";"ram";"ram_Usada";"GB";"2022-11-01 14:30:17";6.69
"Servidor-SPTECH";"ram";"ram_Usada";"GB";"2022-11-01 14:30:16";6.7
"Servidor-SPTECH";"ram";"ram_Usada";"GB";"2022-11-01 14:30:14";6.7
"Servidor-SPTECH";"ram";"ram_Usada";"GB";"2022-11-01 14:30:13";6.71
"Servidor-SPTECH";"ram";"ram_Usada";"GB";"2022-11-01 14:30:11";6.71
"Servidor-SPTECH";"ram";"ram_Usada";"GB";"2022-11-01 14:30:10";6.73
"Servidor-SPTECH";"ram";"ram_Usada";"GB";"2022-11-01 14:30:09";6.74
"Servidor-SPTECH";"ram";"ram_Usada";"GB";"2022-11-01 14:30:07";6.73
"Servidor-SPTECH";"ram";"ram_Usada";"GB";"2022-11-01 14:30:06";6.73
"Servidor-SPTECH";"ram";"ram_Usada";"GB";"2022-11-01 14:30:04";6.72
"Servidor-SPTECH";"ram";"ram_Usada";"GB";"2022-11-01 14:30:03";6.73
"Servidor-SPTECH";"ram";"ram_Usada";"GB";"2022-11-01 14:30:01";6.71
"Servidor-SPTECH";"ram";"ram_Usada";"GB";"2022-11-01 14:30:00";6.69
"Servidor-SPTECH";"ram";"ram_Usada";"GB";"2022-11-01 14:29:58";6.67
"Servidor-SPTECH";"ram";"ram_Usada";"GB";"2022-11-01 14:29:57";6.75
"Servidor-SPTECH";"ram";"ram_Usada";"GB";"2022-11-01 14:29:56";6.75
"Servidor-SPTECH";"ram";"ram_Usada";"GB";"2022-11-01 14:29:54";6.76
"Servidor-SPTECH";"ram";"ram_Usada";"GB";"2022-11-01 14:29:53";6.76
"Servidor-SPTECH";"ram";"ram_Usada";"GB";"2022-11-01 14:29:51";6.81
"Servidor-SPTECH";"ram";"ram_Usada";"GB";"2022-11-01 14:29:50";6.79
"Servidor-SPTECH";"ram";"ram_Usada";"GB";"2022-11-01 14:29:48";6.77
"Servidor-SPTECH";"ram";"ram_Usada";"GB";"2022-11-01 14:29:47";6.78
"Servidor-SPTECH";"ram";"ram_Usada";"GB";"2022-11-01 14:29:46";6.57
"Servidor-SPTECH";"ram";"ram_Usada";"GB";"2022-11-01 14:29:44";6.59
"Servidor-SPTECH";"ram";"ram_Usada";"GB";"2022-11-01 14:29:43";6.6
"Servidor-SPTECH";"ram";"ram_Usada";"GB";"2022-11-01 14:29:41";6.58
"Servidor-SPTECH";"ram";"ram_Usada";"GB";"2022-11-01 14:29:40";6.54
"Servidor-SPTECH";"ram";"ram_Usada";"GB";"2022-11-01 14:29:38";6.56
"Servidor-SPTECH";"ram";"ram_Usada";"GB";"2022-11-01 14:29:37";6.49
"Servidor-SPTECH";"ram";"ram_Usada";"GB";"2022-11-01 14:29:35";6.44
"Servidor-SPTECH";"ram";"ram_Usada";"GB";"2022-11-01 14:29:34";6.39
"Servidor-SPTECH";"ram";"ram_Usada";"GB";"2022-11-01 14:29:32";6.37
"Servidor-SPTECH";"ram";"ram_Usada";"GB";"2022-11-01 14:29:31";6.33
"Servidor-SPTECH";"ram";"ram_Usada";"GB";"2022-11-01 14:29:30";6.36
"Servidor-SPTECH";"ram";"ram_Usada";"GB";"2022-11-01 14:29:28";6.36
"Servidor-SPTECH";"ram";"ram_Usada";"GB";"2022-11-01 14:29:27";6.37
"Servidor-SPTECH";"ram";"ram_Usada";"GB";"2022-11-01 14:29:25";6.37
"Servidor-SPTECH";"ram";"ram_Usada";"GB";"2022-11-01 14:29:24";6.36
"Servidor-SPTECH";"ram";"ram_Usada";"GB";"2022-11-01 14:29:23";6.36
"Servidor-SPTECH";"ram";"ram_Usada";"GB";"2022-11-01 14:29:21";6.37
"Servidor-SPTECH";"ram";"ram_Usada";"GB";"2022-11-01 14:29:20";6.35
"Servidor-SPTECH";"ram";"ram_Usada";"GB";"2022-11-01 14:29:18";6.36
"Servidor-SPTECH";"ram";"ram_Usada";"GB";"2022-11-01 14:29:17";6.36
"Servidor-SPTECH";"ram";"ram_Usada";"GB";"2022-11-01 14:29:16";6.36
"Servidor-SPTECH";"ram";"ram_Usada";"GB";"2022-11-01 14:29:14";6.36
"Servidor-SPTECH";"ram";"ram_Usada";"GB";"2022-11-01 14:29:13";6.36
"Servidor-SPTECH";"ram";"ram_Usada";"GB";"2022-11-01 14:29:11";6.35
"Servidor-SPTECH";"ram";"ram_Usada";"GB";"2022-11-01 14:29:10";6.35
"Servidor-SPTECH";"ram";"ram_Usada";"GB";"2022-11-01 14:29:09";6.35
"Servidor-SPTECH";"ram";"ram_Usada";"GB";"2022-11-01 14:29:07";6.35
"Servidor-SPTECH";"ram";"ram_Usada";"GB";"2022-11-01 14:29:06";6.38
"Servidor-SPTECH";"ram";"ram_Usada";"GB";"2022-11-01 14:29:04";6.38
"Servidor-SPTECH";"ram";"ram_Usada";"GB";"2022-11-01 14:29:03";6.38
"Servidor-SPTECH";"ram";"ram_Usada";"GB";"2022-11-01 14:29:02";6.38
"Servidor-SPTECH";"ram";"ram_Usada";"GB";"2022-11-01 14:29:00";6.39
"Servidor-SPTECH";"ram";"ram_Usada";"GB";"2022-11-01 14:28:59";6.38
"Servidor-SPTECH";"ram";"ram_Usada";"GB";"2022-11-01 14:28:57";6.39
"Servidor-SPTECH";"ram";"ram_Usada";"GB";"2022-11-01 14:28:56";6.38
"Servidor-SPTECH";"ram";"ram_Usada";"GB";"2022-11-01 14:28:54";6.38
"Servidor-SPTECH";"ram";"ram_Usada";"GB";"2022-11-01 14:28:53";6.41
"Servidor-SPTECH";"ram";"ram_Usada";"GB";"2022-11-01 14:28:52";6.4
"Servidor-SPTECH";"ram";"ram_Usada";"GB";"2022-11-01 14:28:50";6.4
"Servidor-SPTECH";"ram";"ram_Usada";"GB";"2022-11-01 14:28:49";6.45
"Servidor-SPTECH";"ram";"ram_Usada";"GB";"2022-11-01 14:28:47";6.45
"Servidor-SPTECH";"ram";"ram_Usada";"GB";"2022-11-01 14:28:46";6.46
"Servidor-SPTECH";"ram";"ram_Usada";"GB";"2022-11-01 14:28:45";6.45
"Servidor-SPTECH";"ram";"ram_Usada";"GB";"2022-11-01 14:28:43";6.45
"Servidor-SPTECH";"ram";"ram_Usada";"GB";"2022-11-01 14:28:42";6.48
"Servidor-SPTECH";"ram";"ram_Usada";"GB";"2022-11-01 14:28:40";6.48
"Servidor-SPTECH";"ram";"ram_Usada";"GB";"2022-11-01 14:28:39";6.48
"Servidor-SPTECH";"ram";"ram_Usada";"GB";"2022-11-01 14:28:37";6.48
"Servidor-SPTECH";"ram";"ram_Usada";"GB";"2022-11-01 14:28:36";6.47
"Servidor-SPTECH";"ram";"ram_Usada";"GB";"2022-11-01 14:28:35";6.48
"Servidor-SPTECH";"ram";"ram_Usada";"GB";"2022-11-01 14:28:33";6.48
"Servidor-SPTECH";"ram";"ram_Usada";"GB";"2022-11-01 14:28:32";6.48
"Servidor-SPTECH";"ram";"ram_Usada";"GB";"2022-11-01 14:28:30";6.42
"Servidor-SPTECH";"ram";"ram_Usada";"GB";"2022-11-01 14:28:29";6.42
"Servidor-SPTECH";"ram";"ram_Usada";"GB";"2022-11-01 14:28:28";6.42
"Servidor-SPTECH";"ram";"ram_Usada";"GB";"2022-11-01 14:28:26";6.42
"Servidor-SPTECH";"ram";"ram_Usada";"GB";"2022-11-01 14:28:25";6.59
"Servidor-SPTECH";"ram";"ram_Usada";"GB";"2022-11-01 14:28:23";6.63
"Servidor-SPTECH";"ram";"ram_Usada";"GB";"2022-11-01 14:28:22";6.62
"Servidor-SPTECH";"ram";"ram_Usada";"GB";"2022-11-01 14:28:21";6.62
"Servidor-SPTECH";"ram";"ram_Usada";"GB";"2022-11-01 14:28:19";6.59
"Servidor-SPTECH";"ram";"ram_Usada";"GB";"2022-11-01 14:28:18";6.65
"Servidor-SPTECH";"ram";"ram_Usada";"GB";"2022-11-01 14:28:16";6.84
"Servidor-SPTECH";"ram";"ram_Usada";"GB";"2022-11-01 14:28:15";6.51
"Servidor-SPTECH";"ram";"ram_Usada";"GB";"2022-11-01 14:28:13";6.52
"Servidor-SPTECH";"ram";"ram_Usada";"GB";"2022-11-01 14:28:12";6.52
"Servidor-SPTECH";"ram";"ram_Usada";"GB";"2022-11-01 14:28:11";6.51
"Servidor-SPTECH";"ram";"ram_Usada";"GB";"2022-11-01 14:28:09";6.51
"Servidor-SPTECH";"ram";"ram_Usada";"GB";"2022-11-01 14:28:08";6.51
"Servidor-SPTECH";"ram";"ram_Usada";"GB";"2022-11-01 14:28:06";6.51
"Servidor-SPTECH";"ram";"ram_Usada";"GB";"2022-11-01 14:28:05";6.51
"Servidor-SPTECH";"ram";"ram_Usada";"GB";"2022-11-01 14:28:04";6.51
"Servidor-SPTECH";"ram";"ram_Usada";"GB";"2022-11-01 14:28:02";6.51
"Servidor-SPTECH";"ram";"ram_Usada";"GB";"2022-11-01 14:28:01";6.48
"Servidor-SPTECH";"ram";"ram_Usada";"GB";"2022-11-01 14:27:59";6.51
"Servidor-SPTECH";"ram";"ram_Usada";"GB";"2022-11-01 14:27:58";6.5
"Servidor-SPTECH";"ram";"ram_Usada";"GB";"2022-11-01 14:27:56";6.52
"Servidor-SPTECH";"ram";"ram_Usada";"GB";"2022-11-01 14:27:55";6.5
"Servidor-SPTECH";"ram";"ram_Usada";"GB";"2022-11-01 14:27:54";6.52
"Servidor-SPTECH";"ram";"ram_Usada";"GB";"2022-11-01 14:27:52";6.53
"Servidor-SPTECH";"ram";"ram_Usada";"GB";"2022-11-01 14:27:51";6.52
"Servidor-SPTECH";"ram";"ram_Usada";"GB";"2022-11-01 14:27:49";6.53
"Servidor-SPTECH";"ram";"ram_Usada";"GB";"2022-11-01 14:27:48";6.52
"Servidor-SPTECH";"ram";"ram_Usada";"GB";"2022-11-01 14:27:47";6.54
"Servidor-SPTECH";"ram";"ram_Usada";"GB";"2022-11-01 14:27:45";6.53
"Servidor-SPTECH";"ram";"ram_Usada";"GB";"2022-11-01 14:27:44";6.56
"Servidor-SPTECH";"ram";"ram_Usada";"GB";"2022-11-01 14:27:42";6.56
"Servidor-SPTECH";"ram";"ram_Usada";"GB";"2022-11-01 14:27:41";6.56
"Servidor-SPTECH";"ram";"ram_Usada";"GB";"2022-11-01 14:27:40";6.56
"Servidor-SPTECH";"ram";"ram_Usada";"GB";"2022-11-01 14:27:38";6.56
"Servidor-SPTECH";"ram";"ram_Usada";"GB";"2022-11-01 14:27:37";6.53
"Servidor-SPTECH";"ram";"ram_Usada";"GB";"2022-11-01 14:27:35";6.56
"Servidor-SPTECH";"ram";"ram_Usada";"GB";"2022-11-01 14:27:34";6.56
"Servidor-SPTECH";"ram";"ram_Usada";"GB";"2022-11-01 14:27:32";6.57
"Servidor-SPTECH";"ram";"ram_Usada";"GB";"2022-11-01 14:27:31";6.56
"Servidor-SPTECH";"ram";"ram_Usada";"GB";"2022-11-01 14:27:30";6.57
"Servidor-SPTECH";"ram";"ram_Usada";"GB";"2022-11-01 14:27:28";6.56
"Servidor-SPTECH";"ram";"ram_Usada";"GB";"2022-11-01 14:27:27";6.56
"Servidor-SPTECH";"ram";"ram_Usada";"GB";"2022-11-01 14:27:25";6.56
"Servidor-SPTECH";"ram";"ram_Usada";"GB";"2022-11-01 14:27:24";6.57
"Servidor-SPTECH";"ram";"ram_Usada";"GB";"2022-11-01 14:27:23";6.56
"Servidor-SPTECH";"ram";"ram_Usada";"GB";"2022-11-01 14:27:21";6.56
"Servidor-SPTECH";"ram";"ram_Usada";"GB";"2022-11-01 14:27:20";6.56
"Servidor-SPTECH";"ram";"ram_Usada";"GB";"2022-11-01 14:27:18";6.56
"Servidor-SPTECH";"ram";"ram_Usada";"GB";"2022-11-01 14:27:17";6.56
"Servidor-SPTECH";"ram";"ram_Usada";"GB";"2022-11-01 14:27:16";6.55
"Servidor-SPTECH";"ram";"ram_Usada";"GB";"2022-11-01 14:27:14";6.55
"Servidor-SPTECH";"ram";"ram_Usada";"GB";"2022-11-01 14:27:13";6.53
"Servidor-SPTECH";"ram";"ram_Usada";"GB";"2022-11-01 14:27:11";6.56
"Servidor-SPTECH";"ram";"ram_Usada";"GB";"2022-11-01 14:27:10";6.56
"Servidor-SPTECH";"ram";"ram_Usada";"GB";"2022-11-01 14:27:08";6.55
"Servidor-SPTECH";"ram";"ram_Usada";"GB";"2022-11-01 14:27:07";6.55
"Servidor-SPTECH";"ram";"ram_Usada";"GB";"2022-11-01 14:27:06";6.57
"Servidor-SPTECH";"ram";"ram_Usada";"GB";"2022-11-01 14:27:04";6.57
"Servidor-SPTECH";"ram";"ram_Usada";"GB";"2022-11-01 14:27:03";6.57
"Servidor-SPTECH";"ram";"ram_Usada";"GB";"2022-11-01 14:27:01";6.57
"Servidor-SPTECH";"ram";"ram_Usada";"GB";"2022-11-01 14:27:00";6.56
"Servidor-SPTECH";"ram";"ram_Usada";"GB";"2022-11-01 14:26:59";6.62
"Servidor-SPTECH";"ram";"ram_Usada";"GB";"2022-11-01 14:26:57";6.62
"Servidor-SPTECH";"ram";"ram_Usada";"GB";"2022-11-01 14:26:56";6.62
"Servidor-SPTECH";"ram";"ram_Usada";"GB";"2022-11-01 14:26:54";6.68
"Servidor-SPTECH";"ram";"ram_Usada";"GB";"2022-11-01 14:26:53";6.67
"Servidor-SPTECH";"ram";"ram_Usada";"GB";"2022-11-01 14:26:51";6.67
"Servidor-SPTECH";"ram";"ram_Usada";"GB";"2022-11-01 14:26:50";6.67
"Servidor-SPTECH";"ram";"ram_Usada";"GB";"2022-11-01 14:26:49";6.65
"Servidor-SPTECH";"ram";"ram_Usada";"GB";"2022-11-01 14:26:47";6.69
"Servidor-SPTECH";"ram";"ram_Usada";"GB";"2022-11-01 14:26:46";6.69
"Servidor-SPTECH";"ram";"ram_Usada";"GB";"2022-11-01 14:26:44";6.69
"Servidor-SPTECH";"ram";"ram_Usada";"GB";"2022-11-01 14:26:43";6.71
"Servidor-SPTECH";"ram";"ram_Usada";"GB";"2022-11-01 14:26:42";6.71
"Servidor-SPTECH";"ram";"ram_Usada";"GB";"2022-11-01 14:26:40";6.71
"Servidor-SPTECH";"ram";"ram_Usada";"GB";"2022-11-01 14:26:39";6.71
"Servidor-SPTECH";"ram";"ram_Usada";"GB";"2022-11-01 14:26:37";6.71
"Servidor-SPTECH";"ram";"ram_Usada";"GB";"2022-11-01 14:26:36";6.71
"Servidor-SPTECH";"ram";"ram_Usada";"GB";"2022-11-01 14:26:35";6.71
"Servidor-SPTECH";"ram";"ram_Usada";"GB";"2022-11-01 14:26:33";6.71
"Servidor-SPTECH";"ram";"ram_Usada";"GB";"2022-11-01 14:26:32";6.7
"Servidor-SPTECH";"ram";"ram_Usada";"GB";"2022-11-01 14:26:30";6.67
"Servidor-SPTECH";"ram";"ram_Usada";"GB";"2022-11-01 14:26:29";6.7
"Servidor-SPTECH";"ram";"ram_Usada";"GB";"2022-11-01 14:26:28";6.7
"Servidor-SPTECH";"ram";"ram_Usada";"GB";"2022-11-01 14:26:26";6.7
"Servidor-SPTECH";"ram";"ram_Usada";"GB";"2022-11-01 14:26:25";6.68
"Servidor-SPTECH";"ram";"ram_Usada";"GB";"2022-11-01 14:26:23";6.71
"Servidor-SPTECH";"ram";"ram_Usada";"GB";"2022-11-01 14:26:22";6.75
"Servidor-SPTECH";"ram";"ram_Usada";"GB";"2022-11-01 14:26:20";6.75
"Servidor-SPTECH";"ram";"ram_Usada";"GB";"2022-11-01 14:26:19";6.75
"Servidor-SPTECH";"ram";"ram_Usada";"GB";"2022-11-01 14:26:18";6.75
"Servidor-SPTECH";"ram";"ram_Usada";"GB";"2022-11-01 14:26:16";6.75
"Servidor-SPTECH";"ram";"ram_Usada";"GB";"2022-11-01 14:26:15";6.75
"Servidor-SPTECH";"ram";"ram_Usada";"GB";"2022-11-01 14:26:13";6.75
"Servidor-SPTECH";"ram";"ram_Usada";"GB";"2022-11-01 14:26:12";6.74
"Servidor-SPTECH";"ram";"ram_Usada";"GB";"2022-11-01 14:26:11";6.76
"Servidor-SPTECH";"ram";"ram_Usada";"GB";"2022-11-01 14:26:09";6.75
"Servidor-SPTECH";"ram";"ram_Usada";"GB";"2022-11-01 14:26:08";6.75
"Servidor-SPTECH";"ram";"ram_Usada";"GB";"2022-11-01 14:26:06";6.73
"Servidor-SPTECH";"ram";"ram_Usada";"GB";"2022-11-01 14:26:05";6.76
"Servidor-SPTECH";"ram";"ram_Usada";"GB";"2022-11-01 14:26:03";6.7
"Servidor-SPTECH";"ram";"ram_Usada";"GB";"2022-11-01 14:26:02";6.7
"Servidor-SPTECH";"ram";"ram_Usada";"GB";"2022-11-01 14:26:01";6.67
"Servidor-SPTECH";"ram";"ram_Usada";"GB";"2022-11-01 14:25:59";6.7
"Servidor-SPTECH";"ram";"ram_Usada";"GB";"2022-11-01 14:25:58";6.7
"Servidor-SPTECH";"ram";"ram_Usada";"GB";"2022-11-01 14:25:56";6.7
"Servidor-SPTECH";"ram";"ram_Usada";"GB";"2022-11-01 14:25:55";6.7
"Servidor-SPTECH";"ram";"ram_Usada";"GB";"2022-11-01 14:25:54";6.7
"Servidor-SPTECH";"ram";"ram_Usada";"GB";"2022-11-01 14:25:52";6.7
"Servidor-SPTECH";"ram";"ram_Usada";"GB";"2022-11-01 14:25:51";6.7
"Servidor-SPTECH";"ram";"ram_Usada";"GB";"2022-11-01 14:25:49";6.7
"Servidor-SPTECH";"ram";"ram_Usada";"GB";"2022-11-01 14:25:48";6.7
"Servidor-SPTECH";"ram";"ram_Usada";"GB";"2022-11-01 14:25:47";6.69
"Servidor-SPTECH";"ram";"ram_Usada";"GB";"2022-11-01 14:25:45";6.7
"Servidor-SPTECH";"ram";"ram_Usada";"GB";"2022-11-01 14:25:44";6.72
"Servidor-SPTECH";"ram";"ram_Usada";"GB";"2022-11-01 14:25:42";6.69
"Servidor-SPTECH";"ram";"ram_Usada";"GB";"2022-11-01 14:25:41";6.72
"Servidor-SPTECH";"ram";"ram_Usada";"GB";"2022-11-01 14:25:40";6.72
"Servidor-SPTECH";"ram";"ram_Usada";"GB";"2022-11-01 14:25:38";6.72
"Servidor-SPTECH";"ram";"ram_Usada";"GB";"2022-11-01 14:25:37";6.72
"Servidor-SPTECH";"ram";"ram_Usada";"GB";"2022-11-01 14:25:35";6.72
"Servidor-SPTECH";"ram";"ram_Usada";"GB";"2022-11-01 14:25:34";6.72
"Servidor-SPTECH";"ram";"ram_Usada";"GB";"2022-11-01 14:25:32";6.71
"Servidor-SPTECH";"ram";"ram_Usada";"GB";"2022-11-01 14:25:31";6.71
"Servidor-SPTECH";"ram";"ram_Usada";"GB";"2022-11-01 14:25:30";6.71
"Servidor-SPTECH";"ram";"ram_Usada";"GB";"2022-11-01 14:25:28";6.72
"Servidor-SPTECH";"ram";"ram_Usada";"GB";"2022-11-01 14:25:27";6.72
"Servidor-SPTECH";"ram";"ram_Usada";"GB";"2022-11-01 14:25:25";6.72
"Servidor-SPTECH";"ram";"ram_Usada";"GB";"2022-11-01 14:25:24";6.66
"Servidor-SPTECH";"ram";"ram_Usada";"GB";"2022-11-01 14:25:23";6.51
"Servidor-SPTECH";"ram";"ram_Usada";"GB";"2022-11-01 14:25:21";6.44
"Servidor-SPTECH";"ram";"ram_Usada";"GB";"2022-11-01 14:25:20";6.42
"Servidor-SPTECH";"ram";"ram_Usada";"GB";"2022-11-01 14:25:18";6.4
"Servidor-SPTECH";"ram";"ram_Usada";"GB";"2022-11-01 14:25:17";6.42
"Servidor-SPTECH";"ram";"ram_Usada";"GB";"2022-11-01 14:25:16";6.43
"Servidor-SPTECH";"ram";"ram_Usada";"GB";"2022-11-01 14:25:14";6.43
"Servidor-SPTECH";"ram";"ram_Usada";"GB";"2022-11-01 14:25:13";6.43
"Servidor-SPTECH";"ram";"ram_Usada";"GB";"2022-11-01 14:25:11";6.43
"Servidor-SPTECH";"ram";"ram_Usada";"GB";"2022-11-01 14:25:10";6.43
"Servidor-SPTECH";"ram";"ram_Usada";"GB";"2022-11-01 14:25:09";6.43
"Servidor-SPTECH";"ram";"ram_Usada";"GB";"2022-11-01 14:25:07";6.43
"Servidor-SPTECH";"ram";"ram_Usada";"GB";"2022-11-01 14:25:06";6.46
"Servidor-SPTECH";"ram";"ram_Usada";"GB";"2022-11-01 14:25:04";6.45
"Servidor-SPTECH";"ram";"ram_Usada";"GB";"2022-11-01 14:25:03";6.45
"Servidor-SPTECH";"ram";"ram_Usada";"GB";"2022-11-01 14:25:01";6.38
"Servidor-SPTECH";"ram";"ram_Usada";"GB";"2022-11-01 14:25:00";6.35
"Servidor-SPTECH";"ram";"ram_Usada";"GB";"2022-11-01 14:24:59";6.38
"Servidor-SPTECH";"ram";"ram_Usada";"GB";"2022-11-01 14:24:57";6.38
"Servidor-SPTECH";"ram";"ram_Usada";"GB";"2022-11-01 14:24:56";6.38
"Servidor-SPTECH";"ram";"ram_Usada";"GB";"2022-11-01 14:24:54";6.35
"Servidor-SPTECH";"ram";"ram_Usada";"GB";"2022-11-01 14:24:53";6.38
"Servidor-SPTECH";"ram";"ram_Usada";"GB";"2022-11-01 14:24:52";6.39
"Servidor-SPTECH";"ram";"ram_Usada";"GB";"2022-11-01 14:24:50";6.39
"Servidor-SPTECH";"ram";"ram_Usada";"GB";"2022-11-01 14:24:49";6.42
"Servidor-SPTECH";"ram";"ram_Usada";"GB";"2022-11-01 14:24:47";6.41
"Servidor-SPTECH";"ram";"ram_Usada";"GB";"2022-11-01 14:24:46";6.41
"Servidor-SPTECH";"ram";"ram_Usada";"GB";"2022-11-01 14:24:45";6.41
"Servidor-SPTECH";"ram";"ram_Usada";"GB";"2022-11-01 14:24:43";6.43
"Servidor-SPTECH";"ram";"ram_Usada";"GB";"2022-11-01 14:24:42";6.44
"Servidor-SPTECH";"ram";"ram_Usada";"GB";"2022-11-01 14:24:40";6.44
"Servidor-SPTECH";"ram";"ram_Usada";"GB";"2022-11-01 14:24:39";6.43
"Servidor-SPTECH";"ram";"ram_Usada";"GB";"2022-11-01 14:24:37";6.43
"Servidor-SPTECH";"ram";"ram_Usada";"GB";"2022-11-01 14:24:36";6.4
"Servidor-SPTECH";"ram";"ram_Usada";"GB";"2022-11-01 14:24:35";6.43
"Servidor-SPTECH";"ram";"ram_Usada";"GB";"2022-11-01 14:24:33";6.43
"Servidor-SPTECH";"ram";"ram_Usada";"GB";"2022-11-01 14:24:32";6.43
"Servidor-SPTECH";"ram";"ram_Usada";"GB";"2022-11-01 14:24:30";6.4
"Servidor-SPTECH";"ram";"ram_Usada";"GB";"2022-11-01 14:24:29";6.43
"Servidor-SPTECH";"ram";"ram_Usada";"GB";"2022-11-01 14:24:28";6.43
"Servidor-SPTECH";"ram";"ram_Usada";"GB";"2022-11-01 14:24:26";6.44
"Servidor-SPTECH";"ram";"ram_Usada";"GB";"2022-11-01 14:24:25";6.43
"Servidor-SPTECH";"ram";"ram_Usada";"GB";"2022-11-01 14:24:23";6.44
"Servidor-SPTECH";"ram";"ram_Usada";"GB";"2022-11-01 14:24:22";6.45
"Servidor-SPTECH";"ram";"ram_Usada";"GB";"2022-11-01 14:24:20";6.42
"Servidor-SPTECH";"ram";"ram_Usada";"GB";"2022-11-01 14:24:19";6.42
"Servidor-SPTECH";"ram";"ram_Usada";"GB";"2022-11-01 14:24:18";6.43
"Servidor-SPTECH";"ram";"ram_Usada";"GB";"2022-11-01 14:24:16";6.42
"Servidor-SPTECH";"ram";"ram_Usada";"GB";"2022-11-01 14:24:15";6.42
"Servidor-SPTECH";"ram";"ram_Usada";"GB";"2022-11-01 14:24:13";6.43
"Servidor-SPTECH";"ram";"ram_Usada";"GB";"2022-11-01 14:24:12";6.39
"Servidor-SPTECH";"ram";"ram_Usada";"GB";"2022-11-01 14:24:11";6.42
"Servidor-SPTECH";"ram";"ram_Usada";"GB";"2022-11-01 14:24:09";6.42
"Servidor-SPTECH";"ram";"ram_Usada";"GB";"2022-11-01 14:24:08";6.43
"Servidor-SPTECH";"ram";"ram_Usada";"GB";"2022-11-01 14:24:06";6.4
"Servidor-SPTECH";"ram";"ram_Usada";"GB";"2022-11-01 14:24:05";6.43
"Servidor-SPTECH";"ram";"ram_Usada";"GB";"2022-11-01 14:24:04";6.43
"Servidor-SPTECH";"ram";"ram_Usada";"GB";"2022-11-01 14:24:02";6.43
"Servidor-SPTECH";"ram";"ram_Usada";"GB";"2022-11-01 14:24:01";6.43
"Servidor-SPTECH";"ram";"ram_Usada";"GB";"2022-11-01 14:23:59";6.43
"Servidor-SPTECH";"ram";"ram_Usada";"GB";"2022-11-01 14:23:58";6.46
"Servidor-SPTECH";"ram";"ram_Usada";"GB";"2022-11-01 14:23:56";6.49
"Servidor-SPTECH";"ram";"ram_Usada";"GB";"2022-11-01 14:23:55";6.5
"Servidor-SPTECH";"ram";"ram_Usada";"GB";"2022-11-01 14:23:54";6.48
"Servidor-SPTECH";"ram";"ram_Usada";"GB";"2022-11-01 14:23:52";6.61
"Servidor-SPTECH";"ram";"ram_Usada";"GB";"2022-11-01 14:23:50";6.31
"Servidor-SPTECH";"ram";"ram_Usada";"GB";"2022-11-01 14:23:48";6.31
"Servidor-SPTECH";"ram";"ram_Usada";"GB";"2022-11-01 14:23:47";6.04
"Servidor-SPTECH";"ram";"ram_Usada";"GB";"2022-11-01 14:23:45";6.2
"Servidor-SPTECH";"ram";"ram_Usada";"GB";"2022-11-01 14:23:44";6.22
"Servidor-SPTECH";"ram";"ram_Usada";"GB";"2022-11-01 14:23:42";6.22
"Servidor-SPTECH";"ram";"ram_Usada";"GB";"2022-11-01 14:23:41";6.23
"Servidor-SPTECH";"ram";"ram_Usada";"GB";"2022-11-01 14:23:40";6.23
"Servidor-SPTECH";"ram";"ram_Usada";"GB";"2022-11-01 14:23:38";6.25
"Servidor-SPTECH";"ram";"ram_Usada";"GB";"2022-11-01 14:23:37";6.24
"Servidor-SPTECH";"ram";"ram_Usada";"GB";"2022-11-01 14:23:35";6.07
"Servidor-SPTECH";"ram";"ram_Usada";"GB";"2022-11-01 14:23:34";6.04
"Servidor-SPTECH";"ram";"ram_Usada";"GB";"2022-11-01 14:23:33";6.03
"Servidor-SPTECH";"ram";"ram_Usada";"GB";"2022-11-01 14:23:31";6.0
"Servidor-SPTECH";"ram";"ram_Usada";"GB";"2022-11-01 14:23:30";5.98
"Servidor-SPTECH";"ram";"ram_Usada";"GB";"2022-11-01 14:23:28";6.03
"Servidor-SPTECH";"ram";"ram_Usada";"GB";"2022-11-01 14:23:27";6.12
"Servidor-SPTECH";"ram";"ram_Usada";"GB";"2022-11-01 14:23:26";6.12
"Servidor-SPTECH";"ram";"ram_Usada";"GB";"2022-11-01 14:23:24";6.1
"Servidor-SPTECH";"ram";"ram_Usada";"GB";"2022-11-01 14:23:23";6.09
"Servidor-SPTECH";"ram";"ram_Usada";"GB";"2022-11-01 14:23:21";6.08
"Servidor-SPTECH";"ram";"ram_Usada";"GB";"2022-11-01 14:23:20";6.08
"Servidor-SPTECH";"ram";"ram_Usada";"GB";"2022-11-01 14:23:19";6.07
"Servidor-SPTECH";"ram";"ram_Usada";"GB";"2022-11-01 14:23:17";6.08
"Servidor-SPTECH";"ram";"ram_Usada";"GB";"2022-11-01 14:23:16";6.06
"Servidor-SPTECH";"ram";"ram_Usada";"GB";"2022-11-01 14:23:14";6.06
"Servidor-SPTECH";"ram";"ram_Usada";"GB";"2022-11-01 14:23:13";6.06
"Servidor-SPTECH";"ram";"ram_Usada";"GB";"2022-11-01 14:23:11";6.04
"Servidor-SPTECH";"ram";"ram_Usada";"GB";"2022-11-01 14:23:10";6.07
"Servidor-SPTECH";"ram";"ram_Usada";"GB";"2022-11-01 14:23:09";6.08
"Servidor-SPTECH";"ram";"ram_Usada";"GB";"2022-11-01 14:23:07";6.09
"Servidor-SPTECH";"ram";"ram_Usada";"GB";"2022-11-01 14:23:06";6.09
"Servidor-SPTECH";"ram";"ram_Usada";"GB";"2022-11-01 14:23:04";6.09
"Servidor-SPTECH";"ram";"ram_Usada";"GB";"2022-11-01 14:23:03";6.1
"Servidor-SPTECH";"ram";"ram_Usada";"GB";"2022-11-01 14:23:02";6.08
"Servidor-SPTECH";"ram";"ram_Usada";"GB";"2022-11-01 14:23:00";6.02
"Servidor-SPTECH";"ram";"ram_Usada";"GB";"2022-11-01 14:22:59";5.93
"Servidor-SPTECH";"ram";"ram_Usada";"GB";"2022-11-01 14:22:57";5.92
"Servidor-SPTECH";"ram";"ram_Usada";"GB";"2022-11-01 14:22:56";5.92
"Servidor-SPTECH";"ram";"ram_Usada";"GB";"2022-11-01 14:22:54";5.92
"Servidor-SPTECH";"ram";"ram_Usada";"GB";"2022-11-01 14:22:53";5.92
"Servidor-SPTECH";"ram";"ram_Usada";"GB";"2022-11-01 14:22:52";5.92
"Servidor-SPTECH";"ram";"ram_Usada";"GB";"2022-11-01 14:22:50";5.93
"Servidor-SPTECH";"ram";"ram_Usada";"GB";"2022-11-01 14:22:49";5.93
"Servidor-SPTECH";"ram";"ram_Usada";"GB";"2022-11-01 14:22:47";5.9
"Servidor-SPTECH";"ram";"ram_Usada";"GB";"2022-11-01 14:22:46";5.92
"Servidor-SPTECH";"ram";"ram_Usada";"GB";"2022-11-01 14:22:44";5.9
"Servidor-SPTECH";"ram";"ram_Usada";"GB";"2022-11-01 14:22:43";6.02
"Servidor-SPTECH";"ram";"ram_Usada";"GB";"2022-11-01 14:22:42";5.99
"Servidor-SPTECH";"ram";"ram_Usada";"GB";"2022-11-01 14:22:40";6.02
"Servidor-SPTECH";"ram";"ram_Usada";"GB";"2022-11-01 14:22:39";6.02
"Servidor-SPTECH";"ram";"ram_Usada";"GB";"2022-11-01 14:22:37";6.02
"Servidor-SPTECH";"ram";"ram_Usada";"GB";"2022-11-01 14:22:36";6.02
"Servidor-SPTECH";"ram";"ram_Usada";"GB";"2022-11-01 14:22:34";6.02
"Servidor-SPTECH";"ram";"ram_Usada";"GB";"2022-11-01 14:22:33";6.02
"Servidor-SPTECH";"ram";"ram_Usada";"GB";"2022-11-01 14:22:32";6.02
"Servidor-SPTECH";"ram";"ram_Usada";"GB";"2022-11-01 14:22:30";6.03
"Servidor-SPTECH";"ram";"ram_Usada";"GB";"2022-11-01 14:22:29";6.02
"Servidor-SPTECH";"ram";"ram_Usada";"GB";"2022-11-01 14:22:27";6.02
"Servidor-SPTECH";"ram";"ram_Usada";"GB";"2022-11-01 14:22:26";6.02
"Servidor-SPTECH";"ram";"ram_Usada";"GB";"2022-11-01 14:22:24";6.02
"Servidor-SPTECH";"ram";"ram_Usada";"GB";"2022-11-01 14:22:23";6.02
"Servidor-SPTECH";"ram";"ram_Usada";"GB";"2022-11-01 14:22:22";6.02
"Servidor-SPTECH";"ram";"ram_Usada";"GB";"2022-11-01 14:22:20";6.02
"Servidor-SPTECH";"ram";"ram_Usada";"GB";"2022-11-01 14:22:19";6.03
"Servidor-SPTECH";"ram";"ram_Usada";"GB";"2022-11-01 14:22:17";6.0
"Servidor-SPTECH";"ram";"ram_Usada";"GB";"2022-11-01 14:22:16";6.03
"Servidor-SPTECH";"ram";"ram_Usada";"GB";"2022-11-01 14:22:14";6.03
"Servidor-SPTECH";"ram";"ram_Usada";"GB";"2022-11-01 14:22:13";6.02
"Servidor-SPTECH";"ram";"ram_Usada";"GB";"2022-11-01 14:22:12";6.0
"Servidor-SPTECH";"ram";"ram_Usada";"GB";"2022-11-01 14:22:10";6.03
"Servidor-SPTECH";"ram";"ram_Usada";"GB";"2022-11-01 14:22:09";6.03
"Servidor-SPTECH";"ram";"ram_Usada";"GB";"2022-11-01 14:22:07";6.03
"Servidor-SPTECH";"ram";"ram_Usada";"GB";"2022-11-01 14:22:06";6.03
"Servidor-SPTECH";"ram";"ram_Usada";"GB";"2022-11-01 14:22:04";6.03
"Servidor-SPTECH";"ram";"ram_Usada";"GB";"2022-11-01 14:22:03";6.04
"Servidor-SPTECH";"ram";"ram_Usada";"GB";"2022-11-01 14:22:02";6.03
"Servidor-SPTECH";"ram";"ram_Usada";"GB";"2022-11-01 14:22:00";6.03
"Servidor-SPTECH";"ram";"ram_Usada";"GB";"2022-11-01 14:21:59";6.09
"Servidor-SPTECH";"ram";"ram_Usada";"GB";"2022-11-01 14:21:57";6.09
"Servidor-SPTECH";"ram";"ram_Usada";"GB";"2022-11-01 14:21:56";6.09
"Servidor-SPTECH";"ram";"ram_Usada";"GB";"2022-11-01 14:21:54";6.09
"Servidor-SPTECH";"ram";"ram_Usada";"GB";"2022-11-01 14:21:53";6.09
"Servidor-SPTECH";"ram";"ram_Usada";"GB";"2022-11-01 14:21:52";6.09
"Servidor-SPTECH";"ram";"ram_Usada";"GB";"2022-11-01 14:21:50";6.09
"Servidor-SPTECH";"ram";"ram_Usada";"GB";"2022-11-01 14:21:49";6.09
"Servidor-SPTECH";"ram";"ram_Usada";"GB";"2022-11-01 14:21:47";6.06
"Servidor-SPTECH";"ram";"ram_Usada";"GB";"2022-11-01 14:21:46";6.09
"Servidor-SPTECH";"ram";"ram_Usada";"GB";"2022-11-01 14:21:44";6.09
"Servidor-SPTECH";"ram";"ram_Usada";"GB";"2022-11-01 14:21:43";6.12
"Servidor-SPTECH";"ram";"ram_Usada";"GB";"2022-11-01 14:21:42";6.11
"Servidor-SPTECH";"ram";"ram_Usada";"GB";"2022-11-01 14:21:40";6.12
"Servidor-SPTECH";"ram";"ram_Usada";"GB";"2022-11-01 14:21:39";6.12
"Servidor-SPTECH";"ram";"ram_Usada";"GB";"2022-11-01 14:21:37";6.11
"Servidor-SPTECH";"ram";"ram_Usada";"GB";"2022-11-01 14:21:36";6.11
"Servidor-SPTECH";"ram";"ram_Usada";"GB";"2022-11-01 14:21:34";6.11
"Servidor-SPTECH";"ram";"ram_Usada";"GB";"2022-11-01 14:21:33";6.38
"Servidor-SPTECH";"ram";"ram_Usada";"GB";"2022-11-01 14:21:32";6.41
"Servidor-SPTECH";"ram";"ram_Usada";"GB";"2022-11-01 14:21:30";6.37
"Servidor-SPTECH";"ram";"ram_Usada";"GB";"2022-11-01 14:21:29";6.37
"Servidor-SPTECH";"ram";"ram_Usada";"GB";"2022-11-01 14:21:27";6.37
"Servidor-SPTECH";"ram";"ram_Usada";"GB";"2022-11-01 14:21:26";6.37
"Servidor-SPTECH";"ram";"ram_Usada";"GB";"2022-11-01 14:21:24";6.38
"Servidor-SPTECH";"ram";"ram_Usada";"GB";"2022-11-01 14:21:23";6.35
"Servidor-SPTECH";"ram";"ram_Usada";"GB";"2022-11-01 14:21:22";6.38
"Servidor-SPTECH";"ram";"ram_Usada";"GB";"2022-11-01 14:21:20";6.37
"Servidor-SPTECH";"ram";"ram_Usada";"GB";"2022-11-01 14:21:19";6.38
"Servidor-SPTECH";"ram";"ram_Usada";"GB";"2022-11-01 14:21:17";6.35
"Servidor-SPTECH";"ram";"ram_Usada";"GB";"2022-11-01 14:21:16";6.38
"Servidor-SPTECH";"ram";"ram_Usada";"GB";"2022-11-01 14:21:14";6.38
"Servidor-SPTECH";"ram";"ram_Usada";"GB";"2022-11-01 14:21:13";6.38
"Servidor-SPTECH";"ram";"ram_Usada";"GB";"2022-11-01 14:21:12";6.38
"Servidor-SPTECH";"ram";"ram_Usada";"GB";"2022-11-01 14:21:10";6.42
"Servidor-SPTECH";"ram";"ram_Usada";"GB";"2022-11-01 14:21:09";6.33
"Servidor-SPTECH";"ram";"ram_Usada";"GB";"2022-11-01 14:21:07";6.34
"Servidor-SPTECH";"ram";"ram_Usada";"GB";"2022-11-01 14:21:06";6.34
"Servidor-SPTECH";"ram";"ram_Usada";"GB";"2022-11-01 14:21:04";6.34
"Servidor-SPTECH";"ram";"ram_Usada";"GB";"2022-11-01 14:21:03";6.34
"Servidor-SPTECH";"ram";"ram_Usada";"GB";"2022-11-01 14:21:02";6.33
"Servidor-SPTECH";"ram";"ram_Usada";"GB";"2022-11-01 14:21:00";6.33
"Servidor-SPTECH";"ram";"ram_Usada";"GB";"2022-11-01 14:20:59";6.3
"Servidor-SPTECH";"ram";"ram_Usada";"GB";"2022-11-01 14:20:57";6.33
"Servidor-SPTECH";"ram";"ram_Usada";"GB";"2022-11-01 14:20:56";6.33
"Servidor-SPTECH";"ram";"ram_Usada";"GB";"2022-11-01 14:20:55";6.33
"Servidor-SPTECH";"ram";"ram_Usada";"GB";"2022-11-01 14:20:53";6.3
"Servidor-SPTECH";"ram";"ram_Usada";"GB";"2022-11-01 14:20:52";6.32
"Servidor-SPTECH";"ram";"ram_Usada";"GB";"2022-11-01 14:20:50";6.33
"Servidor-SPTECH";"ram";"ram_Usada";"GB";"2022-11-01 14:20:49";6.32
"Servidor-SPTECH";"ram";"ram_Usada";"GB";"2022-11-01 14:20:48";6.33
"Servidor-SPTECH";"ram";"ram_Usada";"GB";"2022-11-01 14:20:46";6.32
"Servidor-SPTECH";"ram";"ram_Usada";"GB";"2022-11-01 14:20:45";6.32
"Servidor-SPTECH";"ram";"ram_Usada";"GB";"2022-11-01 14:20:43";6.35
"Servidor-SPTECH";"ram";"ram_Usada";"GB";"2022-11-01 14:20:42";6.35
"Servidor-SPTECH";"ram";"ram_Usada";"GB";"2022-11-01 14:20:41";6.35
"Servidor-SPTECH";"ram";"ram_Usada";"GB";"2022-11-01 14:20:39";6.34
"Servidor-SPTECH";"ram";"ram_Usada";"GB";"2022-11-01 14:20:38";6.34
"Servidor-SPTECH";"ram";"ram_Usada";"GB";"2022-11-01 14:20:36";6.34
"Servidor-SPTECH";"ram";"ram_Usada";"GB";"2022-11-01 14:20:35";6.31
"Servidor-SPTECH";"ram";"ram_Usada";"GB";"2022-11-01 14:20:33";6.33
"Servidor-SPTECH";"ram";"ram_Usada";"GB";"2022-11-01 14:20:32";6.33
"Servidor-SPTECH";"ram";"ram_Usada";"GB";"2022-11-01 14:20:31";6.33
"Servidor-SPTECH";"ram";"ram_Usada";"GB";"2022-11-01 14:20:29";6.31
"Servidor-SPTECH";"ram";"ram_Usada";"GB";"2022-11-01 14:20:28";6.33
"Servidor-SPTECH";"ram";"ram_Usada";"GB";"2022-11-01 14:20:26";6.33
"Servidor-SPTECH";"ram";"ram_Usada";"GB";"2022-11-01 14:20:25";6.33
"Servidor-SPTECH";"ram";"ram_Usada";"GB";"2022-11-01 14:20:24";6.33
"Servidor-SPTECH";"ram";"ram_Usada";"GB";"2022-11-01 14:20:22";6.33
"Servidor-SPTECH";"ram";"ram_Usada";"GB";"2022-11-01 14:20:21";6.33
"Servidor-SPTECH";"ram";"ram_Usada";"GB";"2022-11-01 14:20:19";6.33
"Servidor-SPTECH";"ram";"ram_Usada";"GB";"2022-11-01 14:20:18";6.34
"Servidor-SPTECH";"ram";"ram_Usada";"GB";"2022-11-01 14:20:17";6.33
"Servidor-SPTECH";"ram";"ram_Usada";"GB";"2022-11-01 14:20:15";6.33
"Servidor-SPTECH";"ram";"ram_Usada";"GB";"2022-11-01 14:20:14";6.33
"Servidor-SPTECH";"ram";"ram_Usada";"GB";"2022-11-01 14:20:12";6.32
"Servidor-SPTECH";"ram";"ram_Usada";"GB";"2022-11-01 14:20:11";6.3
"Servidor-SPTECH";"ram";"ram_Usada";"GB";"2022-11-01 14:20:09";6.33
"Servidor-SPTECH";"ram";"ram_Usada";"GB";"2022-11-01 14:20:08";6.33
"Servidor-SPTECH";"ram";"ram_Usada";"GB";"2022-11-01 14:20:07";6.32
"Servidor-SPTECH";"ram";"ram_Usada";"GB";"2022-11-01 14:20:05";6.32
"Servidor-SPTECH";"ram";"ram_Usada";"GB";"2022-11-01 14:20:04";6.32
"Servidor-SPTECH";"ram";"ram_Usada";"GB";"2022-11-01 14:20:02";6.32
"Servidor-SPTECH";"ram";"ram_Usada";"GB";"2022-11-01 14:20:01";6.32
"Servidor-SPTECH";"ram";"ram_Usada";"GB";"2022-11-01 14:20:00";6.32
"Servidor-SPTECH";"ram";"ram_Usada";"GB";"2022-11-01 14:19:58";6.32
"Servidor-SPTECH";"ram";"ram_Usada";"GB";"2022-11-01 14:19:57";6.32
"Servidor-SPTECH";"ram";"ram_Usada";"GB";"2022-11-01 14:19:55";6.32
"Servidor-SPTECH";"ram";"ram_Usada";"GB";"2022-11-01 14:19:54";6.32
"Servidor-SPTECH";"ram";"ram_Usada";"GB";"2022-11-01 14:19:53";6.29
"Servidor-SPTECH";"ram";"ram_Usada";"GB";"2022-11-01 14:19:51";6.32
"Servidor-SPTECH";"ram";"ram_Usada";"GB";"2022-11-01 14:19:50";6.32
"Servidor-SPTECH";"ram";"ram_Usada";"GB";"2022-11-01 14:19:48";6.32
"Servidor-SPTECH";"ram";"ram_Usada";"GB";"2022-11-01 14:19:47";6.29
"Servidor-SPTECH";"ram";"ram_Usada";"GB";"2022-11-01 14:19:46";6.33
"Servidor-SPTECH";"ram";"ram_Usada";"GB";"2022-11-01 14:19:44";6.35
"Servidor-SPTECH";"ram";"ram_Usada";"GB";"2022-11-01 14:19:43";6.35
"Servidor-SPTECH";"ram";"ram_Usada";"GB";"2022-11-01 14:19:41";6.35
"Servidor-SPTECH";"ram";"ram_Usada";"GB";"2022-11-01 14:19:40";6.35
"Servidor-SPTECH";"ram";"ram_Usada";"GB";"2022-11-01 14:19:38";6.35
"Servidor-SPTECH";"ram";"ram_Usada";"GB";"2022-11-01 14:19:37";6.34
"Servidor-SPTECH";"ram";"ram_Usada";"GB";"2022-11-01 14:19:36";6.34
"Servidor-SPTECH";"ram";"ram_Usada";"GB";"2022-11-01 14:19:34";6.34
"Servidor-SPTECH";"ram";"ram_Usada";"GB";"2022-11-01 14:19:33";6.35
"Servidor-SPTECH";"ram";"ram_Usada";"GB";"2022-11-01 14:19:31";6.34
"Servidor-SPTECH";"ram";"ram_Usada";"GB";"2022-11-01 14:19:30";6.34
"Servidor-SPTECH";"ram";"ram_Usada";"GB";"2022-11-01 14:19:29";6.31
"Servidor-SPTECH";"ram";"ram_Usada";"GB";"2022-11-01 14:19:27";6.34
"Servidor-SPTECH";"ram";"ram_Usada";"GB";"2022-11-01 14:19:26";6.34
"Servidor-SPTECH";"ram";"ram_Usada";"GB";"2022-11-01 14:19:24";6.34
"Servidor-SPTECH";"ram";"ram_Usada";"GB";"2022-11-01 14:19:23";6.31
"Servidor-SPTECH";"ram";"ram_Usada";"GB";"2022-11-01 14:19:22";6.33
"Servidor-SPTECH";"ram";"ram_Usada";"GB";"2022-11-01 14:19:20";6.33
"Servidor-SPTECH";"ram";"ram_Usada";"GB";"2022-11-01 14:19:19";6.33
"Servidor-SPTECH";"ram";"ram_Usada";"GB";"2022-11-01 14:19:17";6.33
"Servidor-SPTECH";"ram";"ram_Usada";"GB";"2022-11-01 14:19:16";6.34
"Servidor-SPTECH";"ram";"ram_Usada";"GB";"2022-11-01 14:19:15";6.34
"Servidor-SPTECH";"ram";"ram_Usada";"GB";"2022-11-01 14:19:13";6.34
"Servidor-SPTECH";"ram";"ram_Usada";"GB";"2022-11-01 14:19:12";6.34
"Servidor-SPTECH";"ram";"ram_Usada";"GB";"2022-11-01 14:19:10";6.32
"Servidor-SPTECH";"ram";"ram_Usada";"GB";"2022-11-01 14:19:09";6.34
"Servidor-SPTECH";"ram";"ram_Usada";"GB";"2022-11-01 14:19:07";6.34
"Servidor-SPTECH";"ram";"ram_Usada";"GB";"2022-11-01 14:19:06";6.33
"Servidor-SPTECH";"ram";"ram_Usada";"GB";"2022-11-01 14:19:05";6.31
"Servidor-SPTECH";"ram";"ram_Usada";"GB";"2022-11-01 14:19:03";6.34
"Servidor-SPTECH";"ram";"ram_Usada";"GB";"2022-11-01 14:19:02";6.34
"Servidor-SPTECH";"ram";"ram_Usada";"GB";"2022-11-01 14:19:00";6.33
"Servidor-SPTECH";"ram";"ram_Usada";"GB";"2022-11-01 14:18:59";6.33
"Servidor-SPTECH";"ram";"ram_Usada";"GB";"2022-11-01 14:18:58";6.33
"Servidor-SPTECH";"ram";"ram_Usada";"GB";"2022-11-01 14:18:56";6.33
"Servidor-SPTECH";"ram";"ram_Usada";"GB";"2022-11-01 14:18:55";6.33
"Servidor-SPTECH";"ram";"ram_Usada";"GB";"2022-11-01 14:18:53";6.33
"Servidor-SPTECH";"ram";"ram_Usada";"GB";"2022-11-01 14:18:52";6.33
"Servidor-SPTECH";"ram";"ram_Usada";"GB";"2022-11-01 14:18:51";6.33
"Servidor-SPTECH";"ram";"ram_Usada";"GB";"2022-11-01 14:18:49";6.33
"Servidor-SPTECH";"ram";"ram_Usada";"GB";"2022-11-01 14:18:48";6.33
"Servidor-SPTECH";"ram";"ram_Usada";"GB";"2022-11-01 14:18:46";6.3
"Servidor-SPTECH";"ram";"ram_Usada";"GB";"2022-11-01 14:18:45";6.32
"Servidor-SPTECH";"ram";"ram_Usada";"GB";"2022-11-01 14:18:43";6.35
"Servidor-SPTECH";"ram";"ram_Usada";"GB";"2022-11-01 14:18:42";6.35
"Servidor-SPTECH";"ram";"ram_Usada";"GB";"2022-11-01 14:18:41";6.32
"Servidor-SPTECH";"ram";"ram_Usada";"GB";"2022-11-01 14:18:39";6.35
"Servidor-SPTECH";"ram";"ram_Usada";"GB";"2022-11-01 14:18:38";6.35
"Servidor-SPTECH";"ram";"ram_Usada";"GB";"2022-11-01 14:18:36";6.36
"Servidor-SPTECH";"ram";"ram_Usada";"GB";"2022-11-01 14:18:35";6.36
"Servidor-SPTECH";"ram";"ram_Usada";"GB";"2022-11-01 14:18:34";6.35
"Servidor-SPTECH";"ram";"ram_Usada";"GB";"2022-11-01 14:18:32";6.35
"Servidor-SPTECH";"ram";"ram_Usada";"GB";"2022-11-01 14:18:31";6.35
"Servidor-SPTECH";"ram";"ram_Usada";"GB";"2022-11-01 14:18:29";6.35
"Servidor-SPTECH";"ram";"ram_Usada";"GB";"2022-11-01 14:18:28";6.35
"Servidor-SPTECH";"ram";"ram_Usada";"GB";"2022-11-01 14:18:27";6.34
"Servidor-SPTECH";"ram";"ram_Usada";"GB";"2022-11-01 14:18:25";6.34
"Servidor-SPTECH";"ram";"ram_Usada";"GB";"2022-11-01 14:18:24";6.34
"Servidor-SPTECH";"ram";"ram_Usada";"GB";"2022-11-01 14:18:22";6.32
"Servidor-SPTECH";"ram";"ram_Usada";"GB";"2022-11-01 14:18:21";6.35
"Servidor-SPTECH";"ram";"ram_Usada";"GB";"2022-11-01 14:18:20";6.34
"Servidor-SPTECH";"ram";"ram_Usada";"GB";"2022-11-01 14:18:18";6.34
"Servidor-SPTECH";"ram";"ram_Usada";"GB";"2022-11-01 14:18:17";6.32
"Servidor-SPTECH";"ram";"ram_Usada";"GB";"2022-11-01 14:18:15";6.35
"Servidor-SPTECH";"ram";"ram_Usada";"GB";"2022-11-01 14:18:14";6.35
"Servidor-SPTECH";"ram";"ram_Usada";"GB";"2022-11-01 14:18:12";6.34
"Servidor-SPTECH";"ram";"ram_Usada";"GB";"2022-11-01 14:18:11";6.34
"Servidor-SPTECH";"ram";"ram_Usada";"GB";"2022-11-01 14:18:10";6.34
"Servidor-SPTECH";"ram";"ram_Usada";"GB";"2022-11-01 14:18:08";6.33
"Servidor-SPTECH";"ram";"ram_Usada";"GB";"2022-11-01 14:18:07";6.34
"Servidor-SPTECH";"ram";"ram_Usada";"GB";"2022-11-01 14:18:05";6.34
"Servidor-SPTECH";"ram";"ram_Usada";"GB";"2022-11-01 14:18:04";6.33
"Servidor-SPTECH";"ram";"ram_Usada";"GB";"2022-11-01 14:18:03";6.34
"Servidor-SPTECH";"ram";"ram_Usada";"GB";"2022-11-01 14:18:01";6.34
"Servidor-SPTECH";"ram";"ram_Usada";"GB";"2022-11-01 14:18:00";6.34
"Servidor-SPTECH";"ram";"ram_Usada";"GB";"2022-11-01 14:17:58";6.31
"Servidor-SPTECH";"ram";"ram_Usada";"GB";"2022-11-01 14:17:57";6.34
"Servidor-SPTECH";"ram";"ram_Usada";"GB";"2022-11-01 14:17:56";6.33
"Servidor-SPTECH";"ram";"ram_Usada";"GB";"2022-11-01 14:17:54";6.34
"Servidor-SPTECH";"ram";"ram_Usada";"GB";"2022-11-01 14:17:53";6.32
"Servidor-SPTECH";"ram";"ram_Usada";"GB";"2022-11-01 14:17:51";6.34
"Servidor-SPTECH";"ram";"ram_Usada";"GB";"2022-11-01 14:17:50";6.34
"Servidor-SPTECH";"ram";"ram_Usada";"GB";"2022-11-01 14:17:49";6.34
"Servidor-SPTECH";"ram";"ram_Usada";"GB";"2022-11-01 14:17:47";6.33
"Servidor-SPTECH";"ram";"ram_Usada";"GB";"2022-11-01 14:17:46";6.33
"Servidor-SPTECH";"ram";"ram_Usada";"GB";"2022-11-01 14:17:44";6.34
"Servidor-SPTECH";"ram";"ram_Usada";"GB";"2022-11-01 14:17:43";6.35
"Servidor-SPTECH";"ram";"ram_Usada";"GB";"2022-11-01 14:17:41";6.35
"Servidor-SPTECH";"ram";"ram_Usada";"GB";"2022-11-01 14:17:40";6.32
"Servidor-SPTECH";"ram";"ram_Usada";"GB";"2022-11-01 14:17:39";6.34
"Servidor-SPTECH";"ram";"ram_Usada";"GB";"2022-11-01 14:17:37";6.35
"Servidor-SPTECH";"ram";"ram_Usada";"GB";"2022-11-01 14:17:36";6.34
"Servidor-SPTECH";"ram";"ram_Usada";"GB";"2022-11-01 14:17:34";6.31
"Servidor-SPTECH";"ram";"ram_Usada";"GB";"2022-11-01 14:17:33";6.34
"Servidor-SPTECH";"ram";"ram_Usada";"GB";"2022-11-01 14:17:32";6.34
"Servidor-SPTECH";"ram";"ram_Usada";"GB";"2022-11-01 14:17:30";6.34
"Servidor-SPTECH";"ram";"ram_Usada";"GB";"2022-11-01 14:17:29";6.35
"Servidor-SPTECH";"ram";"ram_Usada";"GB";"2022-11-01 14:17:27";6.34
"Servidor-SPTECH";"ram";"ram_Usada";"GB";"2022-11-01 14:17:26";6.34
"Servidor-SPTECH";"ram";"ram_Usada";"GB";"2022-11-01 14:17:25";6.34
"Servidor-SPTECH";"ram";"ram_Usada";"GB";"2022-11-01 14:17:23";6.34
"Servidor-SPTECH";"ram";"ram_Usada";"GB";"2022-11-01 14:17:22";6.34
"Servidor-SPTECH";"ram";"ram_Usada";"GB";"2022-11-01 14:17:20";6.34
"Servidor-SPTECH";"ram";"ram_Usada";"GB";"2022-11-01 14:17:19";6.34
"Servidor-SPTECH";"ram";"ram_Usada";"GB";"2022-11-01 14:17:18";6.37
"Servidor-SPTECH";"ram";"ram_Usada";"GB";"2022-11-01 14:17:16";6.34
"Servidor-SPTECH";"ram";"ram_Usada";"GB";"2022-11-01 14:17:15";6.37
"Servidor-SPTECH";"ram";"ram_Usada";"GB";"2022-11-01 14:17:13";6.37
"Servidor-SPTECH";"ram";"ram_Usada";"GB";"2022-11-01 14:17:12";6.38
"Servidor-SPTECH";"ram";"ram_Usada";"GB";"2022-11-01 14:17:10";6.35
"Servidor-SPTECH";"ram";"ram_Usada";"GB";"2022-11-01 14:17:09";6.38
"Servidor-SPTECH";"ram";"ram_Usada";"GB";"2022-11-01 14:17:08";6.37
"Servidor-SPTECH";"ram";"ram_Usada";"GB";"2022-11-01 14:17:06";6.37
"Servidor-SPTECH";"ram";"ram_Usada";"GB";"2022-11-01 14:17:05";6.37
"Servidor-SPTECH";"ram";"ram_Usada";"GB";"2022-11-01 14:17:03";6.38
"Servidor-SPTECH";"ram";"ram_Usada";"GB";"2022-11-01 14:17:02";6.38
"Servidor-SPTECH";"ram";"ram_Usada";"GB";"2022-11-01 14:17:01";6.38
"Servidor-SPTECH";"ram";"ram_Usada";"GB";"2022-11-01 14:16:59";6.38
"Servidor-SPTECH";"ram";"ram_Usada";"GB";"2022-11-01 14:16:58";6.35
"Servidor-SPTECH";"ram";"ram_Usada";"GB";"2022-11-01 14:16:56";6.38
"Servidor-SPTECH";"ram";"ram_Usada";"GB";"2022-11-01 14:16:55";6.38
"Servidor-SPTECH";"ram";"ram_Usada";"GB";"2022-11-01 14:16:54";6.37
"Servidor-SPTECH";"ram";"ram_Usada";"GB";"2022-11-01 14:16:52";6.34
"Servidor-SPTECH";"ram";"ram_Usada";"GB";"2022-11-01 14:16:51";6.36
"Servidor-SPTECH";"ram";"ram_Usada";"GB";"2022-11-01 14:16:49";6.36
"Servidor-SPTECH";"ram";"ram_Usada";"GB";"2022-11-01 14:16:48";6.36
"Servidor-SPTECH";"ram";"ram_Usada";"GB";"2022-11-01 14:16:47";6.33
"Servidor-SPTECH";"ram";"ram_Usada";"GB";"2022-11-01 14:16:45";6.36
"Servidor-SPTECH";"ram";"ram_Usada";"GB";"2022-11-01 14:16:44";6.38
"Servidor-SPTECH";"ram";"ram_Usada";"GB";"2022-11-01 14:16:42";6.38
"Servidor-SPTECH";"ram";"ram_Usada";"GB";"2022-11-01 14:16:41";6.38
"Servidor-SPTECH";"ram";"ram_Usada";"GB";"2022-11-01 14:16:39";6.38
"Servidor-SPTECH";"ram";"ram_Usada";"GB";"2022-11-01 14:16:38";6.38
"Servidor-SPTECH";"ram";"ram_Usada";"GB";"2022-11-01 14:16:37";6.38
"Servidor-SPTECH";"ram";"ram_Usada";"GB";"2022-11-01 14:16:35";6.38
"Servidor-SPTECH";"ram";"ram_Usada";"GB";"2022-11-01 14:16:34";6.35
"Servidor-SPTECH";"ram";"ram_Usada";"GB";"2022-11-01 14:16:32";6.38
"Servidor-SPTECH";"ram";"ram_Usada";"GB";"2022-11-01 14:16:31";6.38
"Servidor-SPTECH";"ram";"ram_Usada";"GB";"2022-11-01 14:16:30";6.37
"Servidor-SPTECH";"ram";"ram_Usada";"GB";"2022-11-01 14:16:28";6.35
"Servidor-SPTECH";"ram";"ram_Usada";"GB";"2022-11-01 14:16:27";6.38
"Servidor-SPTECH";"ram";"ram_Usada";"GB";"2022-11-01 14:16:25";6.38
"Servidor-SPTECH";"ram";"ram_Usada";"GB";"2022-11-01 14:16:24";6.38
"Servidor-SPTECH";"ram";"ram_Usada";"GB";"2022-11-01 14:16:23";6.37
"Servidor-SPTECH";"ram";"ram_Usada";"GB";"2022-11-01 14:16:21";6.38
"Servidor-SPTECH";"ram";"ram_Usada";"GB";"2022-11-01 14:16:20";6.38
"Servidor-SPTECH";"ram";"ram_Usada";"GB";"2022-11-01 14:16:18";6.36
"Servidor-SPTECH";"ram";"ram_Usada";"GB";"2022-11-01 14:16:17";6.36
"Servidor-SPTECH";"ram";"ram_Usada";"GB";"2022-11-01 14:16:15";6.36
"Servidor-SPTECH";"ram";"ram_Usada";"GB";"2022-11-01 14:16:14";6.36
"Servidor-SPTECH";"ram";"ram_Usada";"GB";"2022-11-01 14:16:13";6.6
"Servidor-SPTECH";"ram";"ram_Usada";"GB";"2022-11-01 14:16:11";6.61
"Servidor-SPTECH";"ram";"ram_Usada";"GB";"2022-11-01 14:16:10";6.59
"Servidor-SPTECH";"ram";"ram_Usada";"GB";"2022-11-01 14:16:08";6.62
"Servidor-SPTECH";"ram";"ram_Usada";"GB";"2022-11-01 14:16:07";6.62
"Servidor-SPTECH";"ram";"ram_Usada";"GB";"2022-11-01 14:16:06";6.61
"Servidor-SPTECH";"ram";"ram_Usada";"GB";"2022-11-01 14:16:04";6.58
"Servidor-SPTECH";"ram";"ram_Usada";"GB";"2022-11-01 14:16:03";6.61
"Servidor-SPTECH";"ram";"ram_Usada";"GB";"2022-11-01 14:16:01";6.61
"Servidor-SPTECH";"ram";"ram_Usada";"GB";"2022-11-01 14:16:00";6.9
"Servidor-SPTECH";"ram";"ram_Usada";"GB";"2022-11-01 14:15:59";6.9
"Servidor-SPTECH";"ram";"ram_Usada";"GB";"2022-11-01 14:15:57";6.91
"Servidor-SPTECH";"ram";"ram_Usada";"GB";"2022-11-01 14:15:56";6.91
"Servidor-SPTECH";"ram";"ram_Usada";"GB";"2022-11-01 14:15:54";6.92
"Servidor-SPTECH";"ram";"ram_Usada";"GB";"2022-11-01 14:15:53";6.91
"Servidor-SPTECH";"ram";"ram_Usada";"GB";"2022-11-01 14:15:52";6.88
"Servidor-SPTECH";"ram";"ram_Usada";"GB";"2022-11-01 14:15:50";6.98
"Servidor-SPTECH";"ram";"ram_Usada";"GB";"2022-11-01 14:15:49";7.01
"Servidor-SPTECH";"ram";"ram_Usada";"GB";"2022-11-01 14:15:47";7.02
"Servidor-SPTECH";"ram";"ram_Usada";"GB";"2022-11-01 14:15:46";6.96
"Servidor-SPTECH";"ram";"ram_Usada";"GB";"2022-11-01 14:15:44";6.85
"Servidor-SPTECH";"ram";"ram_Usada";"GB";"2022-11-01 14:15:43";6.79
"Servidor-SPTECH";"ram";"ram_Usada";"GB";"2022-11-01 14:15:41";6.78
"Servidor-SPTECH";"ram";"ram_Usada";"GB";"2022-11-01 14:15:40";6.88
"Servidor-SPTECH";"ram";"ram_Usada";"GB";"2022-11-01 14:15:39";6.91
"Servidor-SPTECH";"ram";"ram_Usada";"GB";"2022-11-01 14:15:37";6.78
"Servidor-SPTECH";"ram";"ram_Usada";"GB";"2022-11-01 14:15:36";6.8
"Servidor-SPTECH";"ram";"ram_Usada";"GB";"2022-11-01 14:15:34";6.79
"Servidor-SPTECH";"ram";"ram_Usada";"GB";"2022-11-01 14:15:33";6.7
"Servidor-SPTECH";"ram";"ram_Usada";"GB";"2022-11-01 14:15:31";6.7
"Servidor-SPTECH";"ram";"ram_Usada";"GB";"2022-11-01 14:15:30";6.71
"Servidor-SPTECH";"ram";"ram_Usada";"GB";"2022-11-01 14:15:29";6.71
"Servidor-SPTECH";"ram";"ram_Usada";"GB";"2022-11-01 14:15:27";6.71
"Servidor-SPTECH";"ram";"ram_Usada";"GB";"2022-11-01 14:15:26";6.67
"Servidor-SPTECH";"ram";"ram_Usada";"GB";"2022-11-01 14:15:24";6.68
"Servidor-SPTECH";"ram";"ram_Usada";"GB";"2022-11-01 14:15:23";6.49
"Servidor-SPTECH";"ram";"ram_Usada";"GB";"2022-11-01 14:15:22";6.18
"Servidor-SPTECH";"ram";"ram_Usada";"GB";"2022-11-01 14:15:20";6.22
"Servidor-SPTECH";"ram";"ram_Usada";"GB";"2022-11-01 14:15:19";6.23
"Servidor-SPTECH";"ram";"ram_Usada";"GB";"2022-11-01 14:15:17";6.24
"Servidor-SPTECH";"ram";"ram_Usada";"GB";"2022-11-01 14:15:16";6.33
"Servidor-SPTECH";"ram";"ram_Usada";"GB";"2022-11-01 14:15:14";6.38
"Servidor-SPTECH";"ram";"ram_Usada";"GB";"2022-11-01 14:15:13";6.42
"Servidor-SPTECH";"ram";"ram_Usada";"GB";"2022-11-01 14:15:12";6.46
"Servidor-SPTECH";"ram";"ram_Usada";"GB";"2022-11-01 14:15:10";6.44
"Servidor-SPTECH";"ram";"ram_Usada";"GB";"2022-11-01 14:15:09";6.72
"Servidor-SPTECH";"ram";"ram_Usada";"GB";"2022-11-01 14:15:07";6.71
"Servidor-SPTECH";"ram";"ram_Usada";"GB";"2022-11-01 14:15:06";6.93
"Servidor-SPTECH";"ram";"ram_Usada";"GB";"2022-11-01 14:15:04";6.94
"Servidor-SPTECH";"ram";"ram_Usada";"GB";"2022-11-01 14:15:03";6.91
"Servidor-SPTECH";"ram";"ram_Usada";"GB";"2022-11-01 14:15:01";6.9
"Servidor-SPTECH";"ram";"ram_Usada";"GB";"2022-11-01 14:15:00";6.89
"Servidor-SPTECH";"ram";"ram_Usada";"GB";"2022-11-01 14:14:59";6.75
"Servidor-SPTECH";"ram";"ram_Usada";"GB";"2022-11-01 14:14:57";6.69
"Servidor-SPTECH";"ram";"ram_Usada";"GB";"2022-11-01 14:14:56";6.68
"Servidor-SPTECH";"ram";"ram_Usada";"GB";"2022-11-01 14:14:54";6.68
"Servidor-SPTECH";"ram";"ram_Usada";"GB";"2022-11-01 14:14:53";6.69
"Servidor-SPTECH";"ram";"ram_Usada";"GB";"2022-11-01 14:14:52";6.57
"Servidor-SPTECH";"ram";"ram_Usada";"GB";"2022-11-01 14:14:50";6.42
"Servidor-SPTECH";"ram";"ram_Usada";"GB";"2022-11-01 14:14:49";6.42
"Servidor-SPTECH";"ram";"ram_Usada";"GB";"2022-11-01 14:14:47";6.29
"Servidor-SPTECH";"ram";"ram_Usada";"GB";"2022-11-01 14:14:46";6.25
"Servidor-SPTECH";"ram";"ram_Usada";"GB";"2022-11-01 14:14:44";6.29
"Servidor-SPTECH";"ram";"ram_Usada";"GB";"2022-11-01 14:14:43";6.38
"Servidor-SPTECH";"ram";"ram_Usada";"GB";"2022-11-01 14:14:42";6.53
"Servidor-SPTECH";"ram";"ram_Usada";"GB";"2022-11-01 14:14:40";6.5
"Servidor-SPTECH";"ram";"ram_Usada";"GB";"2022-11-01 14:14:39";6.72
"Servidor-SPTECH";"ram";"ram_Usada";"GB";"2022-11-01 14:14:37";6.72
"Servidor-SPTECH";"ram";"ram_Usada";"GB";"2022-11-01 14:14:36";6.71
"Servidor-SPTECH";"ram";"ram_Usada";"GB";"2022-11-01 14:14:35";6.71
"Servidor-SPTECH";"ram";"ram_Usada";"GB";"2022-11-01 14:14:33";6.69
"Servidor-SPTECH";"ram";"ram_Usada";"GB";"2022-11-01 14:14:32";6.68
"Servidor-SPTECH";"ram";"ram_Usada";"GB";"2022-11-01 14:14:30";6.69
"Servidor-SPTECH";"ram";"ram_Usada";"GB";"2022-11-01 14:14:29";6.69
"Servidor-SPTECH";"ram";"ram_Usada";"GB";"2022-11-01 14:14:27";6.66
"Servidor-SPTECH";"ram";"ram_Usada";"GB";"2022-11-01 14:14:26";6.69
"Servidor-SPTECH";"ram";"ram_Usada";"GB";"2022-11-01 14:14:25";6.69
"Servidor-SPTECH";"ram";"ram_Usada";"GB";"2022-11-01 14:14:23";6.69
"Servidor-SPTECH";"ram";"ram_Usada";"GB";"2022-11-01 14:14:22";6.65
"Servidor-SPTECH";"ram";"ram_Usada";"GB";"2022-11-01 14:14:20";6.68
"Servidor-SPTECH";"ram";"ram_Usada";"GB";"2022-11-01 14:14:19";6.67
"Servidor-SPTECH";"ram";"ram_Usada";"GB";"2022-11-01 14:14:18";6.66
"Servidor-SPTECH";"ram";"ram_Usada";"GB";"2022-11-01 14:14:16";6.85
"Servidor-SPTECH";"ram";"ram_Usada";"GB";"2022-11-01 14:14:15";6.85
"Servidor-SPTECH";"ram";"ram_Usada";"GB";"2022-11-01 14:14:13";6.85
"Servidor-SPTECH";"ram";"ram_Usada";"GB";"2022-11-01 14:14:12";6.85
"Servidor-SPTECH";"ram";"ram_Usada";"GB";"2022-11-01 14:14:11";6.85
"Servidor-SPTECH";"ram";"ram_Usada";"GB";"2022-11-01 14:14:09";6.8
"Servidor-SPTECH";"ram";"ram_Usada";"GB";"2022-11-01 14:14:08";6.83
"Servidor-SPTECH";"ram";"ram_Usada";"GB";"2022-11-01 14:14:06";6.83
"Servidor-SPTECH";"ram";"ram_Usada";"GB";"2022-11-01 14:14:05";6.82
"Servidor-SPTECH";"ram";"ram_Usada";"GB";"2022-11-01 14:14:03";6.8
"Servidor-SPTECH";"ram";"ram_Usada";"GB";"2022-11-01 14:14:02";6.83
"Servidor-SPTECH";"ram";"ram_Usada";"GB";"2022-11-01 14:14:00";6.85
"Servidor-SPTECH";"ram";"ram_Usada";"GB";"2022-11-01 14:13:59";6.84
"Servidor-SPTECH";"ram";"ram_Usada";"GB";"2022-11-01 14:13:58";6.82
"Servidor-SPTECH";"ram";"ram_Usada";"GB";"2022-11-01 14:13:56";6.86
"Servidor-SPTECH";"ram";"ram_Usada";"GB";"2022-11-01 14:13:55";6.83
"Servidor-SPTECH";"ram";"ram_Usada";"GB";"2022-11-01 14:13:53";6.74
"Servidor-SPTECH";"ram";"ram_Usada";"GB";"2022-11-01 14:13:52";6.35
"Servidor-SPTECH";"ram";"ram_Usada";"GB";"2022-11-01 14:13:50";6.34
"Servidor-SPTECH";"ram";"ram_Usada";"GB";"2022-11-01 14:13:49";6.34
"Servidor-SPTECH";"ram";"ram_Usada";"GB";"2022-11-01 14:13:48";6.34
"Servidor-SPTECH";"ram";"ram_Usada";"GB";"2022-11-01 14:13:46";6.33
"Servidor-SPTECH";"ram";"ram_Usada";"GB";"2022-11-01 14:13:45";6.33
"Servidor-SPTECH";"ram";"ram_Usada";"GB";"2022-11-01 14:13:43";6.35
"Servidor-SPTECH";"ram";"ram_Usada";"GB";"2022-11-01 14:13:42";6.36
"Servidor-SPTECH";"ram";"ram_Usada";"GB";"2022-11-01 14:13:40";6.36
"Servidor-SPTECH";"ram";"ram_Usada";"GB";"2022-11-01 14:13:39";6.36
"Servidor-SPTECH";"ram";"ram_Usada";"GB";"2022-11-01 14:13:38";6.36
"Servidor-SPTECH";"ram";"ram_Usada";"GB";"2022-11-01 14:13:36";6.36
"Servidor-SPTECH";"ram";"ram_Usada";"GB";"2022-11-01 14:13:35";6.37
"Servidor-SPTECH";"ram";"ram_Usada";"GB";"2022-11-01 14:13:33";6.36
"Servidor-SPTECH";"ram";"ram_Usada";"GB";"2022-11-01 14:13:32";6.36
"Servidor-SPTECH";"ram";"ram_Usada";"GB";"2022-11-01 14:13:31";6.35
"Servidor-SPTECH";"ram";"ram_Usada";"GB";"2022-11-01 14:13:29";6.35
"Servidor-SPTECH";"ram";"ram_Usada";"GB";"2022-11-01 14:13:28";6.35
"Servidor-SPTECH";"ram";"ram_Usada";"GB";"2022-11-01 14:13:26";6.35
"Servidor-SPTECH";"ram";"ram_Usada";"GB";"2022-11-01 14:13:25";6.34
"Servidor-SPTECH";"ram";"ram_Usada";"GB";"2022-11-01 14:13:23";6.34
"Servidor-SPTECH";"ram";"ram_Usada";"GB";"2022-11-01 14:13:22";6.34
"Servidor-SPTECH";"ram";"ram_Usada";"GB";"2022-11-01 14:13:21";6.34
"Servidor-SPTECH";"ram";"ram_Usada";"GB";"2022-11-01 14:13:19";6.34
"Servidor-SPTECH";"ram";"ram_Usada";"GB";"2022-11-01 14:13:18";6.33
"Servidor-SPTECH";"ram";"ram_Usada";"GB";"2022-11-01 14:13:16";6.33
"Servidor-SPTECH";"ram";"ram_Usada";"GB";"2022-11-01 14:13:15";6.33
"Servidor-SPTECH";"ram";"ram_Usada";"GB";"2022-11-01 14:13:13";6.34
"Servidor-SPTECH";"ram";"ram_Usada";"GB";"2022-11-01 14:13:12";6.33
"Servidor-SPTECH";"ram";"ram_Usada";"GB";"2022-11-01 14:13:11";6.33
"Servidor-SPTECH";"ram";"ram_Usada";"GB";"2022-11-01 14:13:09";6.33
"Servidor-SPTECH";"ram";"ram_Usada";"GB";"2022-11-01 14:13:08";6.33
"Servidor-SPTECH";"ram";"ram_Usada";"GB";"2022-11-01 14:13:06";6.33
"Servidor-SPTECH";"ram";"ram_Usada";"GB";"2022-11-01 14:13:05";6.34
"Servidor-SPTECH";"ram";"ram_Usada";"GB";"2022-11-01 14:13:04";6.33
"Servidor-SPTECH";"ram";"ram_Usada";"GB";"2022-11-01 14:13:02";6.33
"Servidor-SPTECH";"ram";"ram_Usada";"GB";"2022-11-01 14:13:01";6.33
"Servidor-SPTECH";"ram";"ram_Usada";"GB";"2022-11-01 14:12:59";6.32
"Servidor-SPTECH";"ram";"ram_Usada";"GB";"2022-11-01 14:12:58";6.32
"Servidor-SPTECH";"ram";"ram_Usada";"GB";"2022-11-01 14:12:57";6.33
"Servidor-SPTECH";"ram";"ram_Usada";"GB";"2022-11-01 14:12:55";6.33
"Servidor-SPTECH";"ram";"ram_Usada";"GB";"2022-11-01 14:12:54";6.33
"Servidor-SPTECH";"ram";"ram_Usada";"GB";"2022-11-01 14:12:52";6.33
"Servidor-SPTECH";"ram";"ram_Usada";"GB";"2022-11-01 14:12:51";6.33
"Servidor-SPTECH";"ram";"ram_Usada";"GB";"2022-11-01 14:12:49";6.34
"Servidor-SPTECH";"ram";"ram_Usada";"GB";"2022-11-01 14:12:48";6.33
"Servidor-SPTECH";"ram";"ram_Usada";"GB";"2022-11-01 14:12:47";6.43
"Servidor-SPTECH";"ram";"ram_Usada";"GB";"2022-11-01 14:12:45";6.43
"Servidor-SPTECH";"ram";"ram_Usada";"GB";"2022-11-01 14:12:44";6.72
"Servidor-SPTECH";"ram";"ram_Usada";"GB";"2022-11-01 14:12:42";6.79
"Servidor-SPTECH";"ram";"ram_Usada";"GB";"2022-11-01 14:12:41";7.03
"Servidor-SPTECH";"ram";"ram_Usada";"GB";"2022-11-01 14:12:39";7.02
"Servidor-SPTECH";"ram";"ram_Usada";"GB";"2022-11-01 14:12:38";7.03
"Servidor-SPTECH";"ram";"ram_Usada";"GB";"2022-11-01 14:12:37";7.04
"Servidor-SPTECH";"ram";"ram_Usada";"GB";"2022-11-01 14:12:35";7.07
"Servidor-SPTECH";"ram";"ram_Usada";"GB";"2022-11-01 14:12:34";6.96
"Servidor-SPTECH";"ram";"ram_Usada";"GB";"2022-11-01 14:12:32";6.95
"Servidor-SPTECH";"ram";"ram_Usada";"GB";"2022-11-01 14:12:31";6.62
"Servidor-SPTECH";"ram";"ram_Usada";"GB";"2022-11-01 14:12:29";6.48
"Servidor-SPTECH";"ram";"ram_Usada";"GB";"2022-11-01 14:12:28";6.47
"Servidor-SPTECH";"ram";"ram_Usada";"GB";"2022-11-01 14:12:27";6.46
"Servidor-SPTECH";"ram";"ram_Usada";"GB";"2022-11-01 14:12:25";6.28
"Servidor-SPTECH";"ram";"ram_Usada";"GB";"2022-11-01 14:12:24";6.27
"Servidor-SPTECH";"ram";"ram_Usada";"GB";"2022-11-01 14:12:22";6.24
"Servidor-SPTECH";"ram";"ram_Usada";"GB";"2022-11-01 14:12:21";6.21
"Servidor-SPTECH";"ram";"ram_Usada";"GB";"2022-11-01 14:12:19";6.22
"Servidor-SPTECH";"ram";"ram_Usada";"GB";"2022-11-01 14:12:18";6.22
"Servidor-SPTECH";"ram";"ram_Usada";"GB";"2022-11-01 14:12:17";6.22
"Servidor-SPTECH";"ram";"ram_Usada";"GB";"2022-11-01 14:12:15";6.23
"Servidor-SPTECH";"ram";"ram_Usada";"GB";"2022-11-01 14:12:14";6.23
"Servidor-SPTECH";"ram";"ram_Usada";"GB";"2022-11-01 14:12:12";6.23
"Servidor-SPTECH";"ram";"ram_Usada";"GB";"2022-11-01 14:12:11";6.23
"Servidor-SPTECH";"ram";"ram_Usada";"GB";"2022-11-01 14:12:09";6.21
"Servidor-SPTECH";"ram";"ram_Usada";"GB";"2022-11-01 14:12:08";6.21
"Servidor-SPTECH";"ram";"ram_Usada";"GB";"2022-11-01 14:12:07";6.19
"Servidor-SPTECH";"ram";"ram_Usada";"GB";"2022-11-01 14:12:05";6.21
"Servidor-SPTECH";"ram";"ram_Usada";"GB";"2022-11-01 14:12:04";6.2
"Servidor-SPTECH";"ram";"ram_Usada";"GB";"2022-11-01 14:12:02";6.21
"Servidor-SPTECH";"ram";"ram_Usada";"GB";"2022-11-01 14:12:01";6.21
"Servidor-SPTECH";"ram";"ram_Usada";"GB";"2022-11-01 14:12:00";6.21
"Servidor-SPTECH";"ram";"ram_Usada";"GB";"2022-11-01 14:11:58";6.29
"Servidor-SPTECH";"ram";"ram_Usada";"GB";"2022-11-01 14:11:57";6.3
"Servidor-SPTECH";"ram";"ram_Usada";"GB";"2022-11-01 14:11:55";6.29
"Servidor-SPTECH";"ram";"ram_Usada";"GB";"2022-11-01 14:11:54";6.3
"Servidor-SPTECH";"ram";"ram_Usada";"GB";"2022-11-01 14:11:52";6.3
"Servidor-SPTECH";"ram";"ram_Usada";"GB";"2022-11-01 14:11:51";6.29
"Servidor-SPTECH";"ram";"ram_Usada";"GB";"2022-11-01 14:11:50";6.29
"Servidor-SPTECH";"ram";"ram_Usada";"GB";"2022-11-01 14:11:48";6.27
"Servidor-SPTECH";"ram";"ram_Usada";"GB";"2022-11-01 14:11:47";6.28
"Servidor-SPTECH";"ram";"ram_Usada";"GB";"2022-11-01 14:11:45";6.28
"Servidor-SPTECH";"ram";"ram_Usada";"GB";"2022-11-01 14:11:44";6.31
"Servidor-SPTECH";"ram";"ram_Usada";"GB";"2022-11-01 14:11:43";6.29
"Servidor-SPTECH";"ram";"ram_Usada";"GB";"2022-11-01 14:11:41";6.31
"Servidor-SPTECH";"ram";"ram_Usada";"GB";"2022-11-01 14:11:40";6.31
"Servidor-SPTECH";"ram";"ram_Usada";"GB";"2022-11-01 14:11:38";6.32
"Servidor-SPTECH";"ram";"ram_Usada";"GB";"2022-11-01 14:11:37";6.32
"Servidor-SPTECH";"ram";"ram_Usada";"GB";"2022-11-01 14:11:35";6.32
"Servidor-SPTECH";"ram";"ram_Usada";"GB";"2022-11-01 14:11:34";6.32
"Servidor-SPTECH";"ram";"ram_Usada";"GB";"2022-11-01 14:11:33";6.31
"Servidor-SPTECH";"ram";"ram_Usada";"GB";"2022-11-01 14:11:31";6.31
"Servidor-SPTECH";"ram";"ram_Usada";"GB";"2022-11-01 14:11:30";6.31
"Servidor-SPTECH";"ram";"ram_Usada";"GB";"2022-11-01 14:11:28";6.31
"Servidor-SPTECH";"ram";"ram_Usada";"GB";"2022-11-01 14:11:27";6.31
"Servidor-SPTECH";"ram";"ram_Usada";"GB";"2022-11-01 14:11:25";6.32
"Servidor-SPTECH";"ram";"ram_Usada";"GB";"2022-11-01 14:11:24";6.32
"Servidor-SPTECH";"ram";"ram_Usada";"GB";"2022-11-01 14:11:23";6.32
"Servidor-SPTECH";"ram";"ram_Usada";"GB";"2022-11-01 14:11:21";6.35
"Servidor-SPTECH";"ram";"ram_Usada";"GB";"2022-11-01 14:11:20";6.36
"Servidor-SPTECH";"ram";"ram_Usada";"GB";"2022-11-01 14:11:18";6.32
"Servidor-SPTECH";"ram";"ram_Usada";"GB";"2022-11-01 14:11:17";6.34
"Servidor-SPTECH";"ram";"ram_Usada";"GB";"2022-11-01 14:11:16";6.34
"Servidor-SPTECH";"ram";"ram_Usada";"GB";"2022-11-01 14:11:14";6.33
"Servidor-SPTECH";"ram";"ram_Usada";"GB";"2022-11-01 14:11:13";6.32
"Servidor-SPTECH";"ram";"ram_Usada";"GB";"2022-11-01 14:11:11";6.33
"Servidor-SPTECH";"ram";"ram_Usada";"GB";"2022-11-01 14:11:10";6.32
"Servidor-SPTECH";"ram";"ram_Usada";"GB";"2022-11-01 14:11:08";6.32
"Servidor-SPTECH";"ram";"ram_Usada";"GB";"2022-11-01 14:11:07";6.32
"Servidor-SPTECH";"ram";"ram_Usada";"GB";"2022-11-01 14:11:06";6.32
"Servidor-SPTECH";"ram";"ram_Usada";"GB";"2022-11-01 14:11:04";6.32
"Servidor-SPTECH";"ram";"ram_Usada";"GB";"2022-11-01 14:11:03";6.32
"Servidor-SPTECH";"ram";"ram_Usada";"GB";"2022-11-01 14:11:01";6.33
"Servidor-SPTECH";"ram";"ram_Usada";"GB";"2022-11-01 14:11:00";6.34
"Servidor-SPTECH";"ram";"ram_Usada";"GB";"2022-11-01 14:10:59";6.36
"Servidor-SPTECH";"ram";"ram_Usada";"GB";"2022-11-01 14:10:57";6.37
"Servidor-SPTECH";"ram";"ram_Usada";"GB";"2022-11-01 14:10:56";6.55
"Servidor-SPTECH";"ram";"ram_Usada";"GB";"2022-11-01 14:10:54";6.52
"Servidor-SPTECH";"ram";"ram_Usada";"GB";"2022-11-01 14:10:53";6.8
"Servidor-SPTECH";"ram";"ram_Usada";"GB";"2022-11-01 14:10:51";6.81
"Servidor-SPTECH";"ram";"ram_Usada";"GB";"2022-11-01 14:10:50";7.02
"Servidor-SPTECH";"ram";"ram_Usada";"GB";"2022-11-01 14:10:49";7.02
"Servidor-SPTECH";"ram";"ram_Usada";"GB";"2022-11-01 14:10:47";7.0
"Servidor-SPTECH";"ram";"ram_Usada";"GB";"2022-11-01 14:10:46";6.97
"Servidor-SPTECH";"ram";"ram_Usada";"GB";"2022-11-01 14:10:44";6.92
"Servidor-SPTECH";"ram";"ram_Usada";"GB";"2022-11-01 14:10:43";6.95
"Servidor-SPTECH";"ram";"ram_Usada";"GB";"2022-11-01 14:10:42";6.87
"Servidor-SPTECH";"ram";"ram_Usada";"GB";"2022-11-01 14:10:40";6.73
"Servidor-SPTECH";"ram";"ram_Usada";"GB";"2022-11-01 14:10:39";6.73
"Servidor-SPTECH";"ram";"ram_Usada";"GB";"2022-11-01 14:10:37";6.72
"Servidor-SPTECH";"ram";"ram_Usada";"GB";"2022-11-01 14:10:36";6.73
"Servidor-SPTECH";"ram";"ram_Usada";"GB";"2022-11-01 14:10:34";6.73
"Servidor-SPTECH";"ram";"ram_Usada";"GB";"2022-11-01 14:10:33";6.74
"Servidor-SPTECH";"ram";"ram_Usada";"GB";"2022-11-01 14:10:32";6.76
"Servidor-SPTECH";"ram";"ram_Usada";"GB";"2022-11-01 14:10:30";6.75
"Servidor-SPTECH";"ram";"ram_Usada";"GB";"2022-11-01 14:10:29";6.79
"Servidor-SPTECH";"ram";"ram_Usada";"GB";"2022-11-01 14:10:27";6.79
"Servidor-SPTECH";"ram";"ram_Usada";"GB";"2022-11-01 14:10:26";6.8
"Servidor-SPTECH";"ram";"ram_Usada";"GB";"2022-11-01 14:10:24";6.82
"Servidor-SPTECH";"ram";"ram_Usada";"GB";"2022-11-01 14:10:23";6.73
"Servidor-SPTECH";"ram";"ram_Usada";"GB";"2022-11-01 14:10:22";6.7
"Servidor-SPTECH";"ram";"ram_Usada";"GB";"2022-11-01 14:10:20";6.69
"Servidor-SPTECH";"ram";"ram_Usada";"GB";"2022-11-01 14:10:19";6.62
"Servidor-SPTECH";"ram";"ram_Usada";"GB";"2022-11-01 14:10:17";6.63
"Servidor-SPTECH";"ram";"ram_Usada";"GB";"2022-11-01 14:10:16";6.64
"Servidor-SPTECH";"ram";"ram_Usada";"GB";"2022-11-01 14:10:14";6.67
"Servidor-SPTECH";"ram";"ram_Usada";"GB";"2022-11-01 14:10:13";6.69
"Servidor-SPTECH";"ram";"ram_Usada";"GB";"2022-11-01 14:10:11";6.73
"Servidor-SPTECH";"ram";"ram_Usada";"GB";"2022-11-01 14:10:10";6.75
"Servidor-SPTECH";"ram";"ram_Usada";"GB";"2022-11-01 14:10:09";6.76
"Servidor-SPTECH";"ram";"ram_Usada";"GB";"2022-11-01 14:10:07";6.77
"Servidor-SPTECH";"ram";"ram_Usada";"GB";"2022-11-01 14:10:06";6.72
"Servidor-SPTECH";"ram";"ram_Usada";"GB";"2022-11-01 14:10:04";6.76
"Servidor-SPTECH";"ram";"ram_Usada";"GB";"2022-11-01 14:10:03";6.62
"Servidor-SPTECH";"ram";"ram_Usada";"GB";"2022-11-01 14:10:01";6.6
"Servidor-SPTECH";"ram";"ram_Usada";"GB";"2022-11-01 14:10:00";6.47
"Servidor-SPTECH";"ram";"ram_Usada";"GB";"2022-11-01 14:09:58";6.44
"Servidor-SPTECH";"ram";"ram_Usada";"GB";"2022-11-01 14:09:57";6.41
"Servidor-SPTECH";"ram";"ram_Usada";"GB";"2022-11-01 14:09:56";6.36
"Servidor-SPTECH";"ram";"ram_Usada";"GB";"2022-11-01 14:09:54";6.36
"Servidor-SPTECH";"ram";"ram_Usada";"GB";"2022-11-01 14:09:53";6.39
"Servidor-SPTECH";"ram";"ram_Usada";"GB";"2022-11-01 14:09:51";6.4
"Servidor-SPTECH";"ram";"ram_Usada";"GB";"2022-11-01 14:09:50";6.26
"Servidor-SPTECH";"ram";"ram_Usada";"GB";"2022-11-01 14:09:48";6.13
"Servidor-SPTECH";"ram";"ram_Usada";"GB";"2022-11-01 14:09:47";6.15
"Servidor-SPTECH";"ram";"ram_Usada";"GB";"2022-11-01 14:09:45";6.16
"Servidor-SPTECH";"ram";"ram_Usada";"GB";"2022-11-01 14:09:44";6.19
"Servidor-SPTECH";"ram";"ram_Usada";"GB";"2022-11-01 14:09:42";6.22
"Servidor-SPTECH";"ram";"ram_Usada";"GB";"2022-11-01 14:09:41";6.2
"Servidor-SPTECH";"ram";"ram_Usada";"GB";"2022-11-01 14:09:40";6.2
"Servidor-SPTECH";"ram";"ram_Usada";"GB";"2022-11-01 14:09:38";6.2
"Servidor-SPTECH";"ram";"ram_Usada";"GB";"2022-11-01 14:09:37";6.2
"Servidor-SPTECH";"ram";"ram_Usada";"GB";"2022-11-01 14:09:35";6.21
"Servidor-SPTECH";"ram";"ram_Usada";"GB";"2022-11-01 14:09:34";6.21
"Servidor-SPTECH";"ram";"ram_Usada";"GB";"2022-11-01 14:09:32";6.23
"Servidor-SPTECH";"ram";"ram_Usada";"GB";"2022-11-01 14:09:31";6.23
"Servidor-SPTECH";"ram";"ram_Usada";"GB";"2022-11-01 14:09:30";6.23
"Servidor-SPTECH";"ram";"ram_Usada";"GB";"2022-11-01 14:09:28";6.21
"Servidor-SPTECH";"ram";"ram_Usada";"GB";"2022-11-01 14:09:27";6.2
"Servidor-SPTECH";"ram";"ram_Usada";"GB";"2022-11-01 14:09:25";6.2
"Servidor-SPTECH";"ram";"ram_Usada";"GB";"2022-11-01 14:09:24";6.17
"Servidor-SPTECH";"ram";"ram_Usada";"GB";"2022-11-01 14:09:23";6.2
"Servidor-SPTECH";"ram";"ram_Usada";"GB";"2022-11-01 14:09:21";6.22
"Servidor-SPTECH";"ram";"ram_Usada";"GB";"2022-11-01 14:09:20";6.23
"Servidor-SPTECH";"ram";"ram_Usada";"GB";"2022-11-01 14:09:18";6.23
"Servidor-SPTECH";"ram";"ram_Usada";"GB";"2022-11-01 14:09:17";6.24
"Servidor-SPTECH";"ram";"ram_Usada";"GB";"2022-11-01 14:09:15";6.25
"Servidor-SPTECH";"ram";"ram_Usada";"GB";"2022-11-01 14:09:14";6.26
"Servidor-SPTECH";"ram";"ram_Usada";"GB";"2022-11-01 14:09:13";6.09
"Servidor-SPTECH";"ram";"ram_Usada";"GB";"2022-11-01 14:09:11";6.08
"Servidor-SPTECH";"ram";"ram_Usada";"GB";"2022-11-01 14:09:10";6.12
"Servidor-SPTECH";"ram";"ram_Usada";"GB";"2022-11-01 14:09:08";6.13
"Servidor-SPTECH";"ram";"ram_Usada";"GB";"2022-11-01 14:09:07";6.11
"Servidor-SPTECH";"ram";"ram_Usada";"GB";"2022-11-01 14:09:05";6.11
"Servidor-SPTECH";"ram";"ram_Usada";"GB";"2022-11-01 14:09:04";6.12
"Servidor-SPTECH";"ram";"ram_Usada";"GB";"2022-11-01 14:09:03";6.12
"Servidor-SPTECH";"ram";"ram_Usada";"GB";"2022-11-01 14:09:01";6.12
"Servidor-SPTECH";"ram";"ram_Usada";"GB";"2022-11-01 14:09:00";6.1
"Servidor-SPTECH";"ram";"ram_Usada";"GB";"2022-11-01 14:08:58";6.11
"Servidor-SPTECH";"ram";"ram_Usada";"GB";"2022-11-01 14:08:57";6.11
"Servidor-SPTECH";"ram";"ram_Usada";"GB";"2022-11-01 14:08:55";6.08
"Servidor-SPTECH";"ram";"ram_Usada";"GB";"2022-11-01 14:08:54";6.06
"Servidor-SPTECH";"ram";"ram_Usada";"GB";"2022-11-01 14:08:53";6.11
"Servidor-SPTECH";"ram";"ram_Usada";"GB";"2022-11-01 14:08:51";6.11
"Servidor-SPTECH";"ram";"ram_Usada";"GB";"2022-11-01 14:08:50";6.13
"Servidor-SPTECH";"ram";"ram_Usada";"GB";"2022-11-01 14:08:48";6.14
"Servidor-SPTECH";"ram";"ram_Usada";"GB";"2022-11-01 14:08:47";6.18
"Servidor-SPTECH";"ram";"ram_Usada";"GB";"2022-11-01 14:08:46";6.18
"Servidor-SPTECH";"ram";"ram_Usada";"GB";"2022-11-01 14:08:44";6.2
"Servidor-SPTECH";"ram";"ram_Usada";"GB";"2022-11-01 14:08:43";6.24
"Servidor-SPTECH";"ram";"ram_Usada";"GB";"2022-11-01 14:08:41";6.27
"Servidor-SPTECH";"ram";"ram_Usada";"GB";"2022-11-01 14:08:40";6.17
"Servidor-SPTECH";"ram";"ram_Usada";"GB";"2022-11-01 14:08:38";6.42
"Servidor-SPTECH";"ram";"ram_Usada";"GB";"2022-11-01 14:08:37";6.36
"Servidor-SPTECH";"ram";"ram_Usada";"GB";"2022-11-01 14:08:36";6.63
"Servidor-SPTECH";"ram";"ram_Usada";"GB";"2022-11-01 14:08:34";6.95
"Servidor-SPTECH";"ram";"ram_Usada";"GB";"2022-11-01 14:08:33";6.68
"Servidor-SPTECH";"ram";"ram_Usada";"GB";"2022-11-01 14:08:31";6.66
"Servidor-SPTECH";"ram";"ram_Usada";"GB";"2022-11-01 14:08:30";6.61
"Servidor-SPTECH";"ram";"ram_Usada";"GB";"2022-11-01 14:08:28";6.64
"Servidor-SPTECH";"ram";"ram_Usada";"GB";"2022-11-01 14:08:27";6.64
"Servidor-SPTECH";"ram";"ram_Usada";"GB";"2022-11-01 14:08:26";6.65
"Servidor-SPTECH";"ram";"ram_Usada";"GB";"2022-11-01 14:08:24";6.61
"Servidor-SPTECH";"ram";"ram_Usada";"GB";"2022-11-01 14:08:23";6.64
"Servidor-SPTECH";"ram";"ram_Usada";"GB";"2022-11-01 14:08:21";6.65
"Servidor-SPTECH";"ram";"ram_Usada";"GB";"2022-11-01 14:08:20";6.63
"Servidor-SPTECH";"ram";"ram_Usada";"GB";"2022-11-01 14:08:18";6.62
"Servidor-SPTECH";"ram";"ram_Usada";"GB";"2022-11-01 14:08:17";6.63
"Servidor-SPTECH";"ram";"ram_Usada";"GB";"2022-11-01 14:08:16";6.63
"Servidor-SPTECH";"ram";"ram_Usada";"GB";"2022-11-01 14:08:14";6.63
"Servidor-SPTECH";"ram";"ram_Usada";"GB";"2022-11-01 14:08:13";6.63
"Servidor-SPTECH";"ram";"ram_Usada";"GB";"2022-11-01 14:08:11";6.63
"Servidor-SPTECH";"ram";"ram_Usada";"GB";"2022-11-01 14:08:10";6.62
"Servidor-SPTECH";"ram";"ram_Usada";"GB";"2022-11-01 14:08:08";6.63
"Servidor-SPTECH";"ram";"ram_Usada";"GB";"2022-11-01 14:08:07";6.63
"Servidor-SPTECH";"ram";"ram_Usada";"GB";"2022-11-01 14:08:06";6.62
"Servidor-SPTECH";"ram";"ram_Usada";"GB";"2022-11-01 14:08:04";6.63
"Servidor-SPTECH";"ram";"ram_Usada";"GB";"2022-11-01 14:08:03";6.64
"Servidor-SPTECH";"ram";"ram_Usada";"GB";"2022-11-01 14:08:01";6.64
"Servidor-SPTECH";"ram";"ram_Usada";"GB";"2022-11-01 14:08:00";6.62
"Servidor-SPTECH";"ram";"ram_Usada";"GB";"2022-11-01 14:07:59";6.63
"Servidor-SPTECH";"ram";"ram_Usada";"GB";"2022-11-01 14:07:57";6.64
"Servidor-SPTECH";"ram";"ram_Usada";"GB";"2022-11-01 14:07:56";6.64
"Servidor-SPTECH";"ram";"ram_Usada";"GB";"2022-11-01 14:07:54";6.61
"Servidor-SPTECH";"ram";"ram_Usada";"GB";"2022-11-01 14:07:53";6.61
"Servidor-SPTECH";"ram";"ram_Usada";"GB";"2022-11-01 14:07:51";6.61
"Servidor-SPTECH";"ram";"ram_Usada";"GB";"2022-11-01 14:07:50";6.59
"Servidor-SPTECH";"ram";"ram_Usada";"GB";"2022-11-01 14:07:49";6.59
"Servidor-SPTECH";"ram";"ram_Usada";"GB";"2022-11-01 14:07:47";6.59
"Servidor-SPTECH";"ram";"ram_Usada";"GB";"2022-11-01 14:07:46";6.6
"Servidor-SPTECH";"ram";"ram_Usada";"GB";"2022-11-01 14:07:44";6.59
"Servidor-SPTECH";"ram";"ram_Usada";"GB";"2022-11-01 14:07:43";6.61
"Servidor-SPTECH";"ram";"ram_Usada";"GB";"2022-11-01 14:07:41";6.58
"Servidor-SPTECH";"ram";"ram_Usada";"GB";"2022-11-01 14:07:40";6.61
"Servidor-SPTECH";"ram";"ram_Usada";"GB";"2022-11-01 14:07:39";6.61
"Servidor-SPTECH";"ram";"ram_Usada";"GB";"2022-11-01 14:07:37";6.61
"Servidor-SPTECH";"ram";"ram_Usada";"GB";"2022-11-01 14:07:36";6.57
"Servidor-SPTECH";"ram";"ram_Usada";"GB";"2022-11-01 14:07:34";6.61
"Servidor-SPTECH";"ram";"ram_Usada";"GB";"2022-11-01 14:07:33";6.61
"Servidor-SPTECH";"ram";"ram_Usada";"GB";"2022-11-01 14:07:32";6.62
"Servidor-SPTECH";"ram";"ram_Usada";"GB";"2022-11-01 14:07:30";6.62
"Servidor-SPTECH";"ram";"ram_Usada";"GB";"2022-11-01 14:07:29";6.62
"Servidor-SPTECH";"ram";"ram_Usada";"GB";"2022-11-01 14:07:27";6.63
"Servidor-SPTECH";"ram";"ram_Usada";"GB";"2022-11-01 14:07:26";6.63
"Servidor-SPTECH";"ram";"ram_Usada";"GB";"2022-11-01 14:07:24";6.63
"Servidor-SPTECH";"ram";"ram_Usada";"GB";"2022-11-01 14:07:23";6.64
"Servidor-SPTECH";"ram";"ram_Usada";"GB";"2022-11-01 14:07:22";6.63
"Servidor-SPTECH";"ram";"ram_Usada";"GB";"2022-11-01 14:07:20";6.63
"Servidor-SPTECH";"ram";"ram_Usada";"GB";"2022-11-01 14:07:19";6.63
"Servidor-SPTECH";"ram";"ram_Usada";"GB";"2022-11-01 14:07:17";6.62
"Servidor-SPTECH";"ram";"ram_Usada";"GB";"2022-11-01 14:07:16";6.6
"Servidor-SPTECH";"ram";"ram_Usada";"GB";"2022-11-01 14:07:14";6.58
"Servidor-SPTECH";"ram";"ram_Usada";"GB";"2022-11-01 14:07:13";6.55
"Servidor-SPTECH";"ram";"ram_Usada";"GB";"2022-11-01 14:07:12";6.51
"Servidor-SPTECH";"ram";"ram_Usada";"GB";"2022-11-01 14:07:10";6.55
"Servidor-SPTECH";"ram";"ram_Usada";"GB";"2022-11-01 14:07:09";6.55
"Servidor-SPTECH";"ram";"ram_Usada";"GB";"2022-11-01 14:07:07";6.55
"Servidor-SPTECH";"ram";"ram_Usada";"GB";"2022-11-01 14:07:06";6.53
"Servidor-SPTECH";"ram";"ram_Usada";"GB";"2022-11-01 14:07:04";6.54
"Servidor-SPTECH";"ram";"ram_Usada";"GB";"2022-11-01 14:07:03";6.55
"Servidor-SPTECH";"ram";"ram_Usada";"GB";"2022-11-01 14:07:02";6.55
"Servidor-SPTECH";"ram";"ram_Usada";"GB";"2022-11-01 14:07:00";6.55
"Servidor-SPTECH";"ram";"ram_Usada";"GB";"2022-11-01 14:06:59";6.55
"Servidor-SPTECH";"ram";"ram_Usada";"GB";"2022-11-01 14:06:57";6.64
"Servidor-SPTECH";"ram";"ram_Usada";"GB";"2022-11-01 14:06:56";6.7
"Servidor-SPTECH";"ram";"ram_Usada";"GB";"2022-11-01 14:06:54";6.7
"Servidor-SPTECH";"ram";"ram_Usada";"GB";"2022-11-01 14:06:53";6.7
"Servidor-SPTECH";"ram";"ram_Usada";"GB";"2022-11-01 14:06:52";6.7
"Servidor-SPTECH";"ram";"ram_Usada";"GB";"2022-11-01 14:06:50";6.69
"Servidor-SPTECH";"ram";"ram_Usada";"GB";"2022-11-01 14:06:49";6.7
"Servidor-SPTECH";"ram";"ram_Usada";"GB";"2022-11-01 14:06:47";6.67
"Servidor-SPTECH";"ram";"ram_Usada";"GB";"2022-11-01 14:06:46";6.71
"Servidor-SPTECH";"ram";"ram_Usada";"GB";"2022-11-01 14:06:44";6.71
"Servidor-SPTECH";"ram";"ram_Usada";"GB";"2022-11-01 14:06:43";6.72
"Servidor-SPTECH";"ram";"ram_Usada";"GB";"2022-11-01 14:06:41";6.67
"Servidor-SPTECH";"ram";"ram_Usada";"GB";"2022-11-01 14:06:40";6.69
"Servidor-SPTECH";"ram";"ram_Usada";"GB";"2022-11-01 14:06:39";6.66
"Servidor-SPTECH";"ram";"ram_Usada";"GB";"2022-11-01 14:06:37";6.66
"Servidor-SPTECH";"ram";"ram_Usada";"GB";"2022-11-01 14:06:36";6.63
"Servidor-SPTECH";"ram";"ram_Usada";"GB";"2022-11-01 14:06:34";6.63
"Servidor-SPTECH";"ram";"ram_Usada";"GB";"2022-11-01 14:06:33";6.63
"Servidor-SPTECH";"ram";"ram_Usada";"GB";"2022-11-01 14:06:31";6.63
"Servidor-SPTECH";"ram";"ram_Usada";"GB";"2022-11-01 14:06:30";6.62
"Servidor-SPTECH";"ram";"ram_Usada";"GB";"2022-11-01 14:06:29";6.61
"Servidor-SPTECH";"ram";"ram_Usada";"GB";"2022-11-01 14:06:27";6.61
"Servidor-SPTECH";"ram";"ram_Usada";"GB";"2022-11-01 14:06:26";6.61
"Servidor-SPTECH";"ram";"ram_Usada";"GB";"2022-11-01 14:06:24";6.61
"Servidor-SPTECH";"ram";"ram_Usada";"GB";"2022-11-01 14:06:23";6.61
"Servidor-SPTECH";"ram";"ram_Usada";"GB";"2022-11-01 14:06:22";6.6
"Servidor-SPTECH";"ram";"ram_Usada";"GB";"2022-11-01 14:06:20";6.6
"Servidor-SPTECH";"ram";"ram_Usada";"GB";"2022-11-01 14:06:19";6.6
"Servidor-SPTECH";"ram";"ram_Usada";"GB";"2022-11-01 14:06:17";6.58
"Servidor-SPTECH";"ram";"ram_Usada";"GB";"2022-11-01 14:06:16";6.61
"Servidor-SPTECH";"ram";"ram_Usada";"GB";"2022-11-01 14:06:15";6.61
"Servidor-SPTECH";"ram";"ram_Usada";"GB";"2022-11-01 14:06:13";6.61
"Servidor-SPTECH";"ram";"ram_Usada";"GB";"2022-11-01 14:06:12";6.6
"Servidor-SPTECH";"ram";"ram_Usada";"GB";"2022-11-01 14:06:10";6.6
"Servidor-SPTECH";"ram";"ram_Usada";"GB";"2022-11-01 14:06:09";6.6
"Servidor-SPTECH";"ram";"ram_Usada";"GB";"2022-11-01 14:06:07";6.61
"Servidor-SPTECH";"ram";"ram_Usada";"GB";"2022-11-01 14:06:06";6.61
"Servidor-SPTECH";"ram";"ram_Usada";"GB";"2022-11-01 14:06:05";6.61
"Servidor-SPTECH";"ram";"ram_Usada";"GB";"2022-11-01 14:06:03";6.62
"Servidor-SPTECH";"ram";"ram_Usada";"GB";"2022-11-01 14:06:02";6.62
"Servidor-SPTECH";"ram";"ram_Usada";"GB";"2022-11-01 14:06:00";6.62
"Servidor-SPTECH";"ram";"ram_Usada";"GB";"2022-11-01 14:05:59";6.64
"Servidor-SPTECH";"ram";"ram_Usada";"GB";"2022-11-01 14:05:58";6.64
"Servidor-SPTECH";"ram";"ram_Usada";"GB";"2022-11-01 14:05:56";6.63
"Servidor-SPTECH";"ram";"ram_Usada";"GB";"2022-11-01 14:05:55";6.63
"Servidor-SPTECH";"ram";"ram_Usada";"GB";"2022-11-01 14:05:53";6.58
"Servidor-SPTECH";"ram";"ram_Usada";"GB";"2022-11-01 14:05:52";6.61
"Servidor-SPTECH";"ram";"ram_Usada";"GB";"2022-11-01 14:05:51";6.61
"Servidor-SPTECH";"ram";"ram_Usada";"GB";"2022-11-01 14:05:49";6.6
"Servidor-SPTECH";"ram";"ram_Usada";"GB";"2022-11-01 14:05:48";6.62
"Servidor-SPTECH";"ram";"ram_Usada";"GB";"2022-11-01 14:05:46";6.62
"Servidor-SPTECH";"ram";"ram_Usada";"GB";"2022-11-01 14:05:45";6.63
"Servidor-SPTECH";"ram";"ram_Usada";"GB";"2022-11-01 14:05:43";6.64
"Servidor-SPTECH";"ram";"ram_Usada";"GB";"2022-11-01 14:05:42";6.63
"Servidor-SPTECH";"ram";"ram_Usada";"GB";"2022-11-01 14:05:41";6.63
"Servidor-SPTECH";"ram";"ram_Usada";"GB";"2022-11-01 14:05:39";6.63
"Servidor-SPTECH";"ram";"ram_Usada";"GB";"2022-11-01 14:05:38";6.63
"Servidor-SPTECH";"ram";"ram_Usada";"GB";"2022-11-01 14:05:36";6.63
"Servidor-SPTECH";"ram";"ram_Usada";"GB";"2022-11-01 14:05:35";6.6
"Servidor-SPTECH";"ram";"ram_Usada";"GB";"2022-11-01 14:05:33";6.63
"Servidor-SPTECH";"ram";"ram_Usada";"GB";"2022-11-01 14:05:32";6.62
"Servidor-SPTECH";"ram";"ram_Usada";"GB";"2022-11-01 14:05:31";6.63
"Servidor-SPTECH";"ram";"ram_Usada";"GB";"2022-11-01 14:05:29";6.6
"Servidor-SPTECH";"ram";"ram_Usada";"GB";"2022-11-01 14:05:28";6.62
"Servidor-SPTECH";"ram";"ram_Usada";"GB";"2022-11-01 14:05:26";6.66
"Servidor-SPTECH";"ram";"ram_Usada";"GB";"2022-11-01 14:05:25";6.65
"Servidor-SPTECH";"ram";"ram_Usada";"GB";"2022-11-01 14:05:24";6.63
"Servidor-SPTECH";"ram";"ram_Usada";"GB";"2022-11-01 14:05:22";6.64
"Servidor-SPTECH";"ram";"ram_Usada";"GB";"2022-11-01 14:05:21";6.64
"Servidor-SPTECH";"ram";"ram_Usada";"GB";"2022-11-01 14:05:19";6.63
"Servidor-SPTECH";"ram";"ram_Usada";"GB";"2022-11-01 14:05:18";6.63
"Servidor-SPTECH";"ram";"ram_Usada";"GB";"2022-11-01 14:05:17";6.64
"Servidor-SPTECH";"ram";"ram_Usada";"GB";"2022-11-01 14:05:15";6.65
"Servidor-SPTECH";"ram";"ram_Usada";"GB";"2022-11-01 14:05:14";6.65
"Servidor-SPTECH";"ram";"ram_Usada";"GB";"2022-11-01 14:05:12";6.63
"Servidor-SPTECH";"ram";"ram_Usada";"GB";"2022-11-01 14:05:11";6.6
"Servidor-SPTECH";"ram";"ram_Usada";"GB";"2022-11-01 14:05:09";6.62
"Servidor-SPTECH";"ram";"ram_Usada";"GB";"2022-11-01 14:05:08";6.62
"Servidor-SPTECH";"ram";"ram_Usada";"GB";"2022-11-01 14:05:07";6.61
"Servidor-SPTECH";"ram";"ram_Usada";"GB";"2022-11-01 14:05:05";6.59
"Servidor-SPTECH";"ram";"ram_Usada";"GB";"2022-11-01 14:05:04";6.61
"Servidor-SPTECH";"ram";"ram_Usada";"GB";"2022-11-01 14:05:02";6.61
"Servidor-SPTECH";"ram";"ram_Usada";"GB";"2022-11-01 14:05:01";6.61
"Servidor-SPTECH";"ram";"ram_Usada";"GB";"2022-11-01 14:05:00";6.61
"Servidor-SPTECH";"ram";"ram_Usada";"GB";"2022-11-01 14:04:58";6.61
"Servidor-SPTECH";"ram";"ram_Usada";"GB";"2022-11-01 14:04:57";6.64
"Servidor-SPTECH";"ram";"ram_Usada";"GB";"2022-11-01 14:04:55";6.63
"Servidor-SPTECH";"ram";"ram_Usada";"GB";"2022-11-01 14:04:54";6.63
"Servidor-SPTECH";"ram";"ram_Usada";"GB";"2022-11-01 14:04:52";6.64
"Servidor-SPTECH";"ram";"ram_Usada";"GB";"2022-11-01 14:04:51";6.65
"Servidor-SPTECH";"ram";"ram_Usada";"GB";"2022-11-01 14:04:50";6.66
"Servidor-SPTECH";"ram";"ram_Usada";"GB";"2022-11-01 14:04:48";6.63
"Servidor-SPTECH";"ram";"ram_Usada";"GB";"2022-11-01 14:04:47";6.75
"Servidor-SPTECH";"ram";"ram_Usada";"GB";"2022-11-01 14:04:45";6.59
"Servidor-SPTECH";"ram";"ram_Usada";"GB";"2022-11-01 14:04:44";6.61
"Servidor-SPTECH";"ram";"ram_Usada";"GB";"2022-11-01 14:04:42";6.59
"Servidor-SPTECH";"ram";"ram_Usada";"GB";"2022-11-01 14:04:41";6.38
"Servidor-SPTECH";"ram";"ram_Usada";"GB";"2022-11-01 14:04:40";6.13
"Servidor-SPTECH";"ram";"ram_Usada";"GB";"2022-11-01 14:04:38";6.13
"Servidor-SPTECH";"ram";"ram_Usada";"GB";"2022-11-01 14:04:37";6.15
"Servidor-SPTECH";"ram";"ram_Usada";"GB";"2022-11-01 14:04:35";6.13
"Servidor-SPTECH";"ram";"ram_Usada";"GB";"2022-11-01 14:04:34";6.17
"Servidor-SPTECH";"ram";"ram_Usada";"GB";"2022-11-01 14:04:32";6.19
"Servidor-SPTECH";"ram";"ram_Usada";"GB";"2022-11-01 14:04:31";6.43
"Servidor-SPTECH";"ram";"ram_Usada";"GB";"2022-11-01 14:04:30";6.46
"Servidor-SPTECH";"ram";"ram_Usada";"GB";"2022-11-01 14:04:28";6.42
"Servidor-SPTECH";"ram";"ram_Usada";"GB";"2022-11-01 14:04:27";6.42
"Servidor-SPTECH";"ram";"ram_Usada";"GB";"2022-11-01 14:04:25";6.39
"Servidor-SPTECH";"ram";"ram_Usada";"GB";"2022-11-01 14:04:24";6.4
"Servidor-SPTECH";"ram";"ram_Usada";"GB";"2022-11-01 14:04:22";6.41
"Servidor-SPTECH";"ram";"ram_Usada";"GB";"2022-11-01 14:04:21";6.39
"Servidor-SPTECH";"ram";"ram_Usada";"GB";"2022-11-01 14:04:20";6.39
"Servidor-SPTECH";"ram";"ram_Usada";"GB";"2022-11-01 14:04:18";6.42
"Servidor-SPTECH";"ram";"ram_Usada";"GB";"2022-11-01 14:04:17";6.37
"Servidor-SPTECH";"ram";"ram_Usada";"GB";"2022-11-01 14:04:15";6.42
"Servidor-SPTECH";"ram";"ram_Usada";"GB";"2022-11-01 14:04:14";6.41
"Servidor-SPTECH";"ram";"ram_Usada";"GB";"2022-11-01 14:04:12";6.43
"Servidor-SPTECH";"ram";"ram_Usada";"GB";"2022-11-01 14:04:11";6.42
"Servidor-SPTECH";"ram";"ram_Usada";"GB";"2022-11-01 14:04:10";6.51
"Servidor-SPTECH";"ram";"ram_Usada";"GB";"2022-11-01 14:04:08";6.53
"Servidor-SPTECH";"ram";"ram_Usada";"GB";"2022-11-01 14:04:07";6.52
"Servidor-SPTECH";"ram";"ram_Usada";"GB";"2022-11-01 14:04:05";6.52
"Servidor-SPTECH";"ram";"ram_Usada";"GB";"2022-11-01 14:04:04";6.5
"Servidor-SPTECH";"ram";"ram_Usada";"GB";"2022-11-01 14:04:03";6.5
"Servidor-SPTECH";"ram";"ram_Usada";"GB";"2022-11-01 14:04:01";6.51
"Servidor-SPTECH";"ram";"ram_Usada";"GB";"2022-11-01 14:04:00";6.55
"Servidor-SPTECH";"ram";"ram_Usada";"GB";"2022-11-01 14:03:58";6.48
"Servidor-SPTECH";"ram";"ram_Usada";"GB";"2022-11-01 14:03:57";6.48
"Servidor-SPTECH";"ram";"ram_Usada";"GB";"2022-11-01 14:03:56";6.48
"Servidor-SPTECH";"ram";"ram_Usada";"GB";"2022-11-01 14:03:54";6.47
"Servidor-SPTECH";"ram";"ram_Usada";"GB";"2022-11-01 14:03:53";6.45
"Servidor-SPTECH";"ram";"ram_Usada";"GB";"2022-11-01 14:03:51";6.46
"Servidor-SPTECH";"ram";"ram_Usada";"GB";"2022-11-01 14:03:50";6.44
"Servidor-SPTECH";"ram";"ram_Usada";"GB";"2022-11-01 14:03:48";6.43
"Servidor-SPTECH";"ram";"ram_Usada";"GB";"2022-11-01 14:03:47";6.4
"Servidor-SPTECH";"ram";"ram_Usada";"GB";"2022-11-01 14:03:46";6.42
"Servidor-SPTECH";"ram";"ram_Usada";"GB";"2022-11-01 14:03:44";6.41
"Servidor-SPTECH";"ram";"ram_Usada";"GB";"2022-11-01 14:03:43";6.42
"Servidor-SPTECH";"ram";"ram_Usada";"GB";"2022-11-01 14:03:41";6.42
"Servidor-SPTECH";"ram";"ram_Usada";"GB";"2022-11-01 14:03:40";6.42
"Servidor-SPTECH";"ram";"ram_Usada";"GB";"2022-11-01 14:03:38";6.43
"Servidor-SPTECH";"ram";"ram_Usada";"GB";"2022-11-01 14:03:37";6.44
"Servidor-SPTECH";"ram";"ram_Usada";"GB";"2022-11-01 14:03:36";6.44
"Servidor-SPTECH";"ram";"ram_Usada";"GB";"2022-11-01 14:03:34";6.44
"Servidor-SPTECH";"ram";"ram_Usada";"GB";"2022-11-01 14:03:33";6.44
"Servidor-SPTECH";"ram";"ram_Usada";"GB";"2022-11-01 14:03:31";6.42
"Servidor-SPTECH";"ram";"ram_Usada";"GB";"2022-11-01 14:03:30";6.44
"Servidor-SPTECH";"ram";"ram_Usada";"GB";"2022-11-01 14:03:29";6.43
"Servidor-SPTECH";"ram";"ram_Usada";"GB";"2022-11-01 14:03:27";6.48
"Servidor-SPTECH";"ram";"ram_Usada";"GB";"2022-11-01 14:03:26";6.46
"Servidor-SPTECH";"ram";"ram_Usada";"GB";"2022-11-01 14:03:24";6.45
"Servidor-SPTECH";"ram";"ram_Usada";"GB";"2022-11-01 14:03:23";6.41
"Servidor-SPTECH";"ram";"ram_Usada";"GB";"2022-11-01 14:03:22";6.44
"Servidor-SPTECH";"ram";"ram_Usada";"GB";"2022-11-01 14:03:20";6.41
"Servidor-SPTECH";"ram";"ram_Usada";"GB";"2022-11-01 14:03:19";6.43
"Servidor-SPTECH";"ram";"ram_Usada";"GB";"2022-11-01 14:03:17";6.43
"Servidor-SPTECH";"ram";"ram_Usada";"GB";"2022-11-01 14:03:16";6.43
"Servidor-SPTECH";"ram";"ram_Usada";"GB";"2022-11-01 14:03:15";6.42
"Servidor-SPTECH";"ram";"ram_Usada";"GB";"2022-11-01 14:03:13";6.43
"Servidor-SPTECH";"ram";"ram_Usada";"GB";"2022-11-01 14:03:12";6.41
"Servidor-SPTECH";"ram";"ram_Usada";"GB";"2022-11-01 14:03:10";6.41
"Servidor-SPTECH";"ram";"ram_Usada";"GB";"2022-11-01 14:03:09";6.38
"Servidor-SPTECH";"ram";"ram_Usada";"GB";"2022-11-01 14:03:07";6.37
"Servidor-SPTECH";"ram";"ram_Usada";"GB";"2022-11-01 14:03:06";6.33
"Servidor-SPTECH";"ram";"ram_Usada";"GB";"2022-11-01 14:03:05";6.3
"Servidor-SPTECH";"ram";"ram_Usada";"GB";"2022-11-01 14:03:03";6.33
"Servidor-SPTECH";"ram";"ram_Usada";"GB";"2022-11-01 14:03:02";6.33
"Servidor-SPTECH";"ram";"ram_Usada";"GB";"2022-11-01 14:03:00";6.32
"Servidor-SPTECH";"ram";"ram_Usada";"GB";"2022-11-01 14:02:59";6.3
"Servidor-SPTECH";"ram";"ram_Usada";"GB";"2022-11-01 14:02:58";6.32
"Servidor-SPTECH";"ram";"ram_Usada";"GB";"2022-11-01 14:02:56";6.33
"Servidor-SPTECH";"ram";"ram_Usada";"GB";"2022-11-01 14:02:55";6.33
"Servidor-SPTECH";"ram";"ram_Usada";"GB";"2022-11-01 14:02:53";6.35
"Servidor-SPTECH";"ram";"ram_Usada";"GB";"2022-11-01 14:02:52";6.36
"Servidor-SPTECH";"ram";"ram_Usada";"GB";"2022-11-01 14:02:50";6.35
"Servidor-SPTECH";"ram";"ram_Usada";"GB";"2022-11-01 14:02:49";6.35
"Servidor-SPTECH";"ram";"ram_Usada";"GB";"2022-11-01 14:02:48";6.36
"Servidor-SPTECH";"ram";"ram_Usada";"GB";"2022-11-01 14:02:46";6.32
"Servidor-SPTECH";"ram";"ram_Usada";"GB";"2022-11-01 14:02:45";6.36
"Servidor-SPTECH";"ram";"ram_Usada";"GB";"2022-11-01 14:02:43";6.35
"Servidor-SPTECH";"ram";"ram_Usada";"GB";"2022-11-01 14:02:42";6.39
"Servidor-SPTECH";"ram";"ram_Usada";"GB";"2022-11-01 14:02:40";6.31
"Servidor-SPTECH";"ram";"ram_Usada";"GB";"2022-11-01 14:02:39";6.34
"Servidor-SPTECH";"ram";"ram_Usada";"GB";"2022-11-01 14:02:38";6.34
"Servidor-SPTECH";"ram";"ram_Usada";"GB";"2022-11-01 14:02:36";6.32
"Servidor-SPTECH";"ram";"ram_Usada";"GB";"2022-11-01 14:02:35";6.29
"Servidor-SPTECH";"ram";"ram_Usada";"GB";"2022-11-01 14:02:33";6.32
"Servidor-SPTECH";"ram";"ram_Usada";"GB";"2022-11-01 14:02:32";6.32
"Servidor-SPTECH";"ram";"ram_Usada";"GB";"2022-11-01 14:02:31";6.32
"Servidor-SPTECH";"ram";"ram_Usada";"GB";"2022-11-01 14:02:29";6.3
"Servidor-SPTECH";"ram";"ram_Usada";"GB";"2022-11-01 14:02:28";6.27
"Servidor-SPTECH";"ram";"ram_Usada";"GB";"2022-11-01 14:02:26";6.27
"Servidor-SPTECH";"ram";"ram_Usada";"GB";"2022-11-01 14:02:25";6.27
"Servidor-SPTECH";"ram";"ram_Usada";"GB";"2022-11-01 14:02:24";6.27
"Servidor-SPTECH";"ram";"ram_Usada";"GB";"2022-11-01 14:02:22";6.25
"Servidor-SPTECH";"ram";"ram_Usada";"GB";"2022-11-01 14:02:21";6.25
"Servidor-SPTECH";"ram";"ram_Usada";"GB";"2022-11-01 14:02:19";6.25
"Servidor-SPTECH";"ram";"ram_Usada";"GB";"2022-11-01 14:02:18";6.25
"Servidor-SPTECH";"ram";"ram_Usada";"GB";"2022-11-01 14:02:16";6.24
"Servidor-SPTECH";"ram";"ram_Usada";"GB";"2022-11-01 14:02:15";6.28
"Servidor-SPTECH";"ram";"ram_Usada";"GB";"2022-11-01 14:02:14";6.45
"Servidor-SPTECH";"ram";"ram_Usada";"GB";"2022-11-01 14:02:12";6.46
"Servidor-SPTECH";"ram";"ram_Usada";"GB";"2022-11-01 14:02:11";6.43
"Servidor-SPTECH";"ram";"ram_Usada";"GB";"2022-11-01 14:02:09";6.46
"Servidor-SPTECH";"ram";"ram_Usada";"GB";"2022-11-01 14:02:08";6.48
"Servidor-SPTECH";"ram";"ram_Usada";"GB";"2022-11-01 14:02:07";6.46
"Servidor-SPTECH";"ram";"ram_Usada";"GB";"2022-11-01 14:02:05";6.43
"Servidor-SPTECH";"ram";"ram_Usada";"GB";"2022-11-01 14:02:04";6.32
"Servidor-SPTECH";"ram";"ram_Usada";"GB";"2022-11-01 14:02:02";6.33
"Servidor-SPTECH";"ram";"ram_Usada";"GB";"2022-11-01 14:02:01";6.31
"Servidor-SPTECH";"ram";"ram_Usada";"GB";"2022-11-01 14:02:00";6.31
"Servidor-SPTECH";"ram";"ram_Usada";"GB";"2022-11-01 14:01:58";6.34
"Servidor-SPTECH";"ram";"ram_Usada";"GB";"2022-11-01 14:01:57";6.44
"Servidor-SPTECH";"ram";"ram_Usada";"GB";"2022-11-01 14:01:55";6.47
"Servidor-SPTECH";"ram";"ram_Usada";"GB";"2022-11-01 14:01:54";6.44
"Servidor-SPTECH";"ram";"ram_Usada";"GB";"2022-11-01 14:01:52";6.42
"Servidor-SPTECH";"ram";"ram_Usada";"GB";"2022-11-01 14:01:51";6.47
"Servidor-SPTECH";"ram";"ram_Usada";"GB";"2022-11-01 14:01:50";6.46
"Servidor-SPTECH";"ram";"ram_Usada";"GB";"2022-11-01 14:01:48";6.71
"Servidor-SPTECH";"ram";"ram_Usada";"GB";"2022-11-01 14:01:47";6.68
"Servidor-SPTECH";"ram";"ram_Usada";"GB";"2022-11-01 14:01:45";7.0
"Servidor-SPTECH";"ram";"ram_Usada";"GB";"2022-11-01 14:01:44";7.03
"Servidor-SPTECH";"ram";"ram_Usada";"GB";"2022-11-01 14:01:42";7.03
"Servidor-SPTECH";"ram";"ram_Usada";"GB";"2022-11-01 14:01:41";7.02
"Servidor-SPTECH";"ram";"ram_Usada";"GB";"2022-11-01 14:01:40";7.06
"Servidor-SPTECH";"ram";"ram_Usada";"GB";"2022-11-01 14:01:38";7.05
"Servidor-SPTECH";"ram";"ram_Usada";"GB";"2022-11-01 14:01:37";7.04
"Servidor-SPTECH";"ram";"ram_Usada";"GB";"2022-11-01 14:01:35";7.05
"Servidor-SPTECH";"ram";"ram_Usada";"GB";"2022-11-01 14:01:34";7.05
"Servidor-SPTECH";"ram";"ram_Usada";"GB";"2022-11-01 14:01:32";7.03
"Servidor-SPTECH";"ram";"ram_Usada";"GB";"2022-11-01 14:01:31";7.03
"Servidor-SPTECH";"ram";"ram_Usada";"GB";"2022-11-01 14:01:30";7.04
"Servidor-SPTECH";"ram";"ram_Usada";"GB";"2022-11-01 14:01:28";7.0
"Servidor-SPTECH";"ram";"ram_Usada";"GB";"2022-11-01 14:01:27";7.05
"Servidor-SPTECH";"ram";"ram_Usada";"GB";"2022-11-01 14:01:25";7.07
"Servidor-SPTECH";"ram";"ram_Usada";"GB";"2022-11-01 14:01:24";7.11
"Servidor-SPTECH";"ram";"ram_Usada";"GB";"2022-11-01 14:01:22";7.11
"Servidor-SPTECH";"ram";"ram_Usada";"GB";"2022-11-01 14:01:21";7.16
"Servidor-SPTECH";"ram";"ram_Usada";"GB";"2022-11-01 14:01:19";7.19
"Servidor-SPTECH";"ram";"ram_Usada";"GB";"2022-11-01 14:01:18";7.09
"Servidor-SPTECH";"ram";"ram_Usada";"GB";"2022-11-01 14:01:17";6.93
"Servidor-SPTECH";"ram";"ram_Usada";"GB";"2022-11-01 14:01:15";6.64
"Servidor-SPTECH";"ram";"ram_Usada";"GB";"2022-11-01 14:01:14";6.64
"Servidor-SPTECH";"ram";"ram_Usada";"GB";"2022-11-01 14:01:12";6.65
"Servidor-SPTECH";"ram";"ram_Usada";"GB";"2022-11-01 14:01:11";6.66
"Servidor-SPTECH";"ram";"ram_Usada";"GB";"2022-11-01 14:01:09";6.66
"Servidor-SPTECH";"ram";"ram_Usada";"GB";"2022-11-01 14:01:08";6.66
"Servidor-SPTECH";"ram";"ram_Usada";"GB";"2022-11-01 14:01:07";6.67
"Servidor-SPTECH";"ram";"ram_Usada";"GB";"2022-11-01 14:01:05";6.82
"Servidor-SPTECH";"ram";"ram_Usada";"GB";"2022-11-01 14:01:04";6.8
"Servidor-SPTECH";"ram";"ram_Usada";"GB";"2022-11-01 14:01:02";6.9
"Servidor-SPTECH";"ram";"ram_Usada";"GB";"2022-11-01 14:01:01";6.9
"Servidor-SPTECH";"ram";"ram_Usada";"GB";"2022-11-01 14:00:59";6.9
"Servidor-SPTECH";"ram";"ram_Usada";"GB";"2022-11-01 14:00:58";6.86
"Servidor-SPTECH";"ram";"ram_Usada";"GB";"2022-11-01 14:00:57";6.89
"Servidor-SPTECH";"ram";"ram_Usada";"GB";"2022-11-01 14:00:55";6.89
"Servidor-SPTECH";"ram";"ram_Usada";"GB";"2022-11-01 14:00:54";6.9
"Servidor-SPTECH";"ram";"ram_Usada";"GB";"2022-11-01 14:00:52";6.64
"Servidor-SPTECH";"ram";"ram_Usada";"GB";"2022-11-01 14:00:51";6.68
"Servidor-SPTECH";"ram";"ram_Usada";"GB";"2022-11-01 14:00:49";6.69
"Servidor-SPTECH";"ram";"ram_Usada";"GB";"2022-11-01 14:00:48";6.68
"Servidor-SPTECH";"ram";"ram_Usada";"GB";"2022-11-01 14:00:47";6.66
"Servidor-SPTECH";"ram";"ram_Usada";"GB";"2022-11-01 14:00:45";6.69
"Servidor-SPTECH";"ram";"ram_Usada";"GB";"2022-11-01 14:00:44";6.69
"Servidor-SPTECH";"ram";"ram_Usada";"GB";"2022-11-01 14:00:42";6.7
"Servidor-SPTECH";"ram";"ram_Usada";"GB";"2022-11-01 14:00:41";6.7
"Servidor-SPTECH";"ram";"ram_Usada";"GB";"2022-11-01 14:00:39";6.71
"Servidor-SPTECH";"ram";"ram_Usada";"GB";"2022-11-01 14:00:38";6.71
"Servidor-SPTECH";"ram";"ram_Usada";"GB";"2022-11-01 14:00:37";6.72
"Servidor-SPTECH";"ram";"ram_Usada";"GB";"2022-11-01 14:00:35";6.72
"Servidor-SPTECH";"ram";"ram_Usada";"GB";"2022-11-01 14:00:34";6.71
"Servidor-SPTECH";"ram";"ram_Usada";"GB";"2022-11-01 14:00:32";6.7
"Servidor-SPTECH";"ram";"ram_Usada";"GB";"2022-11-01 14:00:31";6.7
"Servidor-SPTECH";"ram";"ram_Usada";"GB";"2022-11-01 14:00:30";6.68
"Servidor-SPTECH";"ram";"ram_Usada";"GB";"2022-11-01 14:00:28";6.68
"Servidor-SPTECH";"ram";"ram_Usada";"GB";"2022-11-01 14:00:27";6.69
"Servidor-SPTECH";"ram";"ram_Usada";"GB";"2022-11-01 14:00:25";6.7
"Servidor-SPTECH";"ram";"ram_Usada";"GB";"2022-11-01 14:00:24";6.69
"Servidor-SPTECH";"ram";"ram_Usada";"GB";"2022-11-01 14:00:23";6.69
"Servidor-SPTECH";"ram";"ram_Usada";"GB";"2022-11-01 14:00:21";6.68
"Servidor-SPTECH";"ram";"ram_Usada";"GB";"2022-11-01 14:00:20";6.67
"Servidor-SPTECH";"ram";"ram_Usada";"GB";"2022-11-01 14:00:18";6.65
"Servidor-SPTECH";"ram";"ram_Usada";"GB";"2022-11-01 14:00:17";6.66
"Servidor-SPTECH";"ram";"ram_Usada";"GB";"2022-11-01 14:00:15";6.66
"Servidor-SPTECH";"ram";"ram_Usada";"GB";"2022-11-01 14:00:14";6.67
"Servidor-SPTECH";"ram";"ram_Usada";"GB";"2022-11-01 14:00:13";6.67
"Servidor-SPTECH";"ram";"ram_Usada";"GB";"2022-11-01 14:00:11";6.68
"Servidor-SPTECH";"ram";"ram_Usada";"GB";"2022-11-01 14:00:10";6.66
"Servidor-SPTECH";"ram";"ram_Usada";"GB";"2022-11-01 14:00:08";6.66
"Servidor-SPTECH";"ram";"ram_Usada";"GB";"2022-11-01 14:00:07";6.66
"Servidor-SPTECH";"ram";"ram_Usada";"GB";"2022-11-01 14:00:06";6.66
"Servidor-SPTECH";"ram";"ram_Usada";"GB";"2022-11-01 14:00:04";6.67
"Servidor-SPTECH";"ram";"ram_Usada";"GB";"2022-11-01 14:00:03";6.67
"Servidor-SPTECH";"ram";"ram_Usada";"GB";"2022-11-01 14:00:01";6.67
"Servidor-SPTECH";"ram";"ram_Usada";"GB";"2022-11-01 14:00:00";6.67
"Servidor-SPTECH";"ram";"ram_Usada";"GB";"2022-11-01 13:59:58";6.67
"Servidor-SPTECH";"ram";"ram_Usada";"GB";"2022-11-01 13:59:57";6.67
"Servidor-SPTECH";"ram";"ram_Usada";"GB";"2022-11-01 13:59:56";6.64
"Servidor-SPTECH";"ram";"ram_Usada";"GB";"2022-11-01 13:59:54";6.66
"Servidor-SPTECH";"ram";"ram_Usada";"GB";"2022-11-01 13:59:53";6.67
"Servidor-SPTECH";"ram";"ram_Usada";"GB";"2022-11-01 13:59:51";6.66
"Servidor-SPTECH";"ram";"ram_Usada";"GB";"2022-11-01 13:59:50";6.66
"Servidor-SPTECH";"ram";"ram_Usada";"GB";"2022-11-01 13:59:48";6.66
"Servidor-SPTECH";"ram";"ram_Usada";"GB";"2022-11-01 13:59:47";6.66
"Servidor-SPTECH";"ram";"ram_Usada";"GB";"2022-11-01 13:59:46";6.66
"Servidor-SPTECH";"ram";"ram_Usada";"GB";"2022-11-01 13:59:44";6.66
"Servidor-SPTECH";"ram";"ram_Usada";"GB";"2022-11-01 13:59:43";6.69
"Servidor-SPTECH";"ram";"ram_Usada";"GB";"2022-11-01 13:59:41";6.68
"Servidor-SPTECH";"ram";"ram_Usada";"GB";"2022-11-01 13:59:40";6.93
"Servidor-SPTECH";"ram";"ram_Usada";"GB";"2022-11-01 13:59:38";6.92
"Servidor-SPTECH";"ram";"ram_Usada";"GB";"2022-11-01 13:59:37";7.22
"Servidor-SPTECH";"ram";"ram_Usada";"GB";"2022-11-01 13:59:36";7.22
"Servidor-SPTECH";"ram";"ram_Usada";"GB";"2022-11-01 13:59:34";7.26
"Servidor-SPTECH";"ram";"ram_Usada";"GB";"2022-11-01 13:59:33";7.21
"Servidor-SPTECH";"ram";"ram_Usada";"GB";"2022-11-01 13:59:31";7.16
"Servidor-SPTECH";"ram";"ram_Usada";"GB";"2022-11-01 13:59:30";7.02
"Servidor-SPTECH";"ram";"ram_Usada";"GB";"2022-11-01 13:59:28";7.05
"Servidor-SPTECH";"ram";"ram_Usada";"GB";"2022-11-01 13:59:27";7.06
"Servidor-SPTECH";"ram";"ram_Usada";"GB";"2022-11-01 13:59:25";7.06
"Servidor-SPTECH";"ram";"ram_Usada";"GB";"2022-11-01 13:59:24";7.07
"Servidor-SPTECH";"ram";"ram_Usada";"GB";"2022-11-01 13:59:23";7.0
"Servidor-SPTECH";"ram";"ram_Usada";"GB";"2022-11-01 13:59:21";7.08
"Servidor-SPTECH";"ram";"ram_Usada";"GB";"2022-11-01 13:59:20";7.08
"Servidor-SPTECH";"ram";"ram_Usada";"GB";"2022-11-01 13:59:18";7.15
"Servidor-SPTECH";"ram";"ram_Usada";"GB";"2022-11-01 13:59:17";7.15
"Servidor-SPTECH";"ram";"ram_Usada";"GB";"2022-11-01 13:59:16";7.15
"Servidor-SPTECH";"ram";"ram_Usada";"GB";"2022-11-01 13:59:14";7.17
"Servidor-SPTECH";"ram";"ram_Usada";"GB";"2022-11-01 13:59:13";7.26
"Servidor-SPTECH";"ram";"ram_Usada";"GB";"2022-11-01 13:59:11";7.03
"Servidor-SPTECH";"ram";"ram_Usada";"GB";"2022-11-01 13:59:10";6.65
"Servidor-SPTECH";"ram";"ram_Usada";"GB";"2022-11-01 13:59:08";6.64
"Servidor-SPTECH";"ram";"ram_Usada";"GB";"2022-11-01 13:59:07";6.59
"Servidor-SPTECH";"ram";"ram_Usada";"GB";"2022-11-01 13:59:05";6.59
"Servidor-SPTECH";"ram";"ram_Usada";"GB";"2022-11-01 13:59:04";6.61
"Servidor-SPTECH";"ram";"ram_Usada";"GB";"2022-11-01 13:59:03";6.61
"Servidor-SPTECH";"ram";"ram_Usada";"GB";"2022-11-01 13:59:01";6.62
"Servidor-SPTECH";"ram";"ram_Usada";"GB";"2022-11-01 13:59:00";6.61
"Servidor-SPTECH";"ram";"ram_Usada";"GB";"2022-11-01 13:58:58";6.61
"Servidor-SPTECH";"ram";"ram_Usada";"GB";"2022-11-01 13:58:57";6.61
"Servidor-SPTECH";"ram";"ram_Usada";"GB";"2022-11-01 13:58:56";6.6
"Servidor-SPTECH";"ram";"ram_Usada";"GB";"2022-11-01 13:58:54";6.58
"Servidor-SPTECH";"ram";"ram_Usada";"GB";"2022-11-01 13:58:53";6.54
"Servidor-SPTECH";"ram";"ram_Usada";"GB";"2022-11-01 13:58:51";6.55
"Servidor-SPTECH";"ram";"ram_Usada";"GB";"2022-11-01 13:58:50";6.55
"Servidor-SPTECH";"ram";"ram_Usada";"GB";"2022-11-01 13:58:48";6.55
"Servidor-SPTECH";"ram";"ram_Usada";"GB";"2022-11-01 13:58:47";6.55
"Servidor-SPTECH";"ram";"ram_Usada";"GB";"2022-11-01 13:58:46";6.55
"Servidor-SPTECH";"ram";"ram_Usada";"GB";"2022-11-01 13:58:44";6.56
"Servidor-SPTECH";"ram";"ram_Usada";"GB";"2022-11-01 13:58:43";6.58
"Servidor-SPTECH";"ram";"ram_Usada";"GB";"2022-11-01 13:58:41";6.53
"Servidor-SPTECH";"ram";"ram_Usada";"GB";"2022-11-01 13:58:40";6.54
"Servidor-SPTECH";"ram";"ram_Usada";"GB";"2022-11-01 13:58:38";6.54
"Servidor-SPTECH";"ram";"ram_Usada";"GB";"2022-11-01 13:58:37";6.53
"Servidor-SPTECH";"ram";"ram_Usada";"GB";"2022-11-01 13:58:36";6.54
"Servidor-SPTECH";"ram";"ram_Usada";"GB";"2022-11-01 13:58:34";6.53
"Servidor-SPTECH";"ram";"ram_Usada";"GB";"2022-11-01 13:58:33";6.48
"Servidor-SPTECH";"ram";"ram_Usada";"GB";"2022-11-01 13:58:31";6.48
"Servidor-SPTECH";"ram";"ram_Usada";"GB";"2022-11-01 13:58:30";6.47
"Servidor-SPTECH";"ram";"ram_Usada";"GB";"2022-11-01 13:58:29";6.47
"Servidor-SPTECH";"ram";"ram_Usada";"GB";"2022-11-01 13:58:27";6.46
"Servidor-SPTECH";"ram";"ram_Usada";"GB";"2022-11-01 13:58:26";6.46
"Servidor-SPTECH";"ram";"ram_Usada";"GB";"2022-11-01 13:58:24";6.46
"Servidor-SPTECH";"ram";"ram_Usada";"GB";"2022-11-01 13:58:23";6.49
"Servidor-SPTECH";"ram";"ram_Usada";"GB";"2022-11-01 13:58:22";6.59
"Servidor-SPTECH";"ram";"ram_Usada";"GB";"2022-11-01 13:58:20";6.67
"Servidor-SPTECH";"ram";"ram_Usada";"GB";"2022-11-01 13:58:19";6.68
"Servidor-SPTECH";"ram";"ram_Usada";"GB";"2022-11-01 13:58:17";6.69
"Servidor-SPTECH";"ram";"ram_Usada";"GB";"2022-11-01 13:58:16";6.68
"Servidor-SPTECH";"ram";"ram_Usada";"GB";"2022-11-01 13:58:14";6.64
"Servidor-SPTECH";"ram";"ram_Usada";"GB";"2022-11-01 13:58:13";6.57
"Servidor-SPTECH";"ram";"ram_Usada";"GB";"2022-11-01 13:58:12";6.42
"Servidor-SPTECH";"ram";"ram_Usada";"GB";"2022-11-01 13:58:10";6.48
"Servidor-SPTECH";"ram";"ram_Usada";"GB";"2022-11-01 13:58:09";6.49
"Servidor-SPTECH";"ram";"ram_Usada";"GB";"2022-11-01 13:58:07";6.48
"Servidor-SPTECH";"ram";"ram_Usada";"GB";"2022-11-01 13:58:06";6.46
"Servidor-SPTECH";"ram";"ram_Usada";"GB";"2022-11-01 13:58:04";6.46
"Servidor-SPTECH";"ram";"ram_Usada";"GB";"2022-11-01 13:58:03";6.46
"Servidor-SPTECH";"ram";"ram_Usada";"GB";"2022-11-01 13:58:02";6.41
"Servidor-SPTECH";"ram";"ram_Usada";"GB";"2022-11-01 13:58:00";6.28
"Servidor-SPTECH";"ram";"ram_Usada";"GB";"2022-11-01 13:57:59";6.28
"Servidor-SPTECH";"ram";"ram_Usada";"GB";"2022-11-01 13:57:57";6.26
"Servidor-SPTECH";"ram";"ram_Usada";"GB";"2022-11-01 13:57:56";6.25
"Servidor-SPTECH";"ram";"ram_Usada";"GB";"2022-11-01 13:57:55";6.24
"Servidor-SPTECH";"ram";"ram_Usada";"GB";"2022-11-01 13:57:53";6.23
"Servidor-SPTECH";"ram";"ram_Usada";"GB";"2022-11-01 13:57:52";6.23
"Servidor-SPTECH";"ram";"ram_Usada";"GB";"2022-11-01 13:57:50";6.26
"Servidor-SPTECH";"ram";"ram_Usada";"GB";"2022-11-01 13:57:49";6.25
"Servidor-SPTECH";"ram";"ram_Usada";"GB";"2022-11-01 13:57:48";6.28
"Servidor-SPTECH";"ram";"ram_Usada";"GB";"2022-11-01 13:57:46";6.26
"Servidor-SPTECH";"ram";"ram_Usada";"GB";"2022-11-01 13:57:45";6.27
"Servidor-SPTECH";"ram";"ram_Usada";"GB";"2022-11-01 13:57:43";6.29
"Servidor-SPTECH";"ram";"ram_Usada";"GB";"2022-11-01 13:57:42";6.28
"Servidor-SPTECH";"ram";"ram_Usada";"GB";"2022-11-01 13:57:41";6.27
"Servidor-SPTECH";"ram";"ram_Usada";"GB";"2022-11-01 13:57:39";6.28
"Servidor-SPTECH";"ram";"ram_Usada";"GB";"2022-11-01 13:57:38";6.27
"Servidor-SPTECH";"ram";"ram_Usada";"GB";"2022-11-01 13:57:36";6.27
"Servidor-SPTECH";"ram";"ram_Usada";"GB";"2022-11-01 13:57:35";6.28
"Servidor-SPTECH";"ram";"ram_Usada";"GB";"2022-11-01 13:57:33";6.26
"Servidor-SPTECH";"ram";"ram_Usada";"GB";"2022-11-01 13:57:32";6.26
"Servidor-SPTECH";"ram";"ram_Usada";"GB";"2022-11-01 13:57:31";6.26
"Servidor-SPTECH";"ram";"ram_Usada";"GB";"2022-11-01 13:57:29";6.26
"Servidor-SPTECH";"ram";"ram_Usada";"GB";"2022-11-01 13:57:28";6.25
"Servidor-SPTECH";"ram";"ram_Usada";"GB";"2022-11-01 13:57:26";6.25
"Servidor-SPTECH";"ram";"ram_Usada";"GB";"2022-11-01 13:57:25";6.21
"Servidor-SPTECH";"ram";"ram_Usada";"GB";"2022-11-01 13:57:24";6.24
"Servidor-SPTECH";"ram";"ram_Usada";"GB";"2022-11-01 13:57:22";6.25
"Servidor-SPTECH";"ram";"ram_Usada";"GB";"2022-11-01 13:57:21";6.25
"Servidor-SPTECH";"ram";"ram_Usada";"GB";"2022-11-01 13:57:19";6.25
"Servidor-SPTECH";"ram";"ram_Usada";"GB";"2022-11-01 13:57:18";6.25
"Servidor-SPTECH";"ram";"ram_Usada";"GB";"2022-11-01 13:57:17";6.25
"Servidor-SPTECH";"ram";"ram_Usada";"GB";"2022-11-01 13:57:15";6.24
"Servidor-SPTECH";"ram";"ram_Usada";"GB";"2022-11-01 13:57:14";6.47
"Servidor-SPTECH";"ram";"ram_Usada";"GB";"2022-11-01 13:57:12";6.44
"Servidor-SPTECH";"ram";"ram_Usada";"GB";"2022-11-01 13:57:11";6.8
"Servidor-SPTECH";"ram";"ram_Usada";"GB";"2022-11-01 13:57:09";6.82
"Servidor-SPTECH";"ram";"ram_Usada";"GB";"2022-11-01 13:57:08";6.83
"Servidor-SPTECH";"ram";"ram_Usada";"GB";"2022-11-01 13:57:07";6.81
"Servidor-SPTECH";"ram";"ram_Usada";"GB";"2022-11-01 13:57:05";6.52
"Servidor-SPTECH";"ram";"ram_Usada";"GB";"2022-11-01 13:57:04";6.31
"Servidor-SPTECH";"ram";"ram_Usada";"GB";"2022-11-01 13:57:02";6.32
"Servidor-SPTECH";"ram";"ram_Usada";"GB";"2022-11-01 13:57:01";6.3
"Servidor-SPTECH";"ram";"ram_Usada";"GB";"2022-11-01 13:56:59";6.32
"Servidor-SPTECH";"ram";"ram_Usada";"GB";"2022-11-01 13:56:58";6.32
"Servidor-SPTECH";"ram";"ram_Usada";"GB";"2022-11-01 13:56:57";6.41
"Servidor-SPTECH";"ram";"ram_Usada";"GB";"2022-11-01 13:56:55";6.6
"Servidor-SPTECH";"ram";"ram_Usada";"GB";"2022-11-01 13:56:54";6.61
"Servidor-SPTECH";"ram";"ram_Usada";"GB";"2022-11-01 13:56:52";6.59
"Servidor-SPTECH";"ram";"ram_Usada";"GB";"2022-11-01 13:56:51";6.64
"Servidor-SPTECH";"ram";"ram_Usada";"GB";"2022-11-01 13:56:49";6.64
"Servidor-SPTECH";"ram";"ram_Usada";"GB";"2022-11-01 13:56:48";6.87
"Servidor-SPTECH";"ram";"ram_Usada";"GB";"2022-11-01 13:56:47";7.0
"Servidor-SPTECH";"ram";"ram_Usada";"GB";"2022-11-01 13:56:45";7.3
"Servidor-SPTECH";"ram";"ram_Usada";"GB";"2022-11-01 13:56:44";7.35
"Servidor-SPTECH";"ram";"ram_Usada";"GB";"2022-11-01 13:56:42";7.35
"Servidor-SPTECH";"ram";"ram_Usada";"GB";"2022-11-01 13:56:41";7.35
"Servidor-SPTECH";"ram";"ram_Usada";"GB";"2022-11-01 13:56:39";7.35
"Servidor-SPTECH";"ram";"ram_Usada";"GB";"2022-11-01 13:56:38";7.37
"Servidor-SPTECH";"ram";"ram_Usada";"GB";"2022-11-01 13:56:36";7.38
"Servidor-SPTECH";"ram";"ram_Usada";"GB";"2022-11-01 13:56:35";7.37
"Servidor-SPTECH";"ram";"ram_Usada";"GB";"2022-11-01 13:56:34";7.35
"Servidor-SPTECH";"ram";"ram_Usada";"GB";"2022-11-01 13:56:32";7.37
"Servidor-SPTECH";"ram";"ram_Usada";"GB";"2022-11-01 13:56:31";7.34
"Servidor-SPTECH";"ram";"ram_Usada";"GB";"2022-11-01 13:56:29";7.37
"Servidor-SPTECH";"ram";"ram_Usada";"GB";"2022-11-01 13:56:28";7.45
"Servidor-SPTECH";"ram";"ram_Usada";"GB";"2022-11-01 13:56:26";7.36
"Servidor-SPTECH";"ram";"ram_Usada";"GB";"2022-11-01 13:56:25";7.32
"Servidor-SPTECH";"ram";"ram_Usada";"GB";"2022-11-01 13:56:23";7.39
"Servidor-SPTECH";"ram";"ram_Usada";"GB";"2022-11-01 13:56:22";7.05
"Servidor-SPTECH";"ram";"ram_Usada";"GB";"2022-11-01 13:56:20";7.06
"Servidor-SPTECH";"ram";"ram_Usada";"GB";"2022-11-01 13:56:19";7.06
"Servidor-SPTECH";"ram";"ram_Usada";"GB";"2022-11-01 13:56:18";7.06
"Servidor-SPTECH";"ram";"ram_Usada";"GB";"2022-11-01 13:56:16";7.09
"Servidor-SPTECH";"ram";"ram_Usada";"GB";"2022-11-01 13:56:15";7.06
"Servidor-SPTECH";"ram";"ram_Usada";"GB";"2022-11-01 13:56:13";7.09
"Servidor-SPTECH";"ram";"ram_Usada";"GB";"2022-11-01 13:56:12";7.11
"Servidor-SPTECH";"ram";"ram_Usada";"GB";"2022-11-01 13:56:11";7.13
"Servidor-SPTECH";"ram";"ram_Usada";"GB";"2022-11-01 13:56:09";7.1
"Servidor-SPTECH";"ram";"ram_Usada";"GB";"2022-11-01 13:56:08";7.11
"Servidor-SPTECH";"ram";"ram_Usada";"GB";"2022-11-01 13:56:06";7.11
"Servidor-SPTECH";"ram";"ram_Usada";"GB";"2022-11-01 13:56:05";7.11
"Servidor-SPTECH";"ram";"ram_Usada";"GB";"2022-11-01 13:56:03";6.98
"Servidor-SPTECH";"ram";"ram_Usada";"GB";"2022-11-01 13:56:02";7.01
"Servidor-SPTECH";"ram";"ram_Usada";"GB";"2022-11-01 13:56:01";6.99
"Servidor-SPTECH";"ram";"ram_Usada";"GB";"2022-11-01 13:55:59";7.02
"Servidor-SPTECH";"ram";"ram_Usada";"GB";"2022-11-01 13:55:58";7.02
"Servidor-SPTECH";"ram";"ram_Usada";"GB";"2022-11-01 13:55:56";7.17
"Servidor-SPTECH";"ram";"ram_Usada";"GB";"2022-11-01 13:55:55";7.2
"Servidor-SPTECH";"ram";"ram_Usada";"GB";"2022-11-01 13:55:53";7.16
"Servidor-SPTECH";"ram";"ram_Usada";"GB";"2022-11-01 13:55:52";6.8
"Servidor-SPTECH";"ram";"ram_Usada";"GB";"2022-11-01 13:55:50";6.75
"Servidor-SPTECH";"ram";"ram_Usada";"GB";"2022-11-01 13:55:48";6.43
"Servidor-SPTECH";"ram";"ram_Usada";"GB";"2022-11-01 13:55:47";6.43
"Servidor-SPTECH";"ram";"ram_Usada";"GB";"2022-11-01 13:55:45";6.42
"Servidor-SPTECH";"ram";"ram_Usada";"GB";"2022-11-01 13:55:44";6.45
"Servidor-SPTECH";"ram";"ram_Usada";"GB";"2022-11-01 13:55:42";6.43
"Servidor-SPTECH";"ram";"ram_Usada";"GB";"2022-11-01 13:55:41";6.46
"Servidor-SPTECH";"ram";"ram_Usada";"GB";"2022-11-01 13:55:40";6.47
"Servidor-SPTECH";"ram";"ram_Usada";"GB";"2022-11-01 13:55:38";6.5
"Servidor-SPTECH";"ram";"ram_Usada";"GB";"2022-11-01 13:55:37";6.5
"Servidor-SPTECH";"ram";"ram_Usada";"GB";"2022-11-01 13:55:35";6.51
"Servidor-SPTECH";"ram";"ram_Usada";"GB";"2022-11-01 13:55:34";6.51
"Servidor-SPTECH";"ram";"ram_Usada";"GB";"2022-11-01 13:55:33";6.51
"Servidor-SPTECH";"ram";"ram_Usada";"GB";"2022-11-01 13:55:31";6.56
"Servidor-SPTECH";"ram";"ram_Usada";"GB";"2022-11-01 13:55:30";6.57
"Servidor-SPTECH";"ram";"ram_Usada";"GB";"2022-11-01 13:55:28";6.58
"Servidor-SPTECH";"ram";"ram_Usada";"GB";"2022-11-01 13:55:27";6.57
"Servidor-SPTECH";"ram";"ram_Usada";"GB";"2022-11-01 13:55:25";6.57
"Servidor-SPTECH";"ram";"ram_Usada";"GB";"2022-11-01 13:55:24";6.57
"Servidor-SPTECH";"ram";"ram_Usada";"GB";"2022-11-01 13:55:23";6.58
"Servidor-SPTECH";"ram";"ram_Usada";"GB";"2022-11-01 13:55:21";6.57
"Servidor-SPTECH";"ram";"ram_Usada";"GB";"2022-11-01 13:55:20";6.57
"Servidor-SPTECH";"ram";"ram_Usada";"GB";"2022-11-01 13:55:18";6.54
"Servidor-SPTECH";"ram";"ram_Usada";"GB";"2022-11-01 13:55:17";6.57
"Servidor-SPTECH";"ram";"ram_Usada";"GB";"2022-11-01 13:55:16";6.57
"Servidor-SPTECH";"ram";"ram_Usada";"GB";"2022-11-01 13:55:14";6.57
"Servidor-SPTECH";"ram";"ram_Usada";"GB";"2022-11-01 13:55:13";6.55
"Servidor-SPTECH";"ram";"ram_Usada";"GB";"2022-11-01 13:55:11";6.58
"Servidor-SPTECH";"ram";"ram_Usada";"GB";"2022-11-01 13:55:10";6.58
"Servidor-SPTECH";"ram";"ram_Usada";"GB";"2022-11-01 13:55:08";6.58
"Servidor-SPTECH";"ram";"ram_Usada";"GB";"2022-11-01 13:55:07";6.59
"Servidor-SPTECH";"ram";"ram_Usada";"GB";"2022-11-01 13:55:06";6.58
"Servidor-SPTECH";"ram";"ram_Usada";"GB";"2022-11-01 13:55:04";6.58
"Servidor-SPTECH";"ram";"ram_Usada";"GB";"2022-11-01 13:55:03";6.58
"Servidor-SPTECH";"ram";"ram_Usada";"GB";"2022-11-01 13:55:01";6.58
"Servidor-SPTECH";"ram";"ram_Usada";"GB";"2022-11-01 13:55:00";6.58
"Servidor-SPTECH";"ram";"ram_Usada";"GB";"2022-11-01 13:54:59";6.58
"Servidor-SPTECH";"ram";"ram_Usada";"GB";"2022-11-01 13:54:57";6.58
"Servidor-SPTECH";"ram";"ram_Usada";"GB";"2022-11-01 13:54:56";6.57
"Servidor-SPTECH";"ram";"ram_Usada";"GB";"2022-11-01 13:54:54";6.54
"Servidor-SPTECH";"ram";"ram_Usada";"GB";"2022-11-01 13:54:53";6.58
"Servidor-SPTECH";"ram";"ram_Usada";"GB";"2022-11-01 13:54:51";6.57
"Servidor-SPTECH";"ram";"ram_Usada";"GB";"2022-11-01 13:54:50";6.57
"Servidor-SPTECH";"ram";"ram_Usada";"GB";"2022-11-01 13:54:49";6.56
"Servidor-SPTECH";"ram";"ram_Usada";"GB";"2022-11-01 13:54:47";6.59
"Servidor-SPTECH";"ram";"ram_Usada";"GB";"2022-11-01 13:54:46";6.6
"Servidor-SPTECH";"ram";"ram_Usada";"GB";"2022-11-01 13:54:44";6.6
"Servidor-SPTECH";"ram";"ram_Usada";"GB";"2022-11-01 13:54:43";6.56
"Servidor-SPTECH";"ram";"ram_Usada";"GB";"2022-11-01 13:54:41";6.73
"Servidor-SPTECH";"ram";"ram_Usada";"GB";"2022-11-01 13:54:40";6.73
"Servidor-SPTECH";"ram";"ram_Usada";"GB";"2022-11-01 13:54:39";6.74
"Servidor-SPTECH";"ram";"ram_Usada";"GB";"2022-11-01 13:54:37";6.74
"Servidor-SPTECH";"ram";"ram_Usada";"GB";"2022-11-01 13:54:36";6.74
"Servidor-SPTECH";"ram";"ram_Usada";"GB";"2022-11-01 13:54:34";6.75
"Servidor-SPTECH";"ram";"ram_Usada";"GB";"2022-11-01 13:54:33";6.73
"Servidor-SPTECH";"ram";"ram_Usada";"GB";"2022-11-01 13:54:31";6.71
"Servidor-SPTECH";"ram";"ram_Usada";"GB";"2022-11-01 13:54:30";6.41
"Servidor-SPTECH";"ram";"ram_Usada";"GB";"2022-11-01 13:54:29";6.41
"Servidor-SPTECH";"ram";"ram_Usada";"GB";"2022-11-01 13:54:27";6.41
"Servidor-SPTECH";"ram";"ram_Usada";"GB";"2022-11-01 13:54:26";6.41
"Servidor-SPTECH";"ram";"ram_Usada";"GB";"2022-11-01 13:54:24";6.38
"Servidor-SPTECH";"ram";"ram_Usada";"GB";"2022-11-01 13:54:23";6.41
"Servidor-SPTECH";"ram";"ram_Usada";"GB";"2022-11-01 13:54:22";6.39
"Servidor-SPTECH";"ram";"ram_Usada";"GB";"2022-11-01 13:54:20";6.63
"Servidor-SPTECH";"ram";"ram_Usada";"GB";"2022-11-01 13:54:19";6.63
"Servidor-SPTECH";"ram";"ram_Usada";"GB";"2022-11-01 13:54:17";6.84
"Servidor-SPTECH";"ram";"ram_Usada";"GB";"2022-11-01 13:54:16";6.84
"Servidor-SPTECH";"ram";"ram_Usada";"GB";"2022-11-01 13:54:14";6.84
"Servidor-SPTECH";"ram";"ram_Usada";"GB";"2022-11-01 13:54:13";6.87
"Servidor-SPTECH";"ram";"ram_Usada";"GB";"2022-11-01 13:54:12";6.83
"Servidor-SPTECH";"ram";"ram_Usada";"GB";"2022-11-01 13:54:10";6.79
"Servidor-SPTECH";"ram";"ram_Usada";"GB";"2022-11-01 13:54:09";6.61
"Servidor-SPTECH";"ram";"ram_Usada";"GB";"2022-11-01 13:54:07";6.35
"Servidor-SPTECH";"ram";"ram_Usada";"GB";"2022-11-01 13:54:06";6.34
"Servidor-SPTECH";"ram";"ram_Usada";"GB";"2022-11-01 13:54:04";6.34
"Servidor-SPTECH";"ram";"ram_Usada";"GB";"2022-11-01 13:54:03";6.34
"Servidor-SPTECH";"ram";"ram_Usada";"GB";"2022-11-01 13:54:01";6.35
"Servidor-SPTECH";"ram";"ram_Usada";"GB";"2022-11-01 13:54:00";6.32
"Servidor-SPTECH";"ram";"ram_Usada";"GB";"2022-11-01 13:53:59";6.35
"Servidor-SPTECH";"ram";"ram_Usada";"GB";"2022-11-01 13:53:57";6.34
"Servidor-SPTECH";"ram";"ram_Usada";"GB";"2022-11-01 13:53:56";6.34
"Servidor-SPTECH";"ram";"ram_Usada";"GB";"2022-11-01 13:53:54";6.3
"Servidor-SPTECH";"ram";"ram_Usada";"GB";"2022-11-01 13:53:53";6.35
"Servidor-SPTECH";"ram";"ram_Usada";"GB";"2022-11-01 13:53:51";6.35
"Servidor-SPTECH";"ram";"ram_Usada";"GB";"2022-11-01 13:53:50";6.35
"Servidor-SPTECH";"ram";"ram_Usada";"GB";"2022-11-01 13:53:49";6.35
"Servidor-SPTECH";"ram";"ram_Usada";"GB";"2022-11-01 13:53:47";6.34
"Servidor-SPTECH";"ram";"ram_Usada";"GB";"2022-11-01 13:53:46";6.32
"Servidor-SPTECH";"ram";"ram_Usada";"GB";"2022-11-01 13:53:44";6.32
"Servidor-SPTECH";"ram";"ram_Usada";"GB";"2022-11-01 13:53:43";6.6
"Servidor-SPTECH";"ram";"ram_Usada";"GB";"2022-11-01 13:53:41";6.59
"Servidor-SPTECH";"ram";"ram_Usada";"GB";"2022-11-01 13:53:40";6.61
"Servidor-SPTECH";"ram";"ram_Usada";"GB";"2022-11-01 13:53:39";6.96
"Servidor-SPTECH";"ram";"ram_Usada";"GB";"2022-11-01 13:53:37";6.96
"Servidor-SPTECH";"ram";"ram_Usada";"GB";"2022-11-01 13:53:36";6.81
"Servidor-SPTECH";"ram";"ram_Usada";"GB";"2022-11-01 13:53:34";6.84
"Servidor-SPTECH";"ram";"ram_Usada";"GB";"2022-11-01 13:53:33";6.84
"Servidor-SPTECH";"ram";"ram_Usada";"GB";"2022-11-01 13:53:32";6.82
"Servidor-SPTECH";"ram";"ram_Usada";"GB";"2022-11-01 13:53:30";6.95
"Servidor-SPTECH";"ram";"ram_Usada";"GB";"2022-11-01 13:53:29";6.97
"Servidor-SPTECH";"ram";"ram_Usada";"GB";"2022-11-01 13:53:27";6.97
"Servidor-SPTECH";"ram";"ram_Usada";"GB";"2022-11-01 13:53:26";6.97
"Servidor-SPTECH";"ram";"ram_Usada";"GB";"2022-11-01 13:53:24";6.85
"Servidor-SPTECH";"ram";"ram_Usada";"GB";"2022-11-01 13:53:23";6.81
"Servidor-SPTECH";"ram";"ram_Usada";"GB";"2022-11-01 13:53:21";6.77
"Servidor-SPTECH";"ram";"ram_Usada";"GB";"2022-11-01 13:53:20";6.77
"Servidor-SPTECH";"ram";"ram_Usada";"GB";"2022-11-01 13:53:19";6.76
"Servidor-SPTECH";"ram";"ram_Usada";"GB";"2022-11-01 13:53:17";6.77
"Servidor-SPTECH";"ram";"ram_Usada";"GB";"2022-11-01 13:53:16";6.75
"Servidor-SPTECH";"ram";"ram_Usada";"GB";"2022-11-01 13:53:14";6.74
"Servidor-SPTECH";"ram";"ram_Usada";"GB";"2022-11-01 13:53:13";6.74
"Servidor-SPTECH";"ram";"ram_Usada";"GB";"2022-11-01 13:53:11";6.73
"Servidor-SPTECH";"ram";"ram_Usada";"GB";"2022-11-01 13:53:10";6.72
"Servidor-SPTECH";"ram";"ram_Usada";"GB";"2022-11-01 13:53:08";6.79
"Servidor-SPTECH";"ram";"ram_Usada";"GB";"2022-11-01 13:53:07";6.79
"Servidor-SPTECH";"ram";"ram_Usada";"GB";"2022-11-01 13:53:06";6.92
"Servidor-SPTECH";"ram";"ram_Usada";"GB";"2022-11-01 13:53:04";6.93
"Servidor-SPTECH";"ram";"ram_Usada";"GB";"2022-11-01 13:53:03";7.01
"Servidor-SPTECH";"ram";"ram_Usada";"GB";"2022-11-01 13:53:01";7.21
"Servidor-SPTECH";"ram";"ram_Usada";"GB";"2022-11-01 13:53:00";7.18
"Servidor-SPTECH";"ram";"ram_Usada";"GB";"2022-11-01 13:52:59";7.21
"Servidor-SPTECH";"ram";"ram_Usada";"GB";"2022-11-01 13:52:57";7.2
"Servidor-SPTECH";"ram";"ram_Usada";"GB";"2022-11-01 13:52:56";6.77
"Servidor-SPTECH";"ram";"ram_Usada";"GB";"2022-11-01 13:52:54";6.76
"Servidor-SPTECH";"ram";"ram_Usada";"GB";"2022-11-01 13:52:53";6.79
"Servidor-SPTECH";"ram";"ram_Usada";"GB";"2022-11-01 13:52:51";6.78
"Servidor-SPTECH";"ram";"ram_Usada";"GB";"2022-11-01 13:52:50";6.79
"Servidor-SPTECH";"ram";"ram_Usada";"GB";"2022-11-01 13:52:48";6.76
"Servidor-SPTECH";"ram";"ram_Usada";"GB";"2022-11-01 13:52:47";6.74
"Servidor-SPTECH";"ram";"ram_Usada";"GB";"2022-11-01 13:52:46";6.75
"Servidor-SPTECH";"ram";"ram_Usada";"GB";"2022-11-01 13:52:44";6.82
"Servidor-SPTECH";"ram";"ram_Usada";"GB";"2022-11-01 13:52:43";6.92
"Servidor-SPTECH";"ram";"ram_Usada";"GB";"2022-11-01 13:52:41";6.99
"Servidor-SPTECH";"ram";"ram_Usada";"GB";"2022-11-01 13:52:40";7.0
"Servidor-SPTECH";"ram";"ram_Usada";"GB";"2022-11-01 13:52:38";7.03
"Servidor-SPTECH";"ram";"ram_Usada";"GB";"2022-11-01 13:52:37";7.01
"Servidor-SPTECH";"ram";"ram_Usada";"GB";"2022-11-01 13:52:35";7.0
"Servidor-SPTECH";"ram";"ram_Usada";"GB";"2022-11-01 13:52:34";7.01
"Servidor-SPTECH";"ram";"ram_Usada";"GB";"2022-11-01 13:52:33";7.02
"Servidor-SPTECH";"ram";"ram_Usada";"GB";"2022-11-01 13:52:31";6.98
"Servidor-SPTECH";"ram";"ram_Usada";"GB";"2022-11-01 13:52:30";6.86
"Servidor-SPTECH";"ram";"ram_Usada";"GB";"2022-11-01 13:52:28";7.04
"Servidor-SPTECH";"ram";"ram_Usada";"GB";"2022-11-01 13:52:27";7.01
"Servidor-SPTECH";"ram";"ram_Usada";"GB";"2022-11-01 13:52:25";7.0
"Servidor-SPTECH";"ram";"ram_Usada";"GB";"2022-11-01 13:52:24";6.97
"Servidor-SPTECH";"ram";"ram_Usada";"GB";"2022-11-01 13:52:23";6.98
"Servidor-SPTECH";"ram";"ram_Usada";"GB";"2022-11-01 13:52:21";6.91
"Servidor-SPTECH";"ram";"ram_Usada";"GB";"2022-11-01 13:52:20";6.83
"Servidor-SPTECH";"ram";"ram_Usada";"GB";"2022-11-01 13:52:18";6.92
"Servidor-SPTECH";"ram";"ram_Usada";"GB";"2022-11-01 13:52:17";6.77
"Servidor-SPTECH";"ram";"ram_Usada";"GB";"2022-11-01 13:52:15";6.76
"Servidor-SPTECH";"ram";"ram_Usada";"GB";"2022-11-01 13:52:14";6.75
"Servidor-SPTECH";"ram";"ram_Usada";"GB";"2022-11-01 13:52:13";6.75
"Servidor-SPTECH";"ram";"ram_Usada";"GB";"2022-11-01 13:52:11";6.75
"Servidor-SPTECH";"ram";"ram_Usada";"GB";"2022-11-01 13:52:10";6.75
"Servidor-SPTECH";"ram";"ram_Usada";"GB";"2022-11-01 13:52:08";6.75
"Servidor-SPTECH";"ram";"ram_Usada";"GB";"2022-11-01 13:52:07";6.95
"Servidor-SPTECH";"ram";"ram_Usada";"GB";"2022-11-01 13:52:05";7.13
"Servidor-SPTECH";"ram";"ram_Usada";"GB";"2022-11-01 13:52:04";7.15
"Servidor-SPTECH";"ram";"ram_Usada";"GB";"2022-11-01 13:52:03";7.15
"Servidor-SPTECH";"ram";"ram_Usada";"GB";"2022-11-01 13:52:01";7.16
"Servidor-SPTECH";"ram";"ram_Usada";"GB";"2022-11-01 13:52:00";7.13
"Servidor-SPTECH";"ram";"ram_Usada";"GB";"2022-11-01 13:51:58";7.2
"Servidor-SPTECH";"ram";"ram_Usada";"GB";"2022-11-01 13:51:57";7.2
"Servidor-SPTECH";"ram";"ram_Usada";"GB";"2022-11-01 13:51:56";7.27
"Servidor-SPTECH";"ram";"ram_Usada";"GB";"2022-11-01 13:51:54";7.36
"Servidor-SPTECH";"ram";"ram_Usada";"GB";"2022-11-01 13:51:53";7.38
"Servidor-SPTECH";"ram";"ram_Usada";"GB";"2022-11-01 13:51:51";7.21
"Servidor-SPTECH";"ram";"ram_Usada";"GB";"2022-11-01 13:51:50";7.0
"Servidor-SPTECH";"ram";"ram_Usada";"GB";"2022-11-01 13:51:48";6.78
"Servidor-SPTECH";"ram";"ram_Usada";"GB";"2022-11-01 13:51:47";6.68
"Servidor-SPTECH";"ram";"ram_Usada";"GB";"2022-11-01 13:51:45";6.59
"Servidor-SPTECH";"ram";"ram_Usada";"GB";"2022-11-01 13:51:44";6.56
"Servidor-SPTECH";"ram";"ram_Usada";"GB";"2022-11-01 13:51:43";6.59
"Servidor-SPTECH";"ram";"ram_Usada";"GB";"2022-11-01 13:51:41";6.6
"Servidor-SPTECH";"ram";"ram_Usada";"GB";"2022-11-01 13:51:40";6.61
"Servidor-SPTECH";"ram";"ram_Usada";"GB";"2022-11-01 13:51:38";6.65
"Servidor-SPTECH";"ram";"ram_Usada";"GB";"2022-11-01 13:51:37";6.65
"Servidor-SPTECH";"ram";"ram_Usada";"GB";"2022-11-01 13:51:36";6.62
"Servidor-SPTECH";"ram";"ram_Usada";"GB";"2022-11-01 13:51:34";6.85
"Servidor-SPTECH";"ram";"ram_Usada";"GB";"2022-11-01 13:51:33";6.85
"Servidor-SPTECH";"ram";"ram_Usada";"GB";"2022-11-01 13:51:31";7.1
"Servidor-SPTECH";"ram";"ram_Usada";"GB";"2022-11-01 13:51:30";7.06
"Servidor-SPTECH";"ram";"ram_Usada";"GB";"2022-11-01 13:51:29";7.36
"Servidor-SPTECH";"ram";"ram_Usada";"GB";"2022-11-01 13:51:27";7.36
"Servidor-SPTECH";"ram";"ram_Usada";"GB";"2022-11-01 13:51:26";7.39
"Servidor-SPTECH";"ram";"ram_Usada";"GB";"2022-11-01 13:51:24";7.39
"Servidor-SPTECH";"ram";"ram_Usada";"GB";"2022-11-01 13:51:23";7.35
"Servidor-SPTECH";"ram";"ram_Usada";"GB";"2022-11-01 13:51:22";7.33
"Servidor-SPTECH";"ram";"ram_Usada";"GB";"2022-11-01 13:51:20";7.32
"Servidor-SPTECH";"ram";"ram_Usada";"GB";"2022-11-01 13:51:19";7.38
"Servidor-SPTECH";"ram";"ram_Usada";"GB";"2022-11-01 13:51:17";7.31
"Servidor-SPTECH";"ram";"ram_Usada";"GB";"2022-11-01 13:51:16";7.35
"Servidor-SPTECH";"ram";"ram_Usada";"GB";"2022-11-01 13:51:14";7.35
"Servidor-SPTECH";"ram";"ram_Usada";"GB";"2022-11-01 13:51:13";7.32
"Servidor-SPTECH";"ram";"ram_Usada";"GB";"2022-11-01 13:51:12";7.25
"Servidor-SPTECH";"ram";"ram_Usada";"GB";"2022-11-01 13:51:10";7.22
"Servidor-SPTECH";"ram";"ram_Usada";"GB";"2022-11-01 13:51:09";6.9
"Servidor-SPTECH";"ram";"ram_Usada";"GB";"2022-11-01 13:51:07";6.81
"Servidor-SPTECH";"ram";"ram_Usada";"GB";"2022-11-01 13:51:06";6.82
"Servidor-SPTECH";"ram";"ram_Usada";"GB";"2022-11-01 13:51:04";6.83
"Servidor-SPTECH";"ram";"ram_Usada";"GB";"2022-11-01 13:51:03";6.77
"Servidor-SPTECH";"ram";"ram_Usada";"GB";"2022-11-01 13:51:01";6.76
"Servidor-SPTECH";"ram";"ram_Usada";"GB";"2022-11-01 13:51:00";6.74
"Servidor-SPTECH";"ram";"ram_Usada";"GB";"2022-11-01 13:50:59";6.76
"Servidor-SPTECH";"ram";"ram_Usada";"GB";"2022-11-01 13:50:57";6.75
"Servidor-SPTECH";"ram";"ram_Usada";"GB";"2022-11-01 13:50:56";6.74
"Servidor-SPTECH";"ram";"ram_Usada";"GB";"2022-11-01 13:50:54";6.75
"Servidor-SPTECH";"ram";"ram_Usada";"GB";"2022-11-01 13:50:53";6.75
"Servidor-SPTECH";"ram";"ram_Usada";"GB";"2022-11-01 13:50:52";6.75
"Servidor-SPTECH";"ram";"ram_Usada";"GB";"2022-11-01 13:50:50";6.75
"Servidor-SPTECH";"ram";"ram_Usada";"GB";"2022-11-01 13:50:49";6.76
"Servidor-SPTECH";"ram";"ram_Usada";"GB";"2022-11-01 13:50:47";6.73
"Servidor-SPTECH";"ram";"ram_Usada";"GB";"2022-11-01 13:50:46";6.76
"Servidor-SPTECH";"ram";"ram_Usada";"GB";"2022-11-01 13:50:45";6.76
"Servidor-SPTECH";"ram";"ram_Usada";"GB";"2022-11-01 13:50:43";6.84
"Servidor-SPTECH";"ram";"ram_Usada";"GB";"2022-11-01 13:50:42";6.84
"Servidor-SPTECH";"ram";"ram_Usada";"GB";"2022-11-01 13:50:40";6.88
"Servidor-SPTECH";"ram";"ram_Usada";"GB";"2022-11-01 13:50:39";6.83
"Servidor-SPTECH";"ram";"ram_Usada";"GB";"2022-11-01 13:50:37";6.81
"Servidor-SPTECH";"ram";"ram_Usada";"GB";"2022-11-01 13:50:36";6.79
"Servidor-SPTECH";"ram";"ram_Usada";"GB";"2022-11-01 13:50:35";6.81
"Servidor-SPTECH";"ram";"ram_Usada";"GB";"2022-11-01 13:50:33";6.76
"Servidor-SPTECH";"ram";"ram_Usada";"GB";"2022-11-01 13:50:32";6.76
"Servidor-SPTECH";"ram";"ram_Usada";"GB";"2022-11-01 13:50:30";6.77
"Servidor-SPTECH";"ram";"ram_Usada";"GB";"2022-11-01 13:50:29";6.74
"Servidor-SPTECH";"ram";"ram_Usada";"GB";"2022-11-01 13:50:28";6.78
"Servidor-SPTECH";"ram";"ram_Usada";"GB";"2022-11-01 13:50:26";6.74
"Servidor-SPTECH";"ram";"ram_Usada";"GB";"2022-11-01 13:50:25";6.73
"Servidor-SPTECH";"ram";"ram_Usada";"GB";"2022-11-01 13:50:23";6.71
"Servidor-SPTECH";"ram";"ram_Usada";"GB";"2022-11-01 13:50:22";6.73
"Servidor-SPTECH";"ram";"ram_Usada";"GB";"2022-11-01 13:50:21";6.73
"Servidor-SPTECH";"ram";"ram_Usada";"GB";"2022-11-01 13:50:19";6.73
"Servidor-SPTECH";"ram";"ram_Usada";"GB";"2022-11-01 13:50:18";6.73
"Servidor-SPTECH";"ram";"ram_Usada";"GB";"2022-11-01 13:50:16";6.73
"Servidor-SPTECH";"ram";"ram_Usada";"GB";"2022-11-01 13:50:15";6.73
"Servidor-SPTECH";"ram";"ram_Usada";"GB";"2022-11-01 13:50:14";6.74
"Servidor-SPTECH";"ram";"ram_Usada";"GB";"2022-11-01 13:50:12";6.74
"Servidor-SPTECH";"ram";"ram_Usada";"GB";"2022-11-01 13:50:11";6.9
"Servidor-SPTECH";"ram";"ram_Usada";"GB";"2022-11-01 13:50:09";6.9
"Servidor-SPTECH";"ram";"ram_Usada";"GB";"2022-11-01 13:50:08";6.9
"Servidor-SPTECH";"ram";"ram_Usada";"GB";"2022-11-01 13:50:07";6.91
"Servidor-SPTECH";"ram";"ram_Usada";"GB";"2022-11-01 13:50:05";6.88
"Servidor-SPTECH";"ram";"ram_Usada";"GB";"2022-11-01 13:50:04";6.91
"Servidor-SPTECH";"ram";"ram_Usada";"GB";"2022-11-01 13:50:02";7.02
"Servidor-SPTECH";"ram";"ram_Usada";"GB";"2022-11-01 13:50:01";7.03
"Servidor-SPTECH";"ram";"ram_Usada";"GB";"2022-11-01 13:50:00";7.04
"Servidor-SPTECH";"ram";"ram_Usada";"GB";"2022-11-01 13:49:58";7.01
"Servidor-SPTECH";"ram";"ram_Usada";"GB";"2022-11-01 13:49:57";7.02
"Servidor-SPTECH";"ram";"ram_Usada";"GB";"2022-11-01 13:49:55";7.0
"Servidor-SPTECH";"ram";"ram_Usada";"GB";"2022-11-01 13:49:54";6.95
"Servidor-SPTECH";"ram";"ram_Usada";"GB";"2022-11-01 13:49:52";6.93
"Servidor-SPTECH";"ram";"ram_Usada";"GB";"2022-11-01 13:49:51";6.96
"Servidor-SPTECH";"ram";"ram_Usada";"GB";"2022-11-01 13:49:49";7.0
"Servidor-SPTECH";"ram";"ram_Usada";"GB";"2022-11-01 13:49:48";7.0
"Servidor-SPTECH";"ram";"ram_Usada";"GB";"2022-11-01 13:49:47";6.98
"Servidor-SPTECH";"ram";"ram_Usada";"GB";"2022-11-01 13:49:45";6.97
"Servidor-SPTECH";"ram";"ram_Usada";"GB";"2022-11-01 13:49:44";6.97
"Servidor-SPTECH";"ram";"ram_Usada";"GB";"2022-11-01 13:49:42";6.94
"Servidor-SPTECH";"ram";"ram_Usada";"GB";"2022-11-01 13:49:41";6.96
"Servidor-SPTECH";"ram";"ram_Usada";"GB";"2022-11-01 13:49:39";6.96
"Servidor-SPTECH";"ram";"ram_Usada";"GB";"2022-11-01 13:49:38";6.97
"Servidor-SPTECH";"ram";"ram_Usada";"GB";"2022-11-01 13:49:37";6.94
"Servidor-SPTECH";"ram";"ram_Usada";"GB";"2022-11-01 13:49:35";6.92
"Servidor-SPTECH";"ram";"ram_Usada";"GB";"2022-11-01 13:49:34";6.87
"Servidor-SPTECH";"ram";"ram_Usada";"GB";"2022-11-01 13:49:32";6.86
"Servidor-SPTECH";"ram";"ram_Usada";"GB";"2022-11-01 13:49:31";6.87
"Servidor-SPTECH";"ram";"ram_Usada";"GB";"2022-11-01 13:49:29";6.86
"Servidor-SPTECH";"ram";"ram_Usada";"GB";"2022-11-01 13:49:28";6.87
"Servidor-SPTECH";"ram";"ram_Usada";"GB";"2022-11-01 13:49:27";6.86
"Servidor-SPTECH";"ram";"ram_Usada";"GB";"2022-11-01 13:49:25";6.87
"Servidor-SPTECH";"ram";"ram_Usada";"GB";"2022-11-01 13:49:24";6.87
"Servidor-SPTECH";"ram";"ram_Usada";"GB";"2022-11-01 13:49:22";6.92
"Servidor-SPTECH";"ram";"ram_Usada";"GB";"2022-11-01 13:49:21";6.94
"Servidor-SPTECH";"ram";"ram_Usada";"GB";"2022-11-01 13:49:19";6.9
"Servidor-SPTECH";"ram";"ram_Usada";"GB";"2022-11-01 13:49:18";6.91
"Servidor-SPTECH";"ram";"ram_Usada";"GB";"2022-11-01 13:49:17";6.91
"Servidor-SPTECH";"ram";"ram_Usada";"GB";"2022-11-01 13:49:15";6.86
"Servidor-SPTECH";"ram";"ram_Usada";"GB";"2022-11-01 13:49:14";6.85
"Servidor-SPTECH";"ram";"ram_Usada";"GB";"2022-11-01 13:49:12";6.93
"Servidor-SPTECH";"ram";"ram_Usada";"GB";"2022-11-01 13:49:11";6.84
"Servidor-SPTECH";"ram";"ram_Usada";"GB";"2022-11-01 13:49:09";6.85
"Servidor-SPTECH";"ram";"ram_Usada";"GB";"2022-11-01 13:49:08";6.82
"Servidor-SPTECH";"ram";"ram_Usada";"GB";"2022-11-01 13:49:06";6.82
"Servidor-SPTECH";"ram";"ram_Usada";"GB";"2022-11-01 13:49:05";6.82
"Servidor-SPTECH";"ram";"ram_Usada";"GB";"2022-11-01 13:49:04";6.81
"Servidor-SPTECH";"ram";"ram_Usada";"GB";"2022-11-01 13:49:02";6.78
"Servidor-SPTECH";"ram";"ram_Usada";"GB";"2022-11-01 13:49:01";6.77
"Servidor-SPTECH";"ram";"ram_Usada";"GB";"2022-11-01 13:48:59";6.79
"Servidor-SPTECH";"ram";"ram_Usada";"GB";"2022-11-01 13:48:58";6.77
"Servidor-SPTECH";"ram";"ram_Usada";"GB";"2022-11-01 13:48:56";6.76
"Servidor-SPTECH";"ram";"ram_Usada";"GB";"2022-11-01 13:48:55";6.74
"Servidor-SPTECH";"ram";"ram_Usada";"GB";"2022-11-01 13:48:53";6.74
"Servidor-SPTECH";"ram";"ram_Usada";"GB";"2022-11-01 13:48:52";6.74
"Servidor-SPTECH";"ram";"ram_Usada";"GB";"2022-11-01 13:48:51";6.7
"Servidor-SPTECH";"ram";"ram_Usada";"GB";"2022-11-01 13:48:49";6.73
"Servidor-SPTECH";"ram";"ram_Usada";"GB";"2022-11-01 13:48:48";6.73
"Servidor-SPTECH";"ram";"ram_Usada";"GB";"2022-11-01 13:48:46";6.74
"Servidor-SPTECH";"ram";"ram_Usada";"GB";"2022-11-01 13:48:45";6.74
"Servidor-SPTECH";"ram";"ram_Usada";"GB";"2022-11-01 13:48:43";6.78
"Servidor-SPTECH";"ram";"ram_Usada";"GB";"2022-11-01 13:48:42";6.77
"Servidor-SPTECH";"ram";"ram_Usada";"GB";"2022-11-01 13:48:41";6.78
"Servidor-SPTECH";"ram";"ram_Usada";"GB";"2022-11-01 13:48:39";6.78
"Servidor-SPTECH";"ram";"ram_Usada";"GB";"2022-11-01 13:48:38";6.79
"Servidor-SPTECH";"ram";"ram_Usada";"GB";"2022-11-01 13:48:36";6.79
"Servidor-SPTECH";"ram";"ram_Usada";"GB";"2022-11-01 13:48:35";6.8
"Servidor-SPTECH";"ram";"ram_Usada";"GB";"2022-11-01 13:48:33";6.79
"Servidor-SPTECH";"ram";"ram_Usada";"GB";"2022-11-01 13:48:32";6.78
"Servidor-SPTECH";"ram";"ram_Usada";"GB";"2022-11-01 13:48:31";6.76
"Servidor-SPTECH";"ram";"ram_Usada";"GB";"2022-11-01 13:48:26";6.78
"Servidor-SPTECH";"ram";"ram_Usada";"GB";"2022-11-01 13:48:25";6.79
"Servidor-SPTECH";"ram";"ram_Usada";"GB";"2022-11-01 13:48:23";6.78
"Servidor-SPTECH";"ram";"ram_Usada";"GB";"2022-11-01 13:48:22";6.77
"Servidor-SPTECH";"ram";"ram_Usada";"GB";"2022-11-01 13:48:20";6.77
"Servidor-SPTECH";"ram";"ram_Usada";"GB";"2022-11-01 13:48:19";6.76
"Servidor-SPTECH";"ram";"ram_Usada";"GB";"2022-11-01 13:48:17";6.76
"Servidor-SPTECH";"ram";"ram_Usada";"GB";"2022-11-01 13:48:16";6.74
"Servidor-SPTECH";"ram";"ram_Usada";"GB";"2022-11-01 13:48:15";6.74
"Servidor-SPTECH";"ram";"ram_Usada";"GB";"2022-11-01 13:48:11";7.0
"Servidor-SPTECH";"ram";"ram_Usada";"GB";"2022-11-01 13:48:10";7.0
"Servidor-SPTECH";"ram";"ram_Usada";"GB";"2022-11-01 13:48:08";7.0
"Servidor-SPTECH";"ram";"ram_Usada";"GB";"2022-11-01 13:48:07";7.0
"Servidor-SPTECH";"ram";"ram_Usada";"GB";"2022-11-01 13:48:06";7.0
"Servidor-SPTECH";"ram";"ram_Usada";"GB";"2022-11-01 13:48:04";7.0
"Servidor-SPTECH";"ram";"ram_Usada";"GB";"2022-11-01 13:48:03";7.0
"Servidor-SPTECH";"ram";"ram_Usada";"GB";"2022-11-01 13:48:01";7.0
"Servidor-SPTECH";"ram";"ram_Usada";"GB";"2022-11-01 13:48:00";7.0
"Servidor-SPTECH";"ram";"ram_Usada";"GB";"2022-11-01 13:47:59";7.0
"Servidor-SPTECH";"ram";"ram_Usada";"GB";"2022-11-01 13:47:57";7.0
"Servidor-SPTECH";"ram";"ram_Usada";"GB";"2022-11-01 13:47:56";7.0
"Servidor-SPTECH";"ram";"ram_Usada";"GB";"2022-11-01 13:47:54";7.0
"Servidor-SPTECH";"ram";"ram_Usada";"GB";"2022-11-01 13:47:53";7.0
"Servidor-SPTECH";"ram";"ram_Usada";"GB";"2022-11-01 13:47:52";7.0
"Servidor-SPTECH";"ram";"ram_Usada";"GB";"2022-11-01 13:47:50";7.0
"Servidor-SPTECH";"ram";"ram_Usada";"GB";"2022-11-01 13:47:49";7.0
"Servidor-SPTECH";"ram";"ram_Usada";"GB";"2022-11-01 13:47:47";7.0
"Servidor-SPTECH";"ram";"ram_Usada";"GB";"2022-11-01 13:47:46";7.0
"Servidor-SPTECH";"ram";"ram_Usada";"GB";"2022-11-01 13:47:44";7.0
"Servidor-SPTECH";"ram";"ram_Usada";"GB";"2022-11-01 13:47:43";7.0
"Servidor-SPTECH";"ram";"ram_Usada";"GB";"2022-11-01 13:47:41";7.0
"Servidor-SPTECH";"ram";"ram_Usada";"GB";"2022-11-01 13:47:40";7.0
"Servidor-SPTECH";"ram";"ram_Usada";"GB";"2022-11-01 13:47:12";7.0
"Servidor-SPTECH";"ram";"ram_Usada";"GB";"2022-11-01 13:47:11";7.0
"Servidor-SPTECH";"ram";"ram_Usada";"GB";"2022-11-01 13:47:09";7.0
"Servidor-SPTECH";"ram";"ram_Usada";"GB";"2022-11-01 13:47:08";7.0
"Servidor-SPTECH";"ram";"ram_Usada";"GB";"2022-11-01 13:47:07";7.0
"Servidor-SPTECH";"ram";"ram_Usada";"GB";"2022-11-01 13:47:05";7.0
"Servidor-SPTECH";"ram";"ram_Usada";"GB";"2022-11-01 13:47:04";7.0
"Servidor-SPTECH";"ram";"ram_Usada";"GB";"2022-11-01 13:47:02";7.0
"Servidor-SPTECH";"ram";"ram_Usada";"GB";"2022-11-01 13:47:01";7.0
"Servidor-SPTECH";"ram";"ram_Usada";"GB";"2022-11-01 13:47:00";7.0
"Servidor-SPTECH";"ram";"ram_Usada";"GB";"2022-11-01 13:46:58";7.0
"Servidor-SPTECH";"ram";"ram_Usada";"GB";"2022-11-01 13:46:57";7.0
"Servidor-SPTECH";"ram";"ram_Usada";"GB";"2022-11-01 13:46:55";7.0
"Servidor-SPTECH";"ram";"ram_Usada";"GB";"2022-11-01 13:46:54";7.0
"Servidor-SPTECH";"ram";"ram_Usada";"GB";"2022-11-01 13:46:53";7.0
"Servidor-SPTECH";"ram";"ram_Usada";"GB";"2022-11-01 13:46:51";7.0
"Servidor-SPTECH";"ram";"ram_Usada";"GB";"2022-11-01 13:46:50";7.0
"Servidor-SPTECH";"ram";"ram_Usada";"GB";"2022-11-01 13:46:48";7.0
"Servidor-SPTECH";"ram";"ram_Usada";"GB";"2022-11-01 13:46:47";7.0
"Servidor-SPTECH";"ram";"ram_Usada";"GB";"2022-11-01 13:46:46";7.0
"Servidor-SPTECH";"ram";"ram_Usada";"GB";"2022-11-01 13:46:44";7.0
"Servidor-SPTECH";"ram";"ram_Usada";"GB";"2022-11-01 13:46:43";7.0
"Servidor-SPTECH";"ram";"ram_Usada";"GB";"2022-11-01 13:46:41";7.0
"Servidor-SPTECH";"ram";"ram_Usada";"GB";"2022-11-01 13:46:40";7.0
"Servidor-SPTECH";"ram";"ram_Usada";"GB";"2022-11-01 13:46:39";7.0
"Servidor-SPTECH";"ram";"ram_Usada";"GB";"2022-11-01 13:46:37";7.0
"Servidor-SPTECH";"ram";"ram_Usada";"GB";"2022-11-01 13:46:36";7.0
"Servidor-SPTECH";"ram";"ram_Usada";"GB";"2022-11-01 13:46:34";7.0
"Servidor-SPTECH";"ram";"ram_Usada";"GB";"2022-11-01 13:46:33";7.0
"Servidor-SPTECH";"ram";"ram_Usada";"GB";"2022-11-01 13:46:31";7.0
"Servidor-SPTECH";"ram";"ram_Usada";"GB";"2022-11-01 13:46:30";7.0
"Servidor-SPTECH";"ram";"ram_Usada";"GB";"2022-11-01 13:46:29";7.0
"Servidor-SPTECH";"ram";"ram_Usada";"GB";"2022-11-01 13:46:27";7.0
"Servidor-SPTECH";"ram";"ram_Usada";"GB";"2022-11-01 13:46:26";7.0
"Servidor-SPTECH";"ram";"ram_Usada";"GB";"2022-11-01 13:46:24";7.0
"Servidor-SPTECH";"ram";"ram_Usada";"GB";"2022-11-01 13:46:23";7.0
"Servidor-SPTECH";"ram";"ram_Usada";"GB";"2022-11-01 13:46:22";7.0
"Servidor-SPTECH";"ram";"ram_Usada";"GB";"2022-11-01 13:46:20";7.0
"Servidor-SPTECH";"ram";"ram_Usada";"GB";"2022-11-01 13:46:19";7.0
"Servidor-SPTECH";"ram";"ram_Usada";"GB";"2022-11-01 13:46:17";7.0
"Servidor-SPTECH";"ram";"ram_Usada";"GB";"2022-11-01 13:46:16";7.0
"Servidor-SPTECH";"ram";"ram_Usada";"GB";"2022-11-01 13:46:15";7.0
"Servidor-SPTECH";"ram";"ram_Usada";"GB";"2022-11-01 13:46:13";7.0
"Servidor-SPTECH";"ram";"ram_Usada";"GB";"2022-11-01 13:46:12";7.0
"Servidor-SPTECH";"ram";"ram_Usada";"GB";"2022-11-01 13:46:10";7.0
"Servidor-SPTECH";"ram";"ram_Usada";"GB";"2022-11-01 13:46:09";7.0
"Servidor-SPTECH";"ram";"ram_Usada";"GB";"2022-11-01 13:46:08";7.0
"Servidor-SPTECH";"ram";"ram_Usada";"GB";"2022-11-01 13:46:06";7.0
"Servidor-SPTECH";"ram";"ram_Usada";"GB";"2022-11-01 13:46:05";7.0
"Servidor-SPTECH";"ram";"ram_Usada";"GB";"2022-11-01 13:46:03";7.0
"Servidor-SPTECH";"ram";"ram_Usada";"GB";"2022-11-01 13:46:02";7.0
"Servidor-SPTECH";"ram";"ram_Usada";"GB";"2022-11-01 13:46:01";7.0
"Servidor-SPTECH";"ram";"ram_Usada";"GB";"2022-11-01 13:45:59";7.0
"Servidor-SPTECH";"ram";"ram_Usada";"GB";"2022-11-01 13:45:58";7.0
"Servidor-SPTECH";"ram";"ram_Usada";"GB";"2022-11-01 13:45:56";7.0
"Servidor-SPTECH";"ram";"ram_Usada";"GB";"2022-10-28 12:12:50";6.0
"Servidor-SPTECH";"ram";"ram_Usada";"GB";"2022-10-28 12:12:49";6.0
"Servidor-SPTECH";"ram";"ram_Usada";"GB";"2022-10-28 12:12:47";6.0
"Servidor-SPTECH";"ram";"ram_Usada";"GB";"2022-10-28 12:12:46";6.0
"Servidor-SPTECH";"ram";"ram_Usada";"GB";"2022-10-28 12:12:45";6.0
"Servidor-SPTECH";"ram";"ram_Usada";"GB";"2022-10-28 12:12:43";6.0
"Servidor-SPTECH";"ram";"ram_Usada";"GB";"2022-10-28 12:12:42";6.0
"Servidor-SPTECH";"ram";"ram_Usada";"GB";"2022-10-28 12:12:40";6.0
"Servidor-SPTECH";"ram";"ram_Usada";"GB";"2022-10-28 12:12:39";6.0
"Servidor-SPTECH";"ram";"ram_Usada";"GB";"2022-10-28 12:12:37";6.0
"Servidor-SPTECH";"ram";"ram_Usada";"GB";"2022-10-28 12:12:36";6.0
"Servidor-SPTECH";"ram";"ram_Usada";"GB";"2022-10-28 12:12:34";6.0
"Servidor-SPTECH";"ram";"ram_Usada";"GB";"2022-10-28 12:12:33";6.0
"Servidor-SPTECH";"ram";"ram_Usada";"GB";"2022-10-28 12:12:31";6.0
"Servidor-SPTECH";"ram";"ram_Usada";"GB";"2022-10-28 12:12:30";6.0
"Servidor-SPTECH";"ram";"ram_Usada";"GB";"2022-10-28 12:12:28";6.0
"Servidor-SPTECH";"ram";"ram_Usada";"GB";"2022-10-28 12:12:27";6.0
"Servidor-SPTECH";"ram";"ram_Usada";"GB";"2022-10-28 12:12:26";6.0
"Servidor-SPTECH";"ram";"ram_Usada";"GB";"2022-10-28 12:12:24";6.0
"Servidor-SPTECH";"ram";"ram_Usada";"GB";"2022-10-28 12:12:23";6.0
"Servidor-SPTECH";"ram";"ram_Usada";"GB";"2022-10-28 12:12:21";6.0
"Servidor-SPTECH";"ram";"ram_Usada";"GB";"2022-10-28 12:12:20";6.0
"Servidor-SPTECH";"ram";"ram_Usada";"GB";"2022-10-28 12:12:18";6.0
"Servidor-SPTECH";"ram";"ram_Usada";"GB";"2022-10-28 12:12:17";6.0
"Servidor-SPTECH";"ram";"ram_Usada";"GB";"2022-10-28 12:12:16";6.0
"Servidor-SPTECH";"ram";"ram_Usada";"GB";"2022-10-28 12:12:14";6.0
"Servidor-SPTECH";"ram";"ram_Usada";"GB";"2022-10-28 12:12:13";6.0
"Servidor-SPTECH";"ram";"ram_Usada";"GB";"2022-10-28 12:12:11";6.0
"Servidor-SPTECH";"ram";"ram_Usada";"GB";"2022-10-28 12:12:10";6.0
"Servidor-SPTECH";"ram";"ram_Usada";"GB";"2022-10-28 12:12:08";6.0
"Servidor-SPTECH";"ram";"ram_Usada";"GB";"2022-10-28 12:12:07";6.0
"Servidor-SPTECH";"ram";"ram_Usada";"GB";"2022-10-28 12:12:06";6.0
"Servidor-SPTECH";"ram";"ram_Usada";"GB";"2022-10-28 12:12:04";6.0
"Servidor-SPTECH";"ram";"ram_Usada";"GB";"2022-10-28 12:12:03";6.0
"Servidor-SPTECH";"ram";"ram_Usada";"GB";"2022-10-28 12:12:01";6.0
"Servidor-SPTECH";"ram";"ram_Usada";"GB";"2022-10-28 12:12:00";6.0
"Servidor-SPTECH";"ram";"ram_Usada";"GB";"2022-10-28 12:11:58";6.0
"Servidor-SPTECH";"ram";"ram_Usada";"GB";"2022-10-28 12:11:57";6.0
"Servidor-SPTECH";"ram";"ram_Usada";"GB";"2022-10-28 12:11:56";6.0
"Servidor-SPTECH";"ram";"ram_Usada";"GB";"2022-10-28 12:11:54";6.0
"Servidor-SPTECH";"ram";"ram_Usada";"GB";"2022-10-28 12:11:53";6.0
"Servidor-SPTECH";"ram";"ram_Usada";"GB";"2022-10-28 12:11:51";6.0
"Servidor-SPTECH";"ram";"ram_Usada";"GB";"2022-10-28 12:11:50";6.0
"Servidor-SPTECH";"ram";"ram_Usada";"GB";"2022-10-28 12:11:49";6.0
"Servidor-SPTECH";"ram";"ram_Usada";"GB";"2022-10-28 12:11:47";6.0
"Servidor-SPTECH";"ram";"ram_Usada";"GB";"2022-10-28 12:11:46";6.0
"Servidor-SPTECH";"ram";"ram_Usada";"GB";"2022-10-28 12:11:44";6.0
"Servidor-SPTECH";"ram";"ram_Usada";"GB";"2022-10-28 12:11:43";6.0
"Servidor-SPTECH";"ram";"ram_Usada";"GB";"2022-10-28 12:11:41";6.0
"Servidor-SPTECH";"ram";"ram_Usada";"GB";"2022-10-28 12:11:40";6.0
"Servidor-SPTECH";"ram";"ram_Usada";"GB";"2022-10-28 12:11:38";6.0
"Servidor-SPTECH";"ram";"ram_Usada";"GB";"2022-10-28 12:11:37";6.0
"Servidor-SPTECH";"ram";"ram_Usada";"GB";"2022-10-28 12:11:35";6.0
"Servidor-SPTECH";"ram";"ram_Usada";"GB";"2022-10-28 12:11:34";6.0
"Servidor-SPTECH";"ram";"ram_Usada";"GB";"2022-10-28 12:11:33";6.0
"Servidor-SPTECH";"ram";"ram_Usada";"GB";"2022-10-28 12:11:31";6.0
"Servidor-SPTECH";"ram";"ram_Usada";"GB";"2022-10-28 12:11:30";6.0
"Servidor-SPTECH";"ram";"ram_Usada";"GB";"2022-10-28 12:11:28";6.0
"Servidor-SPTECH";"ram";"ram_Usada";"GB";"2022-10-28 12:11:27";6.0
"Servidor-SPTECH";"ram";"ram_Usada";"GB";"2022-10-28 12:11:25";6.0
"Servidor-SPTECH";"ram";"ram_Usada";"GB";"2022-10-28 12:11:24";6.0
"Servidor-SPTECH";"ram";"ram_Usada";"GB";"2022-10-28 12:11:23";6.0
"Servidor-SPTECH";"ram";"ram_Usada";"GB";"2022-10-28 12:11:21";6.0
"Servidor-SPTECH";"ram";"ram_Usada";"GB";"2022-10-28 12:11:20";6.0
"Servidor-SPTECH";"ram";"ram_Usada";"GB";"2022-10-28 12:11:18";6.0
"Servidor-SPTECH";"ram";"ram_Usada";"GB";"2022-10-28 12:11:17";6.0
"Servidor-SPTECH";"ram";"ram_Usada";"GB";"2022-10-28 12:11:15";6.0
"Servidor-SPTECH";"ram";"ram_Usada";"GB";"2022-10-28 12:11:14";6.0
"Servidor-SPTECH";"ram";"ram_Usada";"GB";"2022-10-28 12:11:13";6.0
"Servidor-SPTECH";"ram";"ram_Usada";"GB";"2022-10-28 12:11:11";6.0
"Servidor-SPTECH";"ram";"ram_Usada";"GB";"2022-10-28 12:11:10";6.0
"Servidor-SPTECH";"ram";"ram_Usada";"GB";"2022-10-28 12:11:08";6.0
"Servidor-SPTECH";"ram";"ram_Usada";"GB";"2022-10-28 12:11:07";6.0
"Servidor-SPTECH";"ram";"ram_Usada";"GB";"2022-10-28 12:11:05";6.0
"Servidor-SPTECH";"ram";"ram_Usada";"GB";"2022-10-28 12:11:04";6.0
"Servidor-SPTECH";"ram";"ram_Usada";"GB";"2022-10-28 12:11:03";6.0
"Servidor-SPTECH";"ram";"ram_Usada";"GB";"2022-10-28 12:11:01";6.0
"Servidor-SPTECH";"ram";"ram_Usada";"GB";"2022-10-28 12:11:00";6.0
"Servidor-SPTECH";"ram";"ram_Usada";"GB";"2022-10-28 12:10:58";6.0
"Servidor-SPTECH";"ram";"ram_Usada";"GB";"2022-10-28 12:10:57";6.0
"Servidor-SPTECH";"ram";"ram_Usada";"GB";"2022-10-28 12:10:55";6.0
"Servidor-SPTECH";"ram";"ram_Usada";"GB";"2022-10-28 12:10:54";6.0
"Servidor-SPTECH";"ram";"ram_Usada";"GB";"2022-10-28 12:10:53";6.0
"Servidor-SPTECH";"ram";"ram_Usada";"GB";"2022-10-28 12:10:51";6.0
"Servidor-SPTECH";"ram";"ram_Usada";"GB";"2022-10-28 12:10:50";6.0
"Servidor-SPTECH";"ram";"ram_Usada";"GB";"2022-10-28 12:10:48";6.0
"Servidor-SPTECH";"ram";"ram_Usada";"GB";"2022-10-28 12:10:47";6.0
"Servidor-SPTECH";"ram";"ram_Usada";"GB";"2022-10-28 12:10:46";6.0
"Servidor-SPTECH";"ram";"ram_Usada";"GB";"2022-10-28 12:10:44";6.0
"Servidor-SPTECH";"ram";"ram_Usada";"GB";"2022-10-28 12:10:43";6.0
"Servidor-SPTECH";"ram";"ram_Usada";"GB";"2022-10-28 12:10:41";6.0
"Servidor-SPTECH";"ram";"ram_Usada";"GB";"2022-10-28 12:10:40";6.0
"Servidor-SPTECH";"ram";"ram_Usada";"GB";"2022-10-28 12:10:38";6.0
"Servidor-SPTECH";"ram";"ram_Usada";"GB";"2022-10-28 12:10:37";6.0
"Servidor-SPTECH";"ram";"ram_Usada";"GB";"2022-10-28 12:10:36";6.0
"Servidor-SPTECH";"ram";"ram_Usada";"GB";"2022-10-28 12:10:34";6.0
"Servidor-SPTECH";"ram";"ram_Usada";"GB";"2022-10-28 12:10:33";6.0
"Servidor-SPTECH";"ram";"ram_Usada";"GB";"2022-10-28 12:10:31";6.0
"Servidor-SPTECH";"ram";"ram_Usada";"GB";"2022-10-28 12:10:30";6.0
"Servidor-SPTECH";"ram";"ram_Usada";"GB";"2022-10-28 12:10:28";6.0
"Servidor-SPTECH";"ram";"ram_Usada";"GB";"2022-10-28 12:10:27";6.0
"Servidor-SPTECH";"ram";"ram_Usada";"GB";"2022-10-28 12:10:26";6.0
"Servidor-SPTECH";"ram";"ram_Usada";"GB";"2022-10-28 12:10:24";6.0
"Servidor-SPTECH";"ram";"ram_Usada";"GB";"2022-10-28 12:10:23";6.0
"Servidor-SPTECH";"ram";"ram_Usada";"GB";"2022-10-28 12:10:21";6.0
"Servidor-SPTECH";"ram";"ram_Usada";"GB";"2022-10-28 12:10:20";6.0
"Servidor-SPTECH";"ram";"ram_Usada";"GB";"2022-10-28 12:10:18";6.0
"Servidor-SPTECH";"ram";"ram_Usada";"GB";"2022-10-28 12:10:17";6.0
"Servidor-SPTECH";"ram";"ram_Usada";"GB";"2022-10-28 12:10:16";6.0
"Servidor-SPTECH";"ram";"ram_Usada";"GB";"2022-10-28 12:10:14";6.0
"Servidor-SPTECH";"ram";"ram_Usada";"GB";"2022-10-28 12:10:13";6.0
"Servidor-SPTECH";"ram";"ram_Usada";"GB";"2022-10-28 12:10:11";6.0
"Servidor-SPTECH";"ram";"ram_Usada";"GB";"2022-10-28 12:10:10";6.0
"Servidor-SPTECH";"ram";"ram_Usada";"GB";"2022-10-28 12:10:09";6.0
"Servidor-SPTECH";"ram";"ram_Usada";"GB";"2022-10-28 12:10:07";6.0
"Servidor-SPTECH";"ram";"ram_Usada";"GB";"2022-10-28 12:10:06";6.0
"Servidor-SPTECH";"ram";"ram_Usada";"GB";"2022-10-28 12:10:04";6.0
"Servidor-SPTECH";"ram";"ram_Usada";"GB";"2022-10-28 12:10:03";6.0
"Servidor-SPTECH";"ram";"ram_Usada";"GB";"2022-10-28 12:10:01";6.0
"Servidor-SPTECH";"ram";"ram_Usada";"GB";"2022-10-28 12:10:00";6.0
"Servidor-SPTECH";"ram";"ram_Usada";"GB";"2022-10-28 12:09:59";6.0
"Servidor-SPTECH";"ram";"ram_Usada";"GB";"2022-10-28 12:09:57";6.0
"Servidor-SPTECH";"ram";"ram_Usada";"GB";"2022-10-28 12:09:56";6.0
"Servidor-SPTECH";"ram";"ram_Usada";"GB";"2022-10-28 12:09:54";6.0
"Servidor-SPTECH";"ram";"ram_Usada";"GB";"2022-10-28 12:09:53";6.0
"Servidor-SPTECH";"ram";"ram_Usada";"GB";"2022-10-28 12:09:51";6.0
"Servidor-SPTECH";"ram";"ram_Usada";"GB";"2022-10-28 12:09:50";6.0
"Servidor-SPTECH";"ram";"ram_Usada";"GB";"2022-10-28 12:09:49";6.0
"Servidor-SPTECH";"ram";"ram_Usada";"GB";"2022-10-28 12:09:47";6.0
"Servidor-SPTECH";"ram";"ram_Usada";"GB";"2022-10-28 12:09:46";6.0
"Servidor-SPTECH";"ram";"ram_Usada";"GB";"2022-10-28 12:09:44";6.0
"Servidor-SPTECH";"ram";"ram_Usada";"GB";"2022-10-28 12:09:43";6.0
"Servidor-SPTECH";"ram";"ram_Usada";"GB";"2022-10-28 12:09:42";6.0
"Servidor-SPTECH";"ram";"ram_Usada";"GB";"2022-10-28 12:09:40";6.0
"Servidor-SPTECH";"ram";"ram_Usada";"GB";"2022-10-28 12:09:39";6.0
"Servidor-SPTECH";"ram";"ram_Usada";"GB";"2022-10-28 12:09:37";6.0
"Servidor-SPTECH";"ram";"ram_Usada";"GB";"2022-10-28 12:09:36";6.0
"Servidor-SPTECH";"ram";"ram_Usada";"GB";"2022-10-28 12:09:34";6.0
"Servidor-SPTECH";"ram";"ram_Usada";"GB";"2022-10-28 12:09:33";6.0
"Servidor-SPTECH";"ram";"ram_Usada";"GB";"2022-10-28 12:09:32";6.0
"Servidor-SPTECH";"ram";"ram_Usada";"GB";"2022-10-28 12:09:30";6.0
"Servidor-SPTECH";"ram";"ram_Usada";"GB";"2022-10-28 12:09:29";6.0
"Servidor-SPTECH";"ram";"ram_Usada";"GB";"2022-10-28 12:09:27";6.0
"Servidor-SPTECH";"ram";"ram_Usada";"GB";"2022-10-28 12:09:26";6.0
"Servidor-SPTECH";"ram";"ram_Usada";"GB";"2022-10-28 12:09:24";6.0
"Servidor-SPTECH";"ram";"ram_Usada";"GB";"2022-10-28 12:09:23";6.0
"Servidor-SPTECH";"ram";"ram_Usada";"GB";"2022-10-28 12:09:22";6.0
"Servidor-SPTECH";"ram";"ram_Usada";"GB";"2022-10-28 12:09:20";6.0
"Servidor-SPTECH";"ram";"ram_Usada";"GB";"2022-10-28 12:09:19";6.0
"Servidor-SPTECH";"ram";"ram_Usada";"GB";"2022-10-28 12:09:17";6.0
"Servidor-SPTECH";"ram";"ram_Usada";"GB";"2022-10-28 12:09:16";6.0
"Servidor-SPTECH";"ram";"ram_Usada";"GB";"2022-10-28 12:09:14";6.0
"Servidor-SPTECH";"ram";"ram_Usada";"GB";"2022-10-28 12:09:13";6.0
"Servidor-SPTECH";"ram";"ram_Usada";"GB";"2022-10-28 12:09:12";6.0
"Servidor-SPTECH";"ram";"ram_Usada";"GB";"2022-10-28 12:09:10";6.0
"Servidor-SPTECH";"ram";"ram_Usada";"GB";"2022-10-28 12:09:09";6.0
"Servidor-SPTECH";"ram";"ram_Usada";"GB";"2022-10-28 12:09:07";6.0
"Servidor-SPTECH";"ram";"ram_Usada";"GB";"2022-10-28 12:09:06";6.0
"Servidor-SPTECH";"ram";"ram_Usada";"GB";"2022-10-28 12:09:04";6.0
"Servidor-SPTECH";"ram";"ram_Usada";"GB";"2022-10-28 12:09:03";6.0
"Servidor-SPTECH";"ram";"ram_Usada";"GB";"2022-10-28 12:09:02";6.0
"Servidor-SPTECH";"ram";"ram_Usada";"GB";"2022-10-28 12:09:00";6.0
"Servidor-SPTECH";"ram";"ram_Usada";"GB";"2022-10-28 12:08:59";6.0
"Servidor-SPTECH";"ram";"ram_Usada";"GB";"2022-10-28 12:08:57";6.0
"Servidor-SPTECH";"ram";"ram_Usada";"GB";"2022-10-28 12:08:56";6.0
"Servidor-SPTECH";"ram";"ram_Usada";"GB";"2022-10-28 12:08:54";6.0
"Servidor-SPTECH";"ram";"ram_Usada";"GB";"2022-10-28 12:08:53";6.0
"Servidor-SPTECH";"ram";"ram_Usada";"GB";"2022-10-28 12:08:52";6.0
"Servidor-SPTECH";"ram";"ram_Usada";"GB";"2022-10-28 12:08:50";6.0
"Servidor-SPTECH";"ram";"ram_Usada";"GB";"2022-10-28 12:08:49";6.0
"Servidor-SPTECH";"ram";"ram_Usada";"GB";"2022-10-28 12:08:47";6.0
"Servidor-SPTECH";"ram";"ram_Usada";"GB";"2022-10-28 12:08:46";6.0
"Servidor-SPTECH";"ram";"ram_Usada";"GB";"2022-10-28 12:08:45";6.0
"Servidor-SPTECH";"ram";"ram_Usada";"GB";"2022-10-28 12:08:43";6.0
"Servidor-SPTECH";"ram";"ram_Usada";"GB";"2022-10-28 12:08:42";6.0
"Servidor-SPTECH";"ram";"ram_Usada";"GB";"2022-10-28 12:08:40";6.0
"Servidor-SPTECH";"ram";"ram_Usada";"GB";"2022-10-28 12:08:39";6.0
"Servidor-SPTECH";"ram";"ram_Usada";"GB";"2022-10-28 12:08:37";6.0
"Servidor-SPTECH";"ram";"ram_Usada";"GB";"2022-10-28 12:08:36";6.0
"Servidor-SPTECH";"ram";"ram_Usada";"GB";"2022-10-28 12:08:35";6.0
"Servidor-SPTECH";"ram";"ram_Usada";"GB";"2022-10-28 12:08:33";6.0
"Servidor-SPTECH";"ram";"ram_Usada";"GB";"2022-10-28 12:08:32";6.0
"Servidor-SPTECH";"ram";"ram_Usada";"GB";"2022-10-28 12:08:30";6.0
"Servidor-SPTECH";"ram";"ram_Usada";"GB";"2022-10-28 12:08:29";6.0
"Servidor-SPTECH";"ram";"ram_Usada";"GB";"2022-10-28 12:08:27";6.0
"Servidor-SPTECH";"ram";"ram_Usada";"GB";"2022-10-28 12:08:26";6.0
"Servidor-SPTECH";"ram";"ram_Usada";"GB";"2022-10-28 12:08:25";6.0
"Servidor-SPTECH";"ram";"ram_Usada";"GB";"2022-10-28 12:08:23";6.0
"Servidor-SPTECH";"ram";"ram_Usada";"GB";"2022-10-28 12:08:22";6.0
"Servidor-SPTECH";"ram";"ram_Usada";"GB";"2022-10-28 12:08:20";6.0
"Servidor-SPTECH";"ram";"ram_Usada";"GB";"2022-10-28 12:08:19";6.0
"Servidor-SPTECH";"ram";"ram_Usada";"GB";"2022-10-28 12:08:18";6.0
"Servidor-SPTECH";"ram";"ram_Usada";"GB";"2022-10-28 12:08:16";6.0
"Servidor-SPTECH";"ram";"ram_Usada";"GB";"2022-10-28 12:08:15";6.0
"Servidor-SPTECH";"ram";"ram_Usada";"GB";"2022-10-28 12:08:13";6.0
"Servidor-SPTECH";"ram";"ram_Usada";"GB";"2022-10-28 12:08:12";6.0
"Servidor-SPTECH";"ram";"ram_Usada";"GB";"2022-10-28 12:08:10";6.0
"Servidor-SPTECH";"ram";"ram_Usada";"GB";"2022-10-28 12:08:09";6.0
"Servidor-SPTECH";"ram";"ram_Usada";"GB";"2022-10-28 12:08:07";6.0
"Servidor-SPTECH";"ram";"ram_Usada";"GB";"2022-10-28 12:08:06";6.0
"Servidor-SPTECH";"ram";"ram_Usada";"GB";"2022-10-28 12:08:05";6.0
"Servidor-SPTECH";"ram";"ram_Usada";"GB";"2022-10-28 12:08:03";6.0
"Servidor-SPTECH";"ram";"ram_Usada";"GB";"2022-10-28 12:08:02";6.0
"Servidor-SPTECH";"ram";"ram_Usada";"GB";"2022-10-28 12:08:00";6.0
"Servidor-SPTECH";"ram";"ram_Usada";"GB";"2022-10-28 12:07:59";6.0
"Servidor-SPTECH";"ram";"ram_Usada";"GB";"2022-10-28 12:07:58";6.0
"Servidor-SPTECH";"ram";"ram_Usada";"GB";"2022-10-28 12:07:56";6.0
"Servidor-SPTECH";"ram";"ram_Usada";"GB";"2022-10-28 12:07:55";6.0
"Servidor-SPTECH";"ram";"ram_Usada";"GB";"2022-10-28 12:07:53";6.0
"Servidor-SPTECH";"ram";"ram_Usada";"GB";"2022-10-28 12:07:52";6.0
"Servidor-SPTECH";"ram";"ram_Usada";"GB";"2022-10-28 12:07:50";6.0
"Servidor-SPTECH";"ram";"ram_Usada";"GB";"2022-10-28 12:07:49";6.0
"Servidor-SPTECH";"ram";"ram_Usada";"GB";"2022-10-28 12:07:48";6.0
"Servidor-SPTECH";"ram";"ram_Usada";"GB";"2022-10-28 12:07:46";6.0
"Servidor-SPTECH";"ram";"ram_Usada";"GB";"2022-10-28 12:07:45";6.0
"Servidor-SPTECH";"ram";"ram_Usada";"GB";"2022-10-28 12:07:43";6.0
"Servidor-SPTECH";"ram";"ram_Usada";"GB";"2022-10-28 12:07:42";6.0
"Servidor-SPTECH";"ram";"ram_Usada";"GB";"2022-10-28 12:07:40";6.0
"Servidor-SPTECH";"ram";"ram_Usada";"GB";"2022-10-28 12:07:39";6.0
"Servidor-SPTECH";"ram";"ram_Usada";"GB";"2022-10-28 12:07:38";6.0
"Servidor-SPTECH";"ram";"ram_Usada";"GB";"2022-10-28 12:07:36";6.0
"Servidor-SPTECH";"ram";"ram_Usada";"GB";"2022-10-28 12:07:35";6.0
"Servidor-SPTECH";"ram";"ram_Usada";"GB";"2022-10-28 12:07:33";6.0
"Servidor-SPTECH";"ram";"ram_Usada";"GB";"2022-10-28 12:07:32";6.0
"Servidor-SPTECH";"ram";"ram_Usada";"GB";"2022-10-28 12:07:30";6.0
"Servidor-SPTECH";"ram";"ram_Usada";"GB";"2022-10-28 12:07:29";6.0
"Servidor-SPTECH";"ram";"ram_Usada";"GB";"2022-10-28 12:07:28";6.0
"Servidor-SPTECH";"ram";"ram_Usada";"GB";"2022-10-28 12:07:26";6.0
"Servidor-SPTECH";"ram";"ram_Usada";"GB";"2022-10-28 12:07:25";6.0
"Servidor-SPTECH";"ram";"ram_Usada";"GB";"2022-10-28 12:07:23";6.0
"Servidor-SPTECH";"ram";"ram_Usada";"GB";"2022-10-28 12:07:22";6.0
"Servidor-SPTECH";"ram";"ram_Usada";"GB";"2022-10-28 12:07:20";6.0
"Servidor-SPTECH";"ram";"ram_Usada";"GB";"2022-10-28 12:07:19";6.0
"Servidor-SPTECH";"ram";"ram_Usada";"GB";"2022-10-28 12:07:18";6.0
"Servidor-SPTECH";"ram";"ram_Usada";"GB";"2022-10-28 12:07:16";6.0
"Servidor-SPTECH";"ram";"ram_Usada";"GB";"2022-10-28 12:07:15";6.0
"Servidor-SPTECH";"ram";"ram_Usada";"GB";"2022-10-28 12:07:13";6.0
"Servidor-SPTECH";"ram";"ram_Usada";"GB";"2022-10-28 12:07:12";6.0
"Servidor-SPTECH";"ram";"ram_Usada";"GB";"2022-10-28 12:07:10";6.0
"Servidor-SPTECH";"ram";"ram_Usada";"GB";"2022-10-28 12:07:09";6.0
"Servidor-SPTECH";"ram";"ram_Usada";"GB";"2022-10-28 12:07:08";6.0
"Servidor-SPTECH";"ram";"ram_Usada";"GB";"2022-10-28 12:07:06";6.0
"Servidor-SPTECH";"ram";"ram_Usada";"GB";"2022-10-28 12:07:05";6.0
"Servidor-SPTECH";"ram";"ram_Usada";"GB";"2022-10-28 12:07:03";6.0
"Servidor-SPTECH";"ram";"ram_Usada";"GB";"2022-10-28 12:07:02";6.0
"Servidor-SPTECH";"ram";"ram_Usada";"GB";"2022-10-28 12:07:00";6.0
"Servidor-SPTECH";"ram";"ram_Usada";"GB";"2022-10-28 12:06:59";6.0
"Servidor-SPTECH";"ram";"ram_Usada";"GB";"2022-10-28 12:06:58";6.0
"Servidor-SPTECH";"ram";"ram_Usada";"GB";"2022-10-28 12:06:56";6.0
"Servidor-SPTECH";"ram";"ram_Usada";"GB";"2022-10-28 12:06:55";6.0
"Servidor-SPTECH";"ram";"ram_Usada";"GB";"2022-10-28 12:06:53";6.0
"Servidor-SPTECH";"ram";"ram_Usada";"GB";"2022-10-28 12:06:52";6.0
"Servidor-SPTECH";"ram";"ram_Usada";"GB";"2022-10-28 12:06:50";6.0
"Servidor-SPTECH";"ram";"ram_Usada";"GB";"2022-10-28 12:06:49";6.0
"Servidor-SPTECH";"ram";"ram_Usada";"GB";"2022-10-28 12:06:48";6.0
"Servidor-SPTECH";"ram";"ram_Usada";"GB";"2022-10-28 12:06:46";6.0
"Servidor-SPTECH";"ram";"ram_Usada";"GB";"2022-10-28 12:06:45";6.0
"Servidor-SPTECH";"ram";"ram_Usada";"GB";"2022-10-28 12:06:43";6.0
"Servidor-SPTECH";"ram";"ram_Usada";"GB";"2022-10-28 12:06:42";6.0
"Servidor-SPTECH";"ram";"ram_Usada";"GB";"2022-10-28 12:06:41";6.0
"Servidor-SPTECH";"ram";"ram_Usada";"GB";"2022-10-28 12:06:39";6.0
"Servidor-SPTECH";"ram";"ram_Usada";"GB";"2022-10-28 12:06:38";6.0
"Servidor-SPTECH";"ram";"ram_Usada";"GB";"2022-10-28 12:06:36";6.0
"Servidor-SPTECH";"ram";"ram_Usada";"GB";"2022-10-28 12:06:35";6.0
"Servidor-SPTECH";"ram";"ram_Usada";"GB";"2022-10-28 12:06:33";6.0
"Servidor-SPTECH";"ram";"ram_Usada";"GB";"2022-10-28 12:06:32";6.0
"Servidor-SPTECH";"ram";"ram_Usada";"GB";"2022-10-28 12:06:31";6.0
"Servidor-SPTECH";"ram";"ram_Usada";"GB";"2022-10-28 12:06:29";6.0
"Servidor-SPTECH";"ram";"ram_Usada";"GB";"2022-10-28 12:06:28";6.0
"Servidor-SPTECH";"ram";"ram_Usada";"GB";"2022-10-28 12:06:26";6.0
"Servidor-SPTECH";"ram";"ram_Usada";"GB";"2022-10-28 12:06:25";6.0
"Servidor-SPTECH";"ram";"ram_Usada";"GB";"2022-10-28 12:06:23";6.0
"Servidor-SPTECH";"ram";"ram_Usada";"GB";"2022-10-28 12:06:22";6.0
"Servidor-SPTECH";"ram";"ram_Usada";"GB";"2022-10-28 12:06:21";6.0
"Servidor-SPTECH";"ram";"ram_Usada";"GB";"2022-10-28 12:06:19";6.0
"Servidor-SPTECH";"ram";"ram_Usada";"GB";"2022-10-28 12:06:18";6.0
"Servidor-SPTECH";"ram";"ram_Usada";"GB";"2022-10-28 12:06:16";6.0
"Servidor-SPTECH";"ram";"ram_Usada";"GB";"2022-10-28 12:06:15";6.0
"Servidor-SPTECH";"ram";"ram_Usada";"GB";"2022-10-28 12:06:13";6.0
"Servidor-SPTECH";"ram";"ram_Usada";"GB";"2022-10-28 12:06:12";6.0
"Servidor-SPTECH";"ram";"ram_Usada";"GB";"2022-10-28 12:06:10";6.0
"Servidor-SPTECH";"ram";"ram_Usada";"GB";"2022-10-28 12:06:09";6.0
"Servidor-SPTECH";"ram";"ram_Usada";"GB";"2022-10-28 12:06:08";6.0
"Servidor-SPTECH";"ram";"ram_Usada";"GB";"2022-10-28 12:06:06";6.0
"Servidor-SPTECH";"ram";"ram_Usada";"GB";"2022-10-28 12:06:05";6.0
"Servidor-SPTECH";"ram";"ram_Usada";"GB";"2022-10-28 12:06:03";6.0
"Servidor-SPTECH";"ram";"ram_Usada";"GB";"2022-10-28 12:06:02";6.0
"Servidor-SPTECH";"ram";"ram_Usada";"GB";"2022-10-28 12:06:00";6.0
"Servidor-SPTECH";"ram";"ram_Usada";"GB";"2022-10-28 12:05:59";6.0
"Servidor-SPTECH";"ram";"ram_Usada";"GB";"2022-10-28 12:05:58";6.0
"Servidor-SPTECH";"ram";"ram_Usada";"GB";"2022-10-28 12:05:56";6.0
"Servidor-SPTECH";"ram";"ram_Usada";"GB";"2022-10-28 12:05:55";6.0
"Servidor-SPTECH";"ram";"ram_Usada";"GB";"2022-10-28 12:05:53";6.0
"Servidor-SPTECH";"ram";"ram_Usada";"GB";"2022-10-28 12:05:52";6.0
"Servidor-SPTECH";"ram";"ram_Usada";"GB";"2022-10-28 12:05:50";6.0
"Servidor-SPTECH";"ram";"ram_Usada";"GB";"2022-10-28 12:05:49";6.0
"Servidor-SPTECH";"ram";"ram_Usada";"GB";"2022-10-28 12:05:48";6.0
"Servidor-SPTECH";"ram";"ram_Usada";"GB";"2022-10-28 12:05:46";6.0
"Servidor-SPTECH";"ram";"ram_Usada";"GB";"2022-10-28 12:05:45";6.0
"Servidor-SPTECH";"ram";"ram_Usada";"GB";"2022-10-28 12:05:43";6.0
"Servidor-SPTECH";"ram";"ram_Usada";"GB";"2022-10-28 12:05:42";6.0
"Servidor-SPTECH";"ram";"ram_Usada";"GB";"2022-10-28 12:05:40";6.0
"Servidor-SPTECH";"ram";"ram_Usada";"GB";"2022-10-28 12:05:39";6.0
"Servidor-SPTECH";"ram";"ram_Usada";"GB";"2022-10-28 12:05:37";6.0
"Servidor-SPTECH";"ram";"ram_Usada";"GB";"2022-10-28 12:05:36";6.0
"Servidor-SPTECH";"ram";"ram_Usada";"GB";"2022-10-28 12:05:35";6.0
"Servidor-SPTECH";"ram";"ram_Usada";"GB";"2022-10-28 12:05:33";6.0
"Servidor-SPTECH";"ram";"ram_Usada";"GB";"2022-10-28 12:05:32";6.0
"Servidor-SPTECH";"ram";"ram_Usada";"GB";"2022-10-28 12:05:30";6.0
"Servidor-SPTECH";"ram";"ram_Usada";"GB";"2022-10-28 12:05:29";6.0
"Servidor-SPTECH";"ram";"ram_Usada";"GB";"2022-10-28 12:05:28";6.0
"Servidor-SPTECH";"ram";"ram_Usada";"GB";"2022-10-28 12:05:26";6.0
"Servidor-SPTECH";"ram";"ram_Usada";"GB";"2022-10-28 12:05:25";6.0
"Servidor-SPTECH";"ram";"ram_Usada";"GB";"2022-10-28 12:05:23";6.0
"Servidor-SPTECH";"ram";"ram_Usada";"GB";"2022-10-28 12:05:22";6.0
"Servidor-SPTECH";"ram";"ram_Usada";"GB";"2022-10-28 12:05:20";6.0
"Servidor-SPTECH";"ram";"ram_Usada";"GB";"2022-10-28 12:05:19";6.0
"Servidor-SPTECH";"ram";"ram_Usada";"GB";"2022-10-28 12:05:17";6.0
"Servidor-SPTECH";"ram";"ram_Usada";"GB";"2022-10-28 12:05:16";6.0
"Servidor-SPTECH";"ram";"ram_Usada";"GB";"2022-10-28 12:05:15";6.0
"Servidor-SPTECH";"ram";"ram_Usada";"GB";"2022-10-28 12:05:13";6.0
"Servidor-SPTECH";"ram";"ram_Usada";"GB";"2022-10-28 12:05:12";6.0
"Servidor-SPTECH";"ram";"ram_Usada";"GB";"2022-10-28 12:05:10";6.0
"Servidor-SPTECH";"ram";"ram_Usada";"GB";"2022-10-28 12:05:09";6.0
"Servidor-SPTECH";"ram";"ram_Usada";"GB";"2022-10-28 12:05:08";6.0
"Servidor-SPTECH";"ram";"ram_Usada";"GB";"2022-10-28 12:05:06";6.0
"Servidor-SPTECH";"ram";"ram_Usada";"GB";"2022-10-28 12:05:05";6.0
"Servidor-SPTECH";"ram";"ram_Usada";"GB";"2022-10-28 12:05:03";6.0
"Servidor-SPTECH";"ram";"ram_Usada";"GB";"2022-10-28 12:05:02";6.0
"Servidor-SPTECH";"ram";"ram_Usada";"GB";"2022-10-28 12:05:00";6.0
"Servidor-SPTECH";"ram";"ram_Usada";"GB";"2022-10-28 12:04:59";6.0
"Servidor-SPTECH";"ram";"ram_Usada";"GB";"2022-10-28 12:04:58";6.0
"Servidor-SPTECH";"ram";"ram_Usada";"GB";"2022-10-28 12:04:56";6.0
"Servidor-SPTECH";"ram";"ram_Usada";"GB";"2022-10-28 12:04:55";6.0
"Servidor-SPTECH";"ram";"ram_Usada";"GB";"2022-10-28 12:04:53";6.0
"Servidor-SPTECH";"ram";"ram_Usada";"GB";"2022-10-28 12:04:52";6.0
"Servidor-SPTECH";"ram";"ram_Usada";"GB";"2022-10-28 12:04:50";6.0
"Servidor-SPTECH";"ram";"ram_Usada";"GB";"2022-10-28 12:04:49";6.0
"Servidor-SPTECH";"ram";"ram_Usada";"GB";"2022-10-28 12:04:48";6.0
"Servidor-SPTECH";"ram";"ram_Usada";"GB";"2022-10-28 12:04:46";6.0
"Servidor-SPTECH";"ram";"ram_Usada";"GB";"2022-10-28 12:04:45";6.0
"Servidor-SPTECH";"ram";"ram_Usada";"GB";"2022-10-28 12:04:43";6.0
"Servidor-SPTECH";"ram";"ram_Usada";"GB";"2022-10-28 12:04:42";6.0
"Servidor-SPTECH";"ram";"ram_Usada";"GB";"2022-10-28 12:04:40";6.0
"Servidor-SPTECH";"ram";"ram_Usada";"GB";"2022-10-28 12:04:39";6.0
"Servidor-SPTECH";"ram";"ram_Usada";"GB";"2022-10-28 12:04:38";6.0
"Servidor-SPTECH";"ram";"ram_Usada";"GB";"2022-10-28 12:04:36";6.0
"Servidor-SPTECH";"ram";"ram_Usada";"GB";"2022-10-28 12:04:35";6.0
"Servidor-SPTECH";"ram";"ram_Usada";"GB";"2022-10-28 12:04:33";6.0
"Servidor-SPTECH";"ram";"ram_Usada";"GB";"2022-10-28 12:04:32";6.0
"Servidor-SPTECH";"ram";"ram_Usada";"GB";"2022-10-28 12:04:30";6.0
"Servidor-SPTECH";"ram";"ram_Usada";"GB";"2022-10-28 12:04:29";6.0
"Servidor-SPTECH";"ram";"ram_Usada";"GB";"2022-10-28 12:04:28";6.0
"Servidor-SPTECH";"ram";"ram_Usada";"GB";"2022-10-28 12:04:26";6.0
"Servidor-SPTECH";"ram";"ram_Usada";"GB";"2022-10-28 12:04:25";6.0
"Servidor-SPTECH";"ram";"ram_Usada";"GB";"2022-10-28 12:04:23";6.0
"Servidor-SPTECH";"ram";"ram_Usada";"GB";"2022-10-28 12:04:22";6.0
"Servidor-SPTECH";"ram";"ram_Usada";"GB";"2022-10-28 12:04:21";6.0
"Servidor-SPTECH";"ram";"ram_Usada";"GB";"2022-10-28 12:04:19";6.0
"Servidor-SPTECH";"ram";"ram_Usada";"GB";"2022-10-28 12:04:18";6.0
"Servidor-SPTECH";"ram";"ram_Usada";"GB";"2022-10-28 12:04:16";6.0
"Servidor-SPTECH";"ram";"ram_Usada";"GB";"2022-10-28 12:04:15";6.0
"Servidor-SPTECH";"ram";"ram_Usada";"GB";"2022-10-28 12:04:13";6.0
"Servidor-SPTECH";"ram";"ram_Usada";"GB";"2022-10-28 12:04:12";6.0
"Servidor-SPTECH";"ram";"ram_Usada";"GB";"2022-10-28 12:04:10";6.0
"Servidor-SPTECH";"ram";"ram_Usada";"GB";"2022-10-28 12:04:09";6.0
"Servidor-SPTECH";"ram";"ram_Usada";"GB";"2022-10-28 12:04:08";6.0
"Servidor-SPTECH";"ram";"ram_Usada";"GB";"2022-10-28 12:04:06";6.0
"Servidor-SPTECH";"ram";"ram_Usada";"GB";"2022-10-28 12:04:05";6.0
"Servidor-SPTECH";"ram";"ram_Usada";"GB";"2022-10-28 12:04:03";6.0
"Servidor-SPTECH";"ram";"ram_Usada";"GB";"2022-10-28 12:04:02";6.0
"Servidor-SPTECH";"ram";"ram_Usada";"GB";"2022-10-28 12:04:00";6.0
"Servidor-SPTECH";"ram";"ram_Usada";"GB";"2022-10-28 12:03:59";6.0
"Servidor-SPTECH";"ram";"ram_Usada";"GB";"2022-10-28 12:03:58";6.0
"Servidor-SPTECH";"ram";"ram_Usada";"GB";"2022-10-28 12:03:56";6.0
"Servidor-SPTECH";"ram";"ram_Usada";"GB";"2022-10-28 12:03:55";6.0
"Servidor-SPTECH";"ram";"ram_Usada";"GB";"2022-10-28 12:03:53";6.0
"Servidor-SPTECH";"ram";"ram_Usada";"GB";"2022-10-28 12:03:52";6.0
"Servidor-SPTECH";"ram";"ram_Usada";"GB";"2022-10-28 12:03:50";6.0
"Servidor-SPTECH";"ram";"ram_Usada";"GB";"2022-10-28 12:03:49";6.0
"Servidor-SPTECH";"ram";"ram_Usada";"GB";"2022-10-28 12:03:48";6.0
"Servidor-SPTECH";"ram";"ram_Usada";"GB";"2022-10-28 12:03:46";6.0
"Servidor-SPTECH";"ram";"ram_Usada";"GB";"2022-10-28 12:03:45";6.0
"Servidor-SPTECH";"ram";"ram_Usada";"GB";"2022-10-28 12:03:43";6.0
"Servidor-SPTECH";"ram";"ram_Usada";"GB";"2022-10-28 12:03:42";6.0
"Servidor-SPTECH";"ram";"ram_Usada";"GB";"2022-10-28 12:03:40";6.0
"Servidor-SPTECH";"ram";"ram_Usada";"GB";"2022-10-28 12:03:39";6.0
"Servidor-SPTECH";"ram";"ram_Usada";"GB";"2022-10-28 12:03:38";6.0
"Servidor-SPTECH";"ram";"ram_Usada";"GB";"2022-10-28 12:03:36";6.0
"Servidor-SPTECH";"ram";"ram_Usada";"GB";"2022-10-28 12:03:35";6.0
"Servidor-SPTECH";"ram";"ram_Usada";"GB";"2022-10-28 12:03:33";6.0
"Servidor-SPTECH";"ram";"ram_Usada";"GB";"2022-10-28 12:03:32";6.0
"Servidor-SPTECH";"ram";"ram_Usada";"GB";"2022-10-28 12:03:30";6.0
"Servidor-SPTECH";"ram";"ram_Usada";"GB";"2022-10-28 12:03:29";6.0
"Servidor-SPTECH";"ram";"ram_Usada";"GB";"2022-10-28 12:03:28";6.0
"Servidor-SPTECH";"ram";"ram_Usada";"GB";"2022-10-28 12:03:26";6.0
"Servidor-SPTECH";"ram";"ram_Usada";"GB";"2022-10-28 12:03:25";6.0
"Servidor-SPTECH";"ram";"ram_Usada";"GB";"2022-10-28 12:03:23";6.0
"Servidor-SPTECH";"ram";"ram_Usada";"GB";"2022-10-28 12:03:22";6.0
"Servidor-SPTECH";"ram";"ram_Usada";"GB";"2022-10-28 12:03:20";6.0
"Servidor-SPTECH";"ram";"ram_Usada";"GB";"2022-10-28 12:03:19";6.0
"Servidor-SPTECH";"ram";"ram_Usada";"GB";"2022-10-28 12:03:18";6.0
"Servidor-SPTECH";"ram";"ram_Usada";"GB";"2022-10-28 12:03:16";6.0
"Servidor-SPTECH";"ram";"ram_Usada";"GB";"2022-10-28 12:03:15";6.0
"Servidor-SPTECH";"ram";"ram_Usada";"GB";"2022-10-28 12:03:13";6.0
"Servidor-SPTECH";"ram";"ram_Usada";"GB";"2022-10-28 12:03:12";6.0
"Servidor-SPTECH";"ram";"ram_Usada";"GB";"2022-10-28 12:03:10";6.0
"Servidor-SPTECH";"ram";"ram_Usada";"GB";"2022-10-28 12:03:09";6.0
"Servidor-SPTECH";"ram";"ram_Usada";"GB";"2022-10-28 12:03:08";6.0
"Servidor-SPTECH";"ram";"ram_Usada";"GB";"2022-10-28 12:03:06";6.0
"Servidor-SPTECH";"ram";"ram_Usada";"GB";"2022-10-28 12:03:05";6.0
"Servidor-SPTECH";"ram";"ram_Usada";"GB";"2022-10-28 12:03:03";6.0
"Servidor-SPTECH";"ram";"ram_Usada";"GB";"2022-10-28 12:03:02";6.0
"Servidor-SPTECH";"ram";"ram_Usada";"GB";"2022-10-28 12:03:00";6.0
"Servidor-SPTECH";"ram";"ram_Usada";"GB";"2022-10-28 12:02:59";6.0
"Servidor-SPTECH";"ram";"ram_Usada";"GB";"2022-10-28 12:02:58";6.0
"Servidor-SPTECH";"ram";"ram_Usada";"GB";"2022-10-28 12:02:56";6.0
"Servidor-SPTECH";"ram";"ram_Usada";"GB";"2022-10-28 12:02:55";6.0
"Servidor-SPTECH";"ram";"ram_Usada";"GB";"2022-10-28 12:02:53";6.0
"Servidor-SPTECH";"ram";"ram_Usada";"GB";"2022-10-28 12:02:52";6.0
"Servidor-SPTECH";"ram";"ram_Usada";"GB";"2022-10-28 12:02:50";6.0
"Servidor-SPTECH";"ram";"ram_Usada";"GB";"2022-10-28 12:02:49";6.0
"Servidor-SPTECH";"ram";"ram_Usada";"GB";"2022-10-28 12:02:48";6.0
"Servidor-SPTECH";"ram";"ram_Usada";"GB";"2022-10-28 12:02:46";6.0
"Servidor-SPTECH";"ram";"ram_Usada";"GB";"2022-10-28 12:02:45";6.0
"Servidor-SPTECH";"ram";"ram_Usada";"GB";"2022-10-28 12:02:43";6.0
"Servidor-SPTECH";"ram";"ram_Usada";"GB";"2022-10-28 12:02:42";6.0
"Servidor-SPTECH";"ram";"ram_Usada";"GB";"2022-10-28 12:02:40";6.0
"Servidor-SPTECH";"ram";"ram_Usada";"GB";"2022-10-28 12:02:39";6.0
"Servidor-SPTECH";"ram";"ram_Usada";"GB";"2022-10-28 12:02:38";6.0
"Servidor-SPTECH";"ram";"ram_Usada";"GB";"2022-10-28 12:02:36";6.0
"Servidor-SPTECH";"ram";"ram_Usada";"GB";"2022-10-28 12:02:35";6.0
"Servidor-SPTECH";"ram";"ram_Usada";"GB";"2022-10-28 12:02:33";6.0
"Servidor-SPTECH";"ram";"ram_Usada";"GB";"2022-10-28 12:02:32";6.0
"Servidor-SPTECH";"ram";"ram_Usada";"GB";"2022-10-28 12:02:30";6.0
"Servidor-SPTECH";"ram";"ram_Usada";"GB";"2022-10-28 12:02:29";6.0
"Servidor-SPTECH";"ram";"ram_Usada";"GB";"2022-10-28 12:02:28";6.0
"Servidor-SPTECH";"ram";"ram_Usada";"GB";"2022-10-28 12:02:26";6.0
"Servidor-SPTECH";"ram";"ram_Usada";"GB";"2022-10-28 12:02:25";6.0
"Servidor-SPTECH";"ram";"ram_Usada";"GB";"2022-10-28 12:02:23";6.0
"Servidor-SPTECH";"ram";"ram_Usada";"GB";"2022-10-28 12:02:22";6.0
"Servidor-SPTECH";"ram";"ram_Usada";"GB";"2022-10-28 12:02:21";6.0
"Servidor-SPTECH";"ram";"ram_Usada";"GB";"2022-10-28 12:02:19";6.0
"Servidor-SPTECH";"ram";"ram_Usada";"GB";"2022-10-28 12:02:18";6.0
"Servidor-SPTECH";"ram";"ram_Usada";"GB";"2022-10-28 12:02:16";6.0
"Servidor-SPTECH";"ram";"ram_Usada";"GB";"2022-10-28 12:02:15";6.0
"Servidor-SPTECH";"ram";"ram_Usada";"GB";"2022-10-28 12:02:13";6.0
"Servidor-SPTECH";"ram";"ram_Usada";"GB";"2022-10-28 12:02:12";6.0
"Servidor-SPTECH";"ram";"ram_Usada";"GB";"2022-10-28 12:02:11";6.0
"Servidor-SPTECH";"ram";"ram_Usada";"GB";"2022-10-28 12:02:09";6.0
"Servidor-SPTECH";"ram";"ram_Usada";"GB";"2022-10-28 12:02:08";6.0
"Servidor-SPTECH";"ram";"ram_Usada";"GB";"2022-10-28 12:02:06";6.0
"Servidor-SPTECH";"ram";"ram_Usada";"GB";"2022-10-28 12:02:05";6.0
"Servidor-SPTECH";"ram";"ram_Usada";"GB";"2022-10-28 12:02:03";6.0
"Servidor-SPTECH";"ram";"ram_Usada";"GB";"2022-10-28 12:02:02";6.0
"Servidor-SPTECH";"ram";"ram_Usada";"GB";"2022-10-28 12:02:01";6.0
"Servidor-SPTECH";"ram";"ram_Usada";"GB";"2022-10-28 12:01:59";6.0
"Servidor-SPTECH";"ram";"ram_Usada";"GB";"2022-10-28 12:01:58";6.0
"Servidor-SPTECH";"ram";"ram_Usada";"GB";"2022-10-28 12:01:56";6.0
"Servidor-SPTECH";"ram";"ram_Usada";"GB";"2022-10-28 12:01:55";6.0
"Servidor-SPTECH";"ram";"ram_Usada";"GB";"2022-10-28 12:01:53";6.0
"Servidor-SPTECH";"ram";"ram_Usada";"GB";"2022-10-28 12:01:52";6.0
"Servidor-SPTECH";"ram";"ram_Usada";"GB";"2022-10-28 12:01:51";6.0
"Servidor-SPTECH";"ram";"ram_Usada";"GB";"2022-10-28 12:01:49";6.0
"Servidor-SPTECH";"ram";"ram_Usada";"GB";"2022-10-28 12:01:48";6.0
"Servidor-SPTECH";"ram";"ram_Usada";"GB";"2022-10-28 12:01:46";6.0
"Servidor-SPTECH";"ram";"ram_Usada";"GB";"2022-10-28 12:01:45";6.0
"Servidor-SPTECH";"ram";"ram_Usada";"GB";"2022-10-28 12:01:43";6.0
"Servidor-SPTECH";"ram";"ram_Usada";"GB";"2022-10-28 12:01:42";6.0
"Servidor-SPTECH";"ram";"ram_Usada";"GB";"2022-10-28 12:01:41";6.0
"Servidor-SPTECH";"ram";"ram_Usada";"GB";"2022-10-28 12:01:39";6.0
"Servidor-SPTECH";"ram";"ram_Usada";"GB";"2022-10-28 12:01:38";6.0
"Servidor-SPTECH";"ram";"ram_Usada";"GB";"2022-10-28 12:01:36";6.0
"Servidor-SPTECH";"ram";"ram_Usada";"GB";"2022-10-28 12:01:35";6.0
"Servidor-SPTECH";"ram";"ram_Usada";"GB";"2022-10-28 12:01:33";6.0
"Servidor-SPTECH";"ram";"ram_Usada";"GB";"2022-10-28 12:01:32";6.0
"Servidor-SPTECH";"ram";"ram_Usada";"GB";"2022-10-28 12:01:30";6.0
"Servidor-SPTECH";"ram";"ram_Usada";"GB";"2022-10-28 12:01:29";6.0
"Servidor-SPTECH";"ram";"ram_Usada";"GB";"2022-10-28 12:01:28";6.0
"Servidor-SPTECH";"ram";"ram_Usada";"GB";"2022-10-28 12:01:26";6.0
"Servidor-SPTECH";"ram";"ram_Usada";"GB";"2022-10-28 12:01:25";6.0
"Servidor-SPTECH";"ram";"ram_Usada";"GB";"2022-10-28 12:01:23";6.0
"Servidor-SPTECH";"ram";"ram_Usada";"GB";"2022-10-28 12:01:22";6.0
"Servidor-SPTECH";"ram";"ram_Usada";"GB";"2022-10-28 12:01:21";6.0
"Servidor-SPTECH";"ram";"ram_Usada";"GB";"2022-10-28 12:01:19";6.0
"Servidor-SPTECH";"ram";"ram_Usada";"GB";"2022-10-28 12:01:18";6.0
"Servidor-SPTECH";"ram";"ram_Usada";"GB";"2022-10-28 12:01:16";6.0
"Servidor-SPTECH";"ram";"ram_Usada";"GB";"2022-10-28 12:01:15";6.0
"Servidor-SPTECH";"ram";"ram_Usada";"GB";"2022-10-28 12:01:13";6.0
"Servidor-SPTECH";"ram";"ram_Usada";"GB";"2022-10-28 12:01:12";6.0
"Servidor-SPTECH";"ram";"ram_Usada";"GB";"2022-10-28 12:01:11";6.0
"Servidor-SPTECH";"ram";"ram_Usada";"GB";"2022-10-28 12:01:09";6.0
"Servidor-SPTECH";"ram";"ram_Usada";"GB";"2022-10-28 12:01:08";6.0
"Servidor-SPTECH";"ram";"ram_Usada";"GB";"2022-10-28 12:01:06";6.0
"Servidor-SPTECH";"ram";"ram_Usada";"GB";"2022-10-28 12:01:05";6.0
"Servidor-SPTECH";"ram";"ram_Usada";"GB";"2022-10-28 12:01:03";6.0
"Servidor-SPTECH";"ram";"ram_Usada";"GB";"2022-10-28 12:01:02";6.0
"Servidor-SPTECH";"ram";"ram_Usada";"GB";"2022-10-28 12:01:01";6.0
"Servidor-SPTECH";"ram";"ram_Usada";"GB";"2022-10-28 12:00:59";6.0
"Servidor-SPTECH";"ram";"ram_Usada";"GB";"2022-10-28 12:00:58";6.0
"Servidor-SPTECH";"ram";"ram_Usada";"GB";"2022-10-28 12:00:56";6.0
"Servidor-SPTECH";"ram";"ram_Usada";"GB";"2022-10-28 12:00:55";6.0
"Servidor-SPTECH";"ram";"ram_Usada";"GB";"2022-10-28 12:00:53";6.0
"Servidor-SPTECH";"ram";"ram_Usada";"GB";"2022-10-28 12:00:52";6.0
"Servidor-SPTECH";"ram";"ram_Usada";"GB";"2022-10-28 12:00:51";6.0
"Servidor-SPTECH";"ram";"ram_Usada";"GB";"2022-10-28 12:00:49";6.0
"Servidor-SPTECH";"ram";"ram_Usada";"GB";"2022-10-28 12:00:48";6.0
"Servidor-SPTECH";"ram";"ram_Usada";"GB";"2022-10-28 12:00:46";6.0
"Servidor-SPTECH";"ram";"ram_Usada";"GB";"2022-10-28 12:00:45";6.0
"Servidor-SPTECH";"ram";"ram_Usada";"GB";"2022-10-28 12:00:43";6.0
"Servidor-SPTECH";"ram";"ram_Usada";"GB";"2022-10-28 12:00:42";6.0
"Servidor-SPTECH";"ram";"ram_Usada";"GB";"2022-10-28 12:00:41";6.0
"Servidor-SPTECH";"ram";"ram_Usada";"GB";"2022-10-28 12:00:39";6.0
"Servidor-SPTECH";"ram";"ram_Usada";"GB";"2022-10-28 12:00:38";6.0
"Servidor-SPTECH";"ram";"ram_Usada";"GB";"2022-10-28 12:00:36";6.0
"Servidor-SPTECH";"ram";"ram_Usada";"GB";"2022-10-28 12:00:35";6.0
"Servidor-SPTECH";"ram";"ram_Usada";"GB";"2022-10-28 12:00:33";6.0
"Servidor-SPTECH";"ram";"ram_Usada";"GB";"2022-10-28 12:00:32";6.0
"Servidor-SPTECH";"ram";"ram_Usada";"GB";"2022-10-28 12:00:31";6.0
"Servidor-SPTECH";"ram";"ram_Usada";"GB";"2022-10-28 12:00:29";6.0
"Servidor-SPTECH";"ram";"ram_Usada";"GB";"2022-10-28 12:00:28";6.0
"Servidor-SPTECH";"ram";"ram_Usada";"GB";"2022-10-28 12:00:26";6.0
"Servidor-SPTECH";"ram";"ram_Usada";"GB";"2022-10-28 12:00:25";6.0
"Servidor-SPTECH";"ram";"ram_Usada";"GB";"2022-10-28 12:00:23";6.0
"Servidor-SPTECH";"ram";"ram_Usada";"GB";"2022-10-28 12:00:22";6.0
"Servidor-SPTECH";"ram";"ram_Usada";"GB";"2022-10-28 12:00:21";6.0
"Servidor-SPTECH";"ram";"ram_Usada";"GB";"2022-10-28 12:00:19";6.0
"Servidor-SPTECH";"ram";"ram_Usada";"GB";"2022-10-28 12:00:18";6.0
"Servidor-SPTECH";"ram";"ram_Usada";"GB";"2022-10-28 12:00:16";6.0
"Servidor-SPTECH";"ram";"ram_Usada";"GB";"2022-10-28 12:00:15";6.0
"Servidor-SPTECH";"ram";"ram_Usada";"GB";"2022-10-28 12:00:13";6.0
"Servidor-SPTECH";"ram";"ram_Usada";"GB";"2022-10-28 12:00:12";6.0
"Servidor-SPTECH";"ram";"ram_Usada";"GB";"2022-10-28 12:00:11";6.0
"Servidor-SPTECH";"ram";"ram_Usada";"GB";"2022-10-28 12:00:09";6.0
"Servidor-SPTECH";"ram";"ram_Usada";"GB";"2022-10-28 12:00:08";6.0
"Servidor-SPTECH";"ram";"ram_Usada";"GB";"2022-10-28 12:00:06";6.0
"Servidor-SPTECH";"ram";"ram_Usada";"GB";"2022-10-28 12:00:05";6.0
"Servidor-SPTECH";"ram";"ram_Usada";"GB";"2022-10-28 12:00:03";6.0
"Servidor-SPTECH";"ram";"ram_Usada";"GB";"2022-10-28 12:00:02";6.0
"Servidor-SPTECH";"ram";"ram_Usada";"GB";"2022-10-28 12:00:01";6.0
"Servidor-SPTECH";"ram";"ram_Usada";"GB";"2022-10-28 11:59:59";6.0
"Servidor-SPTECH";"ram";"ram_Usada";"GB";"2022-10-28 11:59:58";6.0
"Servidor-SPTECH";"ram";"ram_Usada";"GB";"2022-10-28 11:59:56";6.0
"Servidor-SPTECH";"ram";"ram_Usada";"GB";"2022-10-28 11:59:55";6.0
"Servidor-SPTECH";"ram";"ram_Usada";"GB";"2022-10-28 11:59:53";6.0
"Servidor-SPTECH";"ram";"ram_Usada";"GB";"2022-10-28 11:59:52";6.0
"Servidor-SPTECH";"ram";"ram_Usada";"GB";"2022-10-28 11:59:50";6.0
"Servidor-SPTECH";"ram";"ram_Usada";"GB";"2022-10-28 11:59:49";6.0
"Servidor-SPTECH";"ram";"ram_Usada";"GB";"2022-10-28 11:59:48";6.0
"Servidor-SPTECH";"ram";"ram_Usada";"GB";"2022-10-28 11:59:46";6.0
"Servidor-SPTECH";"ram";"ram_Usada";"GB";"2022-10-28 11:59:45";6.0
"Servidor-SPTECH";"ram";"ram_Usada";"GB";"2022-10-28 11:59:43";6.0
"Servidor-SPTECH";"ram";"ram_Usada";"GB";"2022-10-28 11:59:42";6.0
"Servidor-SPTECH";"ram";"ram_Usada";"GB";"2022-10-28 11:59:40";6.0
"Servidor-SPTECH";"ram";"ram_Usada";"GB";"2022-10-28 11:59:39";6.0
"Servidor-SPTECH";"ram";"ram_Usada";"GB";"2022-10-28 11:59:38";6.0
"Servidor-SPTECH";"ram";"ram_Usada";"GB";"2022-10-28 11:59:36";6.0
"Servidor-SPTECH";"ram";"ram_Usada";"GB";"2022-10-28 11:59:35";6.0
"Servidor-SPTECH";"ram";"ram_Usada";"GB";"2022-10-28 11:59:33";6.0
"Servidor-SPTECH";"ram";"ram_Usada";"GB";"2022-10-28 11:59:32";6.0
"Servidor-SPTECH";"ram";"ram_Usada";"GB";"2022-10-28 11:59:30";6.0
"Servidor-SPTECH";"ram";"ram_Usada";"GB";"2022-10-28 11:59:29";6.0
"Servidor-SPTECH";"ram";"ram_Usada";"GB";"2022-10-28 11:59:28";6.0
"Servidor-SPTECH";"ram";"ram_Usada";"GB";"2022-10-28 11:59:26";6.0
"Servidor-SPTECH";"ram";"ram_Usada";"GB";"2022-10-28 11:59:25";6.0
"Servidor-SPTECH";"ram";"ram_Usada";"GB";"2022-10-28 11:59:23";6.0
"Servidor-SPTECH";"ram";"ram_Usada";"GB";"2022-10-28 11:59:22";6.0
"Servidor-SPTECH";"ram";"ram_Usada";"GB";"2022-10-28 11:59:21";6.0
"Servidor-SPTECH";"ram";"ram_Usada";"GB";"2022-10-28 11:59:19";6.0
"Servidor-SPTECH";"ram";"ram_Usada";"GB";"2022-10-28 11:59:18";6.0
"Servidor-SPTECH";"ram";"ram_Usada";"GB";"2022-10-28 11:59:16";6.0
"Servidor-SPTECH";"ram";"ram_Usada";"GB";"2022-10-28 11:59:15";6.0
"Servidor-SPTECH";"ram";"ram_Usada";"GB";"2022-10-28 11:59:13";6.0
"Servidor-SPTECH";"ram";"ram_Usada";"GB";"2022-10-28 11:59:12";6.0
"Servidor-SPTECH";"ram";"ram_Usada";"GB";"2022-10-28 11:59:11";6.0
"Servidor-SPTECH";"ram";"ram_Usada";"GB";"2022-10-28 11:59:09";6.0
"Servidor-SPTECH";"ram";"ram_Usada";"GB";"2022-10-28 11:59:08";6.0
"Servidor-SPTECH";"ram";"ram_Usada";"GB";"2022-10-28 11:59:06";6.0
"Servidor-SPTECH";"ram";"ram_Usada";"GB";"2022-10-28 11:59:05";6.0
"Servidor-SPTECH";"ram";"ram_Usada";"GB";"2022-10-28 11:59:03";6.0
"Servidor-SPTECH";"ram";"ram_Usada";"GB";"2022-10-28 11:59:02";6.0
"Servidor-SPTECH";"ram";"ram_Usada";"GB";"2022-10-28 11:59:00";6.0
"Servidor-SPTECH";"ram";"ram_Usada";"GB";"2022-10-28 11:58:59";6.0
"Servidor-SPTECH";"ram";"ram_Usada";"GB";"2022-10-28 11:58:58";6.0
"Servidor-SPTECH";"ram";"ram_Usada";"GB";"2022-10-28 11:58:56";6.0
"Servidor-SPTECH";"ram";"ram_Usada";"GB";"2022-10-28 11:58:55";6.0
"Servidor-SPTECH";"ram";"ram_Usada";"GB";"2022-10-28 11:58:53";6.0
"Servidor-SPTECH";"ram";"ram_Usada";"GB";"2022-10-28 11:58:52";6.0
"Servidor-SPTECH";"ram";"ram_Usada";"GB";"2022-10-28 11:58:51";6.0
"Servidor-SPTECH";"ram";"ram_Usada";"GB";"2022-10-28 11:58:49";6.0
"Servidor-SPTECH";"ram";"ram_Usada";"GB";"2022-10-28 11:58:48";6.0
"Servidor-SPTECH";"ram";"ram_Usada";"GB";"2022-10-28 11:58:46";6.0
"Servidor-SPTECH";"ram";"ram_Usada";"GB";"2022-10-28 11:58:45";6.0
"Servidor-SPTECH";"ram";"ram_Usada";"GB";"2022-10-28 11:58:43";6.0
"Servidor-SPTECH";"ram";"ram_Usada";"GB";"2022-10-28 11:58:42";6.0
"Servidor-SPTECH";"ram";"ram_Usada";"GB";"2022-10-28 11:58:40";6.0
"Servidor-SPTECH";"ram";"ram_Usada";"GB";"2022-10-28 11:58:39";6.0
"Servidor-SPTECH";"ram";"ram_Usada";"GB";"2022-10-28 11:58:38";6.0
"Servidor-SPTECH";"ram";"ram_Usada";"GB";"2022-10-28 11:58:36";6.0
"Servidor-SPTECH";"ram";"ram_Usada";"GB";"2022-10-28 11:58:35";6.0
"Servidor-SPTECH";"ram";"ram_Usada";"GB";"2022-10-28 11:58:33";6.0
"Servidor-SPTECH";"ram";"ram_Usada";"GB";"2022-10-28 11:58:32";6.0
"Servidor-SPTECH";"ram";"ram_Usada";"GB";"2022-10-28 11:58:30";6.0
"Servidor-SPTECH";"ram";"ram_Usada";"GB";"2022-10-28 11:58:29";6.0
"Servidor-SPTECH";"ram";"ram_Usada";"GB";"2022-10-28 11:58:28";6.0
"Servidor-SPTECH";"ram";"ram_Usada";"GB";"2022-10-28 11:58:26";6.0
"Servidor-SPTECH";"ram";"ram_Usada";"GB";"2022-10-28 11:58:25";6.0
"Servidor-SPTECH";"ram";"ram_Usada";"GB";"2022-10-28 11:58:23";6.0
"Servidor-SPTECH";"ram";"ram_Usada";"GB";"2022-10-28 11:58:22";6.0
"Servidor-SPTECH";"ram";"ram_Usada";"GB";"2022-10-28 11:58:20";6.0
"Servidor-SPTECH";"ram";"ram_Usada";"GB";"2022-10-28 11:58:19";6.0
"Servidor-SPTECH";"ram";"ram_Usada";"GB";"2022-10-28 11:58:18";6.0
"Servidor-SPTECH";"ram";"ram_Usada";"GB";"2022-10-28 11:58:16";6.0
"Servidor-SPTECH";"ram";"ram_Usada";"GB";"2022-10-28 11:58:15";6.0
"Servidor-SPTECH";"ram";"ram_Usada";"GB";"2022-10-28 11:58:13";6.0
"Servidor-SPTECH";"ram";"ram_Usada";"GB";"2022-10-28 11:58:12";6.0
"Servidor-SPTECH";"ram";"ram_Usada";"GB";"2022-10-28 11:58:10";6.0
"Servidor-SPTECH";"ram";"ram_Usada";"GB";"2022-10-28 11:58:09";6.0
"Servidor-SPTECH";"ram";"ram_Usada";"GB";"2022-10-28 11:58:08";6.0
"Servidor-SPTECH";"ram";"ram_Usada";"GB";"2022-10-28 11:58:06";6.0
"Servidor-SPTECH";"ram";"ram_Usada";"GB";"2022-10-28 11:58:05";6.0
"Servidor-SPTECH";"ram";"ram_Usada";"GB";"2022-10-28 11:58:03";6.0
"Servidor-SPTECH";"ram";"ram_Usada";"GB";"2022-10-28 11:58:02";6.0
"Servidor-SPTECH";"ram";"ram_Usada";"GB";"2022-10-28 11:58:00";6.0
"Servidor-SPTECH";"ram";"ram_Usada";"GB";"2022-10-28 11:57:59";6.0
"Servidor-SPTECH";"ram";"ram_Usada";"GB";"2022-10-28 11:57:58";6.0
"Servidor-SPTECH";"ram";"ram_Usada";"GB";"2022-10-28 11:57:56";6.0
"Servidor-SPTECH";"ram";"ram_Usada";"GB";"2022-10-28 11:57:55";6.0
"Servidor-SPTECH";"ram";"ram_Usada";"GB";"2022-10-28 11:57:53";6.0
"Servidor-SPTECH";"ram";"ram_Usada";"GB";"2022-10-28 11:57:52";6.0
"Servidor-SPTECH";"ram";"ram_Usada";"GB";"2022-10-28 11:57:50";6.0
"Servidor-SPTECH";"ram";"ram_Usada";"GB";"2022-10-28 11:57:49";6.0
"Servidor-SPTECH";"ram";"ram_Usada";"GB";"2022-10-28 11:57:48";6.0
"Servidor-SPTECH";"ram";"ram_Usada";"GB";"2022-10-28 11:57:46";6.0
"Servidor-SPTECH";"ram";"ram_Usada";"GB";"2022-10-28 11:57:45";6.0
"Servidor-SPTECH";"ram";"ram_Usada";"GB";"2022-10-28 11:57:43";6.0
"Servidor-SPTECH";"ram";"ram_Usada";"GB";"2022-10-28 11:57:42";6.0
"Servidor-SPTECH";"ram";"ram_Usada";"GB";"2022-10-28 11:57:40";6.0
"Servidor-SPTECH";"ram";"ram_Usada";"GB";"2022-10-28 11:57:39";6.0
"Servidor-SPTECH";"ram";"ram_Usada";"GB";"2022-10-28 11:57:38";6.0
"Servidor-SPTECH";"ram";"ram_Usada";"GB";"2022-10-28 11:57:36";6.0
"Servidor-SPTECH";"ram";"ram_Usada";"GB";"2022-10-28 11:57:35";6.0
"Servidor-SPTECH";"ram";"ram_Usada";"GB";"2022-10-28 11:57:33";6.0
"Servidor-SPTECH";"ram";"ram_Usada";"GB";"2022-10-28 11:57:32";6.0
"Servidor-SPTECH";"ram";"ram_Usada";"GB";"2022-10-28 11:57:30";6.0
"Servidor-SPTECH";"ram";"ram_Usada";"GB";"2022-10-28 11:57:29";6.0
"Servidor-SPTECH";"ram";"ram_Usada";"GB";"2022-10-28 11:57:28";6.0
"Servidor-SPTECH";"ram";"ram_Usada";"GB";"2022-10-28 11:57:26";6.0
"Servidor-SPTECH";"ram";"ram_Usada";"GB";"2022-10-28 11:57:25";6.0
"Servidor-SPTECH";"ram";"ram_Usada";"GB";"2022-10-28 11:57:23";6.0
"Servidor-SPTECH";"ram";"ram_Usada";"GB";"2022-10-28 11:57:22";6.0
"Servidor-SPTECH";"ram";"ram_Usada";"GB";"2022-10-28 11:57:20";6.0
"Servidor-SPTECH";"ram";"ram_Usada";"GB";"2022-10-28 11:57:19";6.0
"Servidor-SPTECH";"ram";"ram_Usada";"GB";"2022-10-28 11:57:18";6.0
"Servidor-SPTECH";"ram";"ram_Usada";"GB";"2022-10-28 11:57:16";6.0
"Servidor-SPTECH";"ram";"ram_Usada";"GB";"2022-10-28 11:57:15";6.0
"Servidor-SPTECH";"ram";"ram_Usada";"GB";"2022-10-28 11:57:13";6.0
"Servidor-SPTECH";"ram";"ram_Usada";"GB";"2022-10-28 11:57:12";6.0
"Servidor-SPTECH";"ram";"ram_Usada";"GB";"2022-10-28 11:57:10";6.0
"Servidor-SPTECH";"ram";"ram_Usada";"GB";"2022-10-28 11:57:09";6.0
"Servidor-SPTECH";"ram";"ram_Usada";"GB";"2022-10-28 11:57:08";6.0
"Servidor-SPTECH";"ram";"ram_Usada";"GB";"2022-10-28 11:57:06";6.0
"Servidor-SPTECH";"ram";"ram_Usada";"GB";"2022-10-28 11:57:05";6.0
"Servidor-SPTECH";"ram";"ram_Usada";"GB";"2022-10-28 11:57:03";6.0
"Servidor-SPTECH";"ram";"ram_Usada";"GB";"2022-10-28 11:57:02";6.0
"Servidor-SPTECH";"ram";"ram_Usada";"GB";"2022-10-28 11:57:00";6.0
"Servidor-SPTECH";"ram";"ram_Usada";"GB";"2022-10-28 11:56:59";6.0
"Servidor-SPTECH";"ram";"ram_Usada";"GB";"2022-10-28 11:56:58";6.0
"Servidor-SPTECH";"ram";"ram_Usada";"GB";"2022-10-28 11:56:56";6.0
"Servidor-SPTECH";"ram";"ram_Usada";"GB";"2022-10-28 11:56:55";6.0
"Servidor-SPTECH";"ram";"ram_Usada";"GB";"2022-10-28 11:56:53";6.0
"Servidor-SPTECH";"ram";"ram_Usada";"GB";"2022-10-28 11:56:52";6.0
"Servidor-SPTECH";"ram";"ram_Usada";"GB";"2022-10-28 11:56:51";6.0
"Servidor-SPTECH";"ram";"ram_Usada";"GB";"2022-10-28 11:56:49";6.0
"Servidor-SPTECH";"ram";"ram_Usada";"GB";"2022-10-28 11:56:48";6.0
"Servidor-SPTECH";"ram";"ram_Usada";"GB";"2022-10-28 11:56:46";6.0
"Servidor-SPTECH";"ram";"ram_Usada";"GB";"2022-10-28 11:56:45";6.0
"Servidor-SPTECH";"ram";"ram_Usada";"GB";"2022-10-28 11:56:43";6.0
"Servidor-SPTECH";"ram";"ram_Usada";"GB";"2022-10-28 11:56:42";6.0
"Servidor-SPTECH";"ram";"ram_Usada";"GB";"2022-10-28 11:56:41";6.0
"Servidor-SPTECH";"ram";"ram_Usada";"GB";"2022-10-28 11:56:39";6.0
"Servidor-SPTECH";"ram";"ram_Usada";"GB";"2022-10-28 11:56:38";6.0
"Servidor-SPTECH";"ram";"ram_Usada";"GB";"2022-10-28 11:56:36";6.0
"Servidor-SPTECH";"ram";"ram_Usada";"GB";"2022-10-28 11:56:35";6.0
"Servidor-SPTECH";"ram";"ram_Usada";"GB";"2022-10-28 11:56:33";6.0
"Servidor-SPTECH";"ram";"ram_Usada";"GB";"2022-10-28 11:56:32";6.0
"Servidor-SPTECH";"ram";"ram_Usada";"GB";"2022-10-28 11:56:31";6.0
"Servidor-SPTECH";"ram";"ram_Usada";"GB";"2022-10-28 11:56:29";6.0
"Servidor-SPTECH";"ram";"ram_Usada";"GB";"2022-10-28 11:56:28";6.0
"Servidor-SPTECH";"ram";"ram_Usada";"GB";"2022-10-28 11:56:26";6.0
"Servidor-SPTECH";"ram";"ram_Usada";"GB";"2022-10-28 11:56:25";6.0
"Servidor-SPTECH";"ram";"ram_Usada";"GB";"2022-10-28 11:56:23";6.0
"Servidor-SPTECH";"ram";"ram_Usada";"GB";"2022-10-28 11:56:22";6.0
"Servidor-SPTECH";"ram";"ram_Usada";"GB";"2022-10-28 11:56:21";6.0
"Servidor-SPTECH";"ram";"ram_Usada";"GB";"2022-10-28 11:56:19";6.0
"Servidor-SPTECH";"ram";"ram_Usada";"GB";"2022-10-28 11:56:18";6.0
"Servidor-SPTECH";"ram";"ram_Usada";"GB";"2022-10-28 11:56:16";6.0
"Servidor-SPTECH";"ram";"ram_Usada";"GB";"2022-10-28 11:56:15";6.0
"Servidor-SPTECH";"ram";"ram_Usada";"GB";"2022-10-28 11:56:13";6.0
"Servidor-SPTECH";"ram";"ram_Usada";"GB";"2022-10-28 11:56:12";6.0
"Servidor-SPTECH";"ram";"ram_Usada";"GB";"2022-10-28 11:56:11";6.0
"Servidor-SPTECH";"ram";"ram_Usada";"GB";"2022-10-28 11:56:09";6.0
"Servidor-SPTECH";"ram";"ram_Usada";"GB";"2022-10-28 11:56:08";6.0
"Servidor-SPTECH";"ram";"ram_Usada";"GB";"2022-10-28 11:56:06";6.0
"Servidor-SPTECH";"ram";"ram_Usada";"GB";"2022-10-28 11:56:05";6.0
"Servidor-SPTECH";"ram";"ram_Usada";"GB";"2022-10-28 11:56:03";6.0
"Servidor-SPTECH";"ram";"ram_Usada";"GB";"2022-10-28 11:56:02";6.0
"Servidor-SPTECH";"ram";"ram_Usada";"GB";"2022-10-28 11:56:01";6.0
"Servidor-SPTECH";"ram";"ram_Usada";"GB";"2022-10-28 11:55:59";6.0
"Servidor-SPTECH";"ram";"ram_Usada";"GB";"2022-10-28 11:55:58";6.0
"Servidor-SPTECH";"ram";"ram_Usada";"GB";"2022-10-28 11:55:56";6.0
"Servidor-SPTECH";"ram";"ram_Usada";"GB";"2022-10-28 11:55:55";6.0
"Servidor-SPTECH";"ram";"ram_Usada";"GB";"2022-10-28 11:55:53";6.0
"Servidor-SPTECH";"ram";"ram_Usada";"GB";"2022-10-28 11:55:52";6.0
"Servidor-SPTECH";"ram";"ram_Usada";"GB";"2022-10-28 11:55:51";6.0
"Servidor-SPTECH";"ram";"ram_Usada";"GB";"2022-10-28 11:55:49";6.0
"Servidor-SPTECH";"ram";"ram_Usada";"GB";"2022-10-28 11:55:48";6.0
"Servidor-SPTECH";"ram";"ram_Usada";"GB";"2022-10-28 11:55:46";6.0
"Servidor-SPTECH";"ram";"ram_Usada";"GB";"2022-10-28 11:55:45";6.0
"Servidor-SPTECH";"ram";"ram_Usada";"GB";"2022-10-28 11:55:43";6.0
"Servidor-SPTECH";"ram";"ram_Usada";"GB";"2022-10-28 11:55:42";6.0
"Servidor-SPTECH";"ram";"ram_Usada";"GB";"2022-10-28 11:55:41";6.0
"Servidor-SPTECH";"ram";"ram_Usada";"GB";"2022-10-28 11:55:39";6.0
"Servidor-SPTECH";"ram";"ram_Usada";"GB";"2022-10-28 11:55:38";6.0
"Servidor-SPTECH";"ram";"ram_Usada";"GB";"2022-10-28 11:55:36";6.0
"Servidor-SPTECH";"ram";"ram_Usada";"GB";"2022-10-28 11:55:35";6.0
"Servidor-SPTECH";"ram";"ram_Usada";"GB";"2022-10-28 11:55:33";6.0
"Servidor-SPTECH";"ram";"ram_Usada";"GB";"2022-10-28 11:55:32";6.0
"Servidor-SPTECH";"ram";"ram_Usada";"GB";"2022-10-28 11:55:31";6.0
"Servidor-SPTECH";"ram";"ram_Usada";"GB";"2022-10-28 11:55:29";6.0
"Servidor-SPTECH";"ram";"ram_Usada";"GB";"2022-10-28 11:55:28";6.0
"Servidor-SPTECH";"ram";"ram_Usada";"GB";"2022-10-28 11:55:26";6.0
"Servidor-SPTECH";"ram";"ram_Usada";"GB";"2022-10-28 11:55:25";6.0
"Servidor-SPTECH";"ram";"ram_Usada";"GB";"2022-10-28 11:55:23";6.0
"Servidor-SPTECH";"ram";"ram_Usada";"GB";"2022-10-28 11:55:22";6.0
"Servidor-SPTECH";"ram";"ram_Usada";"GB";"2022-10-28 11:55:21";6.0
"Servidor-SPTECH";"ram";"ram_Usada";"GB";"2022-10-28 11:55:19";6.0
"Servidor-SPTECH";"ram";"ram_Usada";"GB";"2022-10-28 11:55:18";6.0
"Servidor-SPTECH";"ram";"ram_Usada";"GB";"2022-10-28 11:55:16";6.0
"Servidor-SPTECH";"ram";"ram_Usada";"GB";"2022-10-28 11:55:15";6.0
"Servidor-SPTECH";"ram";"ram_Usada";"GB";"2022-10-28 11:55:13";6.0
"Servidor-SPTECH";"ram";"ram_Usada";"GB";"2022-10-28 11:55:12";6.0
"Servidor-SPTECH";"ram";"ram_Usada";"GB";"2022-10-28 11:55:11";6.0
"Servidor-SPTECH";"ram";"ram_Usada";"GB";"2022-10-28 11:55:09";6.0
"Servidor-SPTECH";"ram";"ram_Usada";"GB";"2022-10-28 11:55:08";6.0
"Servidor-SPTECH";"ram";"ram_Usada";"GB";"2022-10-28 11:55:06";6.0
"Servidor-SPTECH";"ram";"ram_Usada";"GB";"2022-10-28 11:55:05";6.0
"Servidor-SPTECH";"ram";"ram_Usada";"GB";"2022-10-28 11:55:03";6.0
"Servidor-SPTECH";"ram";"ram_Usada";"GB";"2022-10-28 11:55:02";6.0
"Servidor-SPTECH";"ram";"ram_Usada";"GB";"2022-10-28 11:55:01";6.0
"Servidor-SPTECH";"ram";"ram_Usada";"GB";"2022-10-28 11:54:59";6.0
"Servidor-SPTECH";"ram";"ram_Usada";"GB";"2022-10-28 11:54:58";6.0
"Servidor-SPTECH";"ram";"ram_Usada";"GB";"2022-10-28 11:54:56";6.0
"Servidor-SPTECH";"ram";"ram_Usada";"GB";"2022-10-28 11:54:55";6.0
"Servidor-SPTECH";"ram";"ram_Usada";"GB";"2022-10-28 11:54:53";6.0
"Servidor-SPTECH";"ram";"ram_Usada";"GB";"2022-10-28 11:54:52";6.0
"Servidor-SPTECH";"ram";"ram_Usada";"GB";"2022-10-28 11:54:51";6.0
"Servidor-SPTECH";"ram";"ram_Usada";"GB";"2022-10-28 11:54:49";6.0
"Servidor-SPTECH";"ram";"ram_Usada";"GB";"2022-10-28 11:54:48";6.0
"Servidor-SPTECH";"ram";"ram_Usada";"GB";"2022-10-28 11:54:46";6.0
"Servidor-SPTECH";"ram";"ram_Usada";"GB";"2022-10-28 11:54:45";6.0
"Servidor-SPTECH";"ram";"ram_Usada";"GB";"2022-10-28 11:54:43";6.0
"Servidor-SPTECH";"ram";"ram_Usada";"GB";"2022-10-28 11:54:42";6.0
"Servidor-SPTECH";"ram";"ram_Usada";"GB";"2022-10-28 11:54:41";6.0
"Servidor-SPTECH";"ram";"ram_Usada";"GB";"2022-10-28 11:54:39";6.0
"Servidor-SPTECH";"ram";"ram_Usada";"GB";"2022-10-28 11:54:38";6.0
"Servidor-SPTECH";"ram";"ram_Usada";"GB";"2022-10-28 11:54:36";6.0
"Servidor-SPTECH";"ram";"ram_Usada";"GB";"2022-10-28 11:54:35";6.0
"Servidor-SPTECH";"ram";"ram_Usada";"GB";"2022-10-28 11:54:33";6.0
"Servidor-SPTECH";"ram";"ram_Usada";"GB";"2022-10-28 11:54:32";6.0
"Servidor-SPTECH";"ram";"ram_Usada";"GB";"2022-10-28 11:54:31";6.0
"Servidor-SPTECH";"ram";"ram_Usada";"GB";"2022-10-28 11:54:29";6.0
"Servidor-SPTECH";"ram";"ram_Usada";"GB";"2022-10-28 11:54:28";6.0
"Servidor-SPTECH";"ram";"ram_Usada";"GB";"2022-10-28 11:54:26";6.0
"Servidor-SPTECH";"ram";"ram_Usada";"GB";"2022-10-28 11:54:25";6.0
"Servidor-SPTECH";"ram";"ram_Usada";"GB";"2022-10-28 11:54:23";6.0
"Servidor-SPTECH";"ram";"ram_Usada";"GB";"2022-10-28 11:54:22";6.0
"Servidor-SPTECH";"ram";"ram_Usada";"GB";"2022-10-28 11:54:21";6.0
"Servidor-SPTECH";"ram";"ram_Usada";"GB";"2022-10-28 11:54:19";6.0
"Servidor-SPTECH";"ram";"ram_Usada";"GB";"2022-10-28 11:54:18";6.0
"Servidor-SPTECH";"ram";"ram_Usada";"GB";"2022-10-28 11:54:16";6.0
"Servidor-SPTECH";"ram";"ram_Usada";"GB";"2022-10-28 11:54:15";6.0
"Servidor-SPTECH";"ram";"ram_Usada";"GB";"2022-10-28 11:54:13";6.0
"Servidor-SPTECH";"ram";"ram_Usada";"GB";"2022-10-28 11:54:12";6.0
"Servidor-SPTECH";"ram";"ram_Usada";"GB";"2022-10-28 11:54:11";6.0
"Servidor-SPTECH";"ram";"ram_Usada";"GB";"2022-10-28 11:54:09";6.0
"Servidor-SPTECH";"ram";"ram_Usada";"GB";"2022-10-28 11:54:08";6.0
"Servidor-SPTECH";"ram";"ram_Usada";"GB";"2022-10-28 11:54:06";6.0
"Servidor-SPTECH";"ram";"ram_Usada";"GB";"2022-10-28 11:54:05";6.0
"Servidor-SPTECH";"ram";"ram_Usada";"GB";"2022-10-28 11:54:03";6.0
"Servidor-SPTECH";"ram";"ram_Usada";"GB";"2022-10-28 11:54:02";6.0
"Servidor-SPTECH";"ram";"ram_Usada";"GB";"2022-10-28 11:54:00";6.0
"Servidor-SPTECH";"ram";"ram_Usada";"GB";"2022-10-28 11:53:59";6.0
"Servidor-SPTECH";"ram";"ram_Usada";"GB";"2022-10-28 11:53:58";6.0
"Servidor-SPTECH";"ram";"ram_Usada";"GB";"2022-10-28 11:53:56";6.0
"Servidor-SPTECH";"ram";"ram_Usada";"GB";"2022-10-28 11:53:55";6.0
"Servidor-SPTECH";"ram";"ram_Usada";"GB";"2022-10-28 11:53:53";6.0
"Servidor-SPTECH";"ram";"ram_Usada";"GB";"2022-10-28 11:53:52";6.0
"Servidor-SPTECH";"ram";"ram_Usada";"GB";"2022-10-28 11:53:50";6.0
"Servidor-SPTECH";"ram";"ram_Usada";"GB";"2022-10-28 11:53:49";6.0
"Servidor-SPTECH";"ram";"ram_Usada";"GB";"2022-10-28 11:53:48";6.0
"Servidor-SPTECH";"ram";"ram_Usada";"GB";"2022-10-28 11:53:46";6.0
"Servidor-SPTECH";"ram";"ram_Usada";"GB";"2022-10-28 11:53:45";6.0
"Servidor-SPTECH";"ram";"ram_Usada";"GB";"2022-10-28 11:53:43";6.0
"Servidor-SPTECH";"ram";"ram_Usada";"GB";"2022-10-28 11:53:42";6.0
"Servidor-SPTECH";"ram";"ram_Usada";"GB";"2022-10-28 11:53:40";6.0
"Servidor-SPTECH";"ram";"ram_Usada";"GB";"2022-10-28 11:53:39";6.0
"Servidor-SPTECH";"ram";"ram_Usada";"GB";"2022-10-28 11:53:38";6.0
"Servidor-SPTECH";"ram";"ram_Usada";"GB";"2022-10-28 11:53:36";6.0
"Servidor-SPTECH";"ram";"ram_Usada";"GB";"2022-10-28 11:53:35";6.0
"Servidor-SPTECH";"ram";"ram_Usada";"GB";"2022-10-28 11:53:33";6.0
"Servidor-SPTECH";"ram";"ram_Usada";"GB";"2022-10-28 11:53:32";6.0
"Servidor-SPTECH";"ram";"ram_Usada";"GB";"2022-10-28 11:53:30";6.0
"Servidor-SPTECH";"ram";"ram_Usada";"GB";"2022-10-28 11:53:29";6.0
"Servidor-SPTECH";"ram";"ram_Usada";"GB";"2022-10-28 11:53:28";6.0
"Servidor-SPTECH";"ram";"ram_Usada";"GB";"2022-10-28 11:53:26";6.0
"Servidor-SPTECH";"ram";"ram_Usada";"GB";"2022-10-28 11:53:25";6.0
"Servidor-SPTECH";"ram";"ram_Usada";"GB";"2022-10-28 11:53:23";6.0
"Servidor-SPTECH";"ram";"ram_Usada";"GB";"2022-10-28 11:53:22";6.0
"Servidor-SPTECH";"ram";"ram_Usada";"GB";"2022-10-28 11:53:20";6.0
"Servidor-SPTECH";"ram";"ram_Usada";"GB";"2022-10-28 11:53:19";6.0
"Servidor-SPTECH";"ram";"ram_Usada";"GB";"2022-10-28 11:53:18";6.0
"Servidor-SPTECH";"ram";"ram_Usada";"GB";"2022-10-28 11:53:16";6.0
"Servidor-SPTECH";"ram";"ram_Usada";"GB";"2022-10-28 11:53:15";6.0
"Servidor-SPTECH";"ram";"ram_Usada";"GB";"2022-10-28 11:53:13";6.0
"Servidor-SPTECH";"ram";"ram_Usada";"GB";"2022-10-28 11:53:12";6.0
"Servidor-SPTECH";"ram";"ram_Usada";"GB";"2022-10-28 11:53:10";6.0
"Servidor-SPTECH";"ram";"ram_Usada";"GB";"2022-10-28 11:53:09";6.0
"Servidor-SPTECH";"ram";"ram_Usada";"GB";"2022-10-28 11:53:07";6.0
"Servidor-SPTECH";"ram";"ram_Usada";"GB";"2022-10-28 11:53:06";6.0
"Servidor-SPTECH";"ram";"ram_Usada";"GB";"2022-10-28 11:53:05";6.0
"Servidor-SPTECH";"ram";"ram_Usada";"GB";"2022-10-28 11:53:03";6.0
"Servidor-SPTECH";"ram";"ram_Usada";"GB";"2022-10-28 11:53:02";6.0
"Servidor-SPTECH";"ram";"ram_Usada";"GB";"2022-10-28 11:53:00";6.0
"Servidor-SPTECH";"ram";"ram_Usada";"GB";"2022-10-28 11:52:59";6.0
"Servidor-SPTECH";"ram";"ram_Usada";"GB";"2022-10-28 11:52:57";6.0
"Servidor-SPTECH";"ram";"ram_Usada";"GB";"2022-10-28 11:52:56";6.0
"Servidor-SPTECH";"ram";"ram_Usada";"GB";"2022-10-28 11:52:55";6.0
"Servidor-SPTECH";"ram";"ram_Usada";"GB";"2022-10-28 11:52:53";6.0
"Servidor-SPTECH";"ram";"ram_Usada";"GB";"2022-10-28 11:52:52";6.0
"Servidor-SPTECH";"ram";"ram_Usada";"GB";"2022-10-28 11:52:50";6.0
"Servidor-SPTECH";"ram";"ram_Usada";"GB";"2022-10-28 11:52:49";6.0
"Servidor-SPTECH";"ram";"ram_Usada";"GB";"2022-10-28 11:52:47";6.0
"Servidor-SPTECH";"ram";"ram_Usada";"GB";"2022-10-28 11:52:46";6.0
"Servidor-SPTECH";"ram";"ram_Usada";"GB";"2022-10-28 11:52:45";6.0
"Servidor-SPTECH";"ram";"ram_Usada";"GB";"2022-10-28 11:52:43";6.0
"Servidor-SPTECH";"ram";"ram_Usada";"GB";"2022-10-28 11:52:42";6.0
"Servidor-SPTECH";"ram";"ram_Usada";"GB";"2022-10-28 11:52:40";6.0
"Servidor-SPTECH";"ram";"ram_Usada";"GB";"2022-10-28 11:52:39";6.0
"Servidor-SPTECH";"ram";"ram_Usada";"GB";"2022-10-28 11:52:37";6.0
"Servidor-SPTECH";"ram";"ram_Usada";"GB";"2022-10-28 11:52:36";6.0
"Servidor-SPTECH";"ram";"ram_Usada";"GB";"2022-10-28 11:52:35";6.0
"Servidor-SPTECH";"ram";"ram_Usada";"GB";"2022-10-28 11:52:33";6.0
"Servidor-SPTECH";"ram";"ram_Usada";"GB";"2022-10-28 11:52:32";6.0
"Servidor-SPTECH";"ram";"ram_Usada";"GB";"2022-10-28 11:52:30";6.0
"Servidor-SPTECH";"ram";"ram_Usada";"GB";"2022-10-28 11:52:29";6.0
"Servidor-SPTECH";"ram";"ram_Usada";"GB";"2022-10-28 11:52:27";6.0
"Servidor-SPTECH";"ram";"ram_Usada";"GB";"2022-10-28 11:52:26";6.0
"Servidor-SPTECH";"ram";"ram_Usada";"GB";"2022-10-28 11:52:25";6.0
"Servidor-SPTECH";"ram";"ram_Usada";"GB";"2022-10-28 11:52:23";6.0
"Servidor-SPTECH";"ram";"ram_Usada";"GB";"2022-10-28 11:52:22";6.0
"Servidor-SPTECH";"ram";"ram_Usada";"GB";"2022-10-28 11:52:20";6.0
"Servidor-SPTECH";"ram";"ram_Usada";"GB";"2022-10-28 11:52:19";6.0
"Servidor-SPTECH";"ram";"ram_Usada";"GB";"2022-10-28 11:52:17";6.0
"Servidor-SPTECH";"ram";"ram_Usada";"GB";"2022-10-28 11:52:16";6.0
"Servidor-SPTECH";"ram";"ram_Usada";"GB";"2022-10-28 11:52:15";6.0
"Servidor-SPTECH";"ram";"ram_Usada";"GB";"2022-10-28 11:52:13";6.0
"Servidor-SPTECH";"ram";"ram_Usada";"GB";"2022-10-28 11:52:12";6.0
"Servidor-SPTECH";"ram";"ram_Usada";"GB";"2022-10-28 11:52:10";6.0
"Servidor-SPTECH";"ram";"ram_Usada";"GB";"2022-10-28 11:52:09";6.0
"Servidor-SPTECH";"ram";"ram_Usada";"GB";"2022-10-28 11:52:07";6.0
"Servidor-SPTECH";"ram";"ram_Usada";"GB";"2022-10-28 11:52:06";6.0
"Servidor-SPTECH";"ram";"ram_Usada";"GB";"2022-10-28 11:52:05";6.0
"Servidor-SPTECH";"ram";"ram_Usada";"GB";"2022-10-28 11:52:03";6.0
"Servidor-SPTECH";"ram";"ram_Usada";"GB";"2022-10-28 11:52:02";6.0
"Servidor-SPTECH";"ram";"ram_Usada";"GB";"2022-10-28 11:52:00";6.0
"Servidor-SPTECH";"ram";"ram_Usada";"GB";"2022-10-28 11:51:59";6.0
"Servidor-SPTECH";"ram";"ram_Usada";"GB";"2022-10-28 11:51:57";6.0
"Servidor-SPTECH";"ram";"ram_Usada";"GB";"2022-10-28 11:51:56";6.0
"Servidor-SPTECH";"ram";"ram_Usada";"GB";"2022-10-28 11:51:55";6.0
"Servidor-SPTECH";"ram";"ram_Usada";"GB";"2022-10-28 11:51:53";6.0
"Servidor-SPTECH";"ram";"ram_Usada";"GB";"2022-10-28 11:51:52";6.0
"Servidor-SPTECH";"ram";"ram_Usada";"GB";"2022-10-28 11:51:50";6.0
"Servidor-SPTECH";"ram";"ram_Usada";"GB";"2022-10-28 11:51:49";6.0
"Servidor-SPTECH";"ram";"ram_Usada";"GB";"2022-10-28 11:51:47";6.0
"Servidor-SPTECH";"ram";"ram_Usada";"GB";"2022-10-28 11:51:46";6.0
"Servidor-SPTECH";"ram";"ram_Usada";"GB";"2022-10-28 11:51:45";6.0
"Servidor-SPTECH";"ram";"ram_Usada";"GB";"2022-10-28 11:51:43";6.0
"Servidor-SPTECH";"ram";"ram_Usada";"GB";"2022-10-28 11:51:42";6.0
"Servidor-SPTECH";"ram";"ram_Usada";"GB";"2022-10-28 11:51:40";6.0
"Servidor-SPTECH";"ram";"ram_Usada";"GB";"2022-10-28 11:51:39";6.0
"Servidor-SPTECH";"ram";"ram_Usada";"GB";"2022-10-28 11:51:37";6.0
"Servidor-SPTECH";"ram";"ram_Usada";"GB";"2022-10-28 11:51:36";6.0
"Servidor-SPTECH";"ram";"ram_Usada";"GB";"2022-10-28 11:51:35";6.0
"Servidor-SPTECH";"ram";"ram_Usada";"GB";"2022-10-28 11:51:33";6.0
"Servidor-SPTECH";"ram";"ram_Usada";"GB";"2022-10-28 11:51:32";6.0
"Servidor-SPTECH";"ram";"ram_Usada";"GB";"2022-10-28 11:51:30";6.0
"Servidor-SPTECH";"ram";"ram_Usada";"GB";"2022-10-28 11:51:29";6.0
"Servidor-SPTECH";"ram";"ram_Usada";"GB";"2022-10-28 11:51:27";6.0
"Servidor-SPTECH";"ram";"ram_Usada";"GB";"2022-10-28 11:51:26";6.0
"Servidor-SPTECH";"ram";"ram_Usada";"GB";"2022-10-28 11:51:25";6.0
"Servidor-SPTECH";"ram";"ram_Usada";"GB";"2022-10-28 11:51:23";6.0
"Servidor-SPTECH";"ram";"ram_Usada";"GB";"2022-10-28 11:51:22";6.0
"Servidor-SPTECH";"ram";"ram_Usada";"GB";"2022-10-28 11:51:20";6.0
"Servidor-SPTECH";"ram";"ram_Usada";"GB";"2022-10-28 11:51:19";6.0
"Servidor-SPTECH";"ram";"ram_Usada";"GB";"2022-10-28 11:51:17";6.0
"Servidor-SPTECH";"ram";"ram_Usada";"GB";"2022-10-28 11:51:16";6.0
"Servidor-SPTECH";"ram";"ram_Usada";"GB";"2022-10-28 11:51:15";6.0
"Servidor-SPTECH";"ram";"ram_Usada";"GB";"2022-10-28 11:51:13";6.0
"Servidor-SPTECH";"ram";"ram_Usada";"GB";"2022-10-28 11:51:12";6.0
"Servidor-SPTECH";"ram";"ram_Usada";"GB";"2022-10-28 11:51:10";6.0
"Servidor-SPTECH";"ram";"ram_Usada";"GB";"2022-10-28 11:51:09";6.0
"Servidor-SPTECH";"ram";"ram_Usada";"GB";"2022-10-28 11:51:07";6.0
"Servidor-SPTECH";"ram";"ram_Usada";"GB";"2022-10-28 11:51:06";6.0
"Servidor-SPTECH";"ram";"ram_Usada";"GB";"2022-10-28 11:51:04";6.0
"Servidor-SPTECH";"ram";"ram_Usada";"GB";"2022-10-28 11:51:03";6.0
"Servidor-SPTECH";"ram";"ram_Usada";"GB";"2022-10-28 11:51:02";6.0
"Servidor-SPTECH";"ram";"ram_Usada";"GB";"2022-10-28 11:51:00";6.0
"Servidor-SPTECH";"ram";"ram_Usada";"GB";"2022-10-28 11:50:59";6.0
"Servidor-SPTECH";"ram";"ram_Usada";"GB";"2022-10-28 11:50:57";6.0
"Servidor-SPTECH";"ram";"ram_Usada";"GB";"2022-10-28 11:50:56";6.0
"Servidor-SPTECH";"ram";"ram_Usada";"GB";"2022-10-28 11:50:54";6.0
"Servidor-SPTECH";"ram";"ram_Usada";"GB";"2022-10-28 11:50:53";6.0
"Servidor-SPTECH";"ram";"ram_Usada";"GB";"2022-10-28 11:50:52";6.0
"Servidor-SPTECH";"ram";"ram_Usada";"GB";"2022-10-28 11:50:50";6.0
"Servidor-SPTECH";"ram";"ram_Usada";"GB";"2022-10-28 11:50:49";6.0
"Servidor-SPTECH";"ram";"ram_Usada";"GB";"2022-10-28 11:50:47";6.0
"Servidor-SPTECH";"ram";"ram_Usada";"GB";"2022-10-28 11:50:46";6.0
"Servidor-SPTECH";"ram";"ram_Usada";"GB";"2022-10-28 11:50:44";6.0
"Servidor-SPTECH";"ram";"ram_Usada";"GB";"2022-10-28 11:50:43";6.0
"Servidor-SPTECH";"ram";"ram_Usada";"GB";"2022-10-28 11:50:42";6.0
"Servidor-SPTECH";"ram";"ram_Usada";"GB";"2022-10-28 11:50:40";6.0
"Servidor-SPTECH";"ram";"ram_Usada";"GB";"2022-10-28 11:50:39";6.0
"Servidor-SPTECH";"ram";"ram_Usada";"GB";"2022-10-28 11:50:37";6.0
"Servidor-SPTECH";"ram";"ram_Usada";"GB";"2022-10-28 11:50:36";6.0
"Servidor-SPTECH";"ram";"ram_Usada";"GB";"2022-10-28 11:50:34";6.0
"Servidor-SPTECH";"ram";"ram_Usada";"GB";"2022-10-28 11:50:33";6.0
"Servidor-SPTECH";"ram";"ram_Usada";"GB";"2022-10-28 11:50:32";6.0
"Servidor-SPTECH";"ram";"ram_Usada";"GB";"2022-10-28 11:50:30";6.0
"Servidor-SPTECH";"ram";"ram_Usada";"GB";"2022-10-28 11:50:29";6.0
"Servidor-SPTECH";"ram";"ram_Usada";"GB";"2022-10-28 11:50:27";6.0
"Servidor-SPTECH";"ram";"ram_Usada";"GB";"2022-10-28 11:50:26";6.0
"Servidor-SPTECH";"ram";"ram_Usada";"GB";"2022-10-28 11:50:24";6.0
"Servidor-SPTECH";"ram";"ram_Usada";"GB";"2022-10-28 11:50:23";6.0
"Servidor-SPTECH";"ram";"ram_Usada";"GB";"2022-10-28 11:50:22";6.0
"Servidor-SPTECH";"ram";"ram_Usada";"GB";"2022-10-28 11:50:20";6.0
"Servidor-SPTECH";"ram";"ram_Usada";"GB";"2022-10-28 11:50:19";6.0
"Servidor-SPTECH";"ram";"ram_Usada";"GB";"2022-10-28 11:50:17";6.0
"Servidor-SPTECH";"ram";"ram_Usada";"GB";"2022-10-28 11:50:16";6.0
"Servidor-SPTECH";"ram";"ram_Usada";"GB";"2022-10-28 11:50:14";6.0
"Servidor-SPTECH";"ram";"ram_Usada";"GB";"2022-10-28 11:50:13";6.0
"Servidor-SPTECH";"ram";"ram_Usada";"GB";"2022-10-28 11:50:12";6.0
"Servidor-SPTECH";"ram";"ram_Usada";"GB";"2022-10-28 11:50:10";6.0
"Servidor-SPTECH";"ram";"ram_Usada";"GB";"2022-10-28 11:50:09";6.0
"Servidor-SPTECH";"ram";"ram_Usada";"GB";"2022-10-28 11:50:07";6.0
"Servidor-SPTECH";"ram";"ram_Usada";"GB";"2022-10-28 11:50:06";6.0
"Servidor-SPTECH";"ram";"ram_Usada";"GB";"2022-10-28 11:50:04";6.0
"Servidor-SPTECH";"ram";"ram_Usada";"GB";"2022-10-28 11:50:03";6.0
"Servidor-SPTECH";"ram";"ram_Usada";"GB";"2022-10-28 11:50:02";6.0
"Servidor-SPTECH";"ram";"ram_Usada";"GB";"2022-10-28 11:50:00";6.0
"Servidor-SPTECH";"ram";"ram_Usada";"GB";"2022-10-28 11:49:59";6.0
"Servidor-SPTECH";"ram";"ram_Usada";"GB";"2022-10-28 11:49:57";6.0
"Servidor-SPTECH";"ram";"ram_Usada";"GB";"2022-10-28 11:49:56";6.0
"Servidor-SPTECH";"ram";"ram_Usada";"GB";"2022-10-28 11:49:54";6.0
"Servidor-SPTECH";"ram";"ram_Usada";"GB";"2022-10-28 11:49:53";6.0
"Servidor-SPTECH";"ram";"ram_Usada";"GB";"2022-10-28 11:49:51";6.0
"Servidor-SPTECH";"ram";"ram_Usada";"GB";"2022-10-28 11:49:50";6.0
"Servidor-SPTECH";"ram";"ram_Usada";"GB";"2022-10-28 11:49:49";6.0
"Servidor-SPTECH";"ram";"ram_Usada";"GB";"2022-10-28 11:49:47";6.0
"Servidor-SPTECH";"ram";"ram_Usada";"GB";"2022-10-28 11:49:46";6.0
"Servidor-SPTECH";"ram";"ram_Usada";"GB";"2022-10-28 11:49:44";6.0
"Servidor-SPTECH";"ram";"ram_Usada";"GB";"2022-10-28 11:49:43";6.0
"Servidor-SPTECH";"ram";"ram_Usada";"GB";"2022-10-28 11:49:41";6.0
"Servidor-SPTECH";"ram";"ram_Usada";"GB";"2022-10-28 11:49:40";6.0
"Servidor-SPTECH";"ram";"ram_Usada";"GB";"2022-10-28 11:49:39";6.0
"Servidor-SPTECH";"ram";"ram_Usada";"GB";"2022-10-28 11:49:37";6.0
"Servidor-SPTECH";"ram";"ram_Usada";"GB";"2022-10-28 11:49:36";6.0
"Servidor-SPTECH";"ram";"ram_Usada";"GB";"2022-10-28 11:49:34";6.0
"Servidor-SPTECH";"ram";"ram_Usada";"GB";"2022-10-28 11:49:33";6.0
"Servidor-SPTECH";"ram";"ram_Usada";"GB";"2022-10-28 11:49:31";6.0
"Servidor-SPTECH";"ram";"ram_Usada";"GB";"2022-10-28 11:49:30";6.0
"Servidor-SPTECH";"ram";"ram_Usada";"GB";"2022-10-28 11:49:29";6.0
"Servidor-SPTECH";"ram";"ram_Usada";"GB";"2022-10-28 11:49:27";6.0
"Servidor-SPTECH";"ram";"ram_Usada";"GB";"2022-10-28 11:49:26";6.0
"Servidor-SPTECH";"ram";"ram_Usada";"GB";"2022-10-28 11:49:24";6.0
"Servidor-SPTECH";"ram";"ram_Usada";"GB";"2022-10-28 11:49:23";6.0
"Servidor-SPTECH";"ram";"ram_Usada";"GB";"2022-10-28 11:49:21";6.0
"Servidor-SPTECH";"ram";"ram_Usada";"GB";"2022-10-28 11:49:20";6.0
"Servidor-SPTECH";"ram";"ram_Usada";"GB";"2022-10-28 11:49:19";6.0
"Servidor-SPTECH";"ram";"ram_Usada";"GB";"2022-10-28 11:49:17";6.0
"Servidor-SPTECH";"ram";"ram_Usada";"GB";"2022-10-28 11:49:16";6.0
"Servidor-SPTECH";"ram";"ram_Usada";"GB";"2022-10-28 11:49:14";6.0
"Servidor-SPTECH";"ram";"ram_Usada";"GB";"2022-10-28 11:49:13";6.0
"Servidor-SPTECH";"ram";"ram_Usada";"GB";"2022-10-28 11:49:11";6.0
"Servidor-SPTECH";"ram";"ram_Usada";"GB";"2022-10-28 11:49:10";6.0
"Servidor-SPTECH";"ram";"ram_Usada";"GB";"2022-10-28 11:49:09";6.0
"Servidor-SPTECH";"ram";"ram_Usada";"GB";"2022-10-28 11:49:07";6.0
"Servidor-SPTECH";"ram";"ram_Usada";"GB";"2022-10-28 11:49:06";6.0
"Servidor-SPTECH";"ram";"ram_Usada";"GB";"2022-10-28 11:49:04";6.0
"Servidor-SPTECH";"ram";"ram_Usada";"GB";"2022-10-28 11:49:03";6.0
"Servidor-SPTECH";"ram";"ram_Usada";"GB";"2022-10-28 11:49:01";6.0
"Servidor-SPTECH";"ram";"ram_Usada";"GB";"2022-10-28 11:49:00";6.0
"Servidor-SPTECH";"ram";"ram_Usada";"GB";"2022-10-28 11:48:59";6.0
"Servidor-SPTECH";"ram";"ram_Usada";"GB";"2022-10-28 11:48:57";6.0
"Servidor-SPTECH";"ram";"ram_Usada";"GB";"2022-10-28 11:48:56";6.0
"Servidor-SPTECH";"ram";"ram_Usada";"GB";"2022-10-28 11:48:54";6.0
"Servidor-SPTECH";"ram";"ram_Usada";"GB";"2022-10-28 11:48:53";6.0
"Servidor-SPTECH";"ram";"ram_Usada";"GB";"2022-10-28 11:48:51";6.0
"Servidor-SPTECH";"ram";"ram_Usada";"GB";"2022-10-28 11:48:50";6.0
"Servidor-SPTECH";"ram";"ram_Usada";"GB";"2022-10-28 11:48:49";6.0
"Servidor-SPTECH";"ram";"ram_Usada";"GB";"2022-10-28 11:48:47";6.0
"Servidor-SPTECH";"ram";"ram_Usada";"GB";"2022-10-28 11:48:46";6.0
"Servidor-SPTECH";"ram";"ram_Usada";"GB";"2022-10-28 11:48:44";6.0
"Servidor-SPTECH";"ram";"ram_Usada";"GB";"2022-10-28 11:48:43";6.0
"Servidor-SPTECH";"ram";"ram_Usada";"GB";"2022-10-28 11:48:41";6.0
"Servidor-SPTECH";"ram";"ram_Usada";"GB";"2022-10-28 11:48:40";6.0
"Servidor-SPTECH";"ram";"ram_Usada";"GB";"2022-10-28 11:48:39";6.0
"Servidor-SPTECH";"ram";"ram_Usada";"GB";"2022-10-28 11:48:37";6.0
"Servidor-SPTECH";"ram";"ram_Usada";"GB";"2022-10-28 11:48:36";6.0
"Servidor-SPTECH";"ram";"ram_Usada";"GB";"2022-10-28 11:48:34";6.0
"Servidor-SPTECH";"ram";"ram_Usada";"GB";"2022-10-28 11:48:33";6.0
"Servidor-SPTECH";"ram";"ram_Usada";"GB";"2022-10-28 11:48:32";6.0
"Servidor-SPTECH";"ram";"ram_Usada";"GB";"2022-10-28 11:48:30";6.0
"Servidor-SPTECH";"ram";"ram_Usada";"GB";"2022-10-28 11:48:29";6.0
"Servidor-SPTECH";"ram";"ram_Usada";"GB";"2022-10-28 11:48:27";6.0
"Servidor-SPTECH";"ram";"ram_Usada";"GB";"2022-10-28 11:48:26";6.0
"Servidor-SPTECH";"ram";"ram_Usada";"GB";"2022-10-28 11:48:24";6.0
"Servidor-SPTECH";"ram";"ram_Usada";"GB";"2022-10-28 11:48:23";6.0
"Servidor-SPTECH";"ram";"ram_Usada";"GB";"2022-10-28 11:48:21";6.0
"Servidor-SPTECH";"ram";"ram_Usada";"GB";"2022-10-28 11:48:20";6.0
"Servidor-SPTECH";"ram";"ram_Usada";"GB";"2022-10-28 11:48:19";6.0
"Servidor-SPTECH";"ram";"ram_Usada";"GB";"2022-10-28 11:48:17";6.0
"Servidor-SPTECH";"ram";"ram_Usada";"GB";"2022-10-28 11:48:16";6.0
"Servidor-SPTECH";"ram";"ram_Usada";"GB";"2022-10-28 11:48:14";6.0
"Servidor-SPTECH";"ram";"ram_Usada";"GB";"2022-10-28 11:48:13";6.0
"Servidor-SPTECH";"ram";"ram_Usada";"GB";"2022-10-28 11:48:11";6.0
"Servidor-SPTECH";"ram";"ram_Usada";"GB";"2022-10-28 11:48:10";6.0
"Servidor-SPTECH";"ram";"ram_Usada";"GB";"2022-10-28 11:48:09";6.0
"Servidor-SPTECH";"ram";"ram_Usada";"GB";"2022-10-28 11:48:07";6.0
"Servidor-SPTECH";"ram";"ram_Usada";"GB";"2022-10-28 11:48:06";6.0
"Servidor-SPTECH";"ram";"ram_Usada";"GB";"2022-10-28 11:48:04";6.0
"Servidor-SPTECH";"ram";"ram_Usada";"GB";"2022-10-28 11:48:03";6.0
"Servidor-SPTECH";"ram";"ram_Usada";"GB";"2022-10-28 11:48:01";6.0
"Servidor-SPTECH";"ram";"ram_Usada";"GB";"2022-10-28 11:48:00";6.0
"Servidor-SPTECH";"ram";"ram_Usada";"GB";"2022-10-28 11:47:59";6.0
"Servidor-SPTECH";"ram";"ram_Usada";"GB";"2022-10-28 11:47:57";6.0
"Servidor-SPTECH";"ram";"ram_Usada";"GB";"2022-10-28 11:47:56";6.0
"Servidor-SPTECH";"ram";"ram_Usada";"GB";"2022-10-28 11:47:54";6.0
"Servidor-SPTECH";"ram";"ram_Usada";"GB";"2022-10-28 11:47:53";6.0
"Servidor-SPTECH";"ram";"ram_Usada";"GB";"2022-10-28 11:47:52";6.0
"Servidor-SPTECH";"ram";"ram_Usada";"GB";"2022-10-28 11:47:50";6.0
"Servidor-SPTECH";"ram";"ram_Usada";"GB";"2022-10-28 11:47:49";6.0
"Servidor-SPTECH";"ram";"ram_Usada";"GB";"2022-10-28 11:47:47";6.0
"Servidor-SPTECH";"ram";"ram_Usada";"GB";"2022-10-28 11:47:46";6.0
"Servidor-SPTECH";"ram";"ram_Usada";"GB";"2022-10-28 11:47:44";6.0
"Servidor-SPTECH";"ram";"ram_Usada";"GB";"2022-10-28 11:47:43";6.0
"Servidor-SPTECH";"ram";"ram_Usada";"GB";"2022-10-28 11:47:41";6.0
"Servidor-SPTECH";"ram";"ram_Usada";"GB";"2022-10-28 11:47:40";6.0
"Servidor-SPTECH";"ram";"ram_Usada";"GB";"2022-10-28 11:47:39";6.0
"Servidor-SPTECH";"ram";"ram_Usada";"GB";"2022-10-28 11:47:37";6.0
"Servidor-SPTECH";"ram";"ram_Usada";"GB";"2022-10-28 11:47:36";6.0
"Servidor-SPTECH";"ram";"ram_Usada";"GB";"2022-10-28 11:47:34";6.0
"Servidor-SPTECH";"ram";"ram_Usada";"GB";"2022-10-28 11:47:33";6.0
"Servidor-SPTECH";"ram";"ram_Usada";"GB";"2022-10-28 11:47:31";6.0
"Servidor-SPTECH";"ram";"ram_Usada";"GB";"2022-10-28 11:47:30";6.0
"Servidor-SPTECH";"ram";"ram_Usada";"GB";"2022-10-28 11:47:29";6.0
"Servidor-SPTECH";"ram";"ram_Usada";"GB";"2022-10-28 11:47:27";6.0
"Servidor-SPTECH";"ram";"ram_Usada";"GB";"2022-10-28 11:47:26";6.0
"Servidor-SPTECH";"ram";"ram_Usada";"GB";"2022-10-28 11:47:24";6.0
"Servidor-SPTECH";"ram";"ram_Usada";"GB";"2022-10-28 11:47:23";6.0
"Servidor-SPTECH";"ram";"ram_Usada";"GB";"2022-10-28 11:47:21";6.0
"Servidor-SPTECH";"ram";"ram_Usada";"GB";"2022-10-28 11:47:20";6.0
"Servidor-SPTECH";"ram";"ram_Usada";"GB";"2022-10-28 11:47:19";6.0
"Servidor-SPTECH";"ram";"ram_Usada";"GB";"2022-10-28 11:47:17";6.0
"Servidor-SPTECH";"ram";"ram_Usada";"GB";"2022-10-28 11:47:16";6.0
"Servidor-SPTECH";"ram";"ram_Usada";"GB";"2022-10-28 11:47:14";6.0
"Servidor-SPTECH";"ram";"ram_Usada";"GB";"2022-10-28 11:47:13";6.0
"Servidor-SPTECH";"ram";"ram_Usada";"GB";"2022-10-28 11:47:11";6.0
"Servidor-SPTECH";"ram";"ram_Usada";"GB";"2022-10-28 11:47:10";6.0
"Servidor-SPTECH";"ram";"ram_Usada";"GB";"2022-10-28 11:47:09";6.0
"Servidor-SPTECH";"ram";"ram_Usada";"GB";"2022-10-28 11:47:07";6.0
"Servidor-SPTECH";"ram";"ram_Usada";"GB";"2022-10-28 11:47:06";6.0
"Servidor-SPTECH";"ram";"ram_Usada";"GB";"2022-10-28 11:47:04";6.0
"Servidor-SPTECH";"ram";"ram_Usada";"GB";"2022-10-28 11:47:03";6.0
"Servidor-SPTECH";"ram";"ram_Usada";"GB";"2022-10-28 11:47:01";6.0
"Servidor-SPTECH";"ram";"ram_Usada";"GB";"2022-10-28 11:47:00";6.0
"Servidor-SPTECH";"ram";"ram_Usada";"GB";"2022-10-28 11:46:59";6.0
"Servidor-SPTECH";"ram";"ram_Usada";"GB";"2022-10-28 11:46:57";6.0
"Servidor-SPTECH";"ram";"ram_Usada";"GB";"2022-10-28 11:46:56";6.0
"Servidor-SPTECH";"ram";"ram_Usada";"GB";"2022-10-28 11:46:54";6.0
"Servidor-SPTECH";"ram";"ram_Usada";"GB";"2022-10-28 11:46:53";6.0
"Servidor-SPTECH";"ram";"ram_Usada";"GB";"2022-10-28 11:46:51";6.0
"Servidor-SPTECH";"ram";"ram_Usada";"GB";"2022-10-28 11:46:50";6.0
"Servidor-SPTECH";"ram";"ram_Usada";"GB";"2022-10-28 11:46:49";6.0
"Servidor-SPTECH";"ram";"ram_Usada";"GB";"2022-10-28 11:46:47";6.0
"Servidor-SPTECH";"ram";"ram_Usada";"GB";"2022-10-28 11:46:46";6.0
"Servidor-SPTECH";"ram";"ram_Usada";"GB";"2022-10-28 11:46:44";6.0
"Servidor-SPTECH";"ram";"ram_Usada";"GB";"2022-10-28 11:46:43";6.0
"Servidor-SPTECH";"ram";"ram_Usada";"GB";"2022-10-28 11:46:41";6.0
"Servidor-SPTECH";"ram";"ram_Usada";"GB";"2022-10-28 11:46:40";6.0
"Servidor-SPTECH";"ram";"ram_Usada";"GB";"2022-10-28 11:46:39";6.0
"Servidor-SPTECH";"ram";"ram_Usada";"GB";"2022-10-28 11:46:37";6.0
"Servidor-SPTECH";"ram";"ram_Usada";"GB";"2022-10-28 11:46:36";6.0
"Servidor-SPTECH";"ram";"ram_Usada";"GB";"2022-10-28 11:46:34";6.0
"Servidor-SPTECH";"ram";"ram_Usada";"GB";"2022-10-28 11:46:33";6.0
"Servidor-SPTECH";"ram";"ram_Usada";"GB";"2022-10-28 11:46:31";6.0
"Servidor-SPTECH";"ram";"ram_Usada";"GB";"2022-10-28 11:46:30";6.0
"Servidor-SPTECH";"ram";"ram_Usada";"GB";"2022-10-28 11:46:29";6.0
"Servidor-SPTECH";"ram";"ram_Usada";"GB";"2022-10-28 11:46:27";6.0
"Servidor-SPTECH";"ram";"ram_Usada";"GB";"2022-10-28 11:46:26";6.0
"Servidor-SPTECH";"ram";"ram_Usada";"GB";"2022-10-28 11:46:24";6.0
"Servidor-SPTECH";"ram";"ram_Usada";"GB";"2022-10-28 11:46:23";6.0
"Servidor-SPTECH";"ram";"ram_Usada";"GB";"2022-10-28 11:46:21";6.0
"Servidor-SPTECH";"ram";"ram_Usada";"GB";"2022-10-28 11:46:20";6.0
"Servidor-SPTECH";"ram";"ram_Usada";"GB";"2022-10-28 11:46:19";6.0
"Servidor-SPTECH";"ram";"ram_Usada";"GB";"2022-10-28 11:46:17";6.0
"Servidor-SPTECH";"ram";"ram_Usada";"GB";"2022-10-28 11:46:16";6.0
"Servidor-SPTECH";"ram";"ram_Usada";"GB";"2022-10-28 11:46:14";6.0
"Servidor-SPTECH";"ram";"ram_Usada";"GB";"2022-10-28 11:46:13";6.0
"Servidor-SPTECH";"ram";"ram_Usada";"GB";"2022-10-28 11:46:11";6.0
"Servidor-SPTECH";"ram";"ram_Usada";"GB";"2022-10-28 11:46:10";6.0
"Servidor-SPTECH";"ram";"ram_Usada";"GB";"2022-10-28 11:46:09";6.0
"Servidor-SPTECH";"ram";"ram_Usada";"GB";"2022-10-28 11:46:07";6.0
"Servidor-SPTECH";"ram";"ram_Usada";"GB";"2022-10-28 11:46:06";6.0
"Servidor-SPTECH";"ram";"ram_Usada";"GB";"2022-10-28 11:46:04";6.0
"Servidor-SPTECH";"ram";"ram_Usada";"GB";"2022-10-28 11:46:03";6.0
"Servidor-SPTECH";"ram";"ram_Usada";"GB";"2022-10-28 11:46:01";6.0
"Servidor-SPTECH";"ram";"ram_Usada";"GB";"2022-10-28 11:46:00";6.0
"Servidor-SPTECH";"ram";"ram_Usada";"GB";"2022-10-28 11:45:59";6.0
"Servidor-SPTECH";"ram";"ram_Usada";"GB";"2022-10-28 11:45:57";6.0
"Servidor-SPTECH";"ram";"ram_Usada";"GB";"2022-10-28 11:45:56";6.0
"Servidor-SPTECH";"ram";"ram_Usada";"GB";"2022-10-28 11:45:54";6.0
"Servidor-SPTECH";"ram";"ram_Usada";"GB";"2022-10-28 11:45:53";6.0
"Servidor-SPTECH";"ram";"ram_Usada";"GB";"2022-10-28 11:45:51";6.0
"Servidor-SPTECH";"ram";"ram_Usada";"GB";"2022-10-28 11:45:50";6.0
"Servidor-SPTECH";"ram";"ram_Usada";"GB";"2022-10-28 11:45:49";6.0
"Servidor-SPTECH";"ram";"ram_Usada";"GB";"2022-10-28 11:45:47";6.0
"Servidor-SPTECH";"ram";"ram_Usada";"GB";"2022-10-28 11:45:46";6.0
"Servidor-SPTECH";"ram";"ram_Usada";"GB";"2022-10-28 11:45:44";6.0
"Servidor-SPTECH";"ram";"ram_Usada";"GB";"2022-10-28 11:45:43";6.0
"Servidor-SPTECH";"ram";"ram_Usada";"GB";"2022-10-28 11:45:41";6.0
"Servidor-SPTECH";"ram";"ram_Usada";"GB";"2022-10-28 11:45:40";6.0
"Servidor-SPTECH";"ram";"ram_Usada";"GB";"2022-10-28 11:45:39";6.0
"Servidor-SPTECH";"ram";"ram_Usada";"GB";"2022-10-28 11:45:37";6.0
"Servidor-SPTECH";"ram";"ram_Usada";"GB";"2022-10-28 11:45:36";6.0
"Servidor-SPTECH";"ram";"ram_Usada";"GB";"2022-10-28 11:45:34";6.0
"Servidor-SPTECH";"ram";"ram_Usada";"GB";"2022-10-28 11:45:33";6.0
"Servidor-SPTECH";"ram";"ram_Usada";"GB";"2022-10-28 11:45:31";6.0
"Servidor-SPTECH";"ram";"ram_Usada";"GB";"2022-10-28 11:45:30";6.0
"Servidor-SPTECH";"ram";"ram_Usada";"GB";"2022-10-28 11:45:29";6.0
"Servidor-SPTECH";"ram";"ram_Usada";"GB";"2022-10-28 11:45:27";6.0
"Servidor-SPTECH";"ram";"ram_Usada";"GB";"2022-10-28 11:45:26";6.0
"Servidor-SPTECH";"ram";"ram_Usada";"GB";"2022-10-28 11:45:24";6.0
"Servidor-SPTECH";"ram";"ram_Usada";"GB";"2022-10-28 11:45:23";6.0
"Servidor-SPTECH";"ram";"ram_Usada";"GB";"2022-10-28 11:45:21";6.0
"Servidor-SPTECH";"ram";"ram_Usada";"GB";"2022-10-28 11:45:20";6.0
"Servidor-SPTECH";"ram";"ram_Usada";"GB";"2022-10-28 11:45:19";6.0
"Servidor-SPTECH";"ram";"ram_Usada";"GB";"2022-10-28 11:45:17";6.0
"Servidor-SPTECH";"ram";"ram_Usada";"GB";"2022-10-28 11:45:16";6.0
"Servidor-SPTECH";"ram";"ram_Usada";"GB";"2022-10-28 11:45:14";6.0
"Servidor-SPTECH";"ram";"ram_Usada";"GB";"2022-10-28 11:45:13";6.0
"Servidor-SPTECH";"ram";"ram_Usada";"GB";"2022-10-28 11:45:11";6.0
"Servidor-SPTECH";"ram";"ram_Usada";"GB";"2022-10-28 11:45:10";6.0
"Servidor-SPTECH";"ram";"ram_Usada";"GB";"2022-10-28 11:45:09";6.0
"Servidor-SPTECH";"ram";"ram_Usada";"GB";"2022-10-28 11:45:07";6.0
"Servidor-SPTECH";"ram";"ram_Usada";"GB";"2022-10-28 11:45:06";6.0
"Servidor-SPTECH";"ram";"ram_Usada";"GB";"2022-10-28 11:45:04";6.0
"Servidor-SPTECH";"ram";"ram_Usada";"GB";"2022-10-28 11:45:03";6.0
"Servidor-SPTECH";"ram";"ram_Usada";"GB";"2022-10-28 11:45:01";6.0
"Servidor-SPTECH";"ram";"ram_Usada";"GB";"2022-10-28 11:45:00";6.0
"Servidor-SPTECH";"ram";"ram_Usada";"GB";"2022-10-28 11:44:59";6.0
"Servidor-SPTECH";"ram";"ram_Usada";"GB";"2022-10-28 11:44:57";6.0
"Servidor-SPTECH";"ram";"ram_Usada";"GB";"2022-10-28 11:44:56";6.0
"Servidor-SPTECH";"ram";"ram_Usada";"GB";"2022-10-28 11:44:54";6.0
"Servidor-SPTECH";"ram";"ram_Usada";"GB";"2022-10-28 11:44:53";6.0
"Servidor-SPTECH";"ram";"ram_Usada";"GB";"2022-10-28 11:44:51";6.0
"Servidor-SPTECH";"ram";"ram_Usada";"GB";"2022-10-28 11:44:50";6.0
"Servidor-SPTECH";"ram";"ram_Usada";"GB";"2022-10-28 11:44:49";6.0
"Servidor-SPTECH";"ram";"ram_Usada";"GB";"2022-10-28 11:44:47";6.0
"Servidor-SPTECH";"ram";"ram_Usada";"GB";"2022-10-28 11:44:46";6.0
"Servidor-SPTECH";"ram";"ram_Usada";"GB";"2022-10-28 11:44:44";6.0
"Servidor-SPTECH";"ram";"ram_Usada";"GB";"2022-10-28 11:44:43";6.0
"Servidor-SPTECH";"ram";"ram_Usada";"GB";"2022-10-28 11:44:41";6.0
"Servidor-SPTECH";"ram";"ram_Usada";"GB";"2022-10-28 11:44:40";6.0
"Servidor-SPTECH";"ram";"ram_Usada";"GB";"2022-10-28 11:44:39";6.0
"Servidor-SPTECH";"ram";"ram_Usada";"GB";"2022-10-28 11:44:37";6.0
"Servidor-SPTECH";"ram";"ram_Usada";"GB";"2022-10-28 11:44:36";6.0
"Servidor-SPTECH";"ram";"ram_Usada";"GB";"2022-10-28 11:44:34";6.0
"Servidor-SPTECH";"ram";"ram_Usada";"GB";"2022-10-28 11:44:33";6.0
"Servidor-SPTECH";"ram";"ram_Usada";"GB";"2022-10-28 11:44:31";6.0
"Servidor-SPTECH";"ram";"ram_Usada";"GB";"2022-10-28 11:44:30";6.0
"Servidor-SPTECH";"ram";"ram_Usada";"GB";"2022-10-28 11:44:29";6.0
"Servidor-SPTECH";"ram";"ram_Usada";"GB";"2022-10-28 11:44:27";6.0
"Servidor-SPTECH";"ram";"ram_Usada";"GB";"2022-10-28 11:44:26";6.0
"Servidor-SPTECH";"ram";"ram_Usada";"GB";"2022-10-28 11:44:24";6.0
"Servidor-SPTECH";"ram";"ram_Usada";"GB";"2022-10-28 11:44:23";6.0
"Servidor-SPTECH";"ram";"ram_Usada";"GB";"2022-10-28 11:44:21";6.0
"Servidor-SPTECH";"ram";"ram_Usada";"GB";"2022-10-28 11:44:20";6.0
"Servidor-SPTECH";"ram";"ram_Usada";"GB";"2022-10-28 11:44:19";6.0
"Servidor-SPTECH";"ram";"ram_Usada";"GB";"2022-10-28 11:44:17";6.0
"Servidor-SPTECH";"ram";"ram_Usada";"GB";"2022-10-28 11:44:16";6.0
"Servidor-SPTECH";"ram";"ram_Usada";"GB";"2022-10-28 11:44:14";6.0
"Servidor-SPTECH";"ram";"ram_Usada";"GB";"2022-10-28 11:44:13";6.0
"Servidor-SPTECH";"ram";"ram_Usada";"GB";"2022-10-28 11:44:11";6.0
"Servidor-SPTECH";"ram";"ram_Usada";"GB";"2022-10-28 11:44:10";6.0
"Servidor-SPTECH";"ram";"ram_Usada";"GB";"2022-10-28 11:44:09";6.0
"Servidor-SPTECH";"ram";"ram_Usada";"GB";"2022-10-28 11:44:07";6.0
"Servidor-SPTECH";"ram";"ram_Usada";"GB";"2022-10-28 11:44:06";6.0
"Servidor-SPTECH";"ram";"ram_Usada";"GB";"2022-10-28 11:44:04";6.0
"Servidor-SPTECH";"ram";"ram_Usada";"GB";"2022-10-28 11:44:03";6.0
"Servidor-SPTECH";"ram";"ram_Usada";"GB";"2022-10-28 11:44:01";6.0
"Servidor-SPTECH";"ram";"ram_Usada";"GB";"2022-10-28 11:44:00";6.0
"Servidor-SPTECH";"ram";"ram_Usada";"GB";"2022-10-28 11:43:59";6.0
"Servidor-SPTECH";"ram";"ram_Usada";"GB";"2022-10-28 11:43:57";6.0
"Servidor-SPTECH";"ram";"ram_Usada";"GB";"2022-10-28 11:43:56";6.0
"Servidor-SPTECH";"ram";"ram_Usada";"GB";"2022-10-28 11:43:54";6.0
"Servidor-SPTECH";"ram";"ram_Usada";"GB";"2022-10-28 11:43:53";6.0
"Servidor-SPTECH";"ram";"ram_Usada";"GB";"2022-10-28 11:43:51";6.0
"Servidor-SPTECH";"ram";"ram_Usada";"GB";"2022-10-28 11:43:50";6.0
"Servidor-SPTECH";"ram";"ram_Usada";"GB";"2022-10-28 11:43:49";6.0
"Servidor-SPTECH";"ram";"ram_Usada";"GB";"2022-10-28 11:43:47";6.0
"Servidor-SPTECH";"ram";"ram_Usada";"GB";"2022-10-28 11:43:46";6.0
"Servidor-SPTECH";"ram";"ram_Usada";"GB";"2022-10-28 11:43:44";6.0
"Servidor-SPTECH";"ram";"ram_Usada";"GB";"2022-10-28 11:43:43";6.0
"Servidor-SPTECH";"ram";"ram_Usada";"GB";"2022-10-28 11:43:41";6.0
"Servidor-SPTECH";"ram";"ram_Usada";"GB";"2022-10-28 11:43:40";6.0
"Servidor-SPTECH";"ram";"ram_Usada";"GB";"2022-10-28 11:43:39";6.0
"Servidor-SPTECH";"ram";"ram_Usada";"GB";"2022-10-28 11:43:37";6.0
"Servidor-SPTECH";"ram";"ram_Usada";"GB";"2022-10-28 11:43:36";6.0
"Servidor-SPTECH";"ram";"ram_Usada";"GB";"2022-10-28 11:43:34";6.0
"Servidor-SPTECH";"ram";"ram_Usada";"GB";"2022-10-28 11:43:33";6.0
"Servidor-SPTECH";"ram";"ram_Usada";"GB";"2022-10-28 11:43:31";6.0
"Servidor-SPTECH";"ram";"ram_Usada";"GB";"2022-10-28 11:43:30";6.0
"Servidor-SPTECH";"ram";"ram_Usada";"GB";"2022-10-28 11:43:29";6.0
"Servidor-SPTECH";"ram";"ram_Usada";"GB";"2022-10-28 11:43:27";6.0
"Servidor-SPTECH";"ram";"ram_Usada";"GB";"2022-10-28 11:43:26";6.0
"Servidor-SPTECH";"ram";"ram_Usada";"GB";"2022-10-28 11:43:24";6.0
"Servidor-SPTECH";"ram";"ram_Usada";"GB";"2022-10-28 11:43:23";6.0
"Servidor-SPTECH";"ram";"ram_Usada";"GB";"2022-10-28 11:43:21";6.0
"Servidor-SPTECH";"ram";"ram_Usada";"GB";"2022-10-28 11:43:20";6.0
"Servidor-SPTECH";"ram";"ram_Usada";"GB";"2022-10-28 11:43:19";6.0
"Servidor-SPTECH";"ram";"ram_Usada";"GB";"2022-10-28 11:43:17";6.0
"Servidor-SPTECH";"ram";"ram_Usada";"GB";"2022-10-28 11:43:16";6.0
"Servidor-SPTECH";"ram";"ram_Usada";"GB";"2022-10-28 11:43:14";6.0
"Servidor-SPTECH";"ram";"ram_Usada";"GB";"2022-10-28 11:43:13";6.0
"Servidor-SPTECH";"ram";"ram_Usada";"GB";"2022-10-28 11:43:12";6.0
"Servidor-SPTECH";"ram";"ram_Usada";"GB";"2022-10-28 11:43:10";6.0
"Servidor-SPTECH";"ram";"ram_Usada";"GB";"2022-10-28 11:43:09";6.0
"Servidor-SPTECH";"ram";"ram_Usada";"GB";"2022-10-28 11:43:07";6.0
"Servidor-SPTECH";"ram";"ram_Usada";"GB";"2022-10-28 11:43:06";6.0
"Servidor-SPTECH";"ram";"ram_Usada";"GB";"2022-10-28 11:43:04";6.0
"Servidor-SPTECH";"ram";"ram_Usada";"GB";"2022-10-28 11:43:03";6.0
"Servidor-SPTECH";"ram";"ram_Usada";"GB";"2022-10-28 11:43:02";6.0
"Servidor-SPTECH";"ram";"ram_Usada";"GB";"2022-10-28 11:43:00";6.0
"Servidor-SPTECH";"ram";"ram_Usada";"GB";"2022-10-28 11:42:59";6.0
"Servidor-SPTECH";"ram";"ram_Usada";"GB";"2022-10-28 11:42:57";6.0
"Servidor-SPTECH";"ram";"ram_Usada";"GB";"2022-10-28 11:42:56";6.0
"Servidor-SPTECH";"ram";"ram_Usada";"GB";"2022-10-28 11:42:54";6.0
"Servidor-SPTECH";"ram";"ram_Usada";"GB";"2022-10-28 11:42:53";6.0
"Servidor-SPTECH";"ram";"ram_Usada";"GB";"2022-10-28 11:42:52";6.0
"Servidor-SPTECH";"ram";"ram_Usada";"GB";"2022-10-28 11:42:50";6.0
"Servidor-SPTECH";"ram";"ram_Usada";"GB";"2022-10-28 11:42:49";6.0
"Servidor-SPTECH";"ram";"ram_Usada";"GB";"2022-10-28 11:42:47";6.0
"Servidor-SPTECH";"ram";"ram_Usada";"GB";"2022-10-28 11:42:46";6.0
"Servidor-SPTECH";"ram";"ram_Usada";"GB";"2022-10-28 11:42:44";6.0
"Servidor-SPTECH";"ram";"ram_Usada";"GB";"2022-10-28 11:42:43";6.0
"Servidor-SPTECH";"ram";"ram_Usada";"GB";"2022-10-28 11:42:42";6.0
"Servidor-SPTECH";"ram";"ram_Usada";"GB";"2022-10-28 11:42:40";6.0
"Servidor-SPTECH";"ram";"ram_Usada";"GB";"2022-10-28 11:42:39";6.0
"Servidor-SPTECH";"ram";"ram_Usada";"GB";"2022-10-28 11:42:37";6.0
"Servidor-SPTECH";"ram";"ram_Usada";"GB";"2022-10-28 11:42:36";6.0
"Servidor-SPTECH";"ram";"ram_Usada";"GB";"2022-10-28 11:42:34";6.0
"Servidor-SPTECH";"ram";"ram_Usada";"GB";"2022-10-28 11:42:33";6.0
"Servidor-SPTECH";"ram";"ram_Usada";"GB";"2022-10-28 11:42:32";6.0
"Servidor-SPTECH";"ram";"ram_Usada";"GB";"2022-10-28 11:42:30";6.0
"Servidor-SPTECH";"ram";"ram_Usada";"GB";"2022-10-28 11:42:29";6.0
"Servidor-SPTECH";"ram";"ram_Usada";"GB";"2022-10-28 11:42:27";6.0
"Servidor-SPTECH";"ram";"ram_Usada";"GB";"2022-10-28 11:42:26";6.0
"Servidor-SPTECH";"ram";"ram_Usada";"GB";"2022-10-28 11:42:25";6.0
"Servidor-SPTECH";"ram";"ram_Usada";"GB";"2022-10-28 11:42:23";6.0
"Servidor-SPTECH";"ram";"ram_Usada";"GB";"2022-10-28 11:42:22";6.0
"Servidor-SPTECH";"ram";"ram_Usada";"GB";"2022-10-28 11:42:20";6.0
"Servidor-SPTECH";"ram";"ram_Usada";"GB";"2022-10-28 11:42:19";6.0
"Servidor-SPTECH";"ram";"ram_Usada";"GB";"2022-10-28 11:42:17";6.0
"Servidor-SPTECH";"ram";"ram_Usada";"GB";"2022-10-28 11:42:16";6.0
"Servidor-SPTECH";"ram";"ram_Usada";"GB";"2022-10-28 11:42:15";6.0
"Servidor-SPTECH";"ram";"ram_Usada";"GB";"2022-10-28 11:42:13";6.0
"Servidor-SPTECH";"ram";"ram_Usada";"GB";"2022-10-28 11:42:12";6.0
"Servidor-SPTECH";"ram";"ram_Usada";"GB";"2022-10-28 11:42:10";6.0
"Servidor-SPTECH";"ram";"ram_Usada";"GB";"2022-10-28 11:42:09";6.0
"Servidor-SPTECH";"ram";"ram_Usada";"GB";"2022-10-28 11:42:07";6.0
"Servidor-SPTECH";"ram";"ram_Usada";"GB";"2022-10-28 11:42:06";6.0
"Servidor-SPTECH";"ram";"ram_Usada";"GB";"2022-10-28 11:42:05";6.0
"Servidor-SPTECH";"ram";"ram_Usada";"GB";"2022-10-28 11:42:03";6.0
"Servidor-SPTECH";"ram";"ram_Usada";"GB";"2022-10-28 11:42:02";6.0
"Servidor-SPTECH";"ram";"ram_Usada";"GB";"2022-10-28 11:42:00";6.0
"Servidor-SPTECH";"ram";"ram_Usada";"GB";"2022-10-28 11:41:59";6.0
"Servidor-SPTECH";"ram";"ram_Usada";"GB";"2022-10-28 11:41:57";6.0
"Servidor-SPTECH";"ram";"ram_Usada";"GB";"2022-10-28 11:41:56";6.0
"Servidor-SPTECH";"ram";"ram_Usada";"GB";"2022-10-28 11:41:55";6.0
"Servidor-SPTECH";"ram";"ram_Usada";"GB";"2022-10-28 11:41:53";6.0
"Servidor-SPTECH";"ram";"ram_Usada";"GB";"2022-10-28 11:41:52";6.0
"Servidor-SPTECH";"ram";"ram_Usada";"GB";"2022-10-28 11:41:50";6.0
"Servidor-SPTECH";"ram";"ram_Usada";"GB";"2022-10-28 11:41:49";6.0
"Servidor-SPTECH";"ram";"ram_Usada";"GB";"2022-10-28 11:41:47";6.0
"Servidor-SPTECH";"ram";"ram_Usada";"GB";"2022-10-28 11:41:46";6.0
"Servidor-SPTECH";"ram";"ram_Usada";"GB";"2022-10-28 11:41:45";6.0
"Servidor-SPTECH";"ram";"ram_Usada";"GB";"2022-10-28 11:41:43";6.0
"Servidor-SPTECH";"ram";"ram_Usada";"GB";"2022-10-28 11:41:42";6.0
"Servidor-SPTECH";"ram";"ram_Usada";"GB";"2022-10-28 11:41:40";6.0
"Servidor-SPTECH";"ram";"ram_Usada";"GB";"2022-10-28 11:41:39";6.0
"Servidor-SPTECH";"ram";"ram_Usada";"GB";"2022-10-28 11:41:37";6.0
"Servidor-SPTECH";"ram";"ram_Usada";"GB";"2022-10-28 11:41:36";6.0
"Servidor-SPTECH";"ram";"ram_Usada";"GB";"2022-10-28 11:41:34";6.0
"Servidor-SPTECH";"ram";"ram_Usada";"GB";"2022-10-28 11:41:33";6.0
"Servidor-SPTECH";"ram";"ram_Usada";"GB";"2022-10-28 11:41:32";6.0
"Servidor-SPTECH";"ram";"ram_Usada";"GB";"2022-10-28 11:41:30";6.0
"Servidor-SPTECH";"ram";"ram_Usada";"GB";"2022-10-28 11:41:29";6.0
"Servidor-SPTECH";"ram";"ram_Usada";"GB";"2022-10-28 11:41:27";6.0
"Servidor-SPTECH";"ram";"ram_Usada";"GB";"2022-10-28 11:41:26";6.0
"Servidor-SPTECH";"ram";"ram_Usada";"GB";"2022-10-28 11:41:24";6.0
"Servidor-SPTECH";"ram";"ram_Usada";"GB";"2022-10-28 11:41:23";6.0
"Servidor-SPTECH";"ram";"ram_Usada";"GB";"2022-10-28 11:41:22";6.0
"Servidor-SPTECH";"ram";"ram_Usada";"GB";"2022-10-28 11:41:20";6.0
"Servidor-SPTECH";"ram";"ram_Usada";"GB";"2022-10-28 11:41:19";6.0
"Servidor-SPTECH";"ram";"ram_Usada";"GB";"2022-10-28 11:41:17";6.0
"Servidor-SPTECH";"ram";"ram_Usada";"GB";"2022-10-28 11:41:16";6.0
"Servidor-SPTECH";"ram";"ram_Usada";"GB";"2022-10-28 11:41:14";6.0
"Servidor-SPTECH";"ram";"ram_Usada";"GB";"2022-10-28 11:41:13";6.0
"Servidor-SPTECH";"ram";"ram_Usada";"GB";"2022-10-28 11:41:12";6.0
"Servidor-SPTECH";"ram";"ram_Usada";"GB";"2022-10-28 11:41:10";6.0
"Servidor-SPTECH";"ram";"ram_Usada";"GB";"2022-10-28 11:41:09";6.0
"Servidor-SPTECH";"ram";"ram_Usada";"GB";"2022-10-28 11:41:07";6.0
"Servidor-SPTECH";"ram";"ram_Usada";"GB";"2022-10-28 11:41:06";6.0
"Servidor-SPTECH";"ram";"ram_Usada";"GB";"2022-10-28 11:41:04";6.0
"Servidor-SPTECH";"ram";"ram_Usada";"GB";"2022-10-28 11:41:03";6.0
"Servidor-SPTECH";"ram";"ram_Usada";"GB";"2022-10-28 11:41:02";6.0
"Servidor-SPTECH";"ram";"ram_Usada";"GB";"2022-10-28 11:41:00";6.0
"Servidor-SPTECH";"ram";"ram_Usada";"GB";"2022-10-28 11:40:59";6.0
"Servidor-SPTECH";"ram";"ram_Usada";"GB";"2022-10-28 11:40:57";6.0
"Servidor-SPTECH";"ram";"ram_Usada";"GB";"2022-10-28 11:40:56";6.0
"Servidor-SPTECH";"ram";"ram_Usada";"GB";"2022-10-28 11:40:54";6.0
"Servidor-SPTECH";"ram";"ram_Usada";"GB";"2022-10-28 11:40:53";6.0
"Servidor-SPTECH";"ram";"ram_Usada";"GB";"2022-10-28 11:40:51";6.0
"Servidor-SPTECH";"ram";"ram_Usada";"GB";"2022-10-28 11:40:50";6.0
"Servidor-SPTECH";"ram";"ram_Usada";"GB";"2022-10-28 11:40:49";6.0
"Servidor-SPTECH";"ram";"ram_Usada";"GB";"2022-10-28 11:40:47";6.0
"Servidor-SPTECH";"ram";"ram_Usada";"GB";"2022-10-28 11:40:46";6.0
"Servidor-SPTECH";"ram";"ram_Usada";"GB";"2022-10-28 11:40:44";6.0
"Servidor-SPTECH";"ram";"ram_Usada";"GB";"2022-10-28 11:40:43";6.0
"Servidor-SPTECH";"ram";"ram_Usada";"GB";"2022-10-28 11:40:42";6.0
"Servidor-SPTECH";"ram";"ram_Usada";"GB";"2022-10-28 11:40:40";6.0
"Servidor-SPTECH";"ram";"ram_Usada";"GB";"2022-10-28 11:40:39";6.0
"Servidor-SPTECH";"ram";"ram_Usada";"GB";"2022-10-28 11:40:37";6.0
"Servidor-SPTECH";"ram";"ram_Usada";"GB";"2022-10-28 11:40:36";6.0
"Servidor-SPTECH";"ram";"ram_Usada";"GB";"2022-10-28 11:40:34";6.0
"Servidor-SPTECH";"ram";"ram_Usada";"GB";"2022-10-28 11:40:33";6.0
"Servidor-SPTECH";"ram";"ram_Usada";"GB";"2022-10-28 11:40:32";6.0
"Servidor-SPTECH";"ram";"ram_Usada";"GB";"2022-10-28 11:40:30";6.0
"Servidor-SPTECH";"ram";"ram_Usada";"GB";"2022-10-28 11:40:29";6.0
"Servidor-SPTECH";"ram";"ram_Usada";"GB";"2022-10-28 11:40:27";6.0
"Servidor-SPTECH";"ram";"ram_Usada";"GB";"2022-10-28 11:40:26";6.0
"Servidor-SPTECH";"ram";"ram_Usada";"GB";"2022-10-28 11:40:24";6.0
"Servidor-SPTECH";"ram";"ram_Usada";"GB";"2022-10-28 11:40:23";6.0
"Servidor-SPTECH";"ram";"ram_Usada";"GB";"2022-10-28 11:40:21";6.0
"Servidor-SPTECH";"ram";"ram_Usada";"GB";"2022-10-28 11:40:20";6.0
"Servidor-SPTECH";"ram";"ram_Usada";"GB";"2022-10-28 11:40:19";6.0
"Servidor-SPTECH";"ram";"ram_Usada";"GB";"2022-10-28 11:40:17";6.0
"Servidor-SPTECH";"ram";"ram_Usada";"GB";"2022-10-28 11:40:16";6.0
"Servidor-SPTECH";"ram";"ram_Usada";"GB";"2022-10-28 11:40:14";6.0
"Servidor-SPTECH";"ram";"ram_Usada";"GB";"2022-10-28 11:40:13";6.0
"Servidor-SPTECH";"ram";"ram_Usada";"GB";"2022-10-28 11:40:11";6.0
"Servidor-SPTECH";"ram";"ram_Usada";"GB";"2022-10-28 11:40:10";6.0
"Servidor-SPTECH";"ram";"ram_Usada";"GB";"2022-10-28 11:40:09";6.0
"Servidor-SPTECH";"ram";"ram_Usada";"GB";"2022-10-28 11:40:07";6.0
"Servidor-SPTECH";"ram";"ram_Usada";"GB";"2022-10-28 11:40:06";6.0
"Servidor-SPTECH";"ram";"ram_Usada";"GB";"2022-10-28 11:40:04";6.0
"Servidor-SPTECH";"ram";"ram_Usada";"GB";"2022-10-28 11:40:03";6.0
"Servidor-SPTECH";"ram";"ram_Usada";"GB";"2022-10-28 11:40:01";6.0
"Servidor-SPTECH";"ram";"ram_Usada";"GB";"2022-10-28 11:40:00";6.0
"Servidor-SPTECH";"ram";"ram_Usada";"GB";"2022-10-28 11:39:59";6.0
"Servidor-SPTECH";"ram";"ram_Usada";"GB";"2022-10-28 11:39:57";6.0
"Servidor-SPTECH";"ram";"ram_Usada";"GB";"2022-10-28 11:39:56";6.0
"Servidor-SPTECH";"ram";"ram_Usada";"GB";"2022-10-28 11:39:54";6.0
"Servidor-SPTECH";"ram";"ram_Usada";"GB";"2022-10-28 11:39:53";6.0
"Servidor-SPTECH";"ram";"ram_Usada";"GB";"2022-10-28 11:39:51";6.0
"Servidor-SPTECH";"ram";"ram_Usada";"GB";"2022-10-28 11:39:50";6.0
"Servidor-SPTECH";"ram";"ram_Usada";"GB";"2022-10-28 11:39:49";6.0
"Servidor-SPTECH";"ram";"ram_Usada";"GB";"2022-10-28 11:39:47";6.0
"Servidor-SPTECH";"ram";"ram_Usada";"GB";"2022-10-28 11:39:46";6.0
"Servidor-SPTECH";"ram";"ram_Usada";"GB";"2022-10-28 11:39:44";6.0
"Servidor-SPTECH";"ram";"ram_Usada";"GB";"2022-10-28 11:39:43";6.0
"Servidor-SPTECH";"ram";"ram_Usada";"GB";"2022-10-28 11:39:41";6.0
"Servidor-SPTECH";"ram";"ram_Usada";"GB";"2022-10-28 11:39:40";6.0
"Servidor-SPTECH";"ram";"ram_Usada";"GB";"2022-10-28 11:39:39";6.0
"Servidor-SPTECH";"ram";"ram_Usada";"GB";"2022-10-28 11:39:37";6.0
"Servidor-SPTECH";"ram";"ram_Usada";"GB";"2022-10-28 11:39:36";6.0
"Servidor-SPTECH";"ram";"ram_Usada";"GB";"2022-10-28 11:39:34";6.0
"Servidor-SPTECH";"ram";"ram_Usada";"GB";"2022-10-28 11:39:33";6.0
"Servidor-SPTECH";"ram";"ram_Usada";"GB";"2022-10-28 11:39:31";6.0
"Servidor-SPTECH";"ram";"ram_Usada";"GB";"2022-10-28 11:39:30";6.0
"Servidor-SPTECH";"ram";"ram_Usada";"GB";"2022-10-28 11:39:29";6.0
"Servidor-SPTECH";"ram";"ram_Usada";"GB";"2022-10-28 11:39:27";6.0
"Servidor-SPTECH";"ram";"ram_Usada";"GB";"2022-10-28 11:39:26";6.0
"Servidor-SPTECH";"ram";"ram_Usada";"GB";"2022-10-28 11:39:24";6.0
"Servidor-SPTECH";"ram";"ram_Usada";"GB";"2022-10-28 11:39:23";6.0
"Servidor-SPTECH";"ram";"ram_Usada";"GB";"2022-10-28 11:39:21";6.0
"Servidor-SPTECH";"ram";"ram_Usada";"GB";"2022-10-28 11:39:20";6.0
"Servidor-SPTECH";"ram";"ram_Usada";"GB";"2022-10-28 11:39:18";6.0
"Servidor-SPTECH";"ram";"ram_Usada";"GB";"2022-10-28 11:39:17";6.0
"Servidor-SPTECH";"ram";"ram_Usada";"GB";"2022-10-28 11:39:16";6.0
"Servidor-SPTECH";"ram";"ram_Usada";"GB";"2022-10-28 11:39:14";6.0
"Servidor-SPTECH";"ram";"ram_Usada";"GB";"2022-10-28 11:39:13";6.0
"Servidor-SPTECH";"ram";"ram_Usada";"GB";"2022-10-28 11:39:11";6.0
"Servidor-SPTECH";"ram";"ram_Usada";"GB";"2022-10-28 11:39:10";6.0
"Servidor-SPTECH";"ram";"ram_Usada";"GB";"2022-10-28 11:39:08";6.0
"Servidor-SPTECH";"ram";"ram_Usada";"GB";"2022-10-28 11:39:07";6.0
"Servidor-SPTECH";"ram";"ram_Usada";"GB";"2022-10-28 11:39:06";6.0
"Servidor-SPTECH";"ram";"ram_Usada";"GB";"2022-10-28 11:39:04";6.0
"Servidor-SPTECH";"ram";"ram_Usada";"GB";"2022-10-28 11:39:03";6.0
"Servidor-SPTECH";"ram";"ram_Usada";"GB";"2022-10-28 11:39:01";6.0
"Servidor-SPTECH";"ram";"ram_Usada";"GB";"2022-10-28 11:39:00";6.0
"Servidor-SPTECH";"ram";"ram_Usada";"GB";"2022-10-28 11:38:58";6.0
"Servidor-SPTECH";"ram";"ram_Usada";"GB";"2022-10-28 11:38:57";6.0
"Servidor-SPTECH";"ram";"ram_Usada";"GB";"2022-10-28 11:38:56";6.0
"Servidor-SPTECH";"ram";"ram_Usada";"GB";"2022-10-28 11:38:54";6.0
"Servidor-SPTECH";"ram";"ram_Usada";"GB";"2022-10-28 11:38:53";6.0
"Servidor-SPTECH";"ram";"ram_Usada";"GB";"2022-10-28 11:38:51";6.0
"Servidor-SPTECH";"ram";"ram_Usada";"GB";"2022-10-28 11:38:50";6.0
"Servidor-SPTECH";"ram";"ram_Usada";"GB";"2022-10-28 11:38:48";6.0
"Servidor-SPTECH";"ram";"ram_Usada";"GB";"2022-10-28 11:38:47";6.0
"Servidor-SPTECH";"ram";"ram_Usada";"GB";"2022-10-28 11:38:46";6.0
"Servidor-SPTECH";"ram";"ram_Usada";"GB";"2022-10-28 11:38:44";6.0
"Servidor-SPTECH";"ram";"ram_Usada";"GB";"2022-10-28 11:38:43";6.0
"Servidor-SPTECH";"ram";"ram_Usada";"GB";"2022-10-28 11:38:41";6.0
"Servidor-SPTECH";"ram";"ram_Usada";"GB";"2022-10-28 11:38:40";6.0
"Servidor-SPTECH";"ram";"ram_Usada";"GB";"2022-10-28 11:38:38";6.0
"Servidor-SPTECH";"ram";"ram_Usada";"GB";"2022-10-28 11:38:37";6.0
"Servidor-SPTECH";"ram";"ram_Usada";"GB";"2022-10-28 11:38:36";6.0
"Servidor-SPTECH";"ram";"ram_Usada";"GB";"2022-10-28 11:38:34";6.0
"Servidor-SPTECH";"ram";"ram_Usada";"GB";"2022-10-28 11:38:33";6.0
"Servidor-SPTECH";"ram";"ram_Usada";"GB";"2022-10-28 11:38:31";6.0
"Servidor-SPTECH";"ram";"ram_Usada";"GB";"2022-10-28 11:38:30";6.0
"Servidor-SPTECH";"ram";"ram_Usada";"GB";"2022-10-28 11:38:28";6.0
"Servidor-SPTECH";"ram";"ram_Usada";"GB";"2022-10-28 11:38:27";6.0
"Servidor-SPTECH";"ram";"ram_Usada";"GB";"2022-10-28 11:38:25";6.0
"Servidor-SPTECH";"ram";"ram_Usada";"GB";"2022-10-28 11:38:24";6.0
"Servidor-SPTECH";"ram";"ram_Usada";"GB";"2022-10-28 11:38:23";6.0
"Servidor-SPTECH";"ram";"ram_Usada";"GB";"2022-10-28 11:38:21";6.0
"Servidor-SPTECH";"ram";"ram_Usada";"GB";"2022-10-28 11:38:20";6.0
"Servidor-SPTECH";"ram";"ram_Usada";"GB";"2022-10-28 11:38:18";6.0
"Servidor-SPTECH";"ram";"ram_Usada";"GB";"2022-10-28 11:38:17";6.0
"Servidor-SPTECH";"ram";"ram_Usada";"GB";"2022-10-28 11:38:15";6.0
"Servidor-SPTECH";"ram";"ram_Usada";"GB";"2022-10-28 11:38:14";6.0
"Servidor-SPTECH";"ram";"ram_Usada";"GB";"2022-10-28 11:38:13";6.0
"Servidor-SPTECH";"ram";"ram_Usada";"GB";"2022-10-28 11:38:11";6.0
"Servidor-SPTECH";"ram";"ram_Usada";"GB";"2022-10-28 11:38:10";6.0
"Servidor-SPTECH";"ram";"ram_Usada";"GB";"2022-10-28 11:38:08";6.0
"Servidor-SPTECH";"ram";"ram_Usada";"GB";"2022-10-28 11:38:07";6.0
"Servidor-SPTECH";"ram";"ram_Usada";"GB";"2022-10-28 11:38:05";6.0
"Servidor-SPTECH";"ram";"ram_Usada";"GB";"2022-10-28 11:38:04";6.0
"Servidor-SPTECH";"ram";"ram_Usada";"GB";"2022-10-28 11:38:03";6.0
"Servidor-SPTECH";"ram";"ram_Usada";"GB";"2022-10-28 11:38:01";6.0
"Servidor-SPTECH";"ram";"ram_Usada";"GB";"2022-10-28 11:38:00";6.0
"Servidor-SPTECH";"ram";"ram_Usada";"GB";"2022-10-28 11:37:58";6.0
"Servidor-SPTECH";"ram";"ram_Usada";"GB";"2022-10-28 11:37:57";6.0
"Servidor-SPTECH";"ram";"ram_Usada";"GB";"2022-10-28 11:37:55";6.0
"Servidor-SPTECH";"ram";"ram_Usada";"GB";"2022-10-28 11:37:54";6.0
"Servidor-SPTECH";"ram";"ram_Usada";"GB";"2022-10-28 11:37:52";6.0
"Servidor-SPTECH";"ram";"ram_Usada";"GB";"2022-10-28 11:37:51";6.0
"Servidor-SPTECH";"ram";"ram_Usada";"GB";"2022-10-28 11:37:50";6.0
"Servidor-SPTECH";"ram";"ram_Usada";"GB";"2022-10-28 11:37:48";6.0
"Servidor-SPTECH";"ram";"ram_Usada";"GB";"2022-10-28 11:37:47";6.0
"Servidor-SPTECH";"ram";"ram_Usada";"GB";"2022-10-28 11:37:45";6.0
"Servidor-SPTECH";"ram";"ram_Usada";"GB";"2022-10-28 11:37:44";6.0
"Servidor-SPTECH";"ram";"ram_Usada";"GB";"2022-10-28 11:37:42";6.0
"Servidor-SPTECH";"ram";"ram_Usada";"GB";"2022-10-28 11:37:41";6.0
"Servidor-SPTECH";"ram";"ram_Usada";"GB";"2022-10-28 11:37:40";6.0
"Servidor-SPTECH";"ram";"ram_Usada";"GB";"2022-10-28 11:37:38";6.0
"Servidor-SPTECH";"ram";"ram_Usada";"GB";"2022-10-28 11:37:37";6.0
"Servidor-SPTECH";"ram";"ram_Usada";"GB";"2022-10-28 11:37:35";6.0
"Servidor-SPTECH";"ram";"ram_Usada";"GB";"2022-10-28 11:37:34";6.0
"Servidor-SPTECH";"ram";"ram_Usada";"GB";"2022-10-28 11:37:32";6.0
"Servidor-SPTECH";"ram";"ram_Usada";"GB";"2022-10-28 11:37:31";6.0
"Servidor-SPTECH";"ram";"ram_Usada";"GB";"2022-10-28 11:37:30";6.0
"Servidor-SPTECH";"ram";"ram_Usada";"GB";"2022-10-28 11:37:28";6.0
"Servidor-SPTECH";"ram";"ram_Usada";"GB";"2022-10-28 11:37:27";6.0
"Servidor-SPTECH";"ram";"ram_Usada";"GB";"2022-10-28 11:37:25";6.0
"Servidor-SPTECH";"ram";"ram_Usada";"GB";"2022-10-28 11:37:24";6.0
"Servidor-SPTECH";"ram";"ram_Usada";"GB";"2022-10-28 11:37:23";6.0
"Servidor-SPTECH";"ram";"ram_Usada";"GB";"2022-10-28 11:37:21";6.0
"Servidor-SPTECH";"ram";"ram_Usada";"GB";"2022-10-28 11:37:20";6.0
"Servidor-SPTECH";"ram";"ram_Usada";"GB";"2022-10-28 11:37:18";6.0
"Servidor-SPTECH";"ram";"ram_Usada";"GB";"2022-10-28 11:37:17";6.0
"Servidor-SPTECH";"ram";"ram_Usada";"GB";"2022-10-28 11:37:15";6.0
"Servidor-SPTECH";"ram";"ram_Usada";"GB";"2022-10-28 11:37:14";6.0
"Servidor-SPTECH";"ram";"ram_Usada";"GB";"2022-10-28 11:37:13";6.0
"Servidor-SPTECH";"ram";"ram_Usada";"GB";"2022-10-28 11:37:11";6.0
"Servidor-SPTECH";"ram";"ram_Usada";"GB";"2022-10-28 11:37:10";6.0
"Servidor-SPTECH";"ram";"ram_Usada";"GB";"2022-10-28 11:37:08";6.0
"Servidor-SPTECH";"ram";"ram_Usada";"GB";"2022-10-28 11:37:07";6.0
"Servidor-SPTECH";"ram";"ram_Usada";"GB";"2022-10-28 11:37:05";6.0
"Servidor-SPTECH";"ram";"ram_Usada";"GB";"2022-10-28 11:37:04";6.0
"Servidor-SPTECH";"ram";"ram_Usada";"GB";"2022-10-28 11:37:03";6.0
"Servidor-SPTECH";"ram";"ram_Usada";"GB";"2022-10-28 11:37:01";6.0
"Servidor-SPTECH";"ram";"ram_Usada";"GB";"2022-10-28 11:37:00";6.0
"Servidor-SPTECH";"ram";"ram_Usada";"GB";"2022-10-28 11:36:58";6.0
"Servidor-SPTECH";"ram";"ram_Usada";"GB";"2022-10-28 11:36:57";6.0
"Servidor-SPTECH";"ram";"ram_Usada";"GB";"2022-10-28 11:36:55";6.0
"Servidor-SPTECH";"ram";"ram_Usada";"GB";"2022-10-28 11:36:54";6.0
"Servidor-SPTECH";"ram";"ram_Usada";"GB";"2022-10-28 11:36:53";6.0
"Servidor-SPTECH";"ram";"ram_Usada";"GB";"2022-10-28 11:36:51";6.0
"Servidor-SPTECH";"ram";"ram_Usada";"GB";"2022-10-28 11:36:50";6.0
"Servidor-SPTECH";"ram";"ram_Usada";"GB";"2022-10-28 11:36:48";6.0
"Servidor-SPTECH";"ram";"ram_Usada";"GB";"2022-10-28 11:36:47";6.0
"Servidor-SPTECH";"ram";"ram_Usada";"GB";"2022-10-28 11:36:45";6.0
"Servidor-SPTECH";"ram";"ram_Usada";"GB";"2022-10-28 11:36:44";6.0
"Servidor-SPTECH";"ram";"ram_Usada";"GB";"2022-10-28 11:36:42";6.0
"Servidor-SPTECH";"ram";"ram_Usada";"GB";"2022-10-28 11:36:41";6.0
"Servidor-SPTECH";"ram";"ram_Usada";"GB";"2022-10-28 11:36:40";6.0
"Servidor-SPTECH";"ram";"ram_Usada";"GB";"2022-10-28 11:36:38";6.0
"Servidor-SPTECH";"ram";"ram_Usada";"GB";"2022-10-28 11:36:37";6.0
"Servidor-SPTECH";"ram";"ram_Usada";"GB";"2022-10-28 11:36:35";6.0
"Servidor-SPTECH";"ram";"ram_Usada";"GB";"2022-10-28 11:36:34";6.0
"Servidor-SPTECH";"ram";"ram_Usada";"GB";"2022-10-28 11:36:32";6.0
"Servidor-SPTECH";"ram";"ram_Usada";"GB";"2022-10-28 11:36:31";6.0
"Servidor-SPTECH";"ram";"ram_Usada";"GB";"2022-10-28 11:36:30";6.0
"Servidor-SPTECH";"ram";"ram_Usada";"GB";"2022-10-28 11:36:28";6.0
"Servidor-SPTECH";"ram";"ram_Usada";"GB";"2022-10-28 11:36:27";6.0
"Servidor-SPTECH";"ram";"ram_Usada";"GB";"2022-10-28 11:36:25";6.0
"Servidor-SPTECH";"ram";"ram_Usada";"GB";"2022-10-28 11:36:24";6.0
"Servidor-SPTECH";"ram";"ram_Usada";"GB";"2022-10-28 11:36:22";6.0
"Servidor-SPTECH";"ram";"ram_Usada";"GB";"2022-10-28 11:36:21";6.0
"Servidor-SPTECH";"ram";"ram_Usada";"GB";"2022-10-28 11:36:20";6.0
"Servidor-SPTECH";"ram";"ram_Usada";"GB";"2022-10-28 11:36:18";6.0
"Servidor-SPTECH";"ram";"ram_Usada";"GB";"2022-10-28 11:36:17";6.0
"Servidor-SPTECH";"ram";"ram_Usada";"GB";"2022-10-28 11:36:15";6.0
"Servidor-SPTECH";"ram";"ram_Usada";"GB";"2022-10-28 11:36:14";6.0
"Servidor-SPTECH";"ram";"ram_Usada";"GB";"2022-10-28 11:36:12";6.0
"Servidor-SPTECH";"ram";"ram_Usada";"GB";"2022-10-28 11:36:11";6.0
"Servidor-SPTECH";"ram";"ram_Usada";"GB";"2022-10-28 11:36:10";7.0
"Servidor-SPTECH";"ram";"ram_Usada";"GB";"2022-10-28 11:36:08";7.0
"Servidor-SPTECH";"ram";"ram_Usada";"GB";"2022-10-28 11:36:07";7.0
"Servidor-SPTECH";"ram";"ram_Usada";"GB";"2022-10-28 11:36:05";7.0
"Servidor-SPTECH";"ram";"ram_Usada";"GB";"2022-10-28 11:36:04";7.0
"Servidor-SPTECH";"ram";"ram_Usada";"GB";"2022-10-28 11:36:02";7.0
"Servidor-SPTECH";"ram";"ram_Usada";"GB";"2022-10-28 11:36:01";7.0
"Servidor-SPTECH";"ram";"ram_Usada";"GB";"2022-10-28 11:36:00";7.0
"Servidor-SPTECH";"ram";"ram_Usada";"GB";"2022-10-28 11:35:58";7.0
"Servidor-SPTECH";"ram";"ram_Usada";"GB";"2022-10-28 11:35:57";7.0
"Servidor-SPTECH";"ram";"ram_Usada";"GB";"2022-10-28 11:35:55";7.0
"Servidor-SPTECH";"ram";"ram_Usada";"GB";"2022-10-28 11:35:54";7.0
"Servidor-SPTECH";"ram";"ram_Usada";"GB";"2022-10-28 11:35:52";7.0
"Servidor-SPTECH";"ram";"ram_Usada";"GB";"2022-10-28 11:35:51";7.0
"Servidor-SPTECH";"ram";"ram_Usada";"GB";"2022-10-28 11:35:49";7.0
"Servidor-SPTECH";"ram";"ram_Usada";"GB";"2022-10-28 11:35:48";7.0
"Servidor-SPTECH";"ram";"ram_Usada";"GB";"2022-10-28 11:35:47";7.0
"Servidor-SPTECH";"ram";"ram_Usada";"GB";"2022-10-28 11:35:45";7.0
"Servidor-SPTECH";"ram";"ram_Usada";"GB";"2022-10-28 11:35:44";7.0
"Servidor-SPTECH";"ram";"ram_Usada";"GB";"2022-10-28 11:35:42";7.0
"Servidor-SPTECH";"ram";"ram_Usada";"GB";"2022-10-28 11:35:41";7.0
"Servidor-SPTECH";"ram";"ram_Usada";"GB";"2022-10-28 11:35:39";7.0
"Servidor-SPTECH";"ram";"ram_Usada";"GB";"2022-10-28 11:35:38";7.0
"Servidor-SPTECH";"ram";"ram_Usada";"GB";"2022-10-28 11:35:37";7.0
"Servidor-SPTECH";"ram";"ram_Usada";"GB";"2022-10-28 11:35:35";7.0
"Servidor-SPTECH";"ram";"ram_Usada";"GB";"2022-10-28 11:35:34";7.0
"Servidor-SPTECH";"ram";"ram_Usada";"GB";"2022-10-28 11:35:32";7.0
"Servidor-SPTECH";"ram";"ram_Usada";"GB";"2022-10-28 11:35:31";7.0
"Servidor-SPTECH";"ram";"ram_Usada";"GB";"2022-10-28 11:35:30";7.0
"Servidor-SPTECH";"ram";"ram_Usada";"GB";"2022-10-28 11:35:28";7.0
"Servidor-SPTECH";"ram";"ram_Usada";"GB";"2022-10-28 11:35:27";7.0
"Servidor-SPTECH";"ram";"ram_Usada";"GB";"2022-10-28 11:35:25";7.0
"Servidor-SPTECH";"ram";"ram_Usada";"GB";"2022-10-28 11:35:24";7.0
"Servidor-SPTECH";"ram";"ram_Usada";"GB";"2022-10-28 11:35:22";7.0
"Servidor-SPTECH";"ram";"ram_Usada";"GB";"2022-10-28 11:35:21";7.0
"Servidor-SPTECH";"ram";"ram_Usada";"GB";"2022-10-28 11:35:20";7.0
"Servidor-SPTECH";"ram";"ram_Usada";"GB";"2022-10-28 11:35:18";7.0
"Servidor-SPTECH";"ram";"ram_Usada";"GB";"2022-10-28 11:35:17";7.0
"Servidor-SPTECH";"ram";"ram_Usada";"GB";"2022-10-28 11:35:15";7.0
"Servidor-SPTECH";"ram";"ram_Usada";"GB";"2022-10-28 11:35:14";7.0
"Servidor-SPTECH";"ram";"ram_Usada";"GB";"2022-10-28 11:35:12";7.0
"Servidor-SPTECH";"ram";"ram_Usada";"GB";"2022-10-28 11:35:11";7.0
"Servidor-SPTECH";"ram";"ram_Usada";"GB";"2022-10-28 11:35:10";7.0
"Servidor-SPTECH";"ram";"ram_Usada";"GB";"2022-10-28 11:35:08";7.0
"Servidor-SPTECH";"ram";"ram_Usada";"GB";"2022-10-28 11:35:07";7.0
"Servidor-SPTECH";"ram";"ram_Usada";"GB";"2022-10-28 11:35:05";7.0
"Servidor-SPTECH";"ram";"ram_Usada";"GB";"2022-10-28 11:35:04";7.0
"Servidor-SPTECH";"ram";"ram_Usada";"GB";"2022-10-28 11:35:02";7.0
"Servidor-SPTECH";"ram";"ram_Usada";"GB";"2022-10-28 11:35:01";7.0
"Servidor-SPTECH";"ram";"ram_Usada";"GB";"2022-10-28 11:35:00";7.0
"Servidor-SPTECH";"ram";"ram_Usada";"GB";"2022-10-28 11:34:58";7.0
"Servidor-SPTECH";"ram";"ram_Usada";"GB";"2022-10-28 11:34:57";7.0
"Servidor-SPTECH";"ram";"ram_Usada";"GB";"2022-10-28 11:34:55";7.0
"Servidor-SPTECH";"ram";"ram_Usada";"GB";"2022-10-28 11:34:54";7.0
"Servidor-SPTECH";"ram";"ram_Usada";"GB";"2022-10-28 11:34:52";7.0
"Servidor-SPTECH";"ram";"ram_Usada";"GB";"2022-10-28 11:34:51";7.0
"Servidor-SPTECH";"ram";"ram_Usada";"GB";"2022-10-28 11:34:50";7.0
"Servidor-SPTECH";"ram";"ram_Usada";"GB";"2022-10-28 11:34:48";7.0
"Servidor-SPTECH";"ram";"ram_Usada";"GB";"2022-10-28 11:34:47";7.0
"Servidor-SPTECH";"ram";"ram_Usada";"GB";"2022-10-28 11:34:45";7.0
"Servidor-SPTECH";"ram";"ram_Usada";"GB";"2022-10-28 11:34:44";7.0
"Servidor-SPTECH";"ram";"ram_Usada";"GB";"2022-10-28 11:34:42";7.0
"Servidor-SPTECH";"ram";"ram_Usada";"GB";"2022-10-28 11:34:41";7.0
"Servidor-SPTECH";"ram";"ram_Usada";"GB";"2022-10-28 11:34:40";7.0
"Servidor-SPTECH";"ram";"ram_Usada";"GB";"2022-10-28 11:34:38";7.0
"Servidor-SPTECH";"ram";"ram_Usada";"GB";"2022-10-28 11:34:37";7.0
"Servidor-SPTECH";"ram";"ram_Usada";"GB";"2022-10-28 11:34:35";7.0
"Servidor-SPTECH";"ram";"ram_Usada";"GB";"2022-10-28 11:34:34";7.0
"Servidor-SPTECH";"ram";"ram_Usada";"GB";"2022-10-28 11:34:32";7.0
"Servidor-SPTECH";"ram";"ram_Usada";"GB";"2022-10-28 11:34:31";7.0
"Servidor-SPTECH";"ram";"ram_Usada";"GB";"2022-10-28 11:34:30";7.0
"Servidor-SPTECH";"ram";"ram_Usada";"GB";"2022-10-28 11:34:28";7.0
"Servidor-SPTECH";"ram";"ram_Usada";"GB";"2022-10-28 11:34:27";7.0
"Servidor-SPTECH";"ram";"ram_Usada";"GB";"2022-10-28 11:34:25";7.0
"Servidor-SPTECH";"ram";"ram_Usada";"GB";"2022-10-28 11:34:24";7.0
"Servidor-SPTECH";"ram";"ram_Usada";"GB";"2022-10-28 11:34:23";7.0
"Servidor-SPTECH";"ram";"ram_Usada";"GB";"2022-10-28 11:34:21";7.0
"Servidor-SPTECH";"ram";"ram_Usada";"GB";"2022-10-28 11:34:20";7.0
"Servidor-SPTECH";"ram";"ram_Usada";"GB";"2022-10-28 11:34:18";7.0
"Servidor-SPTECH";"ram";"ram_Usada";"GB";"2022-10-28 11:34:17";7.0
"Servidor-SPTECH";"ram";"ram_Usada";"GB";"2022-10-28 11:34:15";7.0
"Servidor-SPTECH";"ram";"ram_Usada";"GB";"2022-10-28 11:34:14";7.0
"Servidor-SPTECH";"ram";"ram_Usada";"GB";"2022-10-28 11:34:13";7.0
"Servidor-SPTECH";"ram";"ram_Usada";"GB";"2022-10-28 11:34:11";7.0
"Servidor-SPTECH";"ram";"ram_Usada";"GB";"2022-10-28 11:34:10";7.0
"Servidor-SPTECH";"ram";"ram_Usada";"GB";"2022-10-28 11:34:08";7.0
"Servidor-SPTECH";"ram";"ram_Usada";"GB";"2022-10-28 11:34:07";7.0
"Servidor-SPTECH";"ram";"ram_Usada";"GB";"2022-10-28 11:34:05";7.0
"Servidor-SPTECH";"ram";"ram_Usada";"GB";"2022-10-28 11:34:04";7.0
"Servidor-SPTECH";"ram";"ram_Usada";"GB";"2022-10-28 11:34:03";7.0
"Servidor-SPTECH";"ram";"ram_Usada";"GB";"2022-10-28 11:34:01";7.0
"Servidor-SPTECH";"ram";"ram_Usada";"GB";"2022-10-28 11:34:00";7.0
"Servidor-SPTECH";"ram";"ram_Usada";"GB";"2022-10-28 11:33:58";7.0
"Servidor-SPTECH";"ram";"ram_Usada";"GB";"2022-10-28 11:33:57";7.0
"Servidor-SPTECH";"ram";"ram_Usada";"GB";"2022-10-28 11:33:55";7.0
"Servidor-SPTECH";"ram";"ram_Usada";"GB";"2022-10-28 11:33:54";7.0
"Servidor-SPTECH";"ram";"ram_Usada";"GB";"2022-10-28 11:33:53";7.0
"Servidor-SPTECH";"ram";"ram_Usada";"GB";"2022-10-28 11:33:51";7.0
"Servidor-SPTECH";"ram";"ram_Usada";"GB";"2022-10-28 11:33:50";7.0
"Servidor-SPTECH";"ram";"ram_Usada";"GB";"2022-10-28 11:33:48";7.0
"Servidor-SPTECH";"ram";"ram_Usada";"GB";"2022-10-28 11:33:47";7.0
"Servidor-SPTECH";"ram";"ram_Usada";"GB";"2022-10-28 11:33:45";7.0
"Servidor-SPTECH";"ram";"ram_Usada";"GB";"2022-10-28 11:33:44";7.0
"Servidor-SPTECH";"ram";"ram_Usada";"GB";"2022-10-28 11:33:43";7.0
"Servidor-SPTECH";"ram";"ram_Usada";"GB";"2022-10-28 11:33:41";7.0
"Servidor-SPTECH";"ram";"ram_Usada";"GB";"2022-10-28 11:33:40";7.0
"Servidor-SPTECH";"ram";"ram_Usada";"GB";"2022-10-28 11:33:38";7.0
"Servidor-SPTECH";"ram";"ram_Usada";"GB";"2022-10-28 11:33:37";7.0
"Servidor-SPTECH";"ram";"ram_Usada";"GB";"2022-10-28 11:33:35";7.0
"Servidor-SPTECH";"ram";"ram_Usada";"GB";"2022-10-28 11:33:34";7.0
"Servidor-SPTECH";"ram";"ram_Usada";"GB";"2022-10-28 11:33:33";7.0
"Servidor-SPTECH";"ram";"ram_Usada";"GB";"2022-10-28 11:33:31";7.0
"Servidor-SPTECH";"ram";"ram_Usada";"GB";"2022-10-28 11:33:30";7.0
"Servidor-SPTECH";"ram";"ram_Usada";"GB";"2022-10-28 11:33:28";7.0
"Servidor-SPTECH";"ram";"ram_Usada";"GB";"2022-10-28 11:33:27";7.0
"Servidor-SPTECH";"ram";"ram_Usada";"GB";"2022-10-28 11:33:25";7.0
"Servidor-SPTECH";"ram";"ram_Usada";"GB";"2022-10-28 11:33:24";7.0
"Servidor-SPTECH";"ram";"ram_Usada";"GB";"2022-10-28 11:33:23";7.0
"Servidor-SPTECH";"ram";"ram_Usada";"GB";"2022-10-28 11:33:21";7.0
"Servidor-SPTECH";"ram";"ram_Usada";"GB";"2022-10-28 11:33:20";7.0
"Servidor-SPTECH";"ram";"ram_Usada";"GB";"2022-10-28 11:33:18";7.0
"Servidor-SPTECH";"ram";"ram_Usada";"GB";"2022-10-28 11:33:17";7.0
"Servidor-SPTECH";"ram";"ram_Usada";"GB";"2022-10-28 11:33:15";7.0
"Servidor-SPTECH";"ram";"ram_Usada";"GB";"2022-10-28 11:33:14";7.0
"Servidor-SPTECH";"ram";"ram_Usada";"GB";"2022-10-28 11:33:13";7.0
"Servidor-SPTECH";"ram";"ram_Usada";"GB";"2022-10-28 11:33:11";7.0
"Servidor-SPTECH";"ram";"ram_Usada";"GB";"2022-10-28 11:33:10";7.0
"Servidor-SPTECH";"ram";"ram_Usada";"GB";"2022-10-28 11:33:08";7.0
"Servidor-SPTECH";"ram";"ram_Usada";"GB";"2022-10-28 11:33:07";7.0
"Servidor-SPTECH";"ram";"ram_Usada";"GB";"2022-10-28 11:33:05";7.0
"Servidor-SPTECH";"ram";"ram_Usada";"GB";"2022-10-28 11:33:04";7.0
"Servidor-SPTECH";"ram";"ram_Usada";"GB";"2022-10-28 11:33:03";7.0
"Servidor-SPTECH";"ram";"ram_Usada";"GB";"2022-10-28 11:33:01";7.0
"Servidor-SPTECH";"ram";"ram_Usada";"GB";"2022-10-28 11:33:00";7.0
"Servidor-SPTECH";"ram";"ram_Usada";"GB";"2022-10-28 11:32:58";7.0
"Servidor-SPTECH";"ram";"ram_Usada";"GB";"2022-10-28 11:32:57";7.0
"Servidor-SPTECH";"ram";"ram_Usada";"GB";"2022-10-28 11:32:55";7.0
"Servidor-SPTECH";"ram";"ram_Usada";"GB";"2022-10-28 11:32:54";7.0
"Servidor-SPTECH";"ram";"ram_Usada";"GB";"2022-10-28 11:32:53";7.0
"Servidor-SPTECH";"ram";"ram_Usada";"GB";"2022-10-28 11:32:51";7.0
"Servidor-SPTECH";"ram";"ram_Usada";"GB";"2022-10-28 11:32:50";7.0
"Servidor-SPTECH";"ram";"ram_Usada";"GB";"2022-10-28 11:32:48";7.0
"Servidor-SPTECH";"ram";"ram_Usada";"GB";"2022-10-28 11:32:47";7.0
"Servidor-SPTECH";"ram";"ram_Usada";"GB";"2022-10-28 11:32:45";7.0
"Servidor-SPTECH";"ram";"ram_Usada";"GB";"2022-10-28 11:32:44";7.0
"Servidor-SPTECH";"ram";"ram_Usada";"GB";"2022-10-28 11:32:43";7.0
"Servidor-SPTECH";"ram";"ram_Usada";"GB";"2022-10-28 11:32:41";7.0
"Servidor-SPTECH";"ram";"ram_Usada";"GB";"2022-10-28 11:32:40";7.0
"Servidor-SPTECH";"ram";"ram_Usada";"GB";"2022-10-28 11:32:38";7.0
"Servidor-SPTECH";"ram";"ram_Usada";"GB";"2022-10-28 11:32:37";7.0
"Servidor-SPTECH";"ram";"ram_Usada";"GB";"2022-10-28 11:32:35";7.0
"Servidor-SPTECH";"ram";"ram_Usada";"GB";"2022-10-28 11:32:34";7.0
"Servidor-SPTECH";"ram";"ram_Usada";"GB";"2022-10-28 11:32:33";7.0
"Servidor-SPTECH";"ram";"ram_Usada";"GB";"2022-10-28 11:32:31";7.0
"Servidor-SPTECH";"ram";"ram_Usada";"GB";"2022-10-28 11:32:30";7.0
"Servidor-SPTECH";"ram";"ram_Usada";"GB";"2022-10-28 11:32:28";7.0
"Servidor-SPTECH";"ram";"ram_Usada";"GB";"2022-10-28 11:32:27";7.0
"Servidor-SPTECH";"ram";"ram_Usada";"GB";"2022-10-28 11:32:25";7.0
"Servidor-SPTECH";"ram";"ram_Usada";"GB";"2022-10-28 11:32:24";7.0
"Servidor-SPTECH";"ram";"ram_Usada";"GB";"2022-10-28 11:32:23";7.0
"Servidor-SPTECH";"ram";"ram_Usada";"GB";"2022-10-28 11:32:21";7.0
"Servidor-SPTECH";"ram";"ram_Usada";"GB";"2022-10-28 11:32:20";7.0
"Servidor-SPTECH";"ram";"ram_Usada";"GB";"2022-10-28 11:32:18";7.0
"Servidor-SPTECH";"ram";"ram_Usada";"GB";"2022-10-28 11:32:17";7.0
"Servidor-SPTECH";"ram";"ram_Usada";"GB";"2022-10-28 11:32:15";7.0
"Servidor-SPTECH";"ram";"ram_Usada";"GB";"2022-10-28 11:32:14";7.0
"Servidor-SPTECH";"ram";"ram_Usada";"GB";"2022-10-28 11:32:13";7.0
"Servidor-SPTECH";"ram";"ram_Usada";"GB";"2022-10-28 11:32:11";7.0
"Servidor-SPTECH";"ram";"ram_Usada";"GB";"2022-10-28 11:32:10";7.0
"Servidor-SPTECH";"ram";"ram_Usada";"GB";"2022-10-28 11:32:08";7.0
"Servidor-SPTECH";"ram";"ram_Usada";"GB";"2022-10-28 11:32:07";7.0
"Servidor-SPTECH";"ram";"ram_Usada";"GB";"2022-10-28 11:32:05";7.0
"Servidor-SPTECH";"ram";"ram_Usada";"GB";"2022-10-28 11:32:04";7.0
"Servidor-SPTECH";"ram";"ram_Usada";"GB";"2022-10-28 11:32:02";7.0
"Servidor-SPTECH";"ram";"ram_Usada";"GB";"2022-10-28 11:32:01";7.0
"Servidor-SPTECH";"ram";"ram_Usada";"GB";"2022-10-28 11:32:00";7.0
"Servidor-SPTECH";"ram";"ram_Usada";"GB";"2022-10-28 11:31:58";7.0
"Servidor-SPTECH";"ram";"ram_Usada";"GB";"2022-10-28 11:31:57";7.0
"Servidor-SPTECH";"ram";"ram_Usada";"GB";"2022-10-28 11:31:55";7.0
"Servidor-SPTECH";"ram";"ram_Usada";"GB";"2022-10-28 11:31:54";7.0
"Servidor-SPTECH";"ram";"ram_Usada";"GB";"2022-10-28 11:31:52";7.0
"Servidor-SPTECH";"ram";"ram_Usada";"GB";"2022-10-28 11:31:51";7.0
"Servidor-SPTECH";"ram";"ram_Usada";"GB";"2022-10-28 11:31:50";7.0
"Servidor-SPTECH";"ram";"ram_Usada";"GB";"2022-10-28 11:31:48";7.0
"Servidor-SPTECH";"ram";"ram_Usada";"GB";"2022-10-28 11:31:47";7.0
"Servidor-SPTECH";"ram";"ram_Usada";"GB";"2022-10-28 11:31:45";7.0
"Servidor-SPTECH";"ram";"ram_Usada";"GB";"2022-10-28 11:31:44";7.0
"Servidor-SPTECH";"ram";"ram_Usada";"GB";"2022-10-28 11:31:42";7.0
"Servidor-SPTECH";"ram";"ram_Usada";"GB";"2022-10-28 11:31:41";7.0
"Servidor-SPTECH";"ram";"ram_Usada";"GB";"2022-10-28 11:31:40";7.0
"Servidor-SPTECH";"ram";"ram_Usada";"GB";"2022-10-28 11:31:38";7.0
"Servidor-SPTECH";"ram";"ram_Usada";"GB";"2022-10-28 11:31:37";7.0
"Servidor-SPTECH";"ram";"ram_Usada";"GB";"2022-10-28 11:31:35";7.0
"Servidor-SPTECH";"ram";"ram_Usada";"GB";"2022-10-28 11:31:34";7.0
"Servidor-SPTECH";"ram";"ram_Usada";"GB";"2022-10-28 11:31:32";7.0
"Servidor-SPTECH";"ram";"ram_Usada";"GB";"2022-10-28 11:31:31";7.0
"Servidor-SPTECH";"ram";"ram_Usada";"GB";"2022-10-28 11:31:30";7.0
"Servidor-SPTECH";"ram";"ram_Usada";"GB";"2022-10-28 11:31:28";7.0
"Servidor-SPTECH";"ram";"ram_Usada";"GB";"2022-10-28 11:31:27";7.0
"Servidor-SPTECH";"ram";"ram_Usada";"GB";"2022-10-28 11:31:25";7.0
"Servidor-SPTECH";"ram";"ram_Usada";"GB";"2022-10-28 11:31:24";7.0
"Servidor-SPTECH";"ram";"ram_Usada";"GB";"2022-10-28 11:31:22";7.0
"Servidor-SPTECH";"ram";"ram_Usada";"GB";"2022-10-28 11:31:21";7.0
"Servidor-SPTECH";"ram";"ram_Usada";"GB";"2022-10-28 11:31:19";7.0
"Servidor-SPTECH";"ram";"ram_Usada";"GB";"2022-10-28 11:31:18";7.0
"Servidor-SPTECH";"ram";"ram_Usada";"GB";"2022-10-28 11:31:16";7.0
"Servidor-SPTECH";"ram";"ram_Usada";"GB";"2022-10-28 11:31:15";7.0
"Servidor-SPTECH";"ram";"ram_Usada";"GB";"2022-10-28 11:31:13";7.0
"Servidor-SPTECH";"ram";"ram_Usada";"GB";"2022-10-28 11:31:12";7.0
"Servidor-SPTECH";"ram";"ram_Usada";"GB";"2022-10-28 11:31:11";7.0
"Servidor-SPTECH";"ram";"ram_Usada";"GB";"2022-10-28 11:31:09";7.0
"Servidor-SPTECH";"ram";"ram_Usada";"GB";"2022-10-28 11:31:08";7.0
"Servidor-SPTECH";"ram";"ram_Usada";"GB";"2022-10-28 11:31:06";7.0
"Servidor-SPTECH";"ram";"ram_Usada";"GB";"2022-10-28 11:31:05";7.0
"Servidor-SPTECH";"ram";"ram_Usada";"GB";"2022-10-28 11:31:03";7.0
"Servidor-SPTECH";"ram";"ram_Usada";"GB";"2022-10-28 11:31:02";7.0
"Servidor-SPTECH";"ram";"ram_Usada";"GB";"2022-10-28 11:31:00";7.0
"Servidor-SPTECH";"ram";"ram_Usada";"GB";"2022-10-28 11:30:59";7.0
"Servidor-SPTECH";"ram";"ram_Usada";"GB";"2022-10-28 11:30:57";6.0
"Servidor-SPTECH";"ram";"ram_Usada";"GB";"2022-10-28 11:30:56";7.0
"Servidor-SPTECH";"ram";"ram_Usada";"GB";"2022-10-28 11:30:54";7.0
"Servidor-SPTECH";"ram";"ram_Usada";"GB";"2022-10-28 11:30:53";7.0
"Servidor-SPTECH";"ram";"ram_Usada";"GB";"2022-10-28 11:30:51";7.0
"Servidor-SPTECH";"ram";"ram_Usada";"GB";"2022-10-28 11:30:50";6.0
"Servidor-SPTECH";"ram";"ram_Usada";"GB";"2022-10-28 11:30:49";6.0
"Servidor-SPTECH";"ram";"ram_Usada";"GB";"2022-10-28 11:30:47";6.0
"Servidor-SPTECH";"ram";"ram_Usada";"GB";"2022-10-28 11:30:46";6.0
"Servidor-SPTECH";"ram";"ram_Usada";"GB";"2022-10-28 11:30:44";6.0
"Servidor-SPTECH";"ram";"ram_Usada";"GB";"2022-10-28 11:30:43";6.0
"Servidor-SPTECH";"ram";"ram_Usada";"GB";"2022-10-28 11:30:41";6.0
"Servidor-SPTECH";"ram";"ram_Usada";"GB";"2022-10-28 11:30:40";6.0
"Servidor-SPTECH";"ram";"ram_Usada";"GB";"2022-10-28 11:30:39";6.0
"Servidor-SPTECH";"ram";"ram_Usada";"GB";"2022-10-28 11:30:37";6.0
"Servidor-SPTECH";"ram";"ram_Usada";"GB";"2022-10-28 11:30:36";6.0
"Servidor-SPTECH";"ram";"ram_Usada";"GB";"2022-10-28 11:30:34";6.0
"Servidor-SPTECH";"ram";"ram_Usada";"GB";"2022-10-28 11:30:33";6.0
"Servidor-SPTECH";"ram";"ram_Usada";"GB";"2022-10-28 11:30:32";6.0
"Servidor-SPTECH";"ram";"ram_Usada";"GB";"2022-10-28 11:30:30";6.0
"Servidor-SPTECH";"ram";"ram_Usada";"GB";"2022-10-28 11:30:29";6.0
"Servidor-SPTECH";"ram";"ram_Usada";"GB";"2022-10-28 11:30:27";6.0
"Servidor-SPTECH";"ram";"ram_Usada";"GB";"2022-10-28 11:30:26";6.0
"Servidor-SPTECH";"ram";"ram_Usada";"GB";"2022-10-28 11:30:24";6.0
"Servidor-SPTECH";"ram";"ram_Usada";"GB";"2022-10-28 11:30:23";6.0
"Servidor-SPTECH";"ram";"ram_Usada";"GB";"2022-10-28 11:30:22";6.0
"Servidor-SPTECH";"ram";"ram_Usada";"GB";"2022-10-28 11:30:20";6.0
"Servidor-SPTECH";"ram";"ram_Usada";"GB";"2022-10-28 11:30:19";6.0
"Servidor-SPTECH";"ram";"ram_Usada";"GB";"2022-10-28 11:30:17";6.0
"Servidor-SPTECH";"ram";"ram_Usada";"GB";"2022-10-28 11:30:16";6.0
"Servidor-SPTECH";"ram";"ram_Usada";"GB";"2022-10-28 11:30:14";6.0
"Servidor-SPTECH";"ram";"ram_Usada";"GB";"2022-10-28 11:30:13";6.0
"Servidor-SPTECH";"ram";"ram_Usada";"GB";"2022-10-28 11:30:12";6.0
"Servidor-SPTECH";"ram";"ram_Usada";"GB";"2022-10-28 11:30:10";6.0
"Servidor-SPTECH";"ram";"ram_Usada";"GB";"2022-10-28 11:30:09";6.0
"Servidor-SPTECH";"ram";"ram_Usada";"GB";"2022-10-28 11:30:07";6.0
"Servidor-SPTECH";"ram";"ram_Usada";"GB";"2022-10-28 11:30:06";6.0
"Servidor-SPTECH";"ram";"ram_Usada";"GB";"2022-10-28 11:30:05";6.0
"Servidor-SPTECH";"ram";"ram_Usada";"GB";"2022-10-28 11:30:03";6.0
"Servidor-SPTECH";"ram";"ram_Usada";"GB";"2022-10-28 11:30:02";6.0
"Servidor-SPTECH";"ram";"ram_Usada";"GB";"2022-10-28 11:30:00";6.0
"Servidor-SPTECH";"ram";"ram_Usada";"GB";"2022-10-28 11:29:59";6.0
"Servidor-SPTECH";"ram";"ram_Usada";"GB";"2022-10-28 11:29:57";6.0
"Servidor-SPTECH";"ram";"ram_Usada";"GB";"2022-10-28 11:29:56";6.0
"Servidor-SPTECH";"ram";"ram_Usada";"GB";"2022-10-28 11:29:55";6.0
"Servidor-SPTECH";"ram";"ram_Usada";"GB";"2022-10-28 11:29:53";6.0
"Servidor-SPTECH";"ram";"ram_Usada";"GB";"2022-10-28 11:29:52";6.0
"Servidor-SPTECH";"ram";"ram_Usada";"GB";"2022-10-28 11:29:50";6.0
"Servidor-SPTECH";"ram";"ram_Usada";"GB";"2022-10-28 11:29:49";6.0
"Servidor-SPTECH";"ram";"ram_Usada";"GB";"2022-10-28 11:29:47";6.0
"Servidor-SPTECH";"ram";"ram_Usada";"GB";"2022-10-28 11:29:46";6.0
"Servidor-SPTECH";"ram";"ram_Usada";"GB";"2022-10-28 11:29:45";6.0
"Servidor-SPTECH";"ram";"ram_Usada";"GB";"2022-10-28 11:29:43";6.0
"Servidor-SPTECH";"ram";"ram_Usada";"GB";"2022-10-28 11:29:42";6.0
"Servidor-SPTECH";"ram";"ram_Usada";"GB";"2022-10-28 11:29:40";6.0
"Servidor-SPTECH";"ram";"ram_Usada";"GB";"2022-10-28 11:29:39";6.0
"Servidor-SPTECH";"ram";"ram_Usada";"GB";"2022-10-28 11:29:38";6.0
"Servidor-SPTECH";"ram";"ram_Usada";"GB";"2022-10-28 11:29:36";6.0
"Servidor-SPTECH";"ram";"ram_Usada";"GB";"2022-10-28 11:29:35";6.0
"Servidor-SPTECH";"ram";"ram_Usada";"GB";"2022-10-28 11:29:33";6.0
"Servidor-SPTECH";"ram";"ram_Usada";"GB";"2022-10-28 11:29:32";6.0
"Servidor-SPTECH";"ram";"ram_Usada";"GB";"2022-10-28 11:29:30";6.0
"Servidor-SPTECH";"ram";"ram_Usada";"GB";"2022-10-28 11:29:29";6.0
"Servidor-SPTECH";"ram";"ram_Usada";"GB";"2022-10-28 11:29:28";6.0
"Servidor-SPTECH";"ram";"ram_Usada";"GB";"2022-10-28 11:29:26";6.0
"Servidor-SPTECH";"ram";"ram_Usada";"GB";"2022-10-28 11:29:25";6.0
"Servidor-SPTECH";"ram";"ram_Usada";"GB";"2022-10-28 11:29:23";6.0
"Servidor-SPTECH";"ram";"ram_Usada";"GB";"2022-10-28 11:29:22";6.0
"Servidor-SPTECH";"ram";"ram_Usada";"GB";"2022-10-28 11:29:20";6.0
"Servidor-SPTECH";"ram";"ram_Usada";"GB";"2022-10-28 11:29:19";6.0
"Servidor-SPTECH";"ram";"ram_Usada";"GB";"2022-10-28 11:29:18";6.0
"Servidor-SPTECH";"ram";"ram_Usada";"GB";"2022-10-28 11:29:16";6.0
"Servidor-SPTECH";"ram";"ram_Usada";"GB";"2022-10-28 11:29:15";6.0
"Servidor-SPTECH";"ram";"ram_Usada";"GB";"2022-10-28 11:29:13";6.0
"Servidor-SPTECH";"ram";"ram_Usada";"GB";"2022-10-28 11:29:12";6.0
"Servidor-SPTECH";"ram";"ram_Usada";"GB";"2022-10-28 11:29:10";6.0
"Servidor-SPTECH";"ram";"ram_Usada";"GB";"2022-10-28 11:29:09";6.0
"Servidor-SPTECH";"ram";"ram_Usada";"GB";"2022-10-28 11:29:08";6.0
"Servidor-SPTECH";"ram";"ram_Usada";"GB";"2022-10-28 11:29:06";6.0
"Servidor-SPTECH";"ram";"ram_Usada";"GB";"2022-10-28 11:29:05";6.0
"Servidor-SPTECH";"ram";"ram_Usada";"GB";"2022-10-28 11:29:03";6.0
"Servidor-SPTECH";"ram";"ram_Usada";"GB";"2022-10-28 11:29:02";6.0
"Servidor-SPTECH";"ram";"ram_Usada";"GB";"2022-10-28 11:29:00";6.0
"Servidor-SPTECH";"ram";"ram_Usada";"GB";"2022-10-28 11:28:59";6.0
"Servidor-SPTECH";"ram";"ram_Usada";"GB";"2022-10-28 11:28:58";6.0
"Servidor-SPTECH";"ram";"ram_Usada";"GB";"2022-10-28 11:28:56";6.0
"Servidor-SPTECH";"ram";"ram_Usada";"GB";"2022-10-28 11:28:55";6.0
"Servidor-SPTECH";"ram";"ram_Usada";"GB";"2022-10-28 11:28:53";6.0
"Servidor-SPTECH";"ram";"ram_Usada";"GB";"2022-10-28 11:28:52";6.0
"Servidor-SPTECH";"ram";"ram_Usada";"GB";"2022-10-28 11:28:50";6.0
"Servidor-SPTECH";"ram";"ram_Usada";"GB";"2022-10-28 11:28:49";6.0
"Servidor-SPTECH";"ram";"ram_Usada";"GB";"2022-10-28 11:28:48";6.0
"Servidor-SPTECH";"ram";"ram_Usada";"GB";"2022-10-28 11:28:46";6.0
"Servidor-SPTECH";"ram";"ram_Usada";"GB";"2022-10-28 11:28:45";6.0
"Servidor-SPTECH";"ram";"ram_Usada";"GB";"2022-10-28 11:28:43";6.0
"Servidor-SPTECH";"ram";"ram_Usada";"GB";"2022-10-28 11:28:42";6.0
"Servidor-SPTECH";"ram";"ram_Usada";"GB";"2022-10-28 11:28:40";6.0
"Servidor-SPTECH";"ram";"ram_Usada";"GB";"2022-10-28 11:28:39";6.0
"Servidor-SPTECH";"ram";"ram_Usada";"GB";"2022-10-28 11:28:38";6.0
"Servidor-SPTECH";"ram";"ram_Usada";"GB";"2022-10-28 11:28:36";6.0
"Servidor-SPTECH";"ram";"ram_Usada";"GB";"2022-10-28 11:28:35";6.0
"Servidor-SPTECH";"ram";"ram_Usada";"GB";"2022-10-28 11:28:33";6.0
"Servidor-SPTECH";"ram";"ram_Usada";"GB";"2022-10-28 11:28:32";6.0
"Servidor-SPTECH";"ram";"ram_Usada";"GB";"2022-10-28 11:28:30";6.0
"Servidor-SPTECH";"ram";"ram_Usada";"GB";"2022-10-28 11:28:29";6.0
"Servidor-SPTECH";"ram";"ram_Usada";"GB";"2022-10-28 11:28:27";6.0
"Servidor-SPTECH";"ram";"ram_Usada";"GB";"2022-10-28 11:28:26";6.0
"Servidor-SPTECH";"ram";"ram_Usada";"GB";"2022-10-28 11:28:24";6.0
"Servidor-SPTECH";"ram";"ram_Usada";"GB";"2022-10-28 11:28:23";6.0
"Servidor-SPTECH";"ram";"ram_Usada";"GB";"2022-10-28 11:28:21";6.0
"Servidor-SPTECH";"ram";"ram_Usada";"GB";"2022-10-28 11:28:20";6.0
"Servidor-SPTECH";"ram";"ram_Usada";"GB";"2022-10-28 11:28:19";6.0
"Servidor-SPTECH";"ram";"ram_Usada";"GB";"2022-10-28 11:28:17";6.0
"Servidor-SPTECH";"ram";"ram_Usada";"GB";"2022-10-28 11:28:16";6.0
"Servidor-SPTECH";"ram";"ram_Usada";"GB";"2022-10-28 11:28:14";6.0
"Servidor-SPTECH";"ram";"ram_Usada";"GB";"2022-10-28 11:28:13";6.0
"Servidor-SPTECH";"ram";"ram_Usada";"GB";"2022-10-28 11:28:12";6.0
"Servidor-SPTECH";"ram";"ram_Usada";"GB";"2022-10-28 11:28:10";6.0
"Servidor-SPTECH";"ram";"ram_Usada";"GB";"2022-10-28 11:28:09";6.0
"Servidor-SPTECH";"ram";"ram_Usada";"GB";"2022-10-28 11:28:07";6.0
"Servidor-SPTECH";"ram";"ram_Usada";"GB";"2022-10-28 11:28:06";6.0
"Servidor-SPTECH";"ram";"ram_Usada";"GB";"2022-10-28 11:28:04";6.0
"Servidor-SPTECH";"ram";"ram_Usada";"GB";"2022-10-28 11:28:03";6.0
"Servidor-SPTECH";"ram";"ram_Usada";"GB";"2022-10-28 11:28:02";6.0
"Servidor-SPTECH";"ram";"ram_Usada";"GB";"2022-10-28 11:28:00";6.0
"Servidor-SPTECH";"ram";"ram_Usada";"GB";"2022-10-28 11:27:59";6.0
"Servidor-SPTECH";"ram";"ram_Usada";"GB";"2022-10-28 11:27:57";6.0
"Servidor-SPTECH";"ram";"ram_Usada";"GB";"2022-10-28 11:27:56";6.0
"Servidor-SPTECH";"ram";"ram_Usada";"GB";"2022-10-28 11:27:54";6.0
"Servidor-SPTECH";"ram";"ram_Usada";"GB";"2022-10-28 11:27:53";6.0
"Servidor-SPTECH";"ram";"ram_Usada";"GB";"2022-10-28 11:27:51";6.0
"Servidor-SPTECH";"ram";"ram_Usada";"GB";"2022-10-28 11:27:50";6.0
"Servidor-SPTECH";"ram";"ram_Usada";"GB";"2022-10-28 11:27:49";6.0
"Servidor-SPTECH";"ram";"ram_Usada";"GB";"2022-10-28 11:27:47";6.0
"Servidor-SPTECH";"ram";"ram_Usada";"GB";"2022-10-28 11:27:46";6.0
"Servidor-SPTECH";"ram";"ram_Usada";"GB";"2022-10-28 11:27:44";6.0
"Servidor-SPTECH";"ram";"ram_Usada";"GB";"2022-10-28 11:27:43";6.0
"Servidor-SPTECH";"ram";"ram_Usada";"GB";"2022-10-28 11:27:41";6.0
"Servidor-SPTECH";"ram";"ram_Usada";"GB";"2022-10-28 11:27:40";6.0
"Servidor-SPTECH";"ram";"ram_Usada";"GB";"2022-10-28 11:27:39";6.0
"Servidor-SPTECH";"ram";"ram_Usada";"GB";"2022-10-28 11:27:37";6.0
"Servidor-SPTECH";"ram";"ram_Usada";"GB";"2022-10-28 11:27:36";6.0
"Servidor-SPTECH";"ram";"ram_Usada";"GB";"2022-10-28 11:27:34";6.0
"Servidor-SPTECH";"ram";"ram_Usada";"GB";"2022-10-28 11:27:33";6.0
"Servidor-SPTECH";"ram";"ram_Usada";"GB";"2022-10-28 11:27:31";6.0
"Servidor-SPTECH";"ram";"ram_Usada";"GB";"2022-10-28 11:27:30";6.0
"Servidor-SPTECH";"ram";"ram_Usada";"GB";"2022-10-28 11:27:29";6.0
"Servidor-SPTECH";"ram";"ram_Usada";"GB";"2022-10-28 11:27:27";6.0
"Servidor-SPTECH";"ram";"ram_Usada";"GB";"2022-10-28 11:27:26";6.0
"Servidor-SPTECH";"ram";"ram_Usada";"GB";"2022-10-28 11:27:24";6.0
"Servidor-SPTECH";"ram";"ram_Usada";"GB";"2022-10-28 11:27:23";6.0
"Servidor-SPTECH";"ram";"ram_Usada";"GB";"2022-10-28 11:27:21";6.0
"Servidor-SPTECH";"ram";"ram_Usada";"GB";"2022-10-28 11:27:20";6.0
"Servidor-SPTECH";"ram";"ram_Usada";"GB";"2022-10-28 11:27:19";6.0
"Servidor-SPTECH";"ram";"ram_Usada";"GB";"2022-10-28 11:27:17";6.0
"Servidor-SPTECH";"ram";"ram_Usada";"GB";"2022-10-28 11:27:16";6.0
"Servidor-SPTECH";"ram";"ram_Usada";"GB";"2022-10-28 11:27:14";6.0
"Servidor-SPTECH";"ram";"ram_Usada";"GB";"2022-10-28 11:27:13";6.0
"Servidor-SPTECH";"ram";"ram_Usada";"GB";"2022-10-28 11:27:11";6.0
"Servidor-SPTECH";"ram";"ram_Usada";"GB";"2022-10-28 11:27:10";6.0
"Servidor-SPTECH";"ram";"ram_Usada";"GB";"2022-10-28 11:27:09";6.0
"Servidor-SPTECH";"ram";"ram_Usada";"GB";"2022-10-28 11:27:07";6.0
"Servidor-SPTECH";"ram";"ram_Usada";"GB";"2022-10-28 11:27:06";6.0
"Servidor-SPTECH";"ram";"ram_Usada";"GB";"2022-10-28 11:27:04";6.0
"Servidor-SPTECH";"ram";"ram_Usada";"GB";"2022-10-28 11:27:03";6.0
"Servidor-SPTECH";"ram";"ram_Usada";"GB";"2022-10-28 11:27:01";6.0
"Servidor-SPTECH";"ram";"ram_Usada";"GB";"2022-10-28 11:27:00";6.0
"Servidor-SPTECH";"ram";"ram_Usada";"GB";"2022-10-28 11:26:59";6.0
"Servidor-SPTECH";"ram";"ram_Usada";"GB";"2022-10-28 11:26:57";6.0
"Servidor-SPTECH";"ram";"ram_Usada";"GB";"2022-10-28 11:26:56";6.0
"Servidor-SPTECH";"ram";"ram_Usada";"GB";"2022-10-28 11:26:54";6.0
"Servidor-SPTECH";"ram";"ram_Usada";"GB";"2022-10-28 11:26:53";6.0
"Servidor-SPTECH";"ram";"ram_Usada";"GB";"2022-10-28 11:26:52";6.0
"Servidor-SPTECH";"ram";"ram_Usada";"GB";"2022-10-28 11:26:50";6.0
"Servidor-SPTECH";"ram";"ram_Usada";"GB";"2022-10-28 11:26:49";6.0
"Servidor-SPTECH";"ram";"ram_Usada";"GB";"2022-10-28 11:26:47";6.0
"Servidor-SPTECH";"ram";"ram_Usada";"GB";"2022-10-28 11:26:46";6.0
"Servidor-SPTECH";"ram";"ram_Usada";"GB";"2022-10-28 11:26:44";6.0
"Servidor-SPTECH";"ram";"ram_Usada";"GB";"2022-10-28 11:26:43";6.0
"Servidor-SPTECH";"ram";"ram_Usada";"GB";"2022-10-28 11:26:42";6.0
"Servidor-SPTECH";"ram";"ram_Usada";"GB";"2022-10-28 11:26:40";6.0
"Servidor-SPTECH";"ram";"ram_Usada";"GB";"2022-10-28 11:26:39";6.0
"Servidor-SPTECH";"ram";"ram_Usada";"GB";"2022-10-28 11:26:37";6.0
"Servidor-SPTECH";"ram";"ram_Usada";"GB";"2022-10-28 11:26:36";6.0
"Servidor-SPTECH";"ram";"ram_Usada";"GB";"2022-10-28 11:26:34";6.0
"Servidor-SPTECH";"ram";"ram_Usada";"GB";"2022-10-28 11:26:33";6.0
"Servidor-SPTECH";"ram";"ram_Usada";"GB";"2022-10-28 11:26:32";6.0
"Servidor-SPTECH";"ram";"ram_Usada";"GB";"2022-10-28 11:26:30";6.0
"Servidor-SPTECH";"ram";"ram_Usada";"GB";"2022-10-28 11:26:29";6.0
"Servidor-SPTECH";"ram";"ram_Usada";"GB";"2022-10-28 11:26:24";6.0
"Servidor-SPTECH";"ram";"ram_Usada";"GB";"2022-10-28 11:26:22";6.0
"Servidor-SPTECH";"ram";"ram_Usada";"GB";"2022-10-28 11:26:21";6.0
"Servidor-SPTECH";"ram";"ram_Usada";"GB";"2022-10-28 11:26:19";6.0
"Servidor-SPTECH";"ram";"ram_Usada";"GB";"2022-10-28 11:26:18";6.0
"Servidor-SPTECH";"ram";"ram_Usada";"GB";"2022-10-28 11:26:16";6.0
"Servidor-SPTECH";"ram";"ram_Usada";"GB";"2022-10-28 11:26:15";6.0
"Servidor-SPTECH";"ram";"ram_Usada";"GB";"2022-10-28 11:26:14";6.0
"Servidor-SPTECH";"ram";"ram_Usada";"GB";"2022-10-28 11:26:12";6.0
"Servidor-SPTECH";"ram";"ram_Usada";"GB";"2022-10-28 11:26:11";6.0
"Servidor-SPTECH";"ram";"ram_Usada";"GB";"2022-10-28 11:26:09";6.0
"Servidor-SPTECH";"ram";"ram_Usada";"GB";"2022-10-28 11:26:08";6.0
"Servidor-SPTECH";"ram";"ram_Usada";"GB";"2022-10-28 11:26:06";6.0
"Servidor-SPTECH";"ram";"ram_Usada";"GB";"2022-10-28 11:26:05";6.0
"Servidor-SPTECH";"ram";"ram_Usada";"GB";"2022-10-28 11:26:03";6.0
"Servidor-SPTECH";"ram";"ram_Usada";"GB";"2022-10-28 11:26:02";6.0
"Servidor-SPTECH";"ram";"ram_Usada";"GB";"2022-10-28 11:26:01";6.0
"Servidor-SPTECH";"ram";"ram_Usada";"GB";"2022-10-28 11:25:59";6.0
"Servidor-SPTECH";"ram";"ram_Usada";"GB";"2022-10-28 11:25:58";6.0
"Servidor-SPTECH";"ram";"ram_Usada";"GB";"2022-10-28 11:25:56";6.0
"Servidor-SPTECH";"ram";"ram_Usada";"GB";"2022-10-28 11:25:55";6.0
"Servidor-SPTECH";"ram";"ram_Usada";"GB";"2022-10-28 11:25:53";6.0
"Servidor-SPTECH";"ram";"ram_Usada";"GB";"2022-10-28 11:25:52";6.0
"Servidor-SPTECH";"ram";"ram_Usada";"GB";"2022-10-28 11:25:51";6.0
"Servidor-SPTECH";"ram";"ram_Usada";"GB";"2022-10-28 11:25:49";6.0
"Servidor-SPTECH";"ram";"ram_Usada";"GB";"2022-10-28 11:25:48";6.0
"Servidor-SPTECH";"ram";"ram_Usada";"GB";"2022-10-28 11:25:46";6.0
"Servidor-SPTECH";"ram";"ram_Usada";"GB";"2022-10-28 11:25:45";6.0
"Servidor-SPTECH";"ram";"ram_Usada";"GB";"2022-10-28 11:25:15";6.0
"Servidor-SPTECH";"ram";"ram_Usada";"GB";"2022-10-28 11:25:14";6.0
"Servidor-SPTECH";"ram";"ram_Usada";"GB";"2022-10-28 11:25:13";6.0
"Servidor-SPTECH";"ram";"ram_Usada";"GB";"2022-11-07 10:02:40";7.18
"Servidor-SPTECH";"ram";"ram_Usada";"GB";"2022-11-07 10:02:38";7.2
"Servidor-SPTECH";"ram";"ram_Usada";"GB";"2022-11-07 10:02:36";7.2
"Servidor-SPTECH";"ram";"ram_Usada";"GB";"2022-11-07 10:02:35";7.26
"Servidor-SPTECH";"ram";"ram_Usada";"GB";"2022-11-07 10:02:33";7.24
"Servidor-SPTECH";"ram";"ram_Usada";"GB";"2022-11-07 10:02:31";7.29
"Servidor-SPTECH";"ram";"ram_Usada";"GB";"2022-11-07 10:02:30";7.32
"Servidor-SPTECH";"ram";"ram_Usada";"GB";"2022-11-07 10:02:28";7.32
"Servidor-SPTECH";"ram";"ram_Usada";"GB";"2022-11-07 10:02:27";7.34
"Servidor-SPTECH";"ram";"ram_Usada";"GB";"2022-11-07 10:02:25";7.37
"Servidor-SPTECH";"ram";"ram_Usada";"GB";"2022-11-07 10:02:24";7.3
"Servidor-SPTECH";"ram";"ram_Usada";"GB";"2022-11-07 10:02:22";7.3
"Servidor-SPTECH";"ram";"ram_Usada";"GB";"2022-11-07 10:02:21";7.28
"Servidor-SPTECH";"ram";"ram_Usada";"GB";"2022-11-07 10:02:19";7.24
"Servidor-SPTECH";"ram";"ram_Usada";"GB";"2022-11-07 10:02:17";7.26
"Servidor-SPTECH";"ram";"ram_Usada";"GB";"2022-11-07 10:02:15";7.25
"Servidor-SPTECH";"ram";"ram_Usada";"GB";"2022-11-07 10:02:14";7.24
"Servidor-SPTECH";"ram";"ram_Usada";"GB";"2022-11-07 10:02:12";7.26
"Servidor-SPTECH";"ram";"ram_Usada";"GB";"2022-11-07 10:02:10";7.26
"Servidor-SPTECH";"ram";"ram_Usada";"GB";"2022-11-07 10:02:09";7.26
"Servidor-SPTECH";"ram";"ram_Usada";"GB";"2022-11-07 10:02:07";7.28
"Servidor-SPTECH";"ram";"ram_Usada";"GB";"2022-11-07 10:02:06";7.27
"Servidor-SPTECH";"ram";"ram_Usada";"GB";"2022-11-07 10:02:04";7.3
"Servidor-SPTECH";"ram";"ram_Usada";"GB";"2022-11-07 10:02:02";7.29
"Servidor-SPTECH";"ram";"ram_Usada";"GB";"2022-11-07 10:02:01";7.29
"Servidor-SPTECH";"ram";"ram_Usada";"GB";"2022-11-07 10:01:59";7.36
"Servidor-SPTECH";"ram";"ram_Usada";"GB";"2022-11-07 10:01:57";7.31
"Servidor-SPTECH";"ram";"ram_Usada";"GB";"2022-11-07 10:01:56";7.29
"Servidor-SPTECH";"ram";"ram_Usada";"GB";"2022-11-07 10:01:54";7.29
"Servidor-SPTECH";"ram";"ram_Usada";"GB";"2022-11-07 10:01:53";7.25
"Servidor-SPTECH";"ram";"ram_Usada";"GB";"2022-11-07 10:01:51";7.29
"Servidor-SPTECH";"ram";"ram_Usada";"GB";"2022-11-07 10:01:49";7.21
"Servidor-SPTECH";"ram";"ram_Usada";"GB";"2022-11-07 10:01:47";7.22
"Servidor-SPTECH";"ram";"ram_Usada";"GB";"2022-11-07 10:01:46";7.21
"Servidor-SPTECH";"ram";"ram_Usada";"GB";"2022-11-07 10:01:44";7.21
"Servidor-SPTECH";"ram";"ram_Usada";"GB";"2022-11-07 10:01:43";7.23
"Servidor-SPTECH";"ram";"ram_Usada";"GB";"2022-11-07 10:01:41";7.24
"Servidor-SPTECH";"ram";"ram_Usada";"GB";"2022-11-07 10:01:40";7.24
"Servidor-SPTECH";"ram";"ram_Usada";"GB";"2022-11-07 10:01:38";7.27
"Servidor-SPTECH";"ram";"ram_Usada";"GB";"2022-11-07 10:01:37";7.27
"Servidor-SPTECH";"ram";"ram_Usada";"GB";"2022-11-07 10:01:35";7.26
"Servidor-SPTECH";"ram";"ram_Usada";"GB";"2022-11-07 10:01:34";7.26
"Servidor-SPTECH";"ram";"ram_Usada";"GB";"2022-11-07 10:01:32";7.28
"Servidor-SPTECH";"ram";"ram_Usada";"GB";"2022-11-07 10:01:31";7.23
"Servidor-SPTECH";"ram";"ram_Usada";"GB";"2022-11-07 10:01:29";7.23
"Servidor-SPTECH";"ram";"ram_Usada";"GB";"2022-11-07 10:01:28";7.23
"Servidor-SPTECH";"ram";"ram_Usada";"GB";"2022-11-07 10:01:26";7.24
"Servidor-SPTECH";"ram";"ram_Usada";"GB";"2022-11-07 10:01:24";7.24
"Servidor-SPTECH";"ram";"ram_Usada";"GB";"2022-11-07 10:01:23";7.22
"Servidor-SPTECH";"ram";"ram_Usada";"GB";"2022-11-07 10:01:21";7.27
"Servidor-SPTECH";"ram";"ram_Usada";"GB";"2022-11-07 10:01:20";7.26
"Servidor-SPTECH";"ram";"ram_Usada";"GB";"2022-11-07 10:01:18";7.26
"Servidor-SPTECH";"ram";"ram_Usada";"GB";"2022-11-07 10:01:16";7.25
"Servidor-SPTECH";"ram";"ram_Usada";"GB";"2022-11-07 10:01:15";7.21
"Servidor-SPTECH";"ram";"ram_Usada";"GB";"2022-11-07 10:01:13";7.11
"Servidor-SPTECH";"ram";"ram_Usada";"GB";"2022-11-07 10:01:11";7.31
"Servidor-SPTECH";"ram";"ram_Usada";"GB";"2022-11-07 10:01:09";7.3
"Servidor-SPTECH";"ram";"ram_Usada";"GB";"2022-11-07 10:01:08";7.34
"Servidor-SPTECH";"ram";"ram_Usada";"GB";"2022-11-07 10:01:06";7.4
"Servidor-SPTECH";"ram";"ram_Usada";"GB";"2022-11-07 10:01:04";7.23
"Servidor-SPTECH";"ram";"ram_Usada";"GB";"2022-11-07 10:01:03";7.23
"Servidor-SPTECH";"ram";"ram_Usada";"GB";"2022-11-07 10:01:01";7.26
"Servidor-SPTECH";"ram";"ram_Usada";"GB";"2022-11-07 10:00:59";7.26
"Servidor-SPTECH";"ram";"ram_Usada";"GB";"2022-11-07 10:00:58";7.25
"Servidor-SPTECH";"ram";"ram_Usada";"GB";"2022-11-07 10:00:56";7.25
"Servidor-SPTECH";"ram";"ram_Usada";"GB";"2022-11-07 10:00:54";7.17
"Servidor-SPTECH";"ram";"ram_Usada";"GB";"2022-11-07 10:00:53";7.15
"Servidor-SPTECH";"ram";"ram_Usada";"GB";"2022-11-07 10:00:51";7.16
"Servidor-SPTECH";"ram";"ram_Usada";"GB";"2022-11-07 10:00:49";7.16
"Servidor-SPTECH";"ram";"ram_Usada";"GB";"2022-11-07 10:00:48";7.21
"Servidor-SPTECH";"ram";"ram_Usada";"GB";"2022-11-07 10:00:46";7.11
"Servidor-SPTECH";"ram";"ram_Usada";"GB";"2022-11-07 10:00:44";7.08
"Servidor-SPTECH";"ram";"ram_Usada";"GB";"2022-11-07 10:00:43";7.08
"Servidor-SPTECH";"ram";"ram_Usada";"GB";"2022-11-07 10:00:41";7.09
"Servidor-SPTECH";"ram";"ram_Usada";"GB";"2022-11-07 10:00:40";7.06
"Servidor-SPTECH";"ram";"ram_Usada";"GB";"2022-11-07 10:00:38";7.04
"Servidor-SPTECH";"ram";"ram_Usada";"GB";"2022-11-07 10:00:36";7.04
"Servidor-SPTECH";"ram";"ram_Usada";"GB";"2022-11-07 10:00:35";7.04
"Servidor-SPTECH";"ram";"ram_Usada";"GB";"2022-11-07 10:00:33";7.04
"Servidor-SPTECH";"ram";"ram_Usada";"GB";"2022-11-07 10:00:32";7.02
"Servidor-SPTECH";"ram";"ram_Usada";"GB";"2022-11-07 10:00:30";7.02
"Servidor-SPTECH";"ram";"ram_Usada";"GB";"2022-11-07 10:00:28";7.0
"Servidor-SPTECH";"ram";"ram_Usada";"GB";"2022-11-07 10:00:27";6.99
"Servidor-SPTECH";"ram";"ram_Usada";"GB";"2022-11-07 10:00:25";6.98
"Servidor-SPTECH";"ram";"ram_Usada";"GB";"2022-11-07 10:00:24";6.98
"Servidor-SPTECH";"ram";"ram_Usada";"GB";"2022-11-07 10:00:22";6.9
"Servidor-SPTECH";"ram";"ram_Usada";"GB";"2022-11-07 10:00:20";6.9
"Servidor-SPTECH";"ram";"ram_Usada";"GB";"2022-11-07 10:00:19";6.91
"Servidor-SPTECH";"ram";"ram_Usada";"GB";"2022-11-07 10:00:17";6.91
"Servidor-SPTECH";"ram";"ram_Usada";"GB";"2022-11-07 10:00:15";6.94
"Servidor-SPTECH";"ram";"ram_Usada";"GB";"2022-11-07 10:00:14";6.95
"Servidor-SPTECH";"ram";"ram_Usada";"GB";"2022-11-07 10:00:12";6.96
"Servidor-SPTECH";"ram";"ram_Usada";"GB";"2022-11-07 10:00:11";6.95
"Servidor-SPTECH";"ram";"ram_Usada";"GB";"2022-11-07 10:00:09";6.95
"Servidor-SPTECH";"ram";"ram_Usada";"GB";"2022-11-07 10:00:07";6.94
"Servidor-SPTECH";"ram";"ram_Usada";"GB";"2022-11-07 10:00:06";6.94
"Servidor-SPTECH";"ram";"ram_Usada";"GB";"2022-11-07 10:00:04";6.95
"Servidor-SPTECH";"ram";"ram_Usada";"GB";"2022-11-07 10:00:02";6.94
"Servidor-SPTECH";"ram";"ram_Usada";"GB";"2022-11-07 10:00:01";6.97
"Servidor-SPTECH";"ram";"ram_Usada";"GB";"2022-11-07 09:59:59";6.97
"Servidor-SPTECH";"ram";"ram_Usada";"GB";"2022-11-07 09:59:57";6.97
"Servidor-SPTECH";"ram";"ram_Usada";"GB";"2022-11-07 09:59:56";6.97
"Servidor-SPTECH";"ram";"ram_Usada";"GB";"2022-11-07 09:59:54";6.97
"Servidor-SPTECH";"ram";"ram_Usada";"GB";"2022-11-07 09:59:52";7.04
"Servidor-SPTECH";"ram";"ram_Usada";"GB";"2022-11-07 09:59:51";7.05
"Servidor-SPTECH";"ram";"ram_Usada";"GB";"2022-11-07 09:59:49";7.04
"Servidor-SPTECH";"ram";"ram_Usada";"GB";"2022-11-07 09:59:47";7.02
"Servidor-SPTECH";"ram";"ram_Usada";"GB";"2022-11-07 09:59:45";7.03
"Servidor-SPTECH";"ram";"ram_Usada";"GB";"2022-11-07 09:59:44";7.02
"Servidor-SPTECH";"ram";"ram_Usada";"GB";"2022-11-07 09:59:42";7.01
"Servidor-SPTECH";"ram";"ram_Usada";"GB";"2022-11-07 09:59:41";6.95
"Servidor-SPTECH";"ram";"ram_Usada";"GB";"2022-11-07 09:59:39";6.96
"Servidor-SPTECH";"ram";"ram_Usada";"GB";"2022-11-07 09:59:37";6.95
"Servidor-SPTECH";"ram";"ram_Usada";"GB";"2022-11-07 09:59:35";6.99
"Servidor-SPTECH";"ram";"ram_Usada";"GB";"2022-11-07 09:59:34";6.91
"Servidor-SPTECH";"ram";"ram_Usada";"GB";"2022-11-07 09:59:32";6.91
"Servidor-SPTECH";"ram";"ram_Usada";"GB";"2022-11-07 09:59:30";6.94
"Servidor-SPTECH";"ram";"ram_Usada";"GB";"2022-11-07 09:59:29";6.96
"Servidor-SPTECH";"ram";"ram_Usada";"GB";"2022-11-07 09:59:27";6.97
"Servidor-SPTECH";"ram";"ram_Usada";"GB";"2022-11-07 09:59:26";6.97
"Servidor-SPTECH";"ram";"ram_Usada";"GB";"2022-11-07 09:59:24";6.96
"Servidor-SPTECH";"ram";"ram_Usada";"GB";"2022-11-07 09:59:22";6.94
"Servidor-SPTECH";"ram";"ram_Usada";"GB";"2022-11-07 09:59:21";6.98
"Servidor-SPTECH";"ram";"ram_Usada";"GB";"2022-11-07 09:59:19";6.95
"Servidor-SPTECH";"ram";"ram_Usada";"GB";"2022-11-07 09:59:17";6.91
"Servidor-SPTECH";"ram";"ram_Usada";"GB";"2022-11-07 09:59:16";6.91
"Servidor-SPTECH";"ram";"ram_Usada";"GB";"2022-11-07 09:59:14";6.98
"Servidor-SPTECH";"ram";"ram_Usada";"GB";"2022-11-07 09:59:12";6.94
"Servidor-SPTECH";"ram";"ram_Usada";"GB";"2022-11-07 09:59:11";7.03
"Servidor-SPTECH";"ram";"ram_Usada";"GB";"2022-11-07 09:59:09";7.03
"Servidor-SPTECH";"ram";"ram_Usada";"GB";"2022-11-07 09:59:07";7.02
"Servidor-SPTECH";"ram";"ram_Usada";"GB";"2022-11-07 09:59:06";7.01
"Servidor-SPTECH";"ram";"ram_Usada";"GB";"2022-11-07 09:59:04";6.99
"Servidor-SPTECH";"ram";"ram_Usada";"GB";"2022-11-07 09:59:03";7.04
"Servidor-SPTECH";"ram";"ram_Usada";"GB";"2022-11-07 09:59:01";7.02
"Servidor-SPTECH";"ram";"ram_Usada";"GB";"2022-11-07 09:59:00";7.03
"Servidor-SPTECH";"ram";"ram_Usada";"GB";"2022-11-07 09:58:58";7.02
"Servidor-SPTECH";"ram";"ram_Usada";"GB";"2022-11-07 09:58:56";7.01
"Servidor-SPTECH";"ram";"ram_Usada";"GB";"2022-11-07 09:58:55";7.02
"Servidor-SPTECH";"ram";"ram_Usada";"GB";"2022-11-07 09:58:53";7.0
"Servidor-SPTECH";"ram";"ram_Usada";"GB";"2022-11-07 09:58:51";7.05
"Servidor-SPTECH";"ram";"ram_Usada";"GB";"2022-11-07 09:58:50";7.04
"Servidor-SPTECH";"ram";"ram_Usada";"GB";"2022-11-07 09:58:48";7.04
"Servidor-SPTECH";"ram";"ram_Usada";"GB";"2022-11-07 09:58:47";7.04
"Servidor-SPTECH";"ram";"ram_Usada";"GB";"2022-11-07 09:58:45";7.03
"Servidor-SPTECH";"ram";"ram_Usada";"GB";"2022-11-07 09:58:43";7.01
"Servidor-SPTECH";"ram";"ram_Usada";"GB";"2022-11-07 09:58:42";7.01
"Servidor-SPTECH";"ram";"ram_Usada";"GB";"2022-11-07 09:58:40";7.01
"Servidor-SPTECH";"ram";"ram_Usada";"GB";"2022-11-07 09:58:39";7.03
"Servidor-SPTECH";"ram";"ram_Usada";"GB";"2022-11-07 09:58:37";7.04
"Servidor-SPTECH";"ram";"ram_Usada";"GB";"2022-11-07 09:58:35";7.01
"Servidor-SPTECH";"ram";"ram_Usada";"GB";"2022-11-07 09:58:34";6.99
"Servidor-SPTECH";"ram";"ram_Usada";"GB";"2022-11-07 09:58:32";6.98
"Servidor-SPTECH";"ram";"ram_Usada";"GB";"2022-11-07 09:58:30";7.02
"Servidor-SPTECH";"ram";"ram_Usada";"GB";"2022-11-07 09:58:29";7.02
"Servidor-SPTECH";"ram";"ram_Usada";"GB";"2022-11-07 09:58:27";7.01
"Servidor-SPTECH";"ram";"ram_Usada";"GB";"2022-11-07 09:58:25";7.03
"Servidor-SPTECH";"ram";"ram_Usada";"GB";"2022-11-07 09:58:24";7.02
"Servidor-SPTECH";"ram";"ram_Usada";"GB";"2022-11-07 09:58:22";6.96
"Servidor-SPTECH";"ram";"ram_Usada";"GB";"2022-11-07 09:58:21";6.99
"Servidor-SPTECH";"ram";"ram_Usada";"GB";"2022-11-07 09:58:19";6.93
"Servidor-SPTECH";"ram";"ram_Usada";"GB";"2022-11-07 09:58:17";6.89
"Servidor-SPTECH";"ram";"ram_Usada";"GB";"2022-11-07 09:58:16";6.89
"Servidor-SPTECH";"ram";"ram_Usada";"GB";"2022-11-07 09:58:14";6.86
"Servidor-SPTECH";"ram";"ram_Usada";"GB";"2022-11-07 09:58:12";6.95
"Servidor-SPTECH";"ram";"ram_Usada";"GB";"2022-11-07 09:58:11";7.05
"Servidor-SPTECH";"ram";"ram_Usada";"GB";"2022-11-07 09:58:09";7.42
"Servidor-SPTECH";"ram";"ram_Usada";"GB";"2022-11-07 09:58:07";7.42
"Servidor-SPTECH";"ram";"ram_Usada";"GB";"2022-11-07 09:58:06";7.08
"Servidor-SPTECH";"ram";"ram_Usada";"GB";"2022-11-07 09:58:04";7.09
"Servidor-SPTECH";"ram";"ram_Usada";"GB";"2022-11-07 09:58:03";7.06
"Servidor-SPTECH";"ram";"ram_Usada";"GB";"2022-11-07 09:58:01";7.06
"Servidor-SPTECH";"ram";"ram_Usada";"GB";"2022-11-07 09:57:59";7.04
"Servidor-SPTECH";"ram";"ram_Usada";"GB";"2022-11-07 09:57:57";7.09
"Servidor-SPTECH";"ram";"ram_Usada";"GB";"2022-11-07 09:57:56";7.09
"Servidor-SPTECH";"ram";"ram_Usada";"GB";"2022-11-07 09:57:54";7.18
"Servidor-SPTECH";"ram";"ram_Usada";"GB";"2022-11-07 09:57:53";7.18
"Servidor-SPTECH";"ram";"ram_Usada";"GB";"2022-11-07 09:57:51";7.29
"Servidor-SPTECH";"ram";"ram_Usada";"GB";"2022-11-07 09:57:49";7.28
"Servidor-SPTECH";"ram";"ram_Usada";"GB";"2022-11-07 09:57:48";7.29
"Servidor-SPTECH";"ram";"ram_Usada";"GB";"2022-11-07 09:57:46";7.28
"Servidor-SPTECH";"ram";"ram_Usada";"GB";"2022-11-07 09:57:45";7.34
"Servidor-SPTECH";"ram";"ram_Usada";"GB";"2022-11-07 09:57:43";7.47
"Servidor-SPTECH";"ram";"ram_Usada";"GB";"2022-11-07 09:57:42";7.15
"Servidor-SPTECH";"ram";"ram_Usada";"GB";"2022-11-07 09:57:40";7.13
"Servidor-SPTECH";"ram";"ram_Usada";"GB";"2022-11-07 09:57:38";6.84
"Servidor-SPTECH";"ram";"ram_Usada";"GB";"2022-11-07 09:57:37";6.82
"Servidor-SPTECH";"ram";"ram_Usada";"GB";"2022-11-07 09:57:35";6.83
"Servidor-SPTECH";"ram";"ram_Usada";"GB";"2022-11-07 09:57:34";6.82
"Servidor-SPTECH";"ram";"ram_Usada";"GB";"2022-11-07 09:57:32";6.82
"Servidor-SPTECH";"ram";"ram_Usada";"GB";"2022-11-07 09:57:30";6.86
"Servidor-SPTECH";"ram";"ram_Usada";"GB";"2022-11-07 09:57:29";6.82
"Servidor-SPTECH";"ram";"ram_Usada";"GB";"2022-11-07 09:57:27";6.79
"Servidor-SPTECH";"ram";"ram_Usada";"GB";"2022-11-07 09:57:25";6.79
"Servidor-SPTECH";"ram";"ram_Usada";"GB";"2022-11-07 09:57:23";6.82
"Servidor-SPTECH";"ram";"ram_Usada";"GB";"2022-11-07 09:57:22";6.81
"Servidor-SPTECH";"ram";"ram_Usada";"GB";"2022-11-07 09:57:20";6.8
"Servidor-SPTECH";"ram";"ram_Usada";"GB";"2022-11-07 09:57:19";6.79
"Servidor-SPTECH";"ram";"ram_Usada";"GB";"2022-11-07 09:57:17";6.78
"Servidor-SPTECH";"ram";"ram_Usada";"GB";"2022-11-07 09:57:16";6.76
"Servidor-SPTECH";"ram";"ram_Usada";"GB";"2022-11-07 09:57:14";6.76
"Servidor-SPTECH";"ram";"ram_Usada";"GB";"2022-11-07 09:57:12";6.76
"Servidor-SPTECH";"ram";"ram_Usada";"GB";"2022-11-07 09:57:11";6.76
"Servidor-SPTECH";"ram";"ram_Usada";"GB";"2022-11-07 09:57:09";6.76
"Servidor-SPTECH";"ram";"ram_Usada";"GB";"2022-11-07 09:57:08";6.74
"Servidor-SPTECH";"ram";"ram_Usada";"GB";"2022-11-07 09:57:06";6.74
"Servidor-SPTECH";"ram";"ram_Usada";"GB";"2022-11-07 09:57:04";6.75
"Servidor-SPTECH";"ram";"ram_Usada";"GB";"2022-11-07 09:57:03";6.74
"Servidor-SPTECH";"ram";"ram_Usada";"GB";"2022-11-07 09:57:01";6.75
"Servidor-SPTECH";"ram";"ram_Usada";"GB";"2022-11-07 09:57:00";6.74
"Servidor-SPTECH";"ram";"ram_Usada";"GB";"2022-11-07 09:56:58";6.71
"Servidor-SPTECH";"ram";"ram_Usada";"GB";"2022-11-07 09:56:57";6.72
"Servidor-SPTECH";"ram";"ram_Usada";"GB";"2022-11-07 09:56:55";6.75
"Servidor-SPTECH";"ram";"ram_Usada";"GB";"2022-11-07 09:56:53";6.74
"Servidor-SPTECH";"ram";"ram_Usada";"GB";"2022-11-07 09:56:52";6.74
"Servidor-SPTECH";"ram";"ram_Usada";"GB";"2022-11-07 09:56:50";6.74
"Servidor-SPTECH";"ram";"ram_Usada";"GB";"2022-11-07 09:56:48";6.73
"Servidor-SPTECH";"ram";"ram_Usada";"GB";"2022-11-07 09:56:47";6.79
"Servidor-SPTECH";"ram";"ram_Usada";"GB";"2022-11-07 09:56:45";6.78
"Servidor-SPTECH";"ram";"ram_Usada";"GB";"2022-11-07 09:56:44";6.79
"Servidor-SPTECH";"ram";"ram_Usada";"GB";"2022-11-07 09:56:42";6.78
"Servidor-SPTECH";"ram";"ram_Usada";"GB";"2022-11-07 09:56:40";6.79
"Servidor-SPTECH";"ram";"ram_Usada";"GB";"2022-11-07 09:56:39";6.81
"Servidor-SPTECH";"ram";"ram_Usada";"GB";"2022-11-07 09:56:37";6.79
"Servidor-SPTECH";"ram";"ram_Usada";"GB";"2022-11-07 09:56:35";6.77
"Servidor-SPTECH";"ram";"ram_Usada";"GB";"2022-11-07 09:56:33";6.76
"Servidor-SPTECH";"ram";"ram_Usada";"GB";"2022-11-07 09:56:32";6.76
"Servidor-SPTECH";"ram";"ram_Usada";"GB";"2022-11-07 09:56:30";6.71
"Servidor-SPTECH";"ram";"ram_Usada";"GB";"2022-11-07 09:56:29";6.72
"Servidor-SPTECH";"ram";"ram_Usada";"GB";"2022-11-07 09:56:27";6.73
"Servidor-SPTECH";"ram";"ram_Usada";"GB";"2022-11-07 09:56:25";6.72
"Servidor-SPTECH";"ram";"ram_Usada";"GB";"2022-11-07 09:56:23";6.72
"Servidor-SPTECH";"ram";"ram_Usada";"GB";"2022-11-07 09:56:22";6.74
"Servidor-SPTECH";"ram";"ram_Usada";"GB";"2022-11-07 09:56:20";6.75
"Servidor-SPTECH";"ram";"ram_Usada";"GB";"2022-11-07 09:56:18";6.65
"Servidor-SPTECH";"ram";"ram_Usada";"GB";"2022-11-07 09:56:16";6.64
"Servidor-SPTECH";"ram";"ram_Usada";"GB";"2022-11-07 09:56:15";6.63
"Servidor-SPTECH";"ram";"ram_Usada";"GB";"2022-11-07 09:56:13";6.63
"Servidor-SPTECH";"ram";"ram_Usada";"GB";"2022-11-07 09:56:11";6.61
"Servidor-SPTECH";"ram";"ram_Usada";"GB";"2022-11-07 09:56:10";6.61
"Servidor-SPTECH";"ram";"ram_Usada";"GB";"2022-11-07 09:56:08";6.64
"Servidor-SPTECH";"ram";"ram_Usada";"GB";"2022-11-07 09:56:07";6.72
"Servidor-SPTECH";"ram";"ram_Usada";"GB";"2022-11-07 09:56:05";6.71
"Servidor-SPTECH";"ram";"ram_Usada";"GB";"2022-11-07 09:56:04";6.72
"Servidor-SPTECH";"ram";"ram_Usada";"GB";"2022-11-07 09:56:02";6.73
"Servidor-SPTECH";"ram";"ram_Usada";"GB";"2022-11-07 09:56:00";6.74
"Servidor-SPTECH";"ram";"ram_Usada";"GB";"2022-11-07 09:55:59";6.74
"Servidor-SPTECH";"ram";"ram_Usada";"GB";"2022-11-07 09:55:57";6.74
"Servidor-SPTECH";"ram";"ram_Usada";"GB";"2022-11-07 09:55:55";6.78
"Servidor-SPTECH";"ram";"ram_Usada";"GB";"2022-11-07 09:55:54";6.73
"Servidor-SPTECH";"ram";"ram_Usada";"GB";"2022-11-07 09:55:52";6.73
"Servidor-SPTECH";"ram";"ram_Usada";"GB";"2022-11-07 09:55:51";6.73
"Servidor-SPTECH";"ram";"ram_Usada";"GB";"2022-11-07 09:55:49";6.73
"Servidor-SPTECH";"ram";"ram_Usada";"GB";"2022-11-07 09:55:47";6.73
"Servidor-SPTECH";"ram";"ram_Usada";"GB";"2022-11-07 09:55:45";6.74
"Servidor-SPTECH";"ram";"ram_Usada";"GB";"2022-11-07 09:55:44";6.74
"Servidor-SPTECH";"ram";"ram_Usada";"GB";"2022-11-07 09:55:42";6.76
"Servidor-SPTECH";"ram";"ram_Usada";"GB";"2022-11-07 09:55:41";6.76
"Servidor-SPTECH";"ram";"ram_Usada";"GB";"2022-11-07 09:55:39";6.78
"Servidor-SPTECH";"ram";"ram_Usada";"GB";"2022-11-07 09:55:37";6.76
"Servidor-SPTECH";"ram";"ram_Usada";"GB";"2022-11-07 09:55:35";6.77
"Servidor-SPTECH";"ram";"ram_Usada";"GB";"2022-11-07 09:55:34";6.75
"Servidor-SPTECH";"ram";"ram_Usada";"GB";"2022-11-07 09:55:32";6.74
"Servidor-SPTECH";"ram";"ram_Usada";"GB";"2022-11-07 09:55:30";6.74
"Servidor-SPTECH";"ram";"ram_Usada";"GB";"2022-11-07 09:55:29";6.76
"Servidor-SPTECH";"ram";"ram_Usada";"GB";"2022-11-07 09:55:27";6.74
"Servidor-SPTECH";"ram";"ram_Usada";"GB";"2022-11-07 09:55:25";6.74
"Servidor-SPTECH";"ram";"ram_Usada";"GB";"2022-11-07 09:55:24";6.72
"Servidor-SPTECH";"ram";"ram_Usada";"GB";"2022-11-07 09:55:22";6.72
"Servidor-SPTECH";"ram";"ram_Usada";"GB";"2022-11-07 09:55:20";6.69
"Servidor-SPTECH";"ram";"ram_Usada";"GB";"2022-11-07 09:55:18";6.7
"Servidor-SPTECH";"ram";"ram_Usada";"GB";"2022-11-07 09:55:17";6.72
"Servidor-SPTECH";"ram";"ram_Usada";"GB";"2022-11-07 09:55:15";6.7
"Servidor-SPTECH";"ram";"ram_Usada";"GB";"2022-11-07 09:55:14";6.71
"Servidor-SPTECH";"ram";"ram_Usada";"GB";"2022-11-07 09:55:12";6.72
"Servidor-SPTECH";"ram";"ram_Usada";"GB";"2022-11-07 09:55:10";6.76
"Servidor-SPTECH";"ram";"ram_Usada";"GB";"2022-11-07 09:55:09";6.75
"Servidor-SPTECH";"ram";"ram_Usada";"GB";"2022-11-07 09:55:07";6.75
"Servidor-SPTECH";"ram";"ram_Usada";"GB";"2022-11-07 09:55:06";6.75
"Servidor-SPTECH";"ram";"ram_Usada";"GB";"2022-11-07 09:55:04";6.75
"Servidor-SPTECH";"ram";"ram_Usada";"GB";"2022-11-07 09:55:02";6.75
"Servidor-SPTECH";"ram";"ram_Usada";"GB";"2022-11-07 09:55:01";6.72
"Servidor-SPTECH";"ram";"ram_Usada";"GB";"2022-11-07 09:54:59";6.74
"Servidor-SPTECH";"ram";"ram_Usada";"GB";"2022-11-07 09:54:58";6.74
"Servidor-SPTECH";"ram";"ram_Usada";"GB";"2022-11-07 09:54:56";6.7
"Servidor-SPTECH";"ram";"ram_Usada";"GB";"2022-11-07 09:54:54";6.71
"Servidor-SPTECH";"ram";"ram_Usada";"GB";"2022-11-07 09:54:53";6.66
"Servidor-SPTECH";"ram";"ram_Usada";"GB";"2022-11-07 09:54:51";6.62
"Servidor-SPTECH";"ram";"ram_Usada";"GB";"2022-11-07 09:54:49";6.63
"Servidor-SPTECH";"ram";"ram_Usada";"GB";"2022-11-07 09:54:47";6.63
"Servidor-SPTECH";"ram";"ram_Usada";"GB";"2022-11-07 09:54:45";6.69
"Servidor-SPTECH";"ram";"ram_Usada";"GB";"2022-11-07 09:54:44";6.68
"Servidor-SPTECH";"ram";"ram_Usada";"GB";"2022-11-07 09:54:42";6.69
"Servidor-SPTECH";"ram";"ram_Usada";"GB";"2022-11-07 09:54:41";6.67
"Servidor-SPTECH";"ram";"ram_Usada";"GB";"2022-11-07 09:54:39";6.92
"Servidor-SPTECH";"ram";"ram_Usada";"GB";"2022-11-07 09:54:37";6.92
"Servidor-SPTECH";"ram";"ram_Usada";"GB";"2022-11-07 09:54:35";6.91
"Servidor-SPTECH";"ram";"ram_Usada";"GB";"2022-11-07 09:54:34";6.9
"Servidor-SPTECH";"ram";"ram_Usada";"GB";"2022-11-07 09:54:32";6.84
"Servidor-SPTECH";"ram";"ram_Usada";"GB";"2022-11-07 09:54:30";6.85
"Servidor-SPTECH";"ram";"ram_Usada";"GB";"2022-11-07 09:54:28";6.79
"Servidor-SPTECH";"ram";"ram_Usada";"GB";"2022-11-07 09:54:27";6.79
"Servidor-SPTECH";"ram";"ram_Usada";"GB";"2022-11-07 09:54:25";6.74
"Servidor-SPTECH";"ram";"ram_Usada";"GB";"2022-11-07 09:54:23";6.73
"Servidor-SPTECH";"ram";"ram_Usada";"GB";"2022-11-07 09:54:21";6.74
"Servidor-SPTECH";"ram";"ram_Usada";"GB";"2022-11-07 09:54:19";6.74
"Servidor-SPTECH";"ram";"ram_Usada";"GB";"2022-11-07 09:54:18";6.74
"Servidor-SPTECH";"ram";"ram_Usada";"GB";"2022-11-07 09:54:16";6.73
"Servidor-SPTECH";"ram";"ram_Usada";"GB";"2022-11-07 09:54:14";7.23
"Servidor-SPTECH";"ram";"ram_Usada";"GB";"2022-11-07 09:54:12";7.31
"Servidor-SPTECH";"ram";"ram_Usada";"GB";"2022-11-07 09:54:11";7.32
"Servidor-SPTECH";"ram";"ram_Usada";"GB";"2022-11-07 09:54:09";7.31
"Servidor-SPTECH";"ram";"ram_Usada";"GB";"2022-11-07 09:54:07";7.31
"Servidor-SPTECH";"ram";"ram_Usada";"GB";"2022-11-07 09:54:05";7.32
"Servidor-SPTECH";"ram";"ram_Usada";"GB";"2022-11-07 09:54:04";7.27
"Servidor-SPTECH";"ram";"ram_Usada";"GB";"2022-11-07 09:54:02";7.27
"Servidor-SPTECH";"ram";"ram_Usada";"GB";"2022-11-07 09:54:00";7.27
"Servidor-SPTECH";"ram";"ram_Usada";"GB";"2022-11-07 09:53:58";7.27
"Servidor-SPTECH";"ram";"ram_Usada";"GB";"2022-11-07 09:53:57";7.27
"Servidor-SPTECH";"ram";"ram_Usada";"GB";"2022-11-07 09:53:55";7.28
"Servidor-SPTECH";"ram";"ram_Usada";"GB";"2022-11-07 09:53:53";7.28
"Servidor-SPTECH";"ram";"ram_Usada";"GB";"2022-11-07 09:53:51";7.28
"Servidor-SPTECH";"ram";"ram_Usada";"GB";"2022-11-07 09:53:49";7.29
"Servidor-SPTECH";"ram";"ram_Usada";"GB";"2022-11-07 09:53:47";7.31
"Servidor-SPTECH";"ram";"ram_Usada";"GB";"2022-11-07 09:53:46";7.33
"Servidor-SPTECH";"ram";"ram_Usada";"GB";"2022-11-07 09:53:44";7.32
"Servidor-SPTECH";"ram";"ram_Usada";"GB";"2022-11-07 09:53:42";7.37
"Servidor-SPTECH";"ram";"ram_Usada";"GB";"2022-11-07 09:53:40";7.37
"Servidor-SPTECH";"ram";"ram_Usada";"GB";"2022-11-07 09:53:39";7.33
"Servidor-SPTECH";"ram";"ram_Usada";"GB";"2022-11-07 09:53:37";7.31
"Servidor-SPTECH";"ram";"ram_Usada";"GB";"2022-11-07 09:53:35";7.31
"Servidor-SPTECH";"ram";"ram_Usada";"GB";"2022-11-07 09:53:34";7.32
"Servidor-SPTECH";"ram";"ram_Usada";"GB";"2022-11-07 09:53:32";7.3
"Servidor-SPTECH";"ram";"ram_Usada";"GB";"2022-11-07 09:53:30";7.3
"Servidor-SPTECH";"ram";"ram_Usada";"GB";"2022-11-07 09:53:29";7.34
"Servidor-SPTECH";"ram";"ram_Usada";"GB";"2022-11-07 09:53:27";7.33
"Servidor-SPTECH";"ram";"ram_Usada";"GB";"2022-11-07 09:53:25";7.32
"Servidor-SPTECH";"ram";"ram_Usada";"GB";"2022-11-07 09:53:23";7.33
"Servidor-SPTECH";"ram";"ram_Usada";"GB";"2022-11-07 09:53:22";7.32
"Servidor-SPTECH";"ram";"ram_Usada";"GB";"2022-11-07 09:53:20";7.35
"Servidor-SPTECH";"ram";"ram_Usada";"GB";"2022-11-07 09:53:18";7.34
"Servidor-SPTECH";"ram";"ram_Usada";"GB";"2022-11-07 09:53:16";7.33
"Servidor-SPTECH";"ram";"ram_Usada";"GB";"2022-11-07 09:53:14";7.33
"Servidor-SPTECH";"ram";"ram_Usada";"GB";"2022-11-07 09:53:13";7.3
"Servidor-SPTECH";"ram";"ram_Usada";"GB";"2022-11-07 09:53:11";7.23
"Servidor-SPTECH";"ram";"ram_Usada";"GB";"2022-11-07 09:53:09";7.19
"Servidor-SPTECH";"ram";"ram_Usada";"GB";"2022-11-07 09:53:07";7.19
"Servidor-SPTECH";"ram";"ram_Usada";"GB";"2022-11-07 09:53:06";7.21
"Servidor-SPTECH";"ram";"ram_Usada";"GB";"2022-11-07 09:53:04";7.19
"Servidor-SPTECH";"ram";"ram_Usada";"GB";"2022-11-07 09:53:03";7.21
"Servidor-SPTECH";"ram";"ram_Usada";"GB";"2022-11-07 09:53:01";7.2
"Servidor-SPTECH";"ram";"ram_Usada";"GB";"2022-11-07 09:52:59";7.2
"Servidor-SPTECH";"ram";"ram_Usada";"GB";"2022-11-07 09:52:58";7.22
"Servidor-SPTECH";"ram";"ram_Usada";"GB";"2022-11-07 09:52:56";7.23
"Servidor-SPTECH";"ram";"ram_Usada";"GB";"2022-11-07 09:52:55";7.23
"Servidor-SPTECH";"ram";"ram_Usada";"GB";"2022-11-07 09:52:53";7.22
"Servidor-SPTECH";"ram";"ram_Usada";"GB";"2022-11-07 09:52:51";7.27
"Servidor-SPTECH";"ram";"ram_Usada";"GB";"2022-11-07 09:52:49";7.29
"Servidor-SPTECH";"ram";"ram_Usada";"GB";"2022-11-07 09:52:48";7.28
"Servidor-SPTECH";"ram";"ram_Usada";"GB";"2022-11-07 09:52:46";7.42
"Servidor-SPTECH";"ram";"ram_Usada";"GB";"2022-11-07 09:52:44";7.4
"Servidor-SPTECH";"ram";"ram_Usada";"GB";"2022-11-07 09:52:42";7.42
"Servidor-SPTECH";"ram";"ram_Usada";"GB";"2022-11-07 09:52:41";7.44
"Servidor-SPTECH";"ram";"ram_Usada";"GB";"2022-11-07 09:52:39";7.41
"Servidor-SPTECH";"ram";"ram_Usada";"GB";"2022-11-07 09:52:37";7.37
"Servidor-SPTECH";"ram";"ram_Usada";"GB";"2022-11-07 09:52:36";7.41
"Servidor-SPTECH";"ram";"ram_Usada";"GB";"2022-11-07 09:52:34";7.44
"Servidor-SPTECH";"ram";"ram_Usada";"GB";"2022-11-07 09:52:32";7.43
"Servidor-SPTECH";"ram";"ram_Usada";"GB";"2022-11-07 09:52:31";7.43
"Servidor-SPTECH";"ram";"ram_Usada";"GB";"2022-11-07 09:52:29";7.45
"Servidor-SPTECH";"ram";"ram_Usada";"GB";"2022-11-07 09:52:28";7.52
"Servidor-SPTECH";"ram";"ram_Usada";"GB";"2022-11-07 09:52:26";7.57
"Servidor-SPTECH";"ram";"ram_Usada";"GB";"2022-11-07 09:52:24";7.59
"Servidor-SPTECH";"ram";"ram_Usada";"GB";"2022-11-07 09:52:21";7.17
"Servidor-SPTECH";"ram";"ram_Usada";"GB";"2022-11-07 09:52:19";6.98
"Servidor-SPTECH";"ram";"ram_Usada";"GB";"2022-11-07 09:52:17";6.89
"Servidor-SPTECH";"ram";"ram_Usada";"GB";"2022-11-07 09:52:16";6.83
"Servidor-SPTECH";"ram";"ram_Usada";"GB";"2022-11-07 09:52:14";6.84
"Servidor-SPTECH";"ram";"ram_Usada";"GB";"2022-11-07 09:52:13";6.91
"Servidor-SPTECH";"ram";"ram_Usada";"GB";"2022-11-07 09:52:11";7.14
"Servidor-SPTECH";"ram";"ram_Usada";"GB";"2022-11-07 09:52:09";7.16
"Servidor-SPTECH";"ram";"ram_Usada";"GB";"2022-11-07 09:52:07";7.16
"Servidor-SPTECH";"ram";"ram_Usada";"GB";"2022-11-07 09:52:06";7.12
"Servidor-SPTECH";"ram";"ram_Usada";"GB";"2022-11-07 09:52:04";7.11
"Servidor-SPTECH";"ram";"ram_Usada";"GB";"2022-11-07 09:52:02";7.07
"Servidor-SPTECH";"ram";"ram_Usada";"GB";"2022-11-07 09:52:00";7.09
"Servidor-SPTECH";"ram";"ram_Usada";"GB";"2022-11-07 09:51:59";7.1
"Servidor-SPTECH";"ram";"ram_Usada";"GB";"2022-11-07 09:51:57";7.18
"Servidor-SPTECH";"ram";"ram_Usada";"GB";"2022-11-07 09:51:55";7.26
"Servidor-SPTECH";"ram";"ram_Usada";"GB";"2022-11-07 09:51:54";7.3
"Servidor-SPTECH";"ram";"ram_Usada";"GB";"2022-11-07 09:51:52";7.28
"Servidor-SPTECH";"ram";"ram_Usada";"GB";"2022-11-07 09:51:50";7.14
"Servidor-SPTECH";"ram";"ram_Usada";"GB";"2022-11-07 09:51:48";7.19
"Servidor-SPTECH";"ram";"ram_Usada";"GB";"2022-11-07 09:51:47";7.14
"Servidor-SPTECH";"ram";"ram_Usada";"GB";"2022-11-07 09:51:45";7.14
"Servidor-SPTECH";"ram";"ram_Usada";"GB";"2022-11-07 09:51:44";7.16
"Servidor-SPTECH";"ram";"ram_Usada";"GB";"2022-11-07 09:51:42";7.23
"Servidor-SPTECH";"ram";"ram_Usada";"GB";"2022-11-07 09:51:40";7.18
"Servidor-SPTECH";"ram";"ram_Usada";"GB";"2022-11-07 09:51:38";7.09
"Servidor-SPTECH";"ram";"ram_Usada";"GB";"2022-11-07 09:51:36";7.06
"Servidor-SPTECH";"ram";"ram_Usada";"GB";"2022-11-07 09:51:34";6.92
"Servidor-SPTECH";"ram";"ram_Usada";"GB";"2022-11-07 09:51:32";6.74
"Servidor-SPTECH";"ram";"ram_Usada";"GB";"2022-11-07 09:51:31";6.71
"Servidor-SPTECH";"ram";"ram_Usada";"GB";"2022-11-07 09:51:29";6.71
"Servidor-SPTECH";"ram";"ram_Usada";"GB";"2022-11-07 09:51:28";6.71
"Servidor-SPTECH";"ram";"ram_Usada";"GB";"2022-11-07 09:51:26";6.73
"Servidor-SPTECH";"ram";"ram_Usada";"GB";"2022-11-07 09:51:24";6.85
"Servidor-SPTECH";"ram";"ram_Usada";"GB";"2022-11-07 09:51:22";6.91
"Servidor-SPTECH";"ram";"ram_Usada";"GB";"2022-11-07 09:51:20";6.95
"Servidor-SPTECH";"ram";"ram_Usada";"GB";"2022-11-07 09:51:19";6.75
"Servidor-SPTECH";"ram";"ram_Usada";"GB";"2022-11-07 09:51:17";6.76
"Servidor-SPTECH";"ram";"ram_Usada";"GB";"2022-11-07 09:51:14";6.76
"Servidor-SPTECH";"ram";"ram_Usada";"GB";"2022-11-07 09:51:13";6.82
"Servidor-SPTECH";"ram";"ram_Usada";"GB";"2022-11-07 09:51:11";6.79
"Servidor-SPTECH";"ram";"ram_Usada";"GB";"2022-11-07 09:51:10";6.82
"Servidor-SPTECH";"ram";"ram_Usada";"GB";"2022-11-07 09:51:08";6.82
"Servidor-SPTECH";"ram";"ram_Usada";"GB";"2022-11-07 09:51:07";6.77
"Servidor-SPTECH";"ram";"ram_Usada";"GB";"2022-11-07 09:51:05";6.8
"Servidor-SPTECH";"ram";"ram_Usada";"GB";"2022-11-07 09:51:03";6.76
"Servidor-SPTECH";"ram";"ram_Usada";"GB";"2022-11-07 09:51:02";6.87
"Servidor-SPTECH";"ram";"ram_Usada";"GB";"2022-11-07 09:51:00";7.0
"Servidor-SPTECH";"ram";"ram_Usada";"GB";"2022-11-07 09:50:58";7.02
"Servidor-SPTECH";"ram";"ram_Usada";"GB";"2022-11-07 09:50:56";7.31
"Servidor-SPTECH";"ram";"ram_Usada";"GB";"2022-11-07 09:50:54";7.36
"Servidor-SPTECH";"ram";"ram_Usada";"GB";"2022-11-04 14:20:20";7.14
"Servidor-SPTECH";"ram";"ram_Usada";"GB";"2022-11-04 14:20:18";7.13
"Servidor-SPTECH";"ram";"ram_Usada";"GB";"2022-11-04 14:20:17";7.07
"Servidor-SPTECH";"ram";"ram_Usada";"GB";"2022-11-04 14:20:15";7.28
"Servidor-SPTECH";"ram";"ram_Usada";"GB";"2022-11-04 14:20:14";7.43
"Servidor-SPTECH";"ram";"ram_Usada";"GB";"2022-11-04 14:20:13";7.55
"Servidor-SPTECH";"ram";"ram_Usada";"GB";"2022-11-04 14:20:11";7.57
"Servidor-SPTECH";"ram";"ram_Usada";"GB";"2022-11-04 14:20:10";7.55
"Servidor-SPTECH";"ram";"ram_Usada";"GB";"2022-11-04 14:20:08";7.54
"Servidor-SPTECH";"ram";"ram_Usada";"GB";"2022-11-04 14:20:07";7.54
"Servidor-SPTECH";"ram";"ram_Usada";"GB";"2022-11-04 14:20:05";7.48
"Servidor-SPTECH";"ram";"ram_Usada";"GB";"2022-11-04 14:20:04";7.5
"Servidor-SPTECH";"ram";"ram_Usada";"GB";"2022-11-04 14:20:03";7.59
"Servidor-SPTECH";"ram";"ram_Usada";"GB";"2022-11-04 14:15:08";6.99
"Servidor-SPTECH";"ram";"ram_Usada";"GB";"2022-11-04 14:15:07";7.01
"Servidor-SPTECH";"ram";"ram_Usada";"GB";"2022-11-04 14:15:05";6.92
"Servidor-SPTECH";"ram";"ram_Usada";"GB";"2022-11-04 14:15:04";6.94
"Servidor-SPTECH";"ram";"ram_Usada";"GB";"2022-11-04 14:15:02";6.98
"Servidor-SPTECH";"ram";"ram_Usada";"GB";"2022-11-04 14:15:01";7.0
"Servidor-SPTECH";"ram";"ram_Usada";"GB";"2022-11-04 14:14:59";6.99
"Servidor-SPTECH";"ram";"ram_Usada";"GB";"2022-11-04 14:14:58";6.99
"Servidor-SPTECH";"ram";"ram_Usada";"GB";"2022-11-04 14:14:56";7.02
"Servidor-SPTECH";"ram";"ram_Usada";"GB";"2022-11-04 14:14:55";7.04
"Servidor-SPTECH";"ram";"ram_Usada";"GB";"2022-11-04 14:14:53";7.03
"Servidor-SPTECH";"ram";"ram_Usada";"GB";"2022-11-04 14:14:52";7.04
"Servidor-SPTECH";"ram";"ram_Usada";"GB";"2022-11-04 14:14:50";6.86
"Servidor-SPTECH";"ram";"ram_Usada";"GB";"2022-11-04 14:14:49";6.8
"Servidor-SPTECH";"ram";"ram_Usada";"GB";"2022-11-04 14:14:47";6.68
"Servidor-SPTECH";"ram";"ram_Usada";"GB";"2022-11-04 14:14:46";6.77
"Servidor-SPTECH";"ram";"ram_Usada";"GB";"2022-11-04 14:14:44";6.66
"Servidor-SPTECH";"ram";"ram_Usada";"GB";"2022-11-04 14:14:43";6.53
"Servidor-SPTECH";"ram";"ram_Usada";"GB";"2022-11-04 14:14:41";6.41
"Servidor-SPTECH";"ram";"ram_Usada";"GB";"2022-11-04 14:14:39";6.22
"Servidor-SPTECH";"ram";"ram_Usada";"GB";"2022-11-04 14:14:37";5.06
"Servidor-SPTECH";"ram";"ram_Usada";"GB";"2022-11-04 14:14:35";5.28
"Servidor-SPTECH";"ram";"ram_Usada";"GB";"2022-11-04 14:14:34";5.32
"Servidor-SPTECH";"ram";"ram_Usada";"GB";"2022-11-04 14:14:32";5.28
"Servidor-SPTECH";"ram";"ram_Usada";"GB";"2022-11-04 14:14:31";7.47
"Servidor-SPTECH";"ram";"ram_Usada";"GB";"2022-11-04 14:14:29";6.91
"Servidor-SPTECH";"ram";"ram_Usada";"GB";"2022-11-04 14:14:28";6.9
"Servidor-SPTECH";"ram";"ram_Usada";"GB";"2022-11-04 14:14:26";6.86
"Servidor-SPTECH";"ram";"ram_Usada";"GB";"2022-11-04 14:14:25";6.86
"Servidor-SPTECH";"ram";"ram_Usada";"GB";"2022-11-04 14:14:23";6.87
"Servidor-SPTECH";"ram";"ram_Usada";"GB";"2022-11-04 14:14:22";6.86
"Servidor-SPTECH";"ram";"ram_Usada";"GB";"2022-11-04 14:14:20";6.87
"Servidor-SPTECH";"ram";"ram_Usada";"GB";"2022-11-04 14:14:19";6.75
"Servidor-SPTECH";"ram";"ram_Usada";"GB";"2022-11-04 14:14:17";6.75
"Servidor-SPTECH";"ram";"ram_Usada";"GB";"2022-11-04 14:14:16";6.74
"Servidor-SPTECH";"ram";"ram_Usada";"GB";"2022-11-04 14:14:15";6.73
"Servidor-SPTECH";"ram";"ram_Usada";"GB";"2022-11-04 14:14:13";6.73
"Servidor-SPTECH";"ram";"ram_Usada";"GB";"2022-11-04 14:14:12";6.73
"Servidor-SPTECH";"ram";"ram_Usada";"GB";"2022-11-04 14:14:10";6.74
"Servidor-SPTECH";"ram";"ram_Usada";"GB";"2022-11-04 14:14:09";6.71
"Servidor-SPTECH";"ram";"ram_Usada";"GB";"2022-11-04 14:14:08";6.83
"Servidor-SPTECH";"ram";"ram_Usada";"GB";"2022-11-04 14:14:06";6.92
"Servidor-SPTECH";"ram";"ram_Usada";"GB";"2022-11-04 14:14:05";6.93
"Servidor-SPTECH";"ram";"ram_Usada";"GB";"2022-11-04 14:14:03";6.92
"Servidor-SPTECH";"ram";"ram_Usada";"GB";"2022-11-04 14:14:02";6.93
"Servidor-SPTECH";"ram";"ram_Usada";"GB";"2022-11-04 14:14:00";7.04
"Servidor-SPTECH";"ram";"ram_Usada";"GB";"2022-11-04 14:13:59";7.12
"Servidor-SPTECH";"ram";"ram_Usada";"GB";"2022-11-04 14:13:57";7.09
"Servidor-SPTECH";"ram";"ram_Usada";"GB";"2022-11-04 14:13:56";7.12
"Servidor-SPTECH";"ram";"ram_Usada";"GB";"2022-11-04 14:13:55";7.19
"Servidor-SPTECH";"ram";"ram_Usada";"GB";"2022-11-04 14:13:52";6.88
"Servidor-SPTECH";"ram";"ram_Usada";"GB";"2022-11-04 14:13:50";6.88
"Servidor-SPTECH";"ram";"ram_Usada";"GB";"2022-11-04 14:13:49";6.87
"Servidor-SPTECH";"ram";"ram_Usada";"GB";"2022-11-04 14:13:48";6.93
"Servidor-SPTECH";"ram";"ram_Usada";"GB";"2022-11-04 14:13:46";6.91
"Servidor-SPTECH";"ram";"ram_Usada";"GB";"2022-11-04 14:13:45";6.92
"Servidor-SPTECH";"ram";"ram_Usada";"GB";"2022-11-04 14:13:43";6.91
"Servidor-SPTECH";"ram";"ram_Usada";"GB";"2022-11-04 14:13:42";6.87
"Servidor-SPTECH";"ram";"ram_Usada";"GB";"2022-11-04 14:13:40";6.86
"Servidor-SPTECH";"ram";"ram_Usada";"GB";"2022-11-04 14:13:39";6.85
"Servidor-SPTECH";"ram";"ram_Usada";"GB";"2022-11-04 14:13:38";6.85
"Servidor-SPTECH";"ram";"ram_Usada";"GB";"2022-11-04 14:13:36";6.85
"Servidor-SPTECH";"ram";"ram_Usada";"GB";"2022-11-04 14:13:35";6.91
"Servidor-SPTECH";"ram";"ram_Usada";"GB";"2022-11-04 14:13:33";6.9
"Servidor-SPTECH";"ram";"ram_Usada";"GB";"2022-11-04 14:13:32";6.91
"Servidor-SPTECH";"ram";"ram_Usada";"GB";"2022-11-04 14:13:30";6.9
"Servidor-SPTECH";"ram";"ram_Usada";"GB";"2022-11-04 14:13:29";6.9
"Servidor-SPTECH";"ram";"ram_Usada";"GB";"2022-11-04 14:13:27";6.9
"Servidor-SPTECH";"ram";"ram_Usada";"GB";"2022-11-04 14:13:26";6.9
"Servidor-SPTECH";"ram";"ram_Usada";"GB";"2022-11-04 14:13:25";6.9
"Servidor-SPTECH";"ram";"ram_Usada";"GB";"2022-11-04 14:13:23";6.87
"Servidor-SPTECH";"ram";"ram_Usada";"GB";"2022-11-04 14:13:22";6.89
"Servidor-SPTECH";"ram";"ram_Usada";"GB";"2022-11-04 14:13:20";6.89
"Servidor-SPTECH";"ram";"ram_Usada";"GB";"2022-11-04 14:13:19";6.88
"Servidor-SPTECH";"ram";"ram_Usada";"GB";"2022-11-04 14:13:17";6.91
"Servidor-SPTECH";"ram";"ram_Usada";"GB";"2022-11-04 14:13:16";6.89
"Servidor-SPTECH";"ram";"ram_Usada";"GB";"2022-11-04 14:13:14";7.02
"Servidor-SPTECH";"ram";"ram_Usada";"GB";"2022-11-04 14:13:13";7.04
"Servidor-SPTECH";"ram";"ram_Usada";"GB";"2022-11-04 14:13:12";6.97
"Servidor-SPTECH";"ram";"ram_Usada";"GB";"2022-11-04 14:13:10";6.91
"Servidor-SPTECH";"ram";"ram_Usada";"GB";"2022-11-04 14:13:09";6.91
"Servidor-SPTECH";"ram";"ram_Usada";"GB";"2022-11-04 14:13:07";6.92
"Servidor-SPTECH";"ram";"ram_Usada";"GB";"2022-11-04 14:13:06";6.81
"Servidor-SPTECH";"ram";"ram_Usada";"GB";"2022-11-04 14:13:04";6.74
"Servidor-SPTECH";"ram";"ram_Usada";"GB";"2022-11-04 14:13:03";6.74
"Servidor-SPTECH";"ram";"ram_Usada";"GB";"2022-11-04 14:13:01";6.72
"Servidor-SPTECH";"ram";"ram_Usada";"GB";"2022-11-04 14:13:00";6.7
"Servidor-SPTECH";"ram";"ram_Usada";"GB";"2022-11-04 14:12:59";6.77
"Servidor-SPTECH";"ram";"ram_Usada";"GB";"2022-11-04 14:12:57";6.79
"Servidor-SPTECH";"ram";"ram_Usada";"GB";"2022-11-04 14:12:56";6.86
"Servidor-SPTECH";"ram";"ram_Usada";"GB";"2022-11-04 14:12:54";6.86
"Servidor-SPTECH";"ram";"ram_Usada";"GB";"2022-11-04 14:12:53";6.88
"Servidor-SPTECH";"ram";"ram_Usada";"GB";"2022-11-04 14:12:51";6.92
"Servidor-SPTECH";"ram";"ram_Usada";"GB";"2022-11-04 14:12:50";6.93
"Servidor-SPTECH";"ram";"ram_Usada";"GB";"2022-11-04 14:12:48";6.95
"Servidor-SPTECH";"ram";"ram_Usada";"GB";"2022-11-04 14:12:47";6.98
"Servidor-SPTECH";"ram";"ram_Usada";"GB";"2022-11-04 14:12:46";7.01
"Servidor-SPTECH";"ram";"ram_Usada";"GB";"2022-11-04 14:12:44";7.11
"Servidor-SPTECH";"ram";"ram_Usada";"GB";"2022-11-04 14:12:43";7.03
"Servidor-SPTECH";"ram";"ram_Usada";"GB";"2022-11-04 14:12:41";6.92
"Servidor-SPTECH";"ram";"ram_Usada";"GB";"2022-11-04 14:12:40";6.93
"Servidor-SPTECH";"ram";"ram_Usada";"GB";"2022-11-04 14:12:38";6.87
"Servidor-SPTECH";"ram";"ram_Usada";"GB";"2022-11-04 14:12:37";6.99
"Servidor-SPTECH";"ram";"ram_Usada";"GB";"2022-11-04 14:12:35";6.97
"Servidor-SPTECH";"ram";"ram_Usada";"GB";"2022-11-04 14:12:34";6.73
"Servidor-SPTECH";"ram";"ram_Usada";"GB";"2022-11-04 14:12:33";6.74
"Servidor-SPTECH";"ram";"ram_Usada";"GB";"2022-11-04 14:12:31";6.7
"Servidor-SPTECH";"ram";"ram_Usada";"GB";"2022-11-04 14:12:30";6.65
"Servidor-SPTECH";"ram";"ram_Usada";"GB";"2022-11-04 14:12:28";6.64
"Servidor-SPTECH";"ram";"ram_Usada";"GB";"2022-11-04 14:12:27";6.58
"Servidor-SPTECH";"ram";"ram_Usada";"GB";"2022-11-04 14:12:25";6.58
"Servidor-SPTECH";"ram";"ram_Usada";"GB";"2022-11-04 14:12:24";6.58
"Servidor-SPTECH";"ram";"ram_Usada";"GB";"2022-11-04 14:12:22";6.58
"Servidor-SPTECH";"ram";"ram_Usada";"GB";"2022-11-04 14:12:21";6.57
"Servidor-SPTECH";"ram";"ram_Usada";"GB";"2022-11-04 14:12:20";6.54
"Servidor-SPTECH";"ram";"ram_Usada";"GB";"2022-11-04 14:12:18";6.93
"Servidor-SPTECH";"ram";"ram_Usada";"GB";"2022-11-04 14:12:17";6.94
"Servidor-SPTECH";"ram";"ram_Usada";"GB";"2022-11-04 14:12:15";6.93
"Servidor-SPTECH";"ram";"ram_Usada";"GB";"2022-11-04 14:12:14";7.0
"Servidor-SPTECH";"ram";"ram_Usada";"GB";"2022-11-04 14:12:12";6.62
"Servidor-SPTECH";"ram";"ram_Usada";"GB";"2022-11-04 14:12:11";6.62
"Servidor-SPTECH";"ram";"ram_Usada";"GB";"2022-11-04 14:12:09";6.62
"Servidor-SPTECH";"ram";"ram_Usada";"GB";"2022-11-04 14:12:08";7.01
"Servidor-SPTECH";"ram";"ram_Usada";"GB";"2022-11-04 14:12:07";7.0
"Servidor-SPTECH";"ram";"ram_Usada";"GB";"2022-11-04 14:12:05";6.71
"Servidor-SPTECH";"ram";"ram_Usada";"GB";"2022-11-04 14:12:04";6.71
"Servidor-SPTECH";"ram";"ram_Usada";"GB";"2022-11-04 14:12:02";6.74
"Servidor-SPTECH";"ram";"ram_Usada";"GB";"2022-11-04 14:12:01";6.74
"Servidor-SPTECH";"ram";"ram_Usada";"GB";"2022-11-04 14:11:59";6.73
"Servidor-SPTECH";"ram";"ram_Usada";"GB";"2022-11-04 14:11:58";6.73
"Servidor-SPTECH";"ram";"ram_Usada";"GB";"2022-11-04 14:11:56";6.73
"Servidor-SPTECH";"ram";"ram_Usada";"GB";"2022-11-04 14:11:55";6.78
"Servidor-SPTECH";"ram";"ram_Usada";"GB";"2022-11-04 14:11:54";6.74
"Servidor-SPTECH";"ram";"ram_Usada";"GB";"2022-11-04 14:11:52";6.55
"Servidor-SPTECH";"ram";"ram_Usada";"GB";"2022-11-04 14:11:51";6.51
"Servidor-SPTECH";"ram";"ram_Usada";"GB";"2022-11-04 14:11:49";6.51
"Servidor-SPTECH";"ram";"ram_Usada";"GB";"2022-11-04 14:11:48";6.55
"Servidor-SPTECH";"ram";"ram_Usada";"GB";"2022-11-04 14:11:46";6.55
"Servidor-SPTECH";"ram";"ram_Usada";"GB";"2022-11-04 14:11:45";6.55
"Servidor-SPTECH";"ram";"ram_Usada";"GB";"2022-11-04 14:11:43";6.55
"Servidor-SPTECH";"ram";"ram_Usada";"GB";"2022-11-04 14:11:42";6.88
"Servidor-SPTECH";"ram";"ram_Usada";"GB";"2022-11-04 14:11:40";6.86
"Servidor-SPTECH";"ram";"ram_Usada";"GB";"2022-11-04 14:11:39";6.42
"Servidor-SPTECH";"ram";"ram_Usada";"GB";"2022-11-04 14:11:38";6.37
"Servidor-SPTECH";"ram";"ram_Usada";"GB";"2022-11-04 14:11:36";6.37
"Servidor-SPTECH";"ram";"ram_Usada";"GB";"2022-11-04 14:11:35";6.37
"Servidor-SPTECH";"ram";"ram_Usada";"GB";"2022-11-04 14:11:33";6.37
"Servidor-SPTECH";"ram";"ram_Usada";"GB";"2022-11-04 14:11:32";6.4
"Servidor-SPTECH";"ram";"ram_Usada";"GB";"2022-11-04 14:11:30";6.41
"Servidor-SPTECH";"ram";"ram_Usada";"GB";"2022-11-04 14:11:29";6.41
"Servidor-SPTECH";"ram";"ram_Usada";"GB";"2022-11-04 14:11:27";6.41
"Servidor-SPTECH";"ram";"ram_Usada";"GB";"2022-11-04 14:11:26";6.41
"Servidor-SPTECH";"ram";"ram_Usada";"GB";"2022-11-04 14:11:25";6.41
"Servidor-SPTECH";"ram";"ram_Usada";"GB";"2022-11-04 14:11:23";6.33
"Servidor-SPTECH";"ram";"ram_Usada";"GB";"2022-11-04 14:11:22";6.34
"Servidor-SPTECH";"ram";"ram_Usada";"GB";"2022-11-04 14:11:20";6.37
"Servidor-SPTECH";"ram";"ram_Usada";"GB";"2022-11-04 14:11:19";6.41
"Servidor-SPTECH";"ram";"ram_Usada";"GB";"2022-11-04 14:11:17";6.43
"Servidor-SPTECH";"ram";"ram_Usada";"GB";"2022-11-04 14:11:16";6.44
"Servidor-SPTECH";"ram";"ram_Usada";"GB";"2022-11-04 14:11:14";6.45
"Servidor-SPTECH";"ram";"ram_Usada";"GB";"2022-11-04 14:11:13";6.47
"Servidor-SPTECH";"ram";"ram_Usada";"GB";"2022-11-04 14:11:12";6.47
"Servidor-SPTECH";"ram";"ram_Usada";"GB";"2022-11-04 14:11:10";6.57
"Servidor-SPTECH";"ram";"ram_Usada";"GB";"2022-11-04 14:11:09";6.57
"Servidor-SPTECH";"ram";"ram_Usada";"GB";"2022-11-04 14:11:07";6.62
"Servidor-SPTECH";"ram";"ram_Usada";"GB";"2022-11-04 14:11:06";6.62
"Servidor-SPTECH";"ram";"ram_Usada";"GB";"2022-11-04 14:11:04";6.76
"Servidor-SPTECH";"ram";"ram_Usada";"GB";"2022-11-04 14:11:03";6.65
"Servidor-SPTECH";"ram";"ram_Usada";"GB";"2022-11-04 14:11:01";6.65
"Servidor-SPTECH";"ram";"ram_Usada";"GB";"2022-11-04 14:11:00";6.66
"Servidor-SPTECH";"ram";"ram_Usada";"GB";"2022-11-04 14:10:58";6.65
"Servidor-SPTECH";"ram";"ram_Usada";"GB";"2022-11-04 14:10:57";6.27
"Servidor-SPTECH";"ram";"ram_Usada";"GB";"2022-11-04 14:10:55";6.25
"Servidor-SPTECH";"ram";"ram_Usada";"GB";"2022-11-04 14:10:54";6.25
"Servidor-SPTECH";"ram";"ram_Usada";"GB";"2022-11-04 14:10:53";6.3
"Servidor-SPTECH";"ram";"ram_Usada";"GB";"2022-11-04 14:10:51";6.31
"Servidor-SPTECH";"ram";"ram_Usada";"GB";"2022-11-04 14:10:50";6.31
"Servidor-SPTECH";"ram";"ram_Usada";"GB";"2022-11-04 14:10:48";6.32
"Servidor-SPTECH";"ram";"ram_Usada";"GB";"2022-11-04 14:10:47";6.31
"Servidor-SPTECH";"ram";"ram_Usada";"GB";"2022-11-04 14:10:45";6.34
"Servidor-SPTECH";"ram";"ram_Usada";"GB";"2022-11-04 14:10:44";6.34
"Servidor-SPTECH";"ram";"ram_Usada";"GB";"2022-11-04 14:10:42";6.31
"Servidor-SPTECH";"ram";"ram_Usada";"GB";"2022-11-04 14:10:41";6.32
"Servidor-SPTECH";"ram";"ram_Usada";"GB";"2022-11-04 14:10:40";6.39
"Servidor-SPTECH";"ram";"ram_Usada";"GB";"2022-11-04 14:10:38";6.4
"Servidor-SPTECH";"ram";"ram_Usada";"GB";"2022-11-04 14:10:37";6.52
"Servidor-SPTECH";"ram";"ram_Usada";"GB";"2022-11-04 14:10:35";6.61
"Servidor-SPTECH";"ram";"ram_Usada";"GB";"2022-11-04 14:10:34";6.61
"Servidor-SPTECH";"ram";"ram_Usada";"GB";"2022-11-04 14:10:32";6.74
"Servidor-SPTECH";"ram";"ram_Usada";"GB";"2022-11-04 14:10:31";6.71
"Servidor-SPTECH";"ram";"ram_Usada";"GB";"2022-11-04 14:10:29";6.75
"Servidor-SPTECH";"ram";"ram_Usada";"GB";"2022-11-04 14:10:28";6.4
"Servidor-SPTECH";"ram";"ram_Usada";"GB";"2022-11-04 14:10:27";6.38
"Servidor-SPTECH";"ram";"ram_Usada";"GB";"2022-11-04 14:10:25";6.37
"Servidor-SPTECH";"ram";"ram_Usada";"GB";"2022-11-04 14:10:24";6.37
"Servidor-SPTECH";"ram";"ram_Usada";"GB";"2022-11-04 14:10:22";6.35
"Servidor-SPTECH";"ram";"ram_Usada";"GB";"2022-11-04 14:10:21";6.57
"Servidor-SPTECH";"ram";"ram_Usada";"GB";"2022-11-04 14:10:19";6.57
"Servidor-SPTECH";"ram";"ram_Usada";"GB";"2022-11-04 14:10:18";6.72
"Servidor-SPTECH";"ram";"ram_Usada";"GB";"2022-11-04 14:10:16";6.73
"Servidor-SPTECH";"ram";"ram_Usada";"GB";"2022-11-04 14:10:15";6.69
"Servidor-SPTECH";"ram";"ram_Usada";"GB";"2022-11-04 14:10:14";6.27
"Servidor-SPTECH";"ram";"ram_Usada";"GB";"2022-11-04 14:10:12";6.3
"Servidor-SPTECH";"ram";"ram_Usada";"GB";"2022-11-04 14:10:11";6.3
"Servidor-SPTECH";"ram";"ram_Usada";"GB";"2022-11-04 14:10:09";6.29
"Servidor-SPTECH";"ram";"ram_Usada";"GB";"2022-11-04 14:10:08";6.28
"Servidor-SPTECH";"ram";"ram_Usada";"GB";"2022-11-04 14:10:06";6.27
"Servidor-SPTECH";"ram";"ram_Usada";"GB";"2022-11-04 14:10:05";6.24
"Servidor-SPTECH";"ram";"ram_Usada";"GB";"2022-11-04 14:10:04";6.25
"Servidor-SPTECH";"ram";"ram_Usada";"GB";"2022-11-04 14:10:02";6.25
"Servidor-SPTECH";"ram";"ram_Usada";"GB";"2022-11-04 14:10:01";6.26
"Servidor-SPTECH";"ram";"ram_Usada";"GB";"2022-11-04 14:09:59";6.25
"Servidor-SPTECH";"ram";"ram_Usada";"GB";"2022-11-04 14:09:58";6.25
"Servidor-SPTECH";"ram";"ram_Usada";"GB";"2022-11-04 14:09:56";6.24
"Servidor-SPTECH";"ram";"ram_Usada";"GB";"2022-11-04 14:09:55";6.24
"Servidor-SPTECH";"ram";"ram_Usada";"GB";"2022-11-04 14:09:53";6.26
"Servidor-SPTECH";"ram";"ram_Usada";"GB";"2022-11-04 14:09:52";6.29
"Servidor-SPTECH";"ram";"ram_Usada";"GB";"2022-11-04 14:09:51";6.2
"Servidor-SPTECH";"ram";"ram_Usada";"GB";"2022-11-04 14:09:49";6.25
"Servidor-SPTECH";"ram";"ram_Usada";"GB";"2022-11-04 14:09:48";6.25
"Servidor-SPTECH";"ram";"ram_Usada";"GB";"2022-11-04 14:09:46";6.27
"Servidor-SPTECH";"ram";"ram_Usada";"GB";"2022-11-04 14:09:45";6.28
"Servidor-SPTECH";"ram";"ram_Usada";"GB";"2022-11-04 14:09:43";6.33
"Servidor-SPTECH";"ram";"ram_Usada";"GB";"2022-11-04 14:09:42";6.41
"Servidor-SPTECH";"ram";"ram_Usada";"GB";"2022-11-04 14:09:40";6.45
"Servidor-SPTECH";"ram";"ram_Usada";"GB";"2022-11-04 14:09:39";6.51
"Servidor-SPTECH";"ram";"ram_Usada";"GB";"2022-11-04 14:09:37";6.52
"Servidor-SPTECH";"ram";"ram_Usada";"GB";"2022-11-04 14:09:36";6.52
"Servidor-SPTECH";"ram";"ram_Usada";"GB";"2022-11-04 14:09:35";6.54
"Servidor-SPTECH";"ram";"ram_Usada";"GB";"2022-11-04 14:09:33";6.47
"Servidor-SPTECH";"ram";"ram_Usada";"GB";"2022-11-04 14:09:32";6.66
"Servidor-SPTECH";"ram";"ram_Usada";"GB";"2022-11-04 14:09:30";6.66
"Servidor-SPTECH";"ram";"ram_Usada";"GB";"2022-11-04 14:09:29";6.8
"Servidor-SPTECH";"ram";"ram_Usada";"GB";"2022-11-04 14:09:27";6.8
"Servidor-SPTECH";"ram";"ram_Usada";"GB";"2022-11-04 14:09:26";6.82
"Servidor-SPTECH";"ram";"ram_Usada";"GB";"2022-11-04 14:09:24";6.43
"Servidor-SPTECH";"ram";"ram_Usada";"GB";"2022-11-04 14:09:23";6.36
"Servidor-SPTECH";"ram";"ram_Usada";"GB";"2022-11-04 14:09:21";6.35
"Servidor-SPTECH";"ram";"ram_Usada";"GB";"2022-11-04 14:09:20";6.33
"Servidor-SPTECH";"ram";"ram_Usada";"GB";"2022-11-04 14:09:19";6.49
"Servidor-SPTECH";"ram";"ram_Usada";"GB";"2022-11-04 14:09:17";6.6
"Servidor-SPTECH";"ram";"ram_Usada";"GB";"2022-11-04 14:09:16";6.61
"Servidor-SPTECH";"ram";"ram_Usada";"GB";"2022-11-04 14:09:14";6.75
"Servidor-SPTECH";"ram";"ram_Usada";"GB";"2022-11-04 14:09:13";6.73
"Servidor-SPTECH";"ram";"ram_Usada";"GB";"2022-11-04 14:09:11";6.72
"Servidor-SPTECH";"ram";"ram_Usada";"GB";"2022-11-04 14:09:10";6.39
"Servidor-SPTECH";"ram";"ram_Usada";"GB";"2022-11-04 14:09:08";6.4
"Servidor-SPTECH";"ram";"ram_Usada";"GB";"2022-11-04 14:09:07";6.55
"Servidor-SPTECH";"ram";"ram_Usada";"GB";"2022-11-04 14:09:06";6.54
"Servidor-SPTECH";"ram";"ram_Usada";"GB";"2022-11-04 14:09:04";6.89
"Servidor-SPTECH";"ram";"ram_Usada";"GB";"2022-11-04 14:09:03";6.69
"Servidor-SPTECH";"ram";"ram_Usada";"GB";"2022-11-04 14:09:01";6.65
"Servidor-SPTECH";"ram";"ram_Usada";"GB";"2022-11-04 14:09:00";6.35
"Servidor-SPTECH";"ram";"ram_Usada";"GB";"2022-11-04 14:08:58";6.34
"Servidor-SPTECH";"ram";"ram_Usada";"GB";"2022-11-04 14:08:57";6.35
"Servidor-SPTECH";"ram";"ram_Usada";"GB";"2022-11-04 14:08:55";6.51
"Servidor-SPTECH";"ram";"ram_Usada";"GB";"2022-11-04 14:08:54";6.6
"Servidor-SPTECH";"ram";"ram_Usada";"GB";"2022-11-04 14:08:53";6.77
"Servidor-SPTECH";"ram";"ram_Usada";"GB";"2022-11-04 14:08:51";6.78
"Servidor-SPTECH";"ram";"ram_Usada";"GB";"2022-11-04 14:08:50";6.8
"Servidor-SPTECH";"ram";"ram_Usada";"GB";"2022-11-04 14:08:48";6.6
"Servidor-SPTECH";"ram";"ram_Usada";"GB";"2022-11-04 14:08:47";6.6
"Servidor-SPTECH";"ram";"ram_Usada";"GB";"2022-11-04 14:08:45";6.68
"Servidor-SPTECH";"ram";"ram_Usada";"GB";"2022-11-04 14:08:44";6.82
"Servidor-SPTECH";"ram";"ram_Usada";"GB";"2022-11-04 14:08:42";6.85
"Servidor-SPTECH";"ram";"ram_Usada";"GB";"2022-11-04 14:08:41";6.92
"Servidor-SPTECH";"ram";"ram_Usada";"GB";"2022-11-04 14:08:39";6.56
"Servidor-SPTECH";"ram";"ram_Usada";"GB";"2022-11-04 14:08:38";6.55
"Servidor-SPTECH";"ram";"ram_Usada";"GB";"2022-11-04 14:08:36";6.47
"Servidor-SPTECH";"ram";"ram_Usada";"GB";"2022-11-04 14:08:35";6.45
"Servidor-SPTECH";"ram";"ram_Usada";"GB";"2022-11-04 14:08:34";6.46
"Servidor-SPTECH";"ram";"ram_Usada";"GB";"2022-11-04 14:08:32";6.46
"Servidor-SPTECH";"ram";"ram_Usada";"GB";"2022-11-04 14:08:31";6.51
"Servidor-SPTECH";"ram";"ram_Usada";"GB";"2022-11-04 14:08:29";6.51
"Servidor-SPTECH";"ram";"ram_Usada";"GB";"2022-11-04 14:08:28";6.52
"Servidor-SPTECH";"ram";"ram_Usada";"GB";"2022-11-04 14:08:26";6.52
"Servidor-SPTECH";"ram";"ram_Usada";"GB";"2022-11-04 14:08:25";6.53
"Servidor-SPTECH";"ram";"ram_Usada";"GB";"2022-11-04 14:08:24";6.55
"Servidor-SPTECH";"ram";"ram_Usada";"GB";"2022-11-04 14:08:22";6.56
"Servidor-SPTECH";"ram";"ram_Usada";"GB";"2022-11-04 14:08:21";6.5
"Servidor-SPTECH";"ram";"ram_Usada";"GB";"2022-11-04 14:08:19";6.54
"Servidor-SPTECH";"ram";"ram_Usada";"GB";"2022-11-04 14:08:18";6.53
"Servidor-SPTECH";"ram";"ram_Usada";"GB";"2022-11-04 14:08:16";6.52
"Servidor-SPTECH";"ram";"ram_Usada";"GB";"2022-11-04 14:08:15";6.56
"Servidor-SPTECH";"ram";"ram_Usada";"GB";"2022-11-04 14:08:13";6.53
"Servidor-SPTECH";"ram";"ram_Usada";"GB";"2022-11-04 14:08:12";6.44
"Servidor-SPTECH";"ram";"ram_Usada";"GB";"2022-11-04 14:08:11";6.49
"Servidor-SPTECH";"ram";"ram_Usada";"GB";"2022-11-04 14:08:09";6.51
"Servidor-SPTECH";"ram";"ram_Usada";"GB";"2022-11-04 14:08:08";6.5
"Servidor-SPTECH";"ram";"ram_Usada";"GB";"2022-11-04 14:08:06";6.49
"Servidor-SPTECH";"ram";"ram_Usada";"GB";"2022-11-04 14:08:05";6.47
"Servidor-SPTECH";"ram";"ram_Usada";"GB";"2022-11-04 14:08:03";6.47
"Servidor-SPTECH";"ram";"ram_Usada";"GB";"2022-11-04 14:08:02";6.47
"Servidor-SPTECH";"ram";"ram_Usada";"GB";"2022-11-04 14:08:01";6.69
"Servidor-SPTECH";"ram";"ram_Usada";"GB";"2022-11-04 14:07:59";6.65
"Servidor-SPTECH";"ram";"ram_Usada";"GB";"2022-11-04 14:07:58";6.81
"Servidor-SPTECH";"ram";"ram_Usada";"GB";"2022-11-04 14:07:56";6.8
"Servidor-SPTECH";"ram";"ram_Usada";"GB";"2022-11-04 14:07:55";6.94
"Servidor-SPTECH";"ram";"ram_Usada";"GB";"2022-11-04 14:07:53";6.95
"Servidor-SPTECH";"ram";"ram_Usada";"GB";"2022-11-04 14:07:52";6.57
"Servidor-SPTECH";"ram";"ram_Usada";"GB";"2022-11-04 14:07:50";6.6
"Servidor-SPTECH";"ram";"ram_Usada";"GB";"2022-11-04 14:07:49";6.6
"Servidor-SPTECH";"ram";"ram_Usada";"GB";"2022-11-04 14:07:48";6.6
"Servidor-SPTECH";"ram";"ram_Usada";"GB";"2022-11-04 14:07:46";6.6
"Servidor-SPTECH";"ram";"ram_Usada";"GB";"2022-11-04 14:07:45";6.46
"Servidor-SPTECH";"ram";"ram_Usada";"GB";"2022-11-04 14:07:43";6.45
"Servidor-SPTECH";"ram";"ram_Usada";"GB";"2022-11-04 14:07:42";6.45
"Servidor-SPTECH";"ram";"ram_Usada";"GB";"2022-11-04 14:07:40";6.44
"Servidor-SPTECH";"ram";"ram_Usada";"GB";"2022-11-04 14:07:39";6.44
"Servidor-SPTECH";"ram";"ram_Usada";"GB";"2022-11-04 14:07:37";6.45
"Servidor-SPTECH";"ram";"ram_Usada";"GB";"2022-11-04 14:07:36";6.45
"Servidor-SPTECH";"ram";"ram_Usada";"GB";"2022-11-04 14:07:35";6.46
"Servidor-SPTECH";"ram";"ram_Usada";"GB";"2022-11-04 14:07:33";6.47
"Servidor-SPTECH";"ram";"ram_Usada";"GB";"2022-11-04 14:07:32";6.47
"Servidor-SPTECH";"ram";"ram_Usada";"GB";"2022-11-04 14:07:30";6.46
"Servidor-SPTECH";"ram";"ram_Usada";"GB";"2022-11-04 14:07:29";6.47
"Servidor-SPTECH";"ram";"ram_Usada";"GB";"2022-11-04 14:07:27";6.46
"Servidor-SPTECH";"ram";"ram_Usada";"GB";"2022-11-04 14:07:26";6.46
"Servidor-SPTECH";"ram";"ram_Usada";"GB";"2022-11-04 14:07:24";6.46
"Servidor-SPTECH";"ram";"ram_Usada";"GB";"2022-11-04 14:07:23";6.46
"Servidor-SPTECH";"ram";"ram_Usada";"GB";"2022-11-04 14:07:21";6.46
"Servidor-SPTECH";"ram";"ram_Usada";"GB";"2022-11-04 14:07:20";6.45
"Servidor-SPTECH";"ram";"ram_Usada";"GB";"2022-11-04 14:07:19";6.46
"Servidor-SPTECH";"ram";"ram_Usada";"GB";"2022-11-04 14:07:17";6.45
"Servidor-SPTECH";"ram";"ram_Usada";"GB";"2022-11-04 14:07:16";6.46
"Servidor-SPTECH";"ram";"ram_Usada";"GB";"2022-11-04 14:07:14";6.45
"Servidor-SPTECH";"ram";"ram_Usada";"GB";"2022-11-04 14:07:13";6.45
"Servidor-SPTECH";"ram";"ram_Usada";"GB";"2022-11-04 14:07:11";6.45
"Servidor-SPTECH";"ram";"ram_Usada";"GB";"2022-11-04 14:07:10";6.46
"Servidor-SPTECH";"ram";"ram_Usada";"GB";"2022-11-04 14:07:08";6.46
"Servidor-SPTECH";"ram";"ram_Usada";"GB";"2022-11-04 14:07:07";6.45
"Servidor-SPTECH";"ram";"ram_Usada";"GB";"2022-11-04 14:07:06";6.45
"Servidor-SPTECH";"ram";"ram_Usada";"GB";"2022-11-04 14:07:04";6.45
"Servidor-SPTECH";"ram";"ram_Usada";"GB";"2022-11-04 14:07:03";6.47
"Servidor-SPTECH";"ram";"ram_Usada";"GB";"2022-11-04 14:07:01";6.46
"Servidor-SPTECH";"ram";"ram_Usada";"GB";"2022-11-04 14:07:00";6.45
"Servidor-SPTECH";"ram";"ram_Usada";"GB";"2022-11-04 14:06:58";6.44
"Servidor-SPTECH";"ram";"ram_Usada";"GB";"2022-11-04 14:06:57";6.45
"Servidor-SPTECH";"ram";"ram_Usada";"GB";"2022-11-04 14:06:55";6.45
"Servidor-SPTECH";"ram";"ram_Usada";"GB";"2022-11-04 14:06:54";6.46
"Servidor-SPTECH";"ram";"ram_Usada";"GB";"2022-11-04 14:06:53";6.49
"Servidor-SPTECH";"ram";"ram_Usada";"GB";"2022-11-04 14:06:51";6.49
"Servidor-SPTECH";"ram";"ram_Usada";"GB";"2022-11-04 14:06:50";6.49
"Servidor-SPTECH";"ram";"ram_Usada";"GB";"2022-11-04 14:06:48";6.5
"Servidor-SPTECH";"ram";"ram_Usada";"GB";"2022-11-04 14:06:47";6.5
"Servidor-SPTECH";"ram";"ram_Usada";"GB";"2022-11-04 14:06:45";6.5
"Servidor-SPTECH";"ram";"ram_Usada";"GB";"2022-11-04 14:06:44";6.5
"Servidor-SPTECH";"ram";"ram_Usada";"GB";"2022-11-04 14:06:42";6.48
"Servidor-SPTECH";"ram";"ram_Usada";"GB";"2022-11-04 14:06:41";6.5
"Servidor-SPTECH";"ram";"ram_Usada";"GB";"2022-11-04 14:06:40";6.51
"Servidor-SPTECH";"ram";"ram_Usada";"GB";"2022-11-04 14:06:38";6.51
"Servidor-SPTECH";"ram";"ram_Usada";"GB";"2022-11-04 14:06:37";6.51
"Servidor-SPTECH";"ram";"ram_Usada";"GB";"2022-11-04 14:06:35";6.5
"Servidor-SPTECH";"ram";"ram_Usada";"GB";"2022-11-04 14:06:34";6.39
"Servidor-SPTECH";"ram";"ram_Usada";"GB";"2022-11-04 14:06:32";6.27
"Servidor-SPTECH";"ram";"ram_Usada";"GB";"2022-11-04 14:06:31";6.27
"Servidor-SPTECH";"ram";"ram_Usada";"GB";"2022-11-04 14:06:29";6.3
"Servidor-SPTECH";"ram";"ram_Usada";"GB";"2022-11-04 14:06:28";6.29
"Servidor-SPTECH";"ram";"ram_Usada";"GB";"2022-11-04 14:06:27";6.31
"Servidor-SPTECH";"ram";"ram_Usada";"GB";"2022-11-04 14:06:25";6.32
"Servidor-SPTECH";"ram";"ram_Usada";"GB";"2022-11-04 14:06:24";6.34
"Servidor-SPTECH";"ram";"ram_Usada";"GB";"2022-11-04 14:06:22";6.36
"Servidor-SPTECH";"ram";"ram_Usada";"GB";"2022-11-04 14:06:21";6.3
"Servidor-SPTECH";"ram";"ram_Usada";"GB";"2022-11-04 14:06:19";6.32
"Servidor-SPTECH";"ram";"ram_Usada";"GB";"2022-11-04 14:06:18";6.33
"Servidor-SPTECH";"ram";"ram_Usada";"GB";"2022-11-04 14:06:16";6.36
"Servidor-SPTECH";"ram";"ram_Usada";"GB";"2022-11-04 14:06:15";6.31
"Servidor-SPTECH";"ram";"ram_Usada";"GB";"2022-11-04 14:06:14";6.32
"Servidor-SPTECH";"ram";"ram_Usada";"GB";"2022-11-04 14:06:12";6.31
"Servidor-SPTECH";"ram";"ram_Usada";"GB";"2022-11-04 14:06:11";6.37
"Servidor-SPTECH";"ram";"ram_Usada";"GB";"2022-11-04 14:06:09";6.37
"Servidor-SPTECH";"ram";"ram_Usada";"GB";"2022-11-04 14:06:08";6.41
"Servidor-SPTECH";"ram";"ram_Usada";"GB";"2022-11-04 14:06:06";6.44
"Servidor-SPTECH";"ram";"ram_Usada";"GB";"2022-11-04 14:06:05";6.3
"Servidor-SPTECH";"ram";"ram_Usada";"GB";"2022-11-04 14:06:03";6.28
"Servidor-SPTECH";"ram";"ram_Usada";"GB";"2022-11-04 14:06:02";6.41
"Servidor-SPTECH";"ram";"ram_Usada";"GB";"2022-11-04 14:06:01";6.41
"Servidor-SPTECH";"ram";"ram_Usada";"GB";"2022-11-04 14:05:59";6.73
"Servidor-SPTECH";"ram";"ram_Usada";"GB";"2022-11-04 14:05:58";6.63
"Servidor-SPTECH";"ram";"ram_Usada";"GB";"2022-11-04 14:05:56";6.65
"Servidor-SPTECH";"ram";"ram_Usada";"GB";"2022-11-04 14:05:55";6.26
"Servidor-SPTECH";"ram";"ram_Usada";"GB";"2022-11-04 14:05:53";6.16
"Servidor-SPTECH";"ram";"ram_Usada";"GB";"2022-11-04 14:05:52";6.34
"Servidor-SPTECH";"ram";"ram_Usada";"GB";"2022-11-04 14:05:50";6.32
"Servidor-SPTECH";"ram";"ram_Usada";"GB";"2022-11-04 14:05:49";6.47
"Servidor-SPTECH";"ram";"ram_Usada";"GB";"2022-11-04 14:05:47";6.46
"Servidor-SPTECH";"ram";"ram_Usada";"GB";"2022-11-04 14:05:46";6.48
"Servidor-SPTECH";"ram";"ram_Usada";"GB";"2022-11-04 14:05:45";6.05
"Servidor-SPTECH";"ram";"ram_Usada";"GB";"2022-11-04 14:05:43";6.05
"Servidor-SPTECH";"ram";"ram_Usada";"GB";"2022-11-04 14:05:42";6.04
"Servidor-SPTECH";"ram";"ram_Usada";"GB";"2022-11-04 14:05:40";6.05
"Servidor-SPTECH";"ram";"ram_Usada";"GB";"2022-11-04 14:05:39";6.04
"Servidor-SPTECH";"ram";"ram_Usada";"GB";"2022-11-04 14:05:37";6.03
"Servidor-SPTECH";"ram";"ram_Usada";"GB";"2022-11-04 14:05:36";6.05
"Servidor-SPTECH";"ram";"ram_Usada";"GB";"2022-11-04 14:05:35";6.04
"Servidor-SPTECH";"ram";"ram_Usada";"GB";"2022-11-04 14:05:33";6.04
"Servidor-SPTECH";"ram";"ram_Usada";"GB";"2022-11-04 14:05:32";6.04
"Servidor-SPTECH";"ram";"ram_Usada";"GB";"2022-11-04 14:05:30";6.05
"Servidor-SPTECH";"ram";"ram_Usada";"GB";"2022-11-04 14:05:29";6.07
"Servidor-SPTECH";"ram";"ram_Usada";"GB";"2022-11-04 14:05:27";6.08
"Servidor-SPTECH";"ram";"ram_Usada";"GB";"2022-11-04 14:05:26";6.08
"Servidor-SPTECH";"ram";"ram_Usada";"GB";"2022-11-04 14:05:24";6.13
"Servidor-SPTECH";"ram";"ram_Usada";"GB";"2022-11-04 14:05:23";6.13
"Servidor-SPTECH";"ram";"ram_Usada";"GB";"2022-11-04 14:05:22";6.18
"Servidor-SPTECH";"ram";"ram_Usada";"GB";"2022-11-04 14:05:20";6.19
"Servidor-SPTECH";"ram";"ram_Usada";"GB";"2022-11-04 14:05:19";6.15
"Servidor-SPTECH";"ram";"ram_Usada";"GB";"2022-11-04 14:05:17";6.15
"Servidor-SPTECH";"ram";"ram_Usada";"GB";"2022-11-04 14:05:16";6.15
"Servidor-SPTECH";"ram";"ram_Usada";"GB";"2022-11-04 14:05:15";6.18
"Servidor-SPTECH";"ram";"ram_Usada";"GB";"2022-11-04 14:05:13";6.18
"Servidor-SPTECH";"ram";"ram_Usada";"GB";"2022-11-04 14:05:12";6.16
"Servidor-SPTECH";"ram";"ram_Usada";"GB";"2022-11-04 14:05:10";6.17
"Servidor-SPTECH";"ram";"ram_Usada";"GB";"2022-11-04 14:05:09";6.18
"Servidor-SPTECH";"ram";"ram_Usada";"GB";"2022-11-04 14:05:07";6.13
"Servidor-SPTECH";"ram";"ram_Usada";"GB";"2022-11-04 14:05:06";6.11
"Servidor-SPTECH";"ram";"ram_Usada";"GB";"2022-11-04 14:05:04";6.13
"Servidor-SPTECH";"ram";"ram_Usada";"GB";"2022-11-04 14:05:03";6.07
"Servidor-SPTECH";"ram";"ram_Usada";"GB";"2022-11-04 14:05:02";6.07
"Servidor-SPTECH";"ram";"ram_Usada";"GB";"2022-11-04 14:05:00";6.06
"Servidor-SPTECH";"ram";"ram_Usada";"GB";"2022-11-04 14:04:59";6.06
"Servidor-SPTECH";"ram";"ram_Usada";"GB";"2022-11-04 14:04:57";6.05
"Servidor-SPTECH";"ram";"ram_Usada";"GB";"2022-11-04 14:04:56";6.02
"Servidor-SPTECH";"ram";"ram_Usada";"GB";"2022-11-04 14:04:54";5.99
"Servidor-SPTECH";"ram";"ram_Usada";"GB";"2022-11-04 14:04:53";5.98
"Servidor-SPTECH";"ram";"ram_Usada";"GB";"2022-11-04 14:04:52";5.98
"Servidor-SPTECH";"ram";"ram_Usada";"GB";"2022-11-04 14:04:50";5.95
"Servidor-SPTECH";"ram";"ram_Usada";"GB";"2022-11-04 14:04:49";5.96
"Servidor-SPTECH";"ram";"ram_Usada";"GB";"2022-11-04 14:04:47";5.96
"Servidor-SPTECH";"ram";"ram_Usada";"GB";"2022-11-04 14:04:46";6.0
"Servidor-SPTECH";"ram";"ram_Usada";"GB";"2022-11-04 14:04:44";6.21
"Servidor-SPTECH";"ram";"ram_Usada";"GB";"2022-11-04 14:04:43";6.24
"Servidor-SPTECH";"ram";"ram_Usada";"GB";"2022-11-04 14:04:42";6.24
"Servidor-SPTECH";"ram";"ram_Usada";"GB";"2022-11-04 14:04:40";6.39
"Servidor-SPTECH";"ram";"ram_Usada";"GB";"2022-11-04 14:04:39";6.48
"Servidor-SPTECH";"ram";"ram_Usada";"GB";"2022-11-04 14:04:37";6.52
"Servidor-SPTECH";"ram";"ram_Usada";"GB";"2022-11-04 14:04:36";6.19
"Servidor-SPTECH";"ram";"ram_Usada";"GB";"2022-11-04 14:04:34";6.24
"Servidor-SPTECH";"ram";"ram_Usada";"GB";"2022-11-04 14:04:33";6.4
"Servidor-SPTECH";"ram";"ram_Usada";"GB";"2022-11-04 14:04:31";6.45
"Servidor-SPTECH";"ram";"ram_Usada";"GB";"2022-11-04 14:04:30";6.45
"Servidor-SPTECH";"ram";"ram_Usada";"GB";"2022-11-04 14:04:28";6.05
"Servidor-SPTECH";"ram";"ram_Usada";"GB";"2022-11-04 14:04:27";6.04
"Servidor-SPTECH";"ram";"ram_Usada";"GB";"2022-11-04 14:04:26";6.05
"Servidor-SPTECH";"ram";"ram_Usada";"GB";"2022-11-04 14:04:24";6.05
"Servidor-SPTECH";"ram";"ram_Usada";"GB";"2022-11-04 14:04:23";6.06
"Servidor-SPTECH";"ram";"ram_Usada";"GB";"2022-11-04 14:04:21";6.06
"Servidor-SPTECH";"ram";"ram_Usada";"GB";"2022-11-04 14:04:20";6.22
"Servidor-SPTECH";"ram";"ram_Usada";"GB";"2022-11-04 14:04:18";6.27
"Servidor-SPTECH";"ram";"ram_Usada";"GB";"2022-11-04 14:04:17";6.39
"Servidor-SPTECH";"ram";"ram_Usada";"GB";"2022-11-04 14:04:16";6.52
"Servidor-SPTECH";"ram";"ram_Usada";"GB";"2022-11-04 14:04:14";6.72
"Servidor-SPTECH";"ram";"ram_Usada";"GB";"2022-11-04 14:04:13";6.53
"Servidor-SPTECH";"ram";"ram_Usada";"GB";"2022-11-04 14:04:11";6.64
"Servidor-SPTECH";"ram";"ram_Usada";"GB";"2022-11-04 14:04:10";6.63
"Servidor-SPTECH";"ram";"ram_Usada";"GB";"2022-11-04 14:04:08";6.66
"Servidor-SPTECH";"ram";"ram_Usada";"GB";"2022-11-04 14:04:07";6.66
"Servidor-SPTECH";"ram";"ram_Usada";"GB";"2022-11-04 14:04:06";6.7
"Servidor-SPTECH";"ram";"ram_Usada";"GB";"2022-11-04 14:04:04";6.28
"Servidor-SPTECH";"ram";"ram_Usada";"GB";"2022-11-04 14:04:03";6.13
"Servidor-SPTECH";"ram";"ram_Usada";"GB";"2022-11-04 14:04:01";6.06
"Servidor-SPTECH";"ram";"ram_Usada";"GB";"2022-11-04 14:04:00";6.11
"Servidor-SPTECH";"ram";"ram_Usada";"GB";"2022-11-04 14:03:58";6.2
"Servidor-SPTECH";"ram";"ram_Usada";"GB";"2022-11-04 14:03:57";6.12
"Servidor-SPTECH";"ram";"ram_Usada";"GB";"2022-11-04 14:03:55";6.13
"Servidor-SPTECH";"ram";"ram_Usada";"GB";"2022-11-04 14:03:54";6.12
"Servidor-SPTECH";"ram";"ram_Usada";"GB";"2022-11-04 14:03:52";6.19
"Servidor-SPTECH";"ram";"ram_Usada";"GB";"2022-11-04 14:03:51";6.18
"Servidor-SPTECH";"ram";"ram_Usada";"GB";"2022-11-04 14:03:50";6.17
"Servidor-SPTECH";"ram";"ram_Usada";"GB";"2022-11-04 14:03:48";6.19
"Servidor-SPTECH";"ram";"ram_Usada";"GB";"2022-11-04 14:03:47";6.18
"Servidor-SPTECH";"ram";"ram_Usada";"GB";"2022-11-04 14:03:45";6.2
"Servidor-SPTECH";"ram";"ram_Usada";"GB";"2022-11-04 14:03:44";6.2
"Servidor-SPTECH";"ram";"ram_Usada";"GB";"2022-11-04 14:03:42";6.19
"Servidor-SPTECH";"ram";"ram_Usada";"GB";"2022-11-04 14:03:41";6.2
"Servidor-SPTECH";"ram";"ram_Usada";"GB";"2022-11-04 14:03:40";6.2
"Servidor-SPTECH";"ram";"ram_Usada";"GB";"2022-11-04 14:03:38";6.19
"Servidor-SPTECH";"ram";"ram_Usada";"GB";"2022-11-04 14:03:37";6.17
"Servidor-SPTECH";"ram";"ram_Usada";"GB";"2022-11-04 14:03:35";6.16
"Servidor-SPTECH";"ram";"ram_Usada";"GB";"2022-11-04 14:03:34";6.15
"Servidor-SPTECH";"ram";"ram_Usada";"GB";"2022-11-04 14:03:32";6.11
"Servidor-SPTECH";"ram";"ram_Usada";"GB";"2022-11-04 14:03:31";6.15
"Servidor-SPTECH";"ram";"ram_Usada";"GB";"2022-11-04 14:03:29";6.14
"Servidor-SPTECH";"ram";"ram_Usada";"GB";"2022-11-04 14:03:28";6.15
"Servidor-SPTECH";"ram";"ram_Usada";"GB";"2022-11-04 14:03:27";6.2
"Servidor-SPTECH";"ram";"ram_Usada";"GB";"2022-11-04 14:03:25";6.19
"Servidor-SPTECH";"ram";"ram_Usada";"GB";"2022-11-04 14:03:24";6.23
"Servidor-SPTECH";"ram";"ram_Usada";"GB";"2022-11-04 14:03:22";6.18
"Servidor-SPTECH";"ram";"ram_Usada";"GB";"2022-11-04 14:03:21";6.13
"Servidor-SPTECH";"ram";"ram_Usada";"GB";"2022-11-04 14:03:19";6.11
"Servidor-SPTECH";"ram";"ram_Usada";"GB";"2022-11-04 14:03:18";6.15
"Servidor-SPTECH";"ram";"ram_Usada";"GB";"2022-11-04 14:03:16";6.15
"Servidor-SPTECH";"ram";"ram_Usada";"GB";"2022-11-04 14:03:15";6.2
"Servidor-SPTECH";"ram";"ram_Usada";"GB";"2022-11-04 14:03:14";6.24
"Servidor-SPTECH";"ram";"ram_Usada";"GB";"2022-11-04 14:03:12";6.23
"Servidor-SPTECH";"ram";"ram_Usada";"GB";"2022-11-04 14:03:11";6.2
"Servidor-SPTECH";"ram";"ram_Usada";"GB";"2022-11-04 14:03:09";6.2
"Servidor-SPTECH";"ram";"ram_Usada";"GB";"2022-11-04 14:03:08";6.2
"Servidor-SPTECH";"ram";"ram_Usada";"GB";"2022-11-04 14:03:06";6.19
"Servidor-SPTECH";"ram";"ram_Usada";"GB";"2022-11-04 14:03:05";6.18
"Servidor-SPTECH";"ram";"ram_Usada";"GB";"2022-11-04 14:03:04";6.19
"Servidor-SPTECH";"ram";"ram_Usada";"GB";"2022-11-04 14:03:02";6.2
"Servidor-SPTECH";"ram";"ram_Usada";"GB";"2022-11-04 14:03:01";6.31
"Servidor-SPTECH";"ram";"ram_Usada";"GB";"2022-11-04 14:02:59";6.31
"Servidor-SPTECH";"ram";"ram_Usada";"GB";"2022-11-04 14:02:58";6.47
"Servidor-SPTECH";"ram";"ram_Usada";"GB";"2022-11-04 14:02:56";6.45
"Servidor-SPTECH";"ram";"ram_Usada";"GB";"2022-11-04 14:02:55";6.76
"Servidor-SPTECH";"ram";"ram_Usada";"GB";"2022-11-04 14:02:54";6.52
"Servidor-SPTECH";"ram";"ram_Usada";"GB";"2022-11-04 14:02:52";6.55
"Servidor-SPTECH";"ram";"ram_Usada";"GB";"2022-11-04 14:02:51";6.55
"Servidor-SPTECH";"ram";"ram_Usada";"GB";"2022-11-04 14:02:49";6.14
"Servidor-SPTECH";"ram";"ram_Usada";"GB";"2022-11-04 14:02:48";6.19
"Servidor-SPTECH";"ram";"ram_Usada";"GB";"2022-11-04 14:02:46";6.2
"Servidor-SPTECH";"ram";"ram_Usada";"GB";"2022-11-04 14:02:45";6.21
"Servidor-SPTECH";"ram";"ram_Usada";"GB";"2022-11-04 14:02:43";6.23
"Servidor-SPTECH";"ram";"ram_Usada";"GB";"2022-11-04 14:02:42";6.26
"Servidor-SPTECH";"ram";"ram_Usada";"GB";"2022-11-04 14:02:41";6.47
"Servidor-SPTECH";"ram";"ram_Usada";"GB";"2022-11-04 14:02:39";6.57
"Servidor-SPTECH";"ram";"ram_Usada";"GB";"2022-11-04 14:02:38";6.66
"Servidor-SPTECH";"ram";"ram_Usada";"GB";"2022-11-04 14:02:36";6.65
"Servidor-SPTECH";"ram";"ram_Usada";"GB";"2022-11-04 14:02:35";6.65
"Servidor-SPTECH";"ram";"ram_Usada";"GB";"2022-11-04 14:02:33";6.25
"Servidor-SPTECH";"ram";"ram_Usada";"GB";"2022-11-04 14:02:32";6.2
"Servidor-SPTECH";"ram";"ram_Usada";"GB";"2022-11-04 14:02:30";6.24
"Servidor-SPTECH";"ram";"ram_Usada";"GB";"2022-11-04 14:02:29";6.23
"Servidor-SPTECH";"ram";"ram_Usada";"GB";"2022-11-04 14:02:28";6.21
"Servidor-SPTECH";"ram";"ram_Usada";"GB";"2022-11-04 14:02:26";6.26
"Servidor-SPTECH";"ram";"ram_Usada";"GB";"2022-11-04 14:02:25";6.27
"Servidor-SPTECH";"ram";"ram_Usada";"GB";"2022-11-04 14:02:23";6.24
"Servidor-SPTECH";"ram";"ram_Usada";"GB";"2022-11-04 14:02:22";6.23
"Servidor-SPTECH";"ram";"ram_Usada";"GB";"2022-11-04 14:02:20";6.25
"Servidor-SPTECH";"ram";"ram_Usada";"GB";"2022-11-04 14:02:19";6.25
"Servidor-SPTECH";"ram";"ram_Usada";"GB";"2022-11-04 14:02:17";6.26
"Servidor-SPTECH";"ram";"ram_Usada";"GB";"2022-11-04 14:02:16";6.25
"Servidor-SPTECH";"ram";"ram_Usada";"GB";"2022-11-04 14:02:14";6.27
"Servidor-SPTECH";"ram";"ram_Usada";"GB";"2022-11-04 14:02:13";6.23
"Servidor-SPTECH";"ram";"ram_Usada";"GB";"2022-11-04 14:02:12";6.21
"Servidor-SPTECH";"ram";"ram_Usada";"GB";"2022-11-04 14:02:10";6.19
"Servidor-SPTECH";"ram";"ram_Usada";"GB";"2022-11-04 14:02:09";6.15
"Servidor-SPTECH";"ram";"ram_Usada";"GB";"2022-11-04 14:02:07";6.14
"Servidor-SPTECH";"ram";"ram_Usada";"GB";"2022-11-04 14:02:06";6.14
"Servidor-SPTECH";"ram";"ram_Usada";"GB";"2022-11-04 14:02:04";6.13
"Servidor-SPTECH";"ram";"ram_Usada";"GB";"2022-11-04 14:02:03";6.15
"Servidor-SPTECH";"ram";"ram_Usada";"GB";"2022-11-04 14:02:01";6.14
"Servidor-SPTECH";"ram";"ram_Usada";"GB";"2022-11-04 14:02:00";6.15
"Servidor-SPTECH";"ram";"ram_Usada";"GB";"2022-11-04 14:01:59";6.15
"Servidor-SPTECH";"ram";"ram_Usada";"GB";"2022-11-04 14:01:57";6.16
"Servidor-SPTECH";"ram";"ram_Usada";"GB";"2022-11-04 14:01:56";6.16
"Servidor-SPTECH";"ram";"ram_Usada";"GB";"2022-11-04 14:01:54";6.11
"Servidor-SPTECH";"ram";"ram_Usada";"GB";"2022-11-04 14:01:53";6.1
"Servidor-SPTECH";"ram";"ram_Usada";"GB";"2022-11-04 14:01:51";6.13
"Servidor-SPTECH";"ram";"ram_Usada";"GB";"2022-11-04 14:01:50";6.12
"Servidor-SPTECH";"ram";"ram_Usada";"GB";"2022-11-04 14:01:48";6.1
"Servidor-SPTECH";"ram";"ram_Usada";"GB";"2022-11-04 14:01:47";6.1
"Servidor-SPTECH";"ram";"ram_Usada";"GB";"2022-11-04 14:01:46";6.1
"Servidor-SPTECH";"ram";"ram_Usada";"GB";"2022-11-04 14:01:44";6.08
"Servidor-SPTECH";"ram";"ram_Usada";"GB";"2022-11-04 14:01:43";6.09
"Servidor-SPTECH";"ram";"ram_Usada";"GB";"2022-11-04 14:01:41";6.09
"Servidor-SPTECH";"ram";"ram_Usada";"GB";"2022-11-04 14:01:40";6.09
"Servidor-SPTECH";"ram";"ram_Usada";"GB";"2022-11-04 14:01:38";6.31
"Servidor-SPTECH";"ram";"ram_Usada";"GB";"2022-11-04 14:01:37";6.33
"Servidor-SPTECH";"ram";"ram_Usada";"GB";"2022-11-04 14:01:36";6.5
"Servidor-SPTECH";"ram";"ram_Usada";"GB";"2022-11-04 14:01:34";6.5
"Servidor-SPTECH";"ram";"ram_Usada";"GB";"2022-11-04 14:01:33";6.56
"Servidor-SPTECH";"ram";"ram_Usada";"GB";"2022-11-04 14:01:31";6.62
"Servidor-SPTECH";"ram";"ram_Usada";"GB";"2022-11-04 14:01:30";6.51
"Servidor-SPTECH";"ram";"ram_Usada";"GB";"2022-11-04 14:01:28";6.44
"Servidor-SPTECH";"ram";"ram_Usada";"GB";"2022-11-04 14:01:27";6.45
"Servidor-SPTECH";"ram";"ram_Usada";"GB";"2022-11-04 14:01:25";6.06
"Servidor-SPTECH";"ram";"ram_Usada";"GB";"2022-11-04 14:01:24";6.06
"Servidor-SPTECH";"ram";"ram_Usada";"GB";"2022-11-04 14:01:23";6.06
"Servidor-SPTECH";"ram";"ram_Usada";"GB";"2022-11-04 14:01:21";6.05
"Servidor-SPTECH";"ram";"ram_Usada";"GB";"2022-11-04 14:01:20";6.06
"Servidor-SPTECH";"ram";"ram_Usada";"GB";"2022-11-04 14:01:18";6.06
"Servidor-SPTECH";"ram";"ram_Usada";"GB";"2022-11-04 14:01:17";6.07
"Servidor-SPTECH";"ram";"ram_Usada";"GB";"2022-11-04 14:01:15";6.06
"Servidor-SPTECH";"ram";"ram_Usada";"GB";"2022-11-04 14:01:14";6.05
"Servidor-SPTECH";"ram";"ram_Usada";"GB";"2022-11-04 14:01:13";6.05
"Servidor-SPTECH";"ram";"ram_Usada";"GB";"2022-11-04 14:01:11";6.06
"Servidor-SPTECH";"ram";"ram_Usada";"GB";"2022-11-04 14:01:10";6.05
"Servidor-SPTECH";"ram";"ram_Usada";"GB";"2022-11-04 14:01:08";6.05
"Servidor-SPTECH";"ram";"ram_Usada";"GB";"2022-11-04 14:01:07";6.05
"Servidor-SPTECH";"ram";"ram_Usada";"GB";"2022-11-04 14:01:05";6.05
"Servidor-SPTECH";"ram";"ram_Usada";"GB";"2022-11-04 14:01:04";6.05
"Servidor-SPTECH";"ram";"ram_Usada";"GB";"2022-11-04 14:01:02";6.05
"Servidor-SPTECH";"ram";"ram_Usada";"GB";"2022-11-04 14:01:01";6.06
"Servidor-SPTECH";"ram";"ram_Usada";"GB";"2022-11-04 14:01:00";6.05
"Servidor-SPTECH";"ram";"ram_Usada";"GB";"2022-11-04 14:00:58";6.06
"Servidor-SPTECH";"ram";"ram_Usada";"GB";"2022-11-04 14:00:57";6.07
"Servidor-SPTECH";"ram";"ram_Usada";"GB";"2022-11-04 14:00:55";6.07
"Servidor-SPTECH";"ram";"ram_Usada";"GB";"2022-11-04 14:00:54";6.31
"Servidor-SPTECH";"ram";"ram_Usada";"GB";"2022-11-04 14:00:52";6.35
"Servidor-SPTECH";"ram";"ram_Usada";"GB";"2022-11-04 14:00:51";6.65
"Servidor-SPTECH";"ram";"ram_Usada";"GB";"2022-11-04 14:00:50";6.51
"Servidor-SPTECH";"ram";"ram_Usada";"GB";"2022-11-04 14:00:48";6.11
"Servidor-SPTECH";"ram";"ram_Usada";"GB";"2022-11-04 14:00:47";6.32
"Servidor-SPTECH";"ram";"ram_Usada";"GB";"2022-11-04 14:00:45";6.42
"Servidor-SPTECH";"ram";"ram_Usada";"GB";"2022-11-04 14:00:44";6.52
"Servidor-SPTECH";"ram";"ram_Usada";"GB";"2022-11-04 14:00:42";6.52
"Servidor-SPTECH";"ram";"ram_Usada";"GB";"2022-11-04 14:00:41";6.57
"Servidor-SPTECH";"ram";"ram_Usada";"GB";"2022-11-04 14:00:39";6.63
"Servidor-SPTECH";"ram";"ram_Usada";"GB";"2022-11-04 14:00:38";6.74
"Servidor-SPTECH";"ram";"ram_Usada";"GB";"2022-11-04 14:00:36";6.8
"Servidor-SPTECH";"ram";"ram_Usada";"GB";"2022-11-04 14:00:35";6.57
"Servidor-SPTECH";"ram";"ram_Usada";"GB";"2022-11-04 14:00:34";6.6
"Servidor-SPTECH";"ram";"ram_Usada";"GB";"2022-11-04 14:00:32";6.6
"Servidor-SPTECH";"ram";"ram_Usada";"GB";"2022-11-04 14:00:31";6.23
"Servidor-SPTECH";"ram";"ram_Usada";"GB";"2022-11-04 14:00:29";6.25
"Servidor-SPTECH";"ram";"ram_Usada";"GB";"2022-11-04 14:00:28";6.33
"Servidor-SPTECH";"ram";"ram_Usada";"GB";"2022-11-04 14:00:26";6.34
"Servidor-SPTECH";"ram";"ram_Usada";"GB";"2022-11-04 14:00:25";6.34
"Servidor-SPTECH";"ram";"ram_Usada";"GB";"2022-11-04 14:00:23";6.33
"Servidor-SPTECH";"ram";"ram_Usada";"GB";"2022-11-04 14:00:22";6.27
"Servidor-SPTECH";"ram";"ram_Usada";"GB";"2022-11-04 14:00:20";6.21
"Servidor-SPTECH";"ram";"ram_Usada";"GB";"2022-11-04 14:00:19";6.14
"Servidor-SPTECH";"ram";"ram_Usada";"GB";"2022-11-04 14:00:17";6.14
"Servidor-SPTECH";"ram";"ram_Usada";"GB";"2022-11-04 14:00:16";6.14
"Servidor-SPTECH";"ram";"ram_Usada";"GB";"2022-11-04 14:00:15";6.14
"Servidor-SPTECH";"ram";"ram_Usada";"GB";"2022-11-04 14:00:13";6.14
"Servidor-SPTECH";"ram";"ram_Usada";"GB";"2022-11-04 14:00:12";6.18
"Servidor-SPTECH";"ram";"ram_Usada";"GB";"2022-11-04 14:00:10";6.18
"Servidor-SPTECH";"ram";"ram_Usada";"GB";"2022-11-04 14:00:09";6.19
"Servidor-SPTECH";"ram";"ram_Usada";"GB";"2022-11-04 14:00:07";6.19
"Servidor-SPTECH";"ram";"ram_Usada";"GB";"2022-11-04 14:00:06";6.19
"Servidor-SPTECH";"ram";"ram_Usada";"GB";"2022-11-04 14:00:05";6.2
"Servidor-SPTECH";"ram";"ram_Usada";"GB";"2022-11-04 14:00:03";6.17
"Servidor-SPTECH";"ram";"ram_Usada";"GB";"2022-11-04 14:00:02";6.18
"Servidor-SPTECH";"ram";"ram_Usada";"GB";"2022-11-04 14:00:00";6.38
"Servidor-SPTECH";"ram";"ram_Usada";"GB";"2022-11-04 13:59:59";6.38
"Servidor-SPTECH";"ram";"ram_Usada";"GB";"2022-11-04 13:59:57";6.66
"Servidor-SPTECH";"ram";"ram_Usada";"GB";"2022-11-04 13:59:56";6.48
"Servidor-SPTECH";"ram";"ram_Usada";"GB";"2022-11-04 13:59:55";6.52
"Servidor-SPTECH";"ram";"ram_Usada";"GB";"2022-11-04 13:59:53";6.16
"Servidor-SPTECH";"ram";"ram_Usada";"GB";"2022-11-04 13:59:52";6.19
"Servidor-SPTECH";"ram";"ram_Usada";"GB";"2022-11-04 13:59:50";6.17
"Servidor-SPTECH";"ram";"ram_Usada";"GB";"2022-11-04 13:59:49";6.18
"Servidor-SPTECH";"ram";"ram_Usada";"GB";"2022-11-04 13:59:47";6.41
"Servidor-SPTECH";"ram";"ram_Usada";"GB";"2022-11-04 13:59:46";6.41
"Servidor-SPTECH";"ram";"ram_Usada";"GB";"2022-11-04 13:59:44";6.7
"Servidor-SPTECH";"ram";"ram_Usada";"GB";"2022-11-04 13:59:43";6.69
"Servidor-SPTECH";"ram";"ram_Usada";"GB";"2022-11-04 13:59:41";6.57
"Servidor-SPTECH";"ram";"ram_Usada";"GB";"2022-11-04 13:59:40";6.17
"Servidor-SPTECH";"ram";"ram_Usada";"GB";"2022-11-04 13:59:39";6.14
"Servidor-SPTECH";"ram";"ram_Usada";"GB";"2022-11-04 13:59:37";6.14
"Servidor-SPTECH";"ram";"ram_Usada";"GB";"2022-11-04 13:59:36";6.09
"Servidor-SPTECH";"ram";"ram_Usada";"GB";"2022-11-04 13:59:34";6.08
"Servidor-SPTECH";"ram";"ram_Usada";"GB";"2022-11-04 13:59:33";6.06
"Servidor-SPTECH";"ram";"ram_Usada";"GB";"2022-11-04 13:59:32";6.3
"Servidor-SPTECH";"ram";"ram_Usada";"GB";"2022-11-04 13:59:30";6.3
"Servidor-SPTECH";"ram";"ram_Usada";"GB";"2022-11-04 13:59:29";6.44
"Servidor-SPTECH";"ram";"ram_Usada";"GB";"2022-11-04 13:59:27";6.44
"Servidor-SPTECH";"ram";"ram_Usada";"GB";"2022-11-04 13:59:26";6.48
"Servidor-SPTECH";"ram";"ram_Usada";"GB";"2022-11-04 13:59:24";6.17
"Servidor-SPTECH";"ram";"ram_Usada";"GB";"2022-11-04 13:59:23";6.1
"Servidor-SPTECH";"ram";"ram_Usada";"GB";"2022-11-04 13:59:22";6.09
"Servidor-SPTECH";"ram";"ram_Usada";"GB";"2022-11-04 13:59:20";6.13
"Servidor-SPTECH";"ram";"ram_Usada";"GB";"2022-11-04 13:59:19";6.21
"Servidor-SPTECH";"ram";"ram_Usada";"GB";"2022-11-04 13:59:17";6.31
"Servidor-SPTECH";"ram";"ram_Usada";"GB";"2022-11-04 13:59:16";6.4
"Servidor-SPTECH";"ram";"ram_Usada";"GB";"2022-11-04 13:59:14";6.46
"Servidor-SPTECH";"ram";"ram_Usada";"GB";"2022-11-04 13:59:13";6.6
"Servidor-SPTECH";"ram";"ram_Usada";"GB";"2022-11-04 13:59:12";6.6
"Servidor-SPTECH";"ram";"ram_Usada";"GB";"2022-11-04 13:59:10";6.23
"Servidor-SPTECH";"ram";"ram_Usada";"GB";"2022-11-04 13:59:09";6.18
"Servidor-SPTECH";"ram";"ram_Usada";"GB";"2022-11-04 13:59:07";6.17
"Servidor-SPTECH";"ram";"ram_Usada";"GB";"2022-11-04 13:59:06";6.18
"Servidor-SPTECH";"ram";"ram_Usada";"GB";"2022-11-04 13:59:04";6.19
"Servidor-SPTECH";"ram";"ram_Usada";"GB";"2022-11-04 13:59:03";6.19
"Servidor-SPTECH";"ram";"ram_Usada";"GB";"2022-11-04 13:59:01";6.16
"Servidor-SPTECH";"ram";"ram_Usada";"GB";"2022-11-04 13:59:00";6.16
"Servidor-SPTECH";"ram";"ram_Usada";"GB";"2022-11-04 13:58:58";6.19
"Servidor-SPTECH";"ram";"ram_Usada";"GB";"2022-11-04 13:58:57";6.25
"Servidor-SPTECH";"ram";"ram_Usada";"GB";"2022-11-04 13:58:56";6.25
"Servidor-SPTECH";"ram";"ram_Usada";"GB";"2022-11-04 13:58:54";6.26
"Servidor-SPTECH";"ram";"ram_Usada";"GB";"2022-11-04 13:58:53";6.24
"Servidor-SPTECH";"ram";"ram_Usada";"GB";"2022-11-04 13:58:51";6.29
"Servidor-SPTECH";"ram";"ram_Usada";"GB";"2022-11-04 13:58:50";6.24
"Servidor-SPTECH";"ram";"ram_Usada";"GB";"2022-11-04 13:58:49";6.18
"Servidor-SPTECH";"ram";"ram_Usada";"GB";"2022-11-04 13:58:47";6.19
"Servidor-SPTECH";"ram";"ram_Usada";"GB";"2022-11-04 13:58:46";6.18
"Servidor-SPTECH";"ram";"ram_Usada";"GB";"2022-11-04 13:58:44";6.18
"Servidor-SPTECH";"ram";"ram_Usada";"GB";"2022-11-04 13:58:43";6.19
"Servidor-SPTECH";"ram";"ram_Usada";"GB";"2022-11-04 13:58:41";6.18
"Servidor-SPTECH";"ram";"ram_Usada";"GB";"2022-11-04 13:58:40";6.19
"Servidor-SPTECH";"ram";"ram_Usada";"GB";"2022-11-04 13:58:38";6.19
"Servidor-SPTECH";"ram";"ram_Usada";"GB";"2022-11-04 13:58:37";6.18
"Servidor-SPTECH";"ram";"ram_Usada";"GB";"2022-11-04 13:58:36";6.18
"Servidor-SPTECH";"ram";"ram_Usada";"GB";"2022-11-04 13:58:34";6.17
"Servidor-SPTECH";"ram";"ram_Usada";"GB";"2022-11-04 13:58:33";6.18
"Servidor-SPTECH";"ram";"ram_Usada";"GB";"2022-11-04 13:58:31";6.17
"Servidor-SPTECH";"ram";"ram_Usada";"GB";"2022-11-04 13:58:30";6.18
"Servidor-SPTECH";"ram";"ram_Usada";"GB";"2022-11-04 13:58:28";6.18
"Servidor-SPTECH";"ram";"ram_Usada";"GB";"2022-11-04 13:58:27";6.19
"Servidor-SPTECH";"ram";"ram_Usada";"GB";"2022-11-04 13:58:26";6.17
"Servidor-SPTECH";"ram";"ram_Usada";"GB";"2022-11-04 13:58:24";6.17
"Servidor-SPTECH";"ram";"ram_Usada";"GB";"2022-11-04 13:58:23";6.18
"Servidor-SPTECH";"ram";"ram_Usada";"GB";"2022-11-04 13:58:21";6.16
"Servidor-SPTECH";"ram";"ram_Usada";"GB";"2022-11-04 13:58:20";6.15
"Servidor-SPTECH";"ram";"ram_Usada";"GB";"2022-11-04 13:58:18";6.15
"Servidor-SPTECH";"ram";"ram_Usada";"GB";"2022-11-04 13:58:17";6.15
"Servidor-SPTECH";"ram";"ram_Usada";"GB";"2022-11-04 13:58:16";6.14
"Servidor-SPTECH";"ram";"ram_Usada";"GB";"2022-11-04 13:58:14";6.14
"Servidor-SPTECH";"ram";"ram_Usada";"GB";"2022-11-04 13:58:13";6.14
"Servidor-SPTECH";"ram";"ram_Usada";"GB";"2022-11-04 13:58:11";6.13
"Servidor-SPTECH";"ram";"ram_Usada";"GB";"2022-11-04 13:58:10";6.13
"Servidor-SPTECH";"ram";"ram_Usada";"GB";"2022-11-04 13:58:08";6.12
"Servidor-SPTECH";"ram";"ram_Usada";"GB";"2022-11-04 13:58:07";6.15
"Servidor-SPTECH";"ram";"ram_Usada";"GB";"2022-11-04 13:58:06";6.15
"Servidor-SPTECH";"ram";"ram_Usada";"GB";"2022-11-04 13:58:04";6.16
"Servidor-SPTECH";"ram";"ram_Usada";"GB";"2022-11-04 13:58:03";6.14
"Servidor-SPTECH";"ram";"ram_Usada";"GB";"2022-11-04 13:58:01";6.16
"Servidor-SPTECH";"ram";"ram_Usada";"GB";"2022-11-04 13:58:00";6.12
"Servidor-SPTECH";"ram";"ram_Usada";"GB";"2022-11-04 13:57:58";6.12
"Servidor-SPTECH";"ram";"ram_Usada";"GB";"2022-11-04 13:57:57";6.12
"Servidor-SPTECH";"ram";"ram_Usada";"GB";"2022-11-04 13:57:55";6.12
"Servidor-SPTECH";"ram";"ram_Usada";"GB";"2022-11-04 13:57:54";6.12
"Servidor-SPTECH";"ram";"ram_Usada";"GB";"2022-11-04 13:57:53";6.12
"Servidor-SPTECH";"ram";"ram_Usada";"GB";"2022-11-04 13:57:51";6.13
"Servidor-SPTECH";"ram";"ram_Usada";"GB";"2022-11-04 13:57:50";6.19
"Servidor-SPTECH";"ram";"ram_Usada";"GB";"2022-11-04 13:57:48";6.18
"Servidor-SPTECH";"ram";"ram_Usada";"GB";"2022-11-04 13:57:47";6.17
"Servidor-SPTECH";"ram";"ram_Usada";"GB";"2022-11-04 13:57:45";6.18
"Servidor-SPTECH";"ram";"ram_Usada";"GB";"2022-11-04 13:57:44";6.17
"Servidor-SPTECH";"ram";"ram_Usada";"GB";"2022-11-04 13:57:43";6.15
"Servidor-SPTECH";"ram";"ram_Usada";"GB";"2022-11-04 13:57:41";6.17
"Servidor-SPTECH";"ram";"ram_Usada";"GB";"2022-11-04 13:57:40";6.18
"Servidor-SPTECH";"ram";"ram_Usada";"GB";"2022-11-04 13:57:38";6.18
"Servidor-SPTECH";"ram";"ram_Usada";"GB";"2022-11-04 13:57:37";6.17
"Servidor-SPTECH";"ram";"ram_Usada";"GB";"2022-11-04 13:57:35";6.16
"Servidor-SPTECH";"ram";"ram_Usada";"GB";"2022-11-04 13:57:34";6.16
"Servidor-SPTECH";"ram";"ram_Usada";"GB";"2022-11-04 13:57:33";6.16
"Servidor-SPTECH";"ram";"ram_Usada";"GB";"2022-11-04 13:57:31";6.17
"Servidor-SPTECH";"ram";"ram_Usada";"GB";"2022-11-04 13:57:30";6.21
"Servidor-SPTECH";"ram";"ram_Usada";"GB";"2022-11-04 13:57:28";6.21
"Servidor-SPTECH";"ram";"ram_Usada";"GB";"2022-11-04 13:57:27";6.21
"Servidor-SPTECH";"ram";"ram_Usada";"GB";"2022-11-04 13:57:25";6.22
"Servidor-SPTECH";"ram";"ram_Usada";"GB";"2022-11-04 13:57:24";6.42
"Servidor-SPTECH";"ram";"ram_Usada";"GB";"2022-11-04 13:57:22";6.41
"Servidor-SPTECH";"ram";"ram_Usada";"GB";"2022-11-04 13:57:21";6.55
"Servidor-SPTECH";"ram";"ram_Usada";"GB";"2022-11-04 13:57:20";6.55
"Servidor-SPTECH";"ram";"ram_Usada";"GB";"2022-11-04 13:57:18";6.57
"Servidor-SPTECH";"ram";"ram_Usada";"GB";"2022-11-04 13:57:17";6.15
"Servidor-SPTECH";"ram";"ram_Usada";"GB";"2022-11-04 13:57:15";6.13
"Servidor-SPTECH";"ram";"ram_Usada";"GB";"2022-11-04 13:57:14";6.15
"Servidor-SPTECH";"ram";"ram_Usada";"GB";"2022-11-04 13:57:12";6.17
"Servidor-SPTECH";"ram";"ram_Usada";"GB";"2022-11-04 13:57:11";6.22
"Servidor-SPTECH";"ram";"ram_Usada";"GB";"2022-11-04 13:57:10";6.39
"Servidor-SPTECH";"ram";"ram_Usada";"GB";"2022-11-04 13:57:08";6.47
"Servidor-SPTECH";"ram";"ram_Usada";"GB";"2022-11-04 13:57:07";6.53
"Servidor-SPTECH";"ram";"ram_Usada";"GB";"2022-11-04 13:57:05";6.53
"Servidor-SPTECH";"ram";"ram_Usada";"GB";"2022-11-04 13:57:04";6.54
"Servidor-SPTECH";"ram";"ram_Usada";"GB";"2022-11-04 13:57:02";6.36
"Servidor-SPTECH";"ram";"ram_Usada";"GB";"2022-11-04 13:57:01";6.84
"Servidor-SPTECH";"ram";"ram_Usada";"GB";"2022-11-04 13:56:59";6.64
"Servidor-SPTECH";"ram";"ram_Usada";"GB";"2022-11-04 13:56:58";6.62
"Servidor-SPTECH";"ram";"ram_Usada";"GB";"2022-11-04 13:56:56";6.62
"Servidor-SPTECH";"ram";"ram_Usada";"GB";"2022-11-04 13:56:55";6.2
"Servidor-SPTECH";"ram";"ram_Usada";"GB";"2022-11-04 13:56:53";6.17
"Servidor-SPTECH";"ram";"ram_Usada";"GB";"2022-11-04 13:56:52";6.19
"Servidor-SPTECH";"ram";"ram_Usada";"GB";"2022-11-04 13:56:50";6.13
"Servidor-SPTECH";"ram";"ram_Usada";"GB";"2022-11-04 13:56:49";6.14
"Servidor-SPTECH";"ram";"ram_Usada";"GB";"2022-11-04 13:56:48";6.14
"Servidor-SPTECH";"ram";"ram_Usada";"GB";"2022-11-04 13:56:46";6.33
"Servidor-SPTECH";"ram";"ram_Usada";"GB";"2022-11-04 13:56:45";6.41
"Servidor-SPTECH";"ram";"ram_Usada";"GB";"2022-11-04 13:56:43";6.5
"Servidor-SPTECH";"ram";"ram_Usada";"GB";"2022-11-04 13:56:42";6.57
"Servidor-SPTECH";"ram";"ram_Usada";"GB";"2022-11-04 13:56:40";6.61
"Servidor-SPTECH";"ram";"ram_Usada";"GB";"2022-11-04 13:56:39";6.31
"Servidor-SPTECH";"ram";"ram_Usada";"GB";"2022-11-04 13:56:38";6.3
"Servidor-SPTECH";"ram";"ram_Usada";"GB";"2022-11-04 13:56:36";6.47
"Servidor-SPTECH";"ram";"ram_Usada";"GB";"2022-11-04 13:56:35";6.48
"Servidor-SPTECH";"ram";"ram_Usada";"GB";"2022-11-04 13:56:33";6.48
"Servidor-SPTECH";"ram";"ram_Usada";"GB";"2022-11-04 13:56:32";6.48
"Servidor-SPTECH";"ram";"ram_Usada";"GB";"2022-11-04 13:56:31";6.57
"Servidor-SPTECH";"ram";"ram_Usada";"GB";"2022-11-04 13:56:29";6.59
"Servidor-SPTECH";"ram";"ram_Usada";"GB";"2022-11-04 13:56:28";6.58
"Servidor-SPTECH";"ram";"ram_Usada";"GB";"2022-11-04 13:56:26";6.64
"Servidor-SPTECH";"ram";"ram_Usada";"GB";"2022-11-04 13:56:25";6.68
"Servidor-SPTECH";"ram";"ram_Usada";"GB";"2022-11-04 13:56:23";6.47
"Servidor-SPTECH";"ram";"ram_Usada";"GB";"2022-11-04 13:56:22";6.46
"Servidor-SPTECH";"ram";"ram_Usada";"GB";"2022-11-04 13:56:20";6.63
"Servidor-SPTECH";"ram";"ram_Usada";"GB";"2022-11-04 13:56:19";6.62
"Servidor-SPTECH";"ram";"ram_Usada";"GB";"2022-11-04 13:56:17";6.62
"Servidor-SPTECH";"ram";"ram_Usada";"GB";"2022-11-04 13:56:16";6.6
"Servidor-SPTECH";"ram";"ram_Usada";"GB";"2022-11-04 13:56:14";6.56
"Servidor-SPTECH";"ram";"ram_Usada";"GB";"2022-11-04 13:56:13";6.08
"Servidor-SPTECH";"ram";"ram_Usada";"GB";"2022-11-04 13:56:11";6.1
"Servidor-SPTECH";"ram";"ram_Usada";"GB";"2022-11-04 13:56:10";6.1
"Servidor-SPTECH";"ram";"ram_Usada";"GB";"2022-11-04 13:56:09";6.08
"Servidor-SPTECH";"ram";"ram_Usada";"GB";"2022-11-04 13:56:07";6.07
"Servidor-SPTECH";"ram";"ram_Usada";"GB";"2022-11-04 13:56:06";6.09
"Servidor-SPTECH";"ram";"ram_Usada";"GB";"2022-11-04 13:56:04";6.08
"Servidor-SPTECH";"ram";"ram_Usada";"GB";"2022-11-04 13:56:03";6.11
"Servidor-SPTECH";"ram";"ram_Usada";"GB";"2022-11-04 13:56:01";6.11
"Servidor-SPTECH";"ram";"ram_Usada";"GB";"2022-11-04 13:56:00";6.12
"Servidor-SPTECH";"ram";"ram_Usada";"GB";"2022-11-04 13:55:58";6.13
"Servidor-SPTECH";"ram";"ram_Usada";"GB";"2022-11-04 13:55:57";6.13
"Servidor-SPTECH";"ram";"ram_Usada";"GB";"2022-11-04 13:55:56";6.15
"Servidor-SPTECH";"ram";"ram_Usada";"GB";"2022-11-04 13:55:54";6.39
"Servidor-SPTECH";"ram";"ram_Usada";"GB";"2022-11-04 13:55:53";6.38
"Servidor-SPTECH";"ram";"ram_Usada";"GB";"2022-11-04 13:55:51";6.5
"Servidor-SPTECH";"ram";"ram_Usada";"GB";"2022-11-04 13:55:50";6.5
"Servidor-SPTECH";"ram";"ram_Usada";"GB";"2022-11-04 13:55:48";6.59
"Servidor-SPTECH";"ram";"ram_Usada";"GB";"2022-11-04 13:55:47";6.62
"Servidor-SPTECH";"ram";"ram_Usada";"GB";"2022-11-04 13:55:46";6.26
"Servidor-SPTECH";"ram";"ram_Usada";"GB";"2022-11-04 13:55:44";6.3
"Servidor-SPTECH";"ram";"ram_Usada";"GB";"2022-11-04 13:55:43";6.25
"Servidor-SPTECH";"ram";"ram_Usada";"GB";"2022-11-04 13:55:41";6.26
"Servidor-SPTECH";"ram";"ram_Usada";"GB";"2022-11-04 13:55:40";6.45
"Servidor-SPTECH";"ram";"ram_Usada";"GB";"2022-11-04 13:55:38";6.45
"Servidor-SPTECH";"ram";"ram_Usada";"GB";"2022-11-04 13:55:37";6.61
"Servidor-SPTECH";"ram";"ram_Usada";"GB";"2022-11-04 13:55:36";6.6
"Servidor-SPTECH";"ram";"ram_Usada";"GB";"2022-11-04 13:55:34";6.67
"Servidor-SPTECH";"ram";"ram_Usada";"GB";"2022-11-04 13:55:33";6.67
"Servidor-SPTECH";"ram";"ram_Usada";"GB";"2022-11-04 13:55:31";6.31
"Servidor-SPTECH";"ram";"ram_Usada";"GB";"2022-11-04 13:55:30";6.27
"Servidor-SPTECH";"ram";"ram_Usada";"GB";"2022-11-04 13:55:28";6.26
"Servidor-SPTECH";"ram";"ram_Usada";"GB";"2022-11-04 13:55:27";6.46
"Servidor-SPTECH";"ram";"ram_Usada";"GB";"2022-11-04 13:55:25";6.4
"Servidor-SPTECH";"ram";"ram_Usada";"GB";"2022-11-04 13:55:24";6.56
"Servidor-SPTECH";"ram";"ram_Usada";"GB";"2022-11-04 13:55:22";6.62
"Servidor-SPTECH";"ram";"ram_Usada";"GB";"2022-11-04 13:55:21";6.61
"Servidor-SPTECH";"ram";"ram_Usada";"GB";"2022-11-04 13:55:20";6.31
"Servidor-SPTECH";"ram";"ram_Usada";"GB";"2022-11-04 13:55:18";6.54
"Servidor-SPTECH";"ram";"ram_Usada";"GB";"2022-11-04 13:55:17";6.54
"Servidor-SPTECH";"ram";"ram_Usada";"GB";"2022-11-04 13:55:15";6.58
"Servidor-SPTECH";"ram";"ram_Usada";"GB";"2022-11-04 13:55:14";6.61
"Servidor-SPTECH";"ram";"ram_Usada";"GB";"2022-11-04 13:55:12";6.45
"Servidor-SPTECH";"ram";"ram_Usada";"GB";"2022-11-04 13:55:11";6.45
"Servidor-SPTECH";"ram";"ram_Usada";"GB";"2022-11-04 13:55:09";6.6
"Servidor-SPTECH";"ram";"ram_Usada";"GB";"2022-11-04 13:55:08";6.59
"Servidor-SPTECH";"ram";"ram_Usada";"GB";"2022-11-04 13:55:06";6.59
"Servidor-SPTECH";"ram";"ram_Usada";"GB";"2022-11-04 13:55:05";6.56
"Servidor-SPTECH";"ram";"ram_Usada";"GB";"2022-11-04 13:55:03";6.22
"Servidor-SPTECH";"ram";"ram_Usada";"GB";"2022-11-04 13:55:02";6.42
"Servidor-SPTECH";"ram";"ram_Usada";"GB";"2022-11-04 13:55:00";6.37
"Servidor-SPTECH";"ram";"ram_Usada";"GB";"2022-11-04 13:54:59";6.51
"Servidor-SPTECH";"ram";"ram_Usada";"GB";"2022-11-04 13:54:58";6.52
"Servidor-SPTECH";"ram";"ram_Usada";"GB";"2022-11-04 13:54:56";6.6
"Servidor-SPTECH";"ram";"ram_Usada";"GB";"2022-11-04 13:54:55";6.6
"Servidor-SPTECH";"ram";"ram_Usada";"GB";"2022-11-04 13:54:53";6.34
"Servidor-SPTECH";"ram";"ram_Usada";"GB";"2022-11-04 13:54:52";6.49
"Servidor-SPTECH";"ram";"ram_Usada";"GB";"2022-11-04 13:54:50";6.49
"Servidor-SPTECH";"ram";"ram_Usada";"GB";"2022-11-04 13:54:49";6.49
"Servidor-SPTECH";"ram";"ram_Usada";"GB";"2022-11-04 13:54:47";6.5
"Servidor-SPTECH";"ram";"ram_Usada";"GB";"2022-11-04 13:54:46";6.67
"Servidor-SPTECH";"ram";"ram_Usada";"GB";"2022-11-04 13:54:45";6.67
"Servidor-SPTECH";"ram";"ram_Usada";"GB";"2022-11-04 13:54:43";6.52
"Servidor-SPTECH";"ram";"ram_Usada";"GB";"2022-11-04 13:54:42";6.5
"Servidor-SPTECH";"ram";"ram_Usada";"GB";"2022-11-04 13:54:40";6.61
"Servidor-SPTECH";"ram";"ram_Usada";"GB";"2022-11-04 13:54:39";6.65
"Servidor-SPTECH";"ram";"ram_Usada";"GB";"2022-11-04 13:54:37";6.44
"Servidor-SPTECH";"ram";"ram_Usada";"GB";"2022-11-04 13:54:36";6.8
"Servidor-SPTECH";"ram";"ram_Usada";"GB";"2022-11-04 13:54:34";6.85
"Servidor-SPTECH";"ram";"ram_Usada";"GB";"2022-11-04 13:54:33";6.62
"Servidor-SPTECH";"ram";"ram_Usada";"GB";"2022-11-04 13:54:31";6.69
"Servidor-SPTECH";"ram";"ram_Usada";"GB";"2022-11-04 13:54:30";6.7
"Servidor-SPTECH";"ram";"ram_Usada";"GB";"2022-11-04 13:54:28";6.32
"Servidor-SPTECH";"ram";"ram_Usada";"GB";"2022-11-04 13:54:27";6.27
"Servidor-SPTECH";"ram";"ram_Usada";"GB";"2022-11-04 13:54:25";6.26
"Servidor-SPTECH";"ram";"ram_Usada";"GB";"2022-11-04 13:54:24";6.31
"Servidor-SPTECH";"ram";"ram_Usada";"GB";"2022-11-04 13:54:22";6.28
"Servidor-SPTECH";"ram";"ram_Usada";"GB";"2022-11-04 13:54:21";6.29
"Servidor-SPTECH";"ram";"ram_Usada";"GB";"2022-11-04 13:54:20";6.27
"Servidor-SPTECH";"ram";"ram_Usada";"GB";"2022-11-04 13:54:18";6.27
"Servidor-SPTECH";"ram";"ram_Usada";"GB";"2022-11-04 13:54:17";6.26
"Servidor-SPTECH";"ram";"ram_Usada";"GB";"2022-11-04 13:54:15";6.2
"Servidor-SPTECH";"ram";"ram_Usada";"GB";"2022-11-04 13:54:14";6.26
"Servidor-SPTECH";"ram";"ram_Usada";"GB";"2022-11-04 13:54:12";6.2
"Servidor-SPTECH";"ram";"ram_Usada";"GB";"2022-11-04 13:54:11";6.18
"Servidor-SPTECH";"ram";"ram_Usada";"GB";"2022-11-04 13:54:09";6.17
"Servidor-SPTECH";"ram";"ram_Usada";"GB";"2022-11-04 13:54:08";6.15
"Servidor-SPTECH";"ram";"ram_Usada";"GB";"2022-11-04 13:54:07";6.13
"Servidor-SPTECH";"ram";"ram_Usada";"GB";"2022-11-04 13:54:05";6.22
"Servidor-SPTECH";"ram";"ram_Usada";"GB";"2022-11-04 13:54:04";6.22
"Servidor-SPTECH";"ram";"ram_Usada";"GB";"2022-11-04 13:54:02";6.22
"Servidor-SPTECH";"ram";"ram_Usada";"GB";"2022-11-04 13:54:01";6.22
"Servidor-SPTECH";"ram";"ram_Usada";"GB";"2022-11-04 13:53:59";6.21
"Servidor-SPTECH";"ram";"ram_Usada";"GB";"2022-11-04 13:53:58";6.26
"Servidor-SPTECH";"ram";"ram_Usada";"GB";"2022-11-04 13:53:57";6.29
"Servidor-SPTECH";"ram";"ram_Usada";"GB";"2022-11-04 13:53:55";6.3
"Servidor-SPTECH";"ram";"ram_Usada";"GB";"2022-11-04 13:53:54";6.31
"Servidor-SPTECH";"ram";"ram_Usada";"GB";"2022-11-04 13:53:52";6.34
"Servidor-SPTECH";"ram";"ram_Usada";"GB";"2022-11-04 13:53:51";6.32
"Servidor-SPTECH";"ram";"ram_Usada";"GB";"2022-11-04 13:53:49";6.29
"Servidor-SPTECH";"ram";"ram_Usada";"GB";"2022-11-04 13:53:48";6.29
"Servidor-SPTECH";"ram";"ram_Usada";"GB";"2022-11-04 13:53:46";6.26
"Servidor-SPTECH";"ram";"ram_Usada";"GB";"2022-11-04 13:53:45";6.2
"Servidor-SPTECH";"ram";"ram_Usada";"GB";"2022-11-04 13:53:44";6.2
"Servidor-SPTECH";"ram";"ram_Usada";"GB";"2022-11-04 13:53:42";6.21
"Servidor-SPTECH";"ram";"ram_Usada";"GB";"2022-11-04 13:53:41";6.21
"Servidor-SPTECH";"ram";"ram_Usada";"GB";"2022-11-04 13:53:39";6.22
"Servidor-SPTECH";"ram";"ram_Usada";"GB";"2022-11-04 13:53:38";6.22
"Servidor-SPTECH";"ram";"ram_Usada";"GB";"2022-11-04 13:53:36";6.23
"Servidor-SPTECH";"ram";"ram_Usada";"GB";"2022-11-04 13:53:35";6.23
"Servidor-SPTECH";"ram";"ram_Usada";"GB";"2022-11-04 13:53:33";6.26
"Servidor-SPTECH";"ram";"ram_Usada";"GB";"2022-11-04 13:53:32";6.26
"Servidor-SPTECH";"ram";"ram_Usada";"GB";"2022-11-04 13:53:31";6.27
"Servidor-SPTECH";"ram";"ram_Usada";"GB";"2022-11-04 13:53:29";6.26
"Servidor-SPTECH";"ram";"ram_Usada";"GB";"2022-11-04 13:53:28";6.25
"Servidor-SPTECH";"ram";"ram_Usada";"GB";"2022-11-04 13:53:26";6.24
"Servidor-SPTECH";"ram";"ram_Usada";"GB";"2022-11-04 13:53:25";6.2
"Servidor-SPTECH";"ram";"ram_Usada";"GB";"2022-11-04 13:53:23";6.2
"Servidor-SPTECH";"ram";"ram_Usada";"GB";"2022-11-04 13:53:22";6.17
"Servidor-SPTECH";"ram";"ram_Usada";"GB";"2022-11-04 13:53:21";6.19
"Servidor-SPTECH";"ram";"ram_Usada";"GB";"2022-11-04 13:53:19";6.19
"Servidor-SPTECH";"ram";"ram_Usada";"GB";"2022-11-04 13:53:18";6.19
"Servidor-SPTECH";"ram";"ram_Usada";"GB";"2022-11-04 13:53:16";6.19
"Servidor-SPTECH";"ram";"ram_Usada";"GB";"2022-11-04 13:53:15";6.22
"Servidor-SPTECH";"ram";"ram_Usada";"GB";"2022-11-04 13:53:13";6.51
"Servidor-SPTECH";"ram";"ram_Usada";"GB";"2022-11-04 13:53:12";6.51
"Servidor-SPTECH";"ram";"ram_Usada";"GB";"2022-11-04 13:53:10";6.66
"Servidor-SPTECH";"ram";"ram_Usada";"GB";"2022-11-04 13:53:09";6.63
"Servidor-SPTECH";"ram";"ram_Usada";"GB";"2022-11-04 13:53:08";6.63
"Servidor-SPTECH";"ram";"ram_Usada";"GB";"2022-11-04 13:53:06";6.3
"Servidor-SPTECH";"ram";"ram_Usada";"GB";"2022-11-04 13:53:05";6.38
"Servidor-SPTECH";"ram";"ram_Usada";"GB";"2022-11-04 13:53:03";6.38
"Servidor-SPTECH";"ram";"ram_Usada";"GB";"2022-11-04 13:53:02";6.69
"Servidor-SPTECH";"ram";"ram_Usada";"GB";"2022-11-04 13:53:00";6.72
"Servidor-SPTECH";"ram";"ram_Usada";"GB";"2022-11-04 13:52:59";6.56
"Servidor-SPTECH";"ram";"ram_Usada";"GB";"2022-11-04 13:52:57";6.64
"Servidor-SPTECH";"ram";"ram_Usada";"GB";"2022-11-04 13:52:56";6.81
"Servidor-SPTECH";"ram";"ram_Usada";"GB";"2022-11-04 13:52:54";6.65
"Servidor-SPTECH";"ram";"ram_Usada";"GB";"2022-11-04 13:52:53";6.68
"Servidor-SPTECH";"ram";"ram_Usada";"GB";"2022-11-04 13:52:52";6.3
"Servidor-SPTECH";"ram";"ram_Usada";"GB";"2022-11-04 13:52:50";6.3
"Servidor-SPTECH";"ram";"ram_Usada";"GB";"2022-11-04 13:52:49";6.3
"Servidor-SPTECH";"ram";"ram_Usada";"GB";"2022-11-04 13:52:47";6.34
"Servidor-SPTECH";"ram";"ram_Usada";"GB";"2022-11-04 13:52:46";6.36
"Servidor-SPTECH";"ram";"ram_Usada";"GB";"2022-11-04 13:52:44";6.36
"Servidor-SPTECH";"ram";"ram_Usada";"GB";"2022-11-04 13:52:43";6.36
"Servidor-SPTECH";"ram";"ram_Usada";"GB";"2022-11-04 13:52:41";6.54
"Servidor-SPTECH";"ram";"ram_Usada";"GB";"2022-11-04 13:52:40";6.49
"Servidor-SPTECH";"ram";"ram_Usada";"GB";"2022-11-04 13:52:39";6.24
"Servidor-SPTECH";"ram";"ram_Usada";"GB";"2022-11-04 13:52:37";6.25
"Servidor-SPTECH";"ram";"ram_Usada";"GB";"2022-11-04 13:52:36";6.31
"Servidor-SPTECH";"ram";"ram_Usada";"GB";"2022-11-04 13:52:34";6.33
"Servidor-SPTECH";"ram";"ram_Usada";"GB";"2022-11-04 13:52:33";6.3
"Servidor-SPTECH";"ram";"ram_Usada";"GB";"2022-11-04 13:52:31";6.35
"Servidor-SPTECH";"ram";"ram_Usada";"GB";"2022-11-04 13:52:30";6.36
"Servidor-SPTECH";"ram";"ram_Usada";"GB";"2022-11-04 13:52:29";6.38
"Servidor-SPTECH";"ram";"ram_Usada";"GB";"2022-11-04 13:52:27";6.4
"Servidor-SPTECH";"ram";"ram_Usada";"GB";"2022-11-04 13:52:26";6.41
"Servidor-SPTECH";"ram";"ram_Usada";"GB";"2022-11-04 13:52:24";6.37
"Servidor-SPTECH";"ram";"ram_Usada";"GB";"2022-11-04 13:52:23";6.31
"Servidor-SPTECH";"ram";"ram_Usada";"GB";"2022-11-04 13:52:21";6.26
"Servidor-SPTECH";"ram";"ram_Usada";"GB";"2022-11-04 13:52:20";6.28
"Servidor-SPTECH";"ram";"ram_Usada";"GB";"2022-11-04 13:52:18";6.43
"Servidor-SPTECH";"ram";"ram_Usada";"GB";"2022-11-04 13:52:17";6.43
"Servidor-SPTECH";"ram";"ram_Usada";"GB";"2022-11-04 13:52:16";6.43
"Servidor-SPTECH";"ram";"ram_Usada";"GB";"2022-11-04 13:52:14";6.44
"Servidor-SPTECH";"ram";"ram_Usada";"GB";"2022-11-04 13:52:13";6.06
"Servidor-SPTECH";"ram";"ram_Usada";"GB";"2022-11-04 13:52:11";6.03
"Servidor-SPTECH";"ram";"ram_Usada";"GB";"2022-11-04 13:52:10";6.04
"Servidor-SPTECH";"ram";"ram_Usada";"GB";"2022-11-04 13:52:08";6.02
"Servidor-SPTECH";"ram";"ram_Usada";"GB";"2022-11-04 13:52:07";6.06
"Servidor-SPTECH";"ram";"ram_Usada";"GB";"2022-11-04 13:52:05";6.04
"Servidor-SPTECH";"ram";"ram_Usada";"GB";"2022-11-04 13:52:04";6.02
"Servidor-SPTECH";"ram";"ram_Usada";"GB";"2022-11-04 13:52:02";6.03
"Servidor-SPTECH";"ram";"ram_Usada";"GB";"2022-11-04 13:52:01";6.21
"Servidor-SPTECH";"ram";"ram_Usada";"GB";"2022-11-04 13:52:00";6.23
"Servidor-SPTECH";"ram";"ram_Usada";"GB";"2022-11-04 13:51:58";6.36
"Servidor-SPTECH";"ram";"ram_Usada";"GB";"2022-11-04 13:51:57";6.37
"Servidor-SPTECH";"ram";"ram_Usada";"GB";"2022-11-04 13:51:55";6.36
"Servidor-SPTECH";"ram";"ram_Usada";"GB";"2022-11-04 13:51:54";6.0
"Servidor-SPTECH";"ram";"ram_Usada";"GB";"2022-11-04 13:51:52";6.0
"Servidor-SPTECH";"ram";"ram_Usada";"GB";"2022-11-04 13:51:51";5.98
"Servidor-SPTECH";"ram";"ram_Usada";"GB";"2022-11-04 13:51:50";5.98
"Servidor-SPTECH";"ram";"ram_Usada";"GB";"2022-11-04 13:51:48";5.98
"Servidor-SPTECH";"ram";"ram_Usada";"GB";"2022-11-04 13:51:47";5.98
"Servidor-SPTECH";"ram";"ram_Usada";"GB";"2022-11-04 13:51:45";5.97
"Servidor-SPTECH";"ram";"ram_Usada";"GB";"2022-11-04 13:51:44";5.98
"Servidor-SPTECH";"ram";"ram_Usada";"GB";"2022-11-04 13:51:42";5.97
"Servidor-SPTECH";"ram";"ram_Usada";"GB";"2022-11-04 13:51:41";5.97
"Servidor-SPTECH";"ram";"ram_Usada";"GB";"2022-11-04 13:51:39";5.97
"Servidor-SPTECH";"ram";"ram_Usada";"GB";"2022-11-04 13:51:38";5.97
"Servidor-SPTECH";"ram";"ram_Usada";"GB";"2022-11-04 13:51:37";5.97
"Servidor-SPTECH";"ram";"ram_Usada";"GB";"2022-11-04 13:51:35";5.97
"Servidor-SPTECH";"ram";"ram_Usada";"GB";"2022-11-04 13:51:34";5.97
"Servidor-SPTECH";"ram";"ram_Usada";"GB";"2022-11-04 13:51:32";5.98
"Servidor-SPTECH";"ram";"ram_Usada";"GB";"2022-11-04 13:51:31";5.98
"Servidor-SPTECH";"ram";"ram_Usada";"GB";"2022-11-04 13:51:29";5.97
"Servidor-SPTECH";"ram";"ram_Usada";"GB";"2022-11-04 13:51:28";5.97
"Servidor-SPTECH";"ram";"ram_Usada";"GB";"2022-11-04 13:51:26";5.97
"Servidor-SPTECH";"ram";"ram_Usada";"GB";"2022-11-04 13:51:25";5.97
"Servidor-SPTECH";"ram";"ram_Usada";"GB";"2022-11-04 13:51:24";5.97
"Servidor-SPTECH";"ram";"ram_Usada";"GB";"2022-11-04 13:51:22";5.97
"Servidor-SPTECH";"ram";"ram_Usada";"GB";"2022-11-04 13:51:21";5.97
"Servidor-SPTECH";"ram";"ram_Usada";"GB";"2022-11-04 13:51:19";5.98
"Servidor-SPTECH";"ram";"ram_Usada";"GB";"2022-11-04 13:51:18";5.98
"Servidor-SPTECH";"ram";"ram_Usada";"GB";"2022-11-04 13:51:16";5.98
"Servidor-SPTECH";"ram";"ram_Usada";"GB";"2022-11-04 13:51:15";5.96
"Servidor-SPTECH";"ram";"ram_Usada";"GB";"2022-11-04 13:51:14";5.96
"Servidor-SPTECH";"ram";"ram_Usada";"GB";"2022-11-04 13:51:12";5.96
"Servidor-SPTECH";"ram";"ram_Usada";"GB";"2022-11-04 13:51:11";5.96
"Servidor-SPTECH";"ram";"ram_Usada";"GB";"2022-11-04 13:51:09";5.97
"Servidor-SPTECH";"ram";"ram_Usada";"GB";"2022-11-04 13:51:08";5.96
"Servidor-SPTECH";"ram";"ram_Usada";"GB";"2022-11-04 13:51:06";5.96
"Servidor-SPTECH";"ram";"ram_Usada";"GB";"2022-11-04 13:51:05";5.96
"Servidor-SPTECH";"ram";"ram_Usada";"GB";"2022-11-04 13:51:03";5.95
"Servidor-SPTECH";"ram";"ram_Usada";"GB";"2022-11-04 13:51:02";5.95
"Servidor-SPTECH";"ram";"ram_Usada";"GB";"2022-11-04 13:51:01";5.95
"Servidor-SPTECH";"ram";"ram_Usada";"GB";"2022-11-04 13:50:59";5.95
"Servidor-SPTECH";"ram";"ram_Usada";"GB";"2022-11-04 13:50:58";5.96
"Servidor-SPTECH";"ram";"ram_Usada";"GB";"2022-11-04 13:50:56";5.95
"Servidor-SPTECH";"ram";"ram_Usada";"GB";"2022-11-04 13:50:55";5.96
"Servidor-SPTECH";"ram";"ram_Usada";"GB";"2022-11-04 13:50:53";5.95
"Servidor-SPTECH";"ram";"ram_Usada";"GB";"2022-11-04 13:50:52";5.98
"Servidor-SPTECH";"ram";"ram_Usada";"GB";"2022-11-04 13:50:50";5.98
"Servidor-SPTECH";"ram";"ram_Usada";"GB";"2022-11-04 13:50:49";6.0
"Servidor-SPTECH";"ram";"ram_Usada";"GB";"2022-11-04 13:50:48";5.99
"Servidor-SPTECH";"ram";"ram_Usada";"GB";"2022-11-04 13:50:46";6.01
"Servidor-SPTECH";"ram";"ram_Usada";"GB";"2022-11-04 13:50:45";6.01
"Servidor-SPTECH";"ram";"ram_Usada";"GB";"2022-11-04 13:50:43";6.01
"Servidor-SPTECH";"ram";"ram_Usada";"GB";"2022-11-04 13:50:42";6.01
"Servidor-SPTECH";"ram";"ram_Usada";"GB";"2022-11-04 13:50:40";6.01
"Servidor-SPTECH";"ram";"ram_Usada";"GB";"2022-11-04 13:50:39";6.01
"Servidor-SPTECH";"ram";"ram_Usada";"GB";"2022-11-04 13:50:37";6.0
"Servidor-SPTECH";"ram";"ram_Usada";"GB";"2022-11-04 13:50:36";6.02
"Servidor-SPTECH";"ram";"ram_Usada";"GB";"2022-11-04 13:50:35";6.01
"Servidor-SPTECH";"ram";"ram_Usada";"GB";"2022-11-04 13:50:33";6.01
"Servidor-SPTECH";"ram";"ram_Usada";"GB";"2022-11-04 13:50:32";6.01
"Servidor-SPTECH";"ram";"ram_Usada";"GB";"2022-11-04 13:50:30";6.0
"Servidor-SPTECH";"ram";"ram_Usada";"GB";"2022-11-04 13:50:29";6.0
"Servidor-SPTECH";"ram";"ram_Usada";"GB";"2022-11-04 13:50:27";6.0
"Servidor-SPTECH";"ram";"ram_Usada";"GB";"2022-11-04 13:50:26";6.0
"Servidor-SPTECH";"ram";"ram_Usada";"GB";"2022-11-04 13:50:25";6.0
"Servidor-SPTECH";"ram";"ram_Usada";"GB";"2022-11-04 13:50:23";6.0
"Servidor-SPTECH";"ram";"ram_Usada";"GB";"2022-11-04 13:50:22";5.99
"Servidor-SPTECH";"ram";"ram_Usada";"GB";"2022-11-04 13:50:20";6.0
"Servidor-SPTECH";"ram";"ram_Usada";"GB";"2022-11-04 13:50:19";5.99
"Servidor-SPTECH";"ram";"ram_Usada";"GB";"2022-11-04 13:50:17";5.99
"Servidor-SPTECH";"ram";"ram_Usada";"GB";"2022-11-04 13:50:16";5.99
"Servidor-SPTECH";"ram";"ram_Usada";"GB";"2022-11-04 13:50:14";5.99
"Servidor-SPTECH";"ram";"ram_Usada";"GB";"2022-11-04 13:50:13";5.96
"Servidor-SPTECH";"ram";"ram_Usada";"GB";"2022-11-04 13:50:12";5.97
"Servidor-SPTECH";"ram";"ram_Usada";"GB";"2022-11-04 13:50:10";5.96
"Servidor-SPTECH";"ram";"ram_Usada";"GB";"2022-11-04 13:50:09";5.96
"Servidor-SPTECH";"ram";"ram_Usada";"GB";"2022-11-04 13:50:07";5.96
"Servidor-SPTECH";"ram";"ram_Usada";"GB";"2022-11-04 13:50:06";5.96
"Servidor-SPTECH";"ram";"ram_Usada";"GB";"2022-11-04 13:50:04";5.96
"Servidor-SPTECH";"ram";"ram_Usada";"GB";"2022-11-04 13:50:03";5.96
"Servidor-SPTECH";"ram";"ram_Usada";"GB";"2022-11-04 13:50:01";5.96
"Servidor-SPTECH";"ram";"ram_Usada";"GB";"2022-11-04 13:50:00";5.97
"Servidor-SPTECH";"ram";"ram_Usada";"GB";"2022-11-04 13:49:59";6.01
"Servidor-SPTECH";"ram";"ram_Usada";"GB";"2022-11-04 13:49:57";6.02
"Servidor-SPTECH";"ram";"ram_Usada";"GB";"2022-11-04 13:49:56";6.09
"Servidor-SPTECH";"ram";"ram_Usada";"GB";"2022-11-04 13:49:54";6.15
"Servidor-SPTECH";"ram";"ram_Usada";"GB";"2022-11-04 13:49:53";6.38
"Servidor-SPTECH";"ram";"ram_Usada";"GB";"2022-11-04 13:49:51";6.41
"Servidor-SPTECH";"ram";"ram_Usada";"GB";"2022-11-04 13:49:50";6.55
"Servidor-SPTECH";"ram";"ram_Usada";"GB";"2022-11-04 13:49:48";6.53
"Servidor-SPTECH";"ram";"ram_Usada";"GB";"2022-11-04 13:49:47";6.51
"Servidor-SPTECH";"ram";"ram_Usada";"GB";"2022-11-04 13:49:46";6.49
"Servidor-SPTECH";"ram";"ram_Usada";"GB";"2022-11-04 13:49:44";6.09
"Servidor-SPTECH";"ram";"ram_Usada";"GB";"2022-11-04 13:49:43";6.28
"Servidor-SPTECH";"ram";"ram_Usada";"GB";"2022-11-04 13:49:41";6.26
"Servidor-SPTECH";"ram";"ram_Usada";"GB";"2022-11-04 13:49:40";6.31
"Servidor-SPTECH";"ram";"ram_Usada";"GB";"2022-11-04 13:49:38";6.36
"Servidor-SPTECH";"ram";"ram_Usada";"GB";"2022-11-04 13:49:37";6.42
"Servidor-SPTECH";"ram";"ram_Usada";"GB";"2022-11-04 13:49:35";6.42
"Servidor-SPTECH";"ram";"ram_Usada";"GB";"2022-11-04 13:49:34";6.11
"Servidor-SPTECH";"ram";"ram_Usada";"GB";"2022-11-04 13:49:32";6.1
"Servidor-SPTECH";"ram";"ram_Usada";"GB";"2022-11-04 13:49:31";6.14
"Servidor-SPTECH";"ram";"ram_Usada";"GB";"2022-11-04 13:49:29";6.15
"Servidor-SPTECH";"ram";"ram_Usada";"GB";"2022-11-04 13:49:28";6.41
"Servidor-SPTECH";"ram";"ram_Usada";"GB";"2022-11-04 13:49:27";6.47
"Servidor-SPTECH";"ram";"ram_Usada";"GB";"2022-11-04 13:49:25";6.55
"Servidor-SPTECH";"ram";"ram_Usada";"GB";"2022-11-04 13:49:24";6.54
"Servidor-SPTECH";"ram";"ram_Usada";"GB";"2022-11-04 13:49:22";6.56
"Servidor-SPTECH";"ram";"ram_Usada";"GB";"2022-11-04 13:49:21";6.52
"Servidor-SPTECH";"ram";"ram_Usada";"GB";"2022-11-04 13:49:19";6.57
"Servidor-SPTECH";"ram";"ram_Usada";"GB";"2022-11-04 13:49:18";6.17
"Servidor-SPTECH";"ram";"ram_Usada";"GB";"2022-11-04 13:49:17";6.15
"Servidor-SPTECH";"ram";"ram_Usada";"GB";"2022-11-04 13:49:15";6.13
"Servidor-SPTECH";"ram";"ram_Usada";"GB";"2022-11-04 13:49:14";6.04
"Servidor-SPTECH";"ram";"ram_Usada";"GB";"2022-11-04 13:49:12";6.02
"Servidor-SPTECH";"ram";"ram_Usada";"GB";"2022-11-04 13:49:11";6.02
"Servidor-SPTECH";"ram";"ram_Usada";"GB";"2022-11-04 13:49:09";6.02
"Servidor-SPTECH";"ram";"ram_Usada";"GB";"2022-11-04 13:49:08";6.02
"Servidor-SPTECH";"ram";"ram_Usada";"GB";"2022-11-04 13:49:06";6.01
"Servidor-SPTECH";"ram";"ram_Usada";"GB";"2022-11-04 13:49:05";6.01
"Servidor-SPTECH";"ram";"ram_Usada";"GB";"2022-11-04 13:49:04";6.02
"Servidor-SPTECH";"ram";"ram_Usada";"GB";"2022-11-04 13:49:02";5.98
"Servidor-SPTECH";"ram";"ram_Usada";"GB";"2022-11-04 13:49:01";5.98
"Servidor-SPTECH";"ram";"ram_Usada";"GB";"2022-11-04 13:48:59";6.01
"Servidor-SPTECH";"ram";"ram_Usada";"GB";"2022-11-04 13:48:58";6.01
"Servidor-SPTECH";"ram";"ram_Usada";"GB";"2022-11-04 13:48:57";6.31
"Servidor-SPTECH";"ram";"ram_Usada";"GB";"2022-11-04 13:48:55";6.31
"Servidor-SPTECH";"ram";"ram_Usada";"GB";"2022-11-04 13:48:54";6.63
"Servidor-SPTECH";"ram";"ram_Usada";"GB";"2022-11-04 13:48:52";6.61
"Servidor-SPTECH";"ram";"ram_Usada";"GB";"2022-11-04 13:48:51";6.62
"Servidor-SPTECH";"ram";"ram_Usada";"GB";"2022-11-04 13:48:49";6.32
"Servidor-SPTECH";"ram";"ram_Usada";"GB";"2022-11-04 13:48:48";6.36
"Servidor-SPTECH";"ram";"ram_Usada";"GB";"2022-11-04 13:48:47";6.52
"Servidor-SPTECH";"ram";"ram_Usada";"GB";"2022-11-04 13:48:45";6.52
"Servidor-SPTECH";"ram";"ram_Usada";"GB";"2022-11-04 13:48:44";6.62
"Servidor-SPTECH";"ram";"ram_Usada";"GB";"2022-11-04 13:48:42";6.62
"Servidor-SPTECH";"ram";"ram_Usada";"GB";"2022-11-04 13:48:41";6.15
"Servidor-SPTECH";"ram";"ram_Usada";"GB";"2022-11-04 13:48:39";6.18
"Servidor-SPTECH";"ram";"ram_Usada";"GB";"2022-11-04 13:48:38";6.16
"Servidor-SPTECH";"ram";"ram_Usada";"GB";"2022-11-04 13:48:36";6.17
"Servidor-SPTECH";"ram";"ram_Usada";"GB";"2022-11-04 13:48:35";6.16
"Servidor-SPTECH";"ram";"ram_Usada";"GB";"2022-11-04 13:48:33";6.19
"Servidor-SPTECH";"ram";"ram_Usada";"GB";"2022-11-04 13:48:32";6.18
"Servidor-SPTECH";"ram";"ram_Usada";"GB";"2022-11-04 13:48:31";6.18
"Servidor-SPTECH";"ram";"ram_Usada";"GB";"2022-11-04 13:48:29";6.18
"Servidor-SPTECH";"ram";"ram_Usada";"GB";"2022-11-04 13:48:28";6.19
"Servidor-SPTECH";"ram";"ram_Usada";"GB";"2022-11-04 13:48:26";6.17
"Servidor-SPTECH";"ram";"ram_Usada";"GB";"2022-11-04 13:48:25";6.13
"Servidor-SPTECH";"ram";"ram_Usada";"GB";"2022-11-04 13:48:23";6.13
"Servidor-SPTECH";"ram";"ram_Usada";"GB";"2022-11-04 13:48:22";6.12
"Servidor-SPTECH";"ram";"ram_Usada";"GB";"2022-11-04 13:48:21";6.12
"Servidor-SPTECH";"ram";"ram_Usada";"GB";"2022-11-04 13:48:19";6.1
"Servidor-SPTECH";"ram";"ram_Usada";"GB";"2022-11-04 13:48:18";6.26
"Servidor-SPTECH";"ram";"ram_Usada";"GB";"2022-11-04 13:48:16";6.34
"Servidor-SPTECH";"ram";"ram_Usada";"GB";"2022-11-04 13:48:15";6.45
"Servidor-SPTECH";"ram";"ram_Usada";"GB";"2022-11-04 13:48:13";6.44
"Servidor-SPTECH";"ram";"ram_Usada";"GB";"2022-11-04 13:48:12";6.46
"Servidor-SPTECH";"ram";"ram_Usada";"GB";"2022-11-04 13:48:10";6.46
"Servidor-SPTECH";"ram";"ram_Usada";"GB";"2022-11-04 13:48:09";6.18
"Servidor-SPTECH";"ram";"ram_Usada";"GB";"2022-11-04 13:48:07";6.21
"Servidor-SPTECH";"ram";"ram_Usada";"GB";"2022-11-04 13:48:06";6.38
"Servidor-SPTECH";"ram";"ram_Usada";"GB";"2022-11-04 13:48:05";6.39
"Servidor-SPTECH";"ram";"ram_Usada";"GB";"2022-11-04 13:48:03";6.5
"Servidor-SPTECH";"ram";"ram_Usada";"GB";"2022-11-04 13:48:02";6.57
"Servidor-SPTECH";"ram";"ram_Usada";"GB";"2022-11-04 13:48:00";6.54
"Servidor-SPTECH";"ram";"ram_Usada";"GB";"2022-11-04 13:47:59";6.1
"Servidor-SPTECH";"ram";"ram_Usada";"GB";"2022-11-04 13:47:57";6.1
"Servidor-SPTECH";"ram";"ram_Usada";"GB";"2022-11-04 13:47:56";6.1
"Servidor-SPTECH";"ram";"ram_Usada";"GB";"2022-11-04 13:47:54";6.3
"Servidor-SPTECH";"ram";"ram_Usada";"GB";"2022-11-04 13:47:53";6.4
"Servidor-SPTECH";"ram";"ram_Usada";"GB";"2022-11-04 13:47:51";6.43
"Servidor-SPTECH";"ram";"ram_Usada";"GB";"2022-11-04 13:47:50";6.47
"Servidor-SPTECH";"ram";"ram_Usada";"GB";"2022-11-04 13:47:49";6.52
"Servidor-SPTECH";"ram";"ram_Usada";"GB";"2022-11-04 13:47:47";6.5
"Servidor-SPTECH";"ram";"ram_Usada";"GB";"2022-11-04 13:47:46";6.57
"Servidor-SPTECH";"ram";"ram_Usada";"GB";"2022-11-04 13:47:44";6.59
"Servidor-SPTECH";"ram";"ram_Usada";"GB";"2022-11-04 13:47:43";6.34
"Servidor-SPTECH";"ram";"ram_Usada";"GB";"2022-11-04 13:47:41";6.52
"Servidor-SPTECH";"ram";"ram_Usada";"GB";"2022-11-04 13:47:40";6.54
"Servidor-SPTECH";"ram";"ram_Usada";"GB";"2022-11-04 13:47:39";6.55
"Servidor-SPTECH";"ram";"ram_Usada";"GB";"2022-11-04 13:47:37";6.47
"Servidor-SPTECH";"ram";"ram_Usada";"GB";"2022-11-04 13:47:36";6.08
"Servidor-SPTECH";"ram";"ram_Usada";"GB";"2022-11-04 13:47:34";6.15
"Servidor-SPTECH";"ram";"ram_Usada";"GB";"2022-11-04 13:47:33";6.11
"Servidor-SPTECH";"ram";"ram_Usada";"GB";"2022-11-04 13:47:31";6.13
"Servidor-SPTECH";"ram";"ram_Usada";"GB";"2022-11-04 13:47:30";6.09
"Servidor-SPTECH";"ram";"ram_Usada";"GB";"2022-11-04 13:47:28";6.09
"Servidor-SPTECH";"ram";"ram_Usada";"GB";"2022-11-04 13:47:27";6.37
"Servidor-SPTECH";"ram";"ram_Usada";"GB";"2022-11-04 13:47:25";6.38
"Servidor-SPTECH";"ram";"ram_Usada";"GB";"2022-11-04 13:47:24";6.55
"Servidor-SPTECH";"ram";"ram_Usada";"GB";"2022-11-04 13:47:23";6.53
"Servidor-SPTECH";"ram";"ram_Usada";"GB";"2022-11-04 13:47:21";6.53
"Servidor-SPTECH";"ram";"ram_Usada";"GB";"2022-11-04 13:47:20";6.12
"Servidor-SPTECH";"ram";"ram_Usada";"GB";"2022-11-04 13:47:18";6.11
"Servidor-SPTECH";"ram";"ram_Usada";"GB";"2022-11-04 13:47:17";6.06
"Servidor-SPTECH";"ram";"ram_Usada";"GB";"2022-11-04 13:47:15";6.06
"Servidor-SPTECH";"ram";"ram_Usada";"GB";"2022-11-04 13:47:14";6.05
"Servidor-SPTECH";"ram";"ram_Usada";"GB";"2022-11-04 13:47:12";6.06
"Servidor-SPTECH";"ram";"ram_Usada";"GB";"2022-11-04 13:47:11";6.1
"Servidor-SPTECH";"ram";"ram_Usada";"GB";"2022-11-04 13:47:09";6.1
"Servidor-SPTECH";"ram";"ram_Usada";"GB";"2022-11-04 13:47:08";6.09
"Servidor-SPTECH";"ram";"ram_Usada";"GB";"2022-11-04 13:47:07";6.09
"Servidor-SPTECH";"ram";"ram_Usada";"GB";"2022-11-04 13:47:05";6.09
"Servidor-SPTECH";"ram";"ram_Usada";"GB";"2022-11-04 13:47:04";6.08
"Servidor-SPTECH";"ram";"ram_Usada";"GB";"2022-11-04 13:47:02";6.03
"Servidor-SPTECH";"ram";"ram_Usada";"GB";"2022-11-04 13:47:01";6.03
"Servidor-SPTECH";"ram";"ram_Usada";"GB";"2022-11-04 13:46:59";6.02
"Servidor-SPTECH";"ram";"ram_Usada";"GB";"2022-11-04 13:46:58";6.02
"Servidor-SPTECH";"ram";"ram_Usada";"GB";"2022-11-04 13:46:57";6.02
"Servidor-SPTECH";"ram";"ram_Usada";"GB";"2022-11-04 13:46:55";6.01
"Servidor-SPTECH";"ram";"ram_Usada";"GB";"2022-11-04 13:46:54";6.01
"Servidor-SPTECH";"ram";"ram_Usada";"GB";"2022-11-04 13:46:52";6.03
"Servidor-SPTECH";"ram";"ram_Usada";"GB";"2022-11-04 13:46:51";6.03
"Servidor-SPTECH";"ram";"ram_Usada";"GB";"2022-11-04 13:46:49";6.03
"Servidor-SPTECH";"ram";"ram_Usada";"GB";"2022-11-04 13:46:48";6.03
"Servidor-SPTECH";"ram";"ram_Usada";"GB";"2022-11-04 13:46:47";6.03
"Servidor-SPTECH";"ram";"ram_Usada";"GB";"2022-11-04 13:46:45";6.0
"Servidor-SPTECH";"ram";"ram_Usada";"GB";"2022-11-04 13:46:44";6.0
"Servidor-SPTECH";"ram";"ram_Usada";"GB";"2022-11-04 13:46:42";6.01
"Servidor-SPTECH";"ram";"ram_Usada";"GB";"2022-11-04 13:46:41";6.0
"Servidor-SPTECH";"ram";"ram_Usada";"GB";"2022-11-04 13:46:39";6.0
"Servidor-SPTECH";"ram";"ram_Usada";"GB";"2022-11-04 13:46:38";5.99
"Servidor-SPTECH";"ram";"ram_Usada";"GB";"2022-11-04 13:46:36";6.0
"Servidor-SPTECH";"ram";"ram_Usada";"GB";"2022-11-04 13:46:35";6.01
"Servidor-SPTECH";"ram";"ram_Usada";"GB";"2022-11-04 13:46:34";6.01
"Servidor-SPTECH";"ram";"ram_Usada";"GB";"2022-11-04 13:46:32";6.0
"Servidor-SPTECH";"ram";"ram_Usada";"GB";"2022-11-04 13:46:31";6.02
"Servidor-SPTECH";"ram";"ram_Usada";"GB";"2022-11-04 13:46:29";6.03
"Servidor-SPTECH";"ram";"ram_Usada";"GB";"2022-11-04 13:46:28";6.03
"Servidor-SPTECH";"ram";"ram_Usada";"GB";"2022-11-04 13:46:26";6.06
"Servidor-SPTECH";"ram";"ram_Usada";"GB";"2022-11-04 13:46:25";6.05
"Servidor-SPTECH";"ram";"ram_Usada";"GB";"2022-11-04 13:46:24";6.05
"Servidor-SPTECH";"ram";"ram_Usada";"GB";"2022-11-04 13:46:22";6.05
"Servidor-SPTECH";"ram";"ram_Usada";"GB";"2022-11-04 13:46:21";5.95
"Servidor-SPTECH";"ram";"ram_Usada";"GB";"2022-11-04 13:46:19";5.97
"Servidor-SPTECH";"ram";"ram_Usada";"GB";"2022-11-04 13:46:18";5.97
"Servidor-SPTECH";"ram";"ram_Usada";"GB";"2022-11-04 13:46:16";5.98
"Servidor-SPTECH";"ram";"ram_Usada";"GB";"2022-11-04 13:46:15";5.97
"Servidor-SPTECH";"ram";"ram_Usada";"GB";"2022-11-04 13:46:13";5.97
"Servidor-SPTECH";"ram";"ram_Usada";"GB";"2022-11-04 13:46:12";6.02
"Servidor-SPTECH";"ram";"ram_Usada";"GB";"2022-11-04 13:46:10";6.03
"Servidor-SPTECH";"ram";"ram_Usada";"GB";"2022-11-04 13:46:09";6.08
"Servidor-SPTECH";"ram";"ram_Usada";"GB";"2022-11-04 13:46:07";6.08
"Servidor-SPTECH";"ram";"ram_Usada";"GB";"2022-11-04 13:46:06";6.08
"Servidor-SPTECH";"ram";"ram_Usada";"GB";"2022-11-04 13:46:05";6.1
"Servidor-SPTECH";"ram";"ram_Usada";"GB";"2022-11-04 13:46:03";6.12
"Servidor-SPTECH";"ram";"ram_Usada";"GB";"2022-11-04 13:46:02";6.12
"Servidor-SPTECH";"ram";"ram_Usada";"GB";"2022-11-04 13:46:00";6.35
"Servidor-SPTECH";"ram";"ram_Usada";"GB";"2022-11-04 13:45:59";6.35
"Servidor-SPTECH";"ram";"ram_Usada";"GB";"2022-11-04 13:45:57";6.49
"Servidor-SPTECH";"ram";"ram_Usada";"GB";"2022-11-04 13:45:56";6.47
"Servidor-SPTECH";"ram";"ram_Usada";"GB";"2022-11-04 13:45:54";6.47
"Servidor-SPTECH";"ram";"ram_Usada";"GB";"2022-11-04 13:45:53";6.39
"Servidor-SPTECH";"ram";"ram_Usada";"GB";"2022-11-04 13:45:51";6.28
"Servidor-SPTECH";"ram";"ram_Usada";"GB";"2022-11-04 13:45:50";6.26
"Servidor-SPTECH";"ram";"ram_Usada";"GB";"2022-11-04 13:45:48";6.42
"Servidor-SPTECH";"ram";"ram_Usada";"GB";"2022-11-04 13:45:47";6.43
"Servidor-SPTECH";"ram";"ram_Usada";"GB";"2022-11-04 13:45:45";6.46
"Servidor-SPTECH";"ram";"ram_Usada";"GB";"2022-11-04 13:45:44";6.07
"Servidor-SPTECH";"ram";"ram_Usada";"GB";"2022-11-04 13:45:42";6.08
"Servidor-SPTECH";"ram";"ram_Usada";"GB";"2022-11-04 13:45:41";6.08
"Servidor-SPTECH";"ram";"ram_Usada";"GB";"2022-11-04 13:45:40";6.09
"Servidor-SPTECH";"ram";"ram_Usada";"GB";"2022-11-04 13:45:38";6.1
"Servidor-SPTECH";"ram";"ram_Usada";"GB";"2022-11-04 13:45:37";6.09
"Servidor-SPTECH";"ram";"ram_Usada";"GB";"2022-11-04 13:45:35";6.33
"Servidor-SPTECH";"ram";"ram_Usada";"GB";"2022-11-04 13:45:34";6.33
"Servidor-SPTECH";"ram";"ram_Usada";"GB";"2022-11-04 13:45:32";6.33
"Servidor-SPTECH";"ram";"ram_Usada";"GB";"2022-11-04 13:45:31";6.47
"Servidor-SPTECH";"ram";"ram_Usada";"GB";"2022-11-04 13:45:30";6.45
"Servidor-SPTECH";"ram";"ram_Usada";"GB";"2022-11-04 13:45:28";6.47
"Servidor-SPTECH";"ram";"ram_Usada";"GB";"2022-11-04 13:45:27";6.02
"Servidor-SPTECH";"ram";"ram_Usada";"GB";"2022-11-04 13:45:25";5.99
"Servidor-SPTECH";"ram";"ram_Usada";"GB";"2022-11-04 13:45:24";6.05
"Servidor-SPTECH";"ram";"ram_Usada";"GB";"2022-11-04 13:45:22";6.11
"Servidor-SPTECH";"ram";"ram_Usada";"GB";"2022-11-04 13:45:21";6.3
"Servidor-SPTECH";"ram";"ram_Usada";"GB";"2022-11-04 13:45:19";6.3
"Servidor-SPTECH";"ram";"ram_Usada";"GB";"2022-11-04 13:45:18";6.53
"Servidor-SPTECH";"ram";"ram_Usada";"GB";"2022-11-04 13:45:17";6.54
"Servidor-SPTECH";"ram";"ram_Usada";"GB";"2022-11-04 13:45:15";6.57
"Servidor-SPTECH";"ram";"ram_Usada";"GB";"2022-11-04 13:45:14";6.51
"Servidor-SPTECH";"ram";"ram_Usada";"GB";"2022-11-04 13:45:12";6.51
"Servidor-SPTECH";"ram";"ram_Usada";"GB";"2022-11-04 13:45:11";6.14
"Servidor-SPTECH";"ram";"ram_Usada";"GB";"2022-11-04 13:45:09";6.15
"Servidor-SPTECH";"ram";"ram_Usada";"GB";"2022-11-04 13:45:08";6.11
"Servidor-SPTECH";"ram";"ram_Usada";"GB";"2022-11-04 13:45:06";6.07
"Servidor-SPTECH";"ram";"ram_Usada";"GB";"2022-11-04 13:45:05";5.96
"Servidor-SPTECH";"ram";"ram_Usada";"GB";"2022-11-04 13:45:04";6.01
"Servidor-SPTECH";"ram";"ram_Usada";"GB";"2022-11-04 13:45:02";6.01
"Servidor-SPTECH";"ram";"ram_Usada";"GB";"2022-11-04 13:45:01";6.0
"Servidor-SPTECH";"ram";"ram_Usada";"GB";"2022-11-04 13:44:59";6.0
"Servidor-SPTECH";"ram";"ram_Usada";"GB";"2022-11-04 13:44:58";6.0
"Servidor-SPTECH";"ram";"ram_Usada";"GB";"2022-11-04 13:44:56";6.0
"Servidor-SPTECH";"ram";"ram_Usada";"GB";"2022-11-04 13:44:55";5.99
"Servidor-SPTECH";"ram";"ram_Usada";"GB";"2022-11-04 13:44:54";5.94
"Servidor-SPTECH";"ram";"ram_Usada";"GB";"2022-11-04 13:44:52";5.95
"Servidor-SPTECH";"ram";"ram_Usada";"GB";"2022-11-04 13:44:51";5.95
"Servidor-SPTECH";"ram";"ram_Usada";"GB";"2022-11-04 13:44:49";5.95
"Servidor-SPTECH";"ram";"ram_Usada";"GB";"2022-11-04 13:44:48";5.94
"Servidor-SPTECH";"ram";"ram_Usada";"GB";"2022-11-04 13:44:46";5.91
"Servidor-SPTECH";"ram";"ram_Usada";"GB";"2022-11-04 13:44:45";5.91
"Servidor-SPTECH";"ram";"ram_Usada";"GB";"2022-11-04 13:44:43";5.92
"Servidor-SPTECH";"ram";"ram_Usada";"GB";"2022-11-04 13:44:42";5.91
"Servidor-SPTECH";"ram";"ram_Usada";"GB";"2022-11-04 13:44:41";5.9
"Servidor-SPTECH";"ram";"ram_Usada";"GB";"2022-11-04 13:44:39";6.0
"Servidor-SPTECH";"ram";"ram_Usada";"GB";"2022-11-04 13:44:38";6.0
"Servidor-SPTECH";"ram";"ram_Usada";"GB";"2022-11-04 13:44:36";5.99
"Servidor-SPTECH";"ram";"ram_Usada";"GB";"2022-11-04 13:44:35";5.98
"Servidor-SPTECH";"ram";"ram_Usada";"GB";"2022-11-04 13:44:33";5.98
"Servidor-SPTECH";"ram";"ram_Usada";"GB";"2022-11-04 13:44:32";6.01
"Servidor-SPTECH";"ram";"ram_Usada";"GB";"2022-11-04 13:44:31";6.01
"Servidor-SPTECH";"ram";"ram_Usada";"GB";"2022-11-04 13:44:29";5.98
"Servidor-SPTECH";"ram";"ram_Usada";"GB";"2022-11-04 13:44:28";6.0
"Servidor-SPTECH";"ram";"ram_Usada";"GB";"2022-11-04 13:44:26";5.97
"Servidor-SPTECH";"ram";"ram_Usada";"GB";"2022-11-04 13:44:25";5.95
"Servidor-SPTECH";"ram";"ram_Usada";"GB";"2022-11-04 13:44:23";5.95
"Servidor-SPTECH";"ram";"ram_Usada";"GB";"2022-11-04 13:44:22";5.95
"Servidor-SPTECH";"ram";"ram_Usada";"GB";"2022-11-04 13:44:21";5.95
"Servidor-SPTECH";"ram";"ram_Usada";"GB";"2022-11-04 13:44:19";5.95
"Servidor-SPTECH";"ram";"ram_Usada";"GB";"2022-11-04 13:44:18";5.93
"Servidor-SPTECH";"ram";"ram_Usada";"GB";"2022-11-04 13:44:16";5.94
"Servidor-SPTECH";"ram";"ram_Usada";"GB";"2022-11-04 13:44:15";5.9
"Servidor-SPTECH";"ram";"ram_Usada";"GB";"2022-11-04 13:44:13";5.91
"Servidor-SPTECH";"ram";"ram_Usada";"GB";"2022-11-04 13:44:12";5.91
"Servidor-SPTECH";"ram";"ram_Usada";"GB";"2022-11-04 13:44:10";5.92
"Servidor-SPTECH";"ram";"ram_Usada";"GB";"2022-11-04 13:44:09";5.93
"Servidor-SPTECH";"ram";"ram_Usada";"GB";"2022-11-04 13:44:08";5.93
"Servidor-SPTECH";"ram";"ram_Usada";"GB";"2022-11-04 13:44:06";5.93
"Servidor-SPTECH";"ram";"ram_Usada";"GB";"2022-11-04 13:44:05";5.92
"Servidor-SPTECH";"ram";"ram_Usada";"GB";"2022-11-04 13:44:03";5.93
"Servidor-SPTECH";"ram";"ram_Usada";"GB";"2022-11-04 13:44:02";5.92
"Servidor-SPTECH";"ram";"ram_Usada";"GB";"2022-11-04 13:44:00";5.91
"Servidor-SPTECH";"ram";"ram_Usada";"GB";"2022-11-04 13:43:59";5.96
"Servidor-SPTECH";"ram";"ram_Usada";"GB";"2022-11-04 13:43:57";5.96
"Servidor-SPTECH";"ram";"ram_Usada";"GB";"2022-11-04 13:43:56";6.05
"Servidor-SPTECH";"ram";"ram_Usada";"GB";"2022-11-04 13:43:55";6.07
"Servidor-SPTECH";"ram";"ram_Usada";"GB";"2022-11-04 13:43:53";6.06
"Servidor-SPTECH";"ram";"ram_Usada";"GB";"2022-11-04 13:43:52";6.1
"Servidor-SPTECH";"ram";"ram_Usada";"GB";"2022-11-04 13:43:50";6.07
"Servidor-SPTECH";"ram";"ram_Usada";"GB";"2022-11-04 13:43:49";6.08
"Servidor-SPTECH";"ram";"ram_Usada";"GB";"2022-11-04 13:43:47";6.05
"Servidor-SPTECH";"ram";"ram_Usada";"GB";"2022-11-04 13:43:46";6.05
"Servidor-SPTECH";"ram";"ram_Usada";"GB";"2022-11-04 13:43:44";6.04
"Servidor-SPTECH";"ram";"ram_Usada";"GB";"2022-11-04 13:43:43";6.07
"Servidor-SPTECH";"ram";"ram_Usada";"GB";"2022-11-04 13:43:42";6.0
"Servidor-SPTECH";"ram";"ram_Usada";"GB";"2022-11-04 13:43:40";6.0
"Servidor-SPTECH";"ram";"ram_Usada";"GB";"2022-11-04 13:43:39";6.01
"Servidor-SPTECH";"ram";"ram_Usada";"GB";"2022-11-04 13:43:37";6.01
"Servidor-SPTECH";"ram";"ram_Usada";"GB";"2022-11-04 13:43:36";6.02
"Servidor-SPTECH";"ram";"ram_Usada";"GB";"2022-11-04 13:43:34";6.02
"Servidor-SPTECH";"ram";"ram_Usada";"GB";"2022-11-04 13:43:33";6.02
"Servidor-SPTECH";"ram";"ram_Usada";"GB";"2022-11-04 13:43:31";6.02
"Servidor-SPTECH";"ram";"ram_Usada";"GB";"2022-11-04 13:43:30";6.01
"Servidor-SPTECH";"ram";"ram_Usada";"GB";"2022-11-04 13:43:29";6.0
"Servidor-SPTECH";"ram";"ram_Usada";"GB";"2022-11-04 13:43:27";5.98
"Servidor-SPTECH";"ram";"ram_Usada";"GB";"2022-11-04 13:43:26";5.97
"Servidor-SPTECH";"ram";"ram_Usada";"GB";"2022-11-04 13:43:24";5.95
"Servidor-SPTECH";"ram";"ram_Usada";"GB";"2022-11-04 13:43:23";5.95
"Servidor-SPTECH";"ram";"ram_Usada";"GB";"2022-11-04 13:43:21";5.94
"Servidor-SPTECH";"ram";"ram_Usada";"GB";"2022-11-04 13:43:20";5.94
"Servidor-SPTECH";"ram";"ram_Usada";"GB";"2022-11-04 13:43:19";5.94
"Servidor-SPTECH";"ram";"ram_Usada";"GB";"2022-11-04 13:43:17";5.93
"Servidor-SPTECH";"ram";"ram_Usada";"GB";"2022-11-04 13:43:16";6.01
"Servidor-SPTECH";"ram";"ram_Usada";"GB";"2022-11-04 13:43:14";6.05
"Servidor-SPTECH";"ram";"ram_Usada";"GB";"2022-11-04 13:43:13";6.06
"Servidor-SPTECH";"ram";"ram_Usada";"GB";"2022-11-04 13:43:11";6.08
"Servidor-SPTECH";"ram";"ram_Usada";"GB";"2022-11-04 13:43:10";6.09
"Servidor-SPTECH";"ram";"ram_Usada";"GB";"2022-11-04 13:43:09";6.09
"Servidor-SPTECH";"ram";"ram_Usada";"GB";"2022-11-04 13:43:07";6.08
"Servidor-SPTECH";"ram";"ram_Usada";"GB";"2022-11-04 13:43:06";6.08
"Servidor-SPTECH";"ram";"ram_Usada";"GB";"2022-11-04 13:43:04";6.08
"Servidor-SPTECH";"ram";"ram_Usada";"GB";"2022-11-04 13:43:03";6.07
"Servidor-SPTECH";"ram";"ram_Usada";"GB";"2022-11-04 13:43:01";6.08
"Servidor-SPTECH";"ram";"ram_Usada";"GB";"2022-11-04 13:43:00";6.3
"Servidor-SPTECH";"ram";"ram_Usada";"GB";"2022-11-04 13:42:58";6.28
"Servidor-SPTECH";"ram";"ram_Usada";"GB";"2022-11-04 13:42:57";6.43
"Servidor-SPTECH";"ram";"ram_Usada";"GB";"2022-11-04 13:42:56";6.43
"Servidor-SPTECH";"ram";"ram_Usada";"GB";"2022-11-04 13:42:54";6.44
"Servidor-SPTECH";"ram";"ram_Usada";"GB";"2022-11-04 13:42:53";6.08
"Servidor-SPTECH";"ram";"ram_Usada";"GB";"2022-11-04 13:42:51";6.16
"Servidor-SPTECH";"ram";"ram_Usada";"GB";"2022-11-04 13:42:50";6.17
"Servidor-SPTECH";"ram";"ram_Usada";"GB";"2022-11-04 13:42:48";6.17
"Servidor-SPTECH";"ram";"ram_Usada";"GB";"2022-11-04 13:42:47";6.39
"Servidor-SPTECH";"ram";"ram_Usada";"GB";"2022-11-04 13:42:45";6.42
"Servidor-SPTECH";"ram";"ram_Usada";"GB";"2022-11-04 13:42:44";6.41
"Servidor-SPTECH";"ram";"ram_Usada";"GB";"2022-11-04 13:42:43";6.59
"Servidor-SPTECH";"ram";"ram_Usada";"GB";"2022-11-04 13:42:41";6.6
"Servidor-SPTECH";"ram";"ram_Usada";"GB";"2022-11-04 13:42:40";6.63
"Servidor-SPTECH";"ram";"ram_Usada";"GB";"2022-11-04 13:42:38";6.27
"Servidor-SPTECH";"ram";"ram_Usada";"GB";"2022-11-04 13:42:37";6.26
"Servidor-SPTECH";"ram";"ram_Usada";"GB";"2022-11-04 13:42:35";6.19
"Servidor-SPTECH";"ram";"ram_Usada";"GB";"2022-11-04 13:42:34";6.18
"Servidor-SPTECH";"ram";"ram_Usada";"GB";"2022-11-04 13:42:33";6.17
"Servidor-SPTECH";"ram";"ram_Usada";"GB";"2022-11-04 13:42:31";6.14
"Servidor-SPTECH";"ram";"ram_Usada";"GB";"2022-11-04 13:42:30";6.13
"Servidor-SPTECH";"ram";"ram_Usada";"GB";"2022-11-04 13:42:28";6.13
"Servidor-SPTECH";"ram";"ram_Usada";"GB";"2022-11-04 13:42:27";6.06
"Servidor-SPTECH";"ram";"ram_Usada";"GB";"2022-11-04 13:42:25";6.08
"Servidor-SPTECH";"ram";"ram_Usada";"GB";"2022-11-04 13:42:24";6.09
"Servidor-SPTECH";"ram";"ram_Usada";"GB";"2022-11-04 13:42:22";6.1
"Servidor-SPTECH";"ram";"ram_Usada";"GB";"2022-11-04 13:42:21";6.18
"Servidor-SPTECH";"ram";"ram_Usada";"GB";"2022-11-04 13:42:20";6.18
"Servidor-SPTECH";"ram";"ram_Usada";"GB";"2022-11-04 13:42:18";6.17
"Servidor-SPTECH";"ram";"ram_Usada";"GB";"2022-11-04 13:42:17";6.17
"Servidor-SPTECH";"ram";"ram_Usada";"GB";"2022-11-04 13:42:15";6.15
"Servidor-SPTECH";"ram";"ram_Usada";"GB";"2022-11-04 13:42:14";6.15
"Servidor-SPTECH";"ram";"ram_Usada";"GB";"2022-11-04 13:42:12";6.12
"Servidor-SPTECH";"ram";"ram_Usada";"GB";"2022-11-04 13:42:11";6.13
"Servidor-SPTECH";"ram";"ram_Usada";"GB";"2022-11-04 13:42:10";6.13
"Servidor-SPTECH";"ram";"ram_Usada";"GB";"2022-11-04 13:42:08";6.08
"Servidor-SPTECH";"ram";"ram_Usada";"GB";"2022-11-04 13:42:07";6.08
"Servidor-SPTECH";"ram";"ram_Usada";"GB";"2022-11-04 13:42:05";6.08
"Servidor-SPTECH";"ram";"ram_Usada";"GB";"2022-11-04 13:42:04";6.05
"Servidor-SPTECH";"ram";"ram_Usada";"GB";"2022-11-04 13:42:02";6.03
"Servidor-SPTECH";"ram";"ram_Usada";"GB";"2022-11-04 13:42:01";6.04
"Servidor-SPTECH";"ram";"ram_Usada";"GB";"2022-11-04 13:41:59";6.03
"Servidor-SPTECH";"ram";"ram_Usada";"GB";"2022-11-04 13:41:58";6.08
"Servidor-SPTECH";"ram";"ram_Usada";"GB";"2022-11-04 13:41:57";6.08
"Servidor-SPTECH";"ram";"ram_Usada";"GB";"2022-11-04 13:41:55";6.07
"Servidor-SPTECH";"ram";"ram_Usada";"GB";"2022-11-04 13:41:54";6.09
"Servidor-SPTECH";"ram";"ram_Usada";"GB";"2022-11-04 13:41:52";6.12
"Servidor-SPTECH";"ram";"ram_Usada";"GB";"2022-11-04 13:41:51";6.08
"Servidor-SPTECH";"ram";"ram_Usada";"GB";"2022-11-04 13:41:49";6.04
"Servidor-SPTECH";"ram";"ram_Usada";"GB";"2022-11-04 13:41:48";6.06
"Servidor-SPTECH";"ram";"ram_Usada";"GB";"2022-11-04 13:41:47";6.14
"Servidor-SPTECH";"ram";"ram_Usada";"GB";"2022-11-04 13:41:45";6.15
"Servidor-SPTECH";"ram";"ram_Usada";"GB";"2022-11-04 13:41:44";6.13
"Servidor-SPTECH";"ram";"ram_Usada";"GB";"2022-11-04 13:41:42";6.16
"Servidor-SPTECH";"ram";"ram_Usada";"GB";"2022-11-04 13:41:41";6.33
"Servidor-SPTECH";"ram";"ram_Usada";"GB";"2022-11-04 13:41:39";6.34
"Servidor-SPTECH";"ram";"ram_Usada";"GB";"2022-11-04 13:41:38";6.34
"Servidor-SPTECH";"ram";"ram_Usada";"GB";"2022-11-04 13:41:36";6.43
"Servidor-SPTECH";"ram";"ram_Usada";"GB";"2022-11-04 13:41:35";6.54
"Servidor-SPTECH";"ram";"ram_Usada";"GB";"2022-11-04 13:41:33";6.86
"Servidor-SPTECH";"ram";"ram_Usada";"GB";"2022-11-04 13:41:32";6.67
"Servidor-SPTECH";"ram";"ram_Usada";"GB";"2022-11-04 13:41:30";6.62
"Servidor-SPTECH";"ram";"ram_Usada";"GB";"2022-11-04 13:41:29";6.66
"Servidor-SPTECH";"ram";"ram_Usada";"GB";"2022-11-04 13:41:27";6.29
"Servidor-SPTECH";"ram";"ram_Usada";"GB";"2022-11-04 13:41:26";6.48
"Servidor-SPTECH";"ram";"ram_Usada";"GB";"2022-11-04 13:41:24";6.43
"Servidor-SPTECH";"ram";"ram_Usada";"GB";"2022-11-04 13:41:23";6.63
"Servidor-SPTECH";"ram";"ram_Usada";"GB";"2022-11-04 13:41:22";6.63
"Servidor-SPTECH";"ram";"ram_Usada";"GB";"2022-11-04 13:41:20";6.71
"Servidor-SPTECH";"ram";"ram_Usada";"GB";"2022-11-04 13:41:19";6.57
"Servidor-SPTECH";"ram";"ram_Usada";"GB";"2022-11-04 13:41:17";6.63
"Servidor-SPTECH";"ram";"ram_Usada";"GB";"2022-11-04 13:41:16";6.57
"Servidor-SPTECH";"ram";"ram_Usada";"GB";"2022-11-04 13:41:14";6.45
"Servidor-SPTECH";"ram";"ram_Usada";"GB";"2022-11-04 13:41:13";6.44
"Servidor-SPTECH";"ram";"ram_Usada";"GB";"2022-11-04 13:41:11";6.59
"Servidor-SPTECH";"ram";"ram_Usada";"GB";"2022-11-04 13:41:10";6.56
"Servidor-SPTECH";"ram";"ram_Usada";"GB";"2022-11-04 13:41:08";6.56
"Servidor-SPTECH";"ram";"ram_Usada";"GB";"2022-11-04 13:41:07";6.11
"Servidor-SPTECH";"ram";"ram_Usada";"GB";"2022-11-04 13:41:05";6.2
"Servidor-SPTECH";"ram";"ram_Usada";"GB";"2022-11-04 13:41:04";6.34
"Servidor-SPTECH";"ram";"ram_Usada";"GB";"2022-11-04 13:41:03";6.43
"Servidor-SPTECH";"ram";"ram_Usada";"GB";"2022-11-04 13:41:01";6.43
"Servidor-SPTECH";"ram";"ram_Usada";"GB";"2022-11-04 13:41:00";6.57
"Servidor-SPTECH";"ram";"ram_Usada";"GB";"2022-11-04 13:40:58";6.55
"Servidor-SPTECH";"ram";"ram_Usada";"GB";"2022-11-04 13:40:57";6.55
"Servidor-SPTECH";"ram";"ram_Usada";"GB";"2022-11-04 13:40:55";6.17
"Servidor-SPTECH";"ram";"ram_Usada";"GB";"2022-11-04 13:40:54";6.14
"Servidor-SPTECH";"ram";"ram_Usada";"GB";"2022-11-04 13:40:52";6.15
"Servidor-SPTECH";"ram";"ram_Usada";"GB";"2022-11-04 13:40:51";6.21
"Servidor-SPTECH";"ram";"ram_Usada";"GB";"2022-11-04 13:40:50";6.23
"Servidor-SPTECH";"ram";"ram_Usada";"GB";"2022-11-04 13:40:48";6.18
"Servidor-SPTECH";"ram";"ram_Usada";"GB";"2022-11-04 13:40:47";6.11
"Servidor-SPTECH";"ram";"ram_Usada";"GB";"2022-11-04 13:40:45";6.12
"Servidor-SPTECH";"ram";"ram_Usada";"GB";"2022-11-04 13:40:44";6.11
"Servidor-SPTECH";"ram";"ram_Usada";"GB";"2022-11-04 13:40:42";6.12
"Servidor-SPTECH";"ram";"ram_Usada";"GB";"2022-11-04 13:40:41";6.11
"Servidor-SPTECH";"ram";"ram_Usada";"GB";"2022-11-04 13:40:39";6.12
"Servidor-SPTECH";"ram";"ram_Usada";"GB";"2022-11-04 13:40:38";6.12
"Servidor-SPTECH";"ram";"ram_Usada";"GB";"2022-11-04 13:40:37";6.12
"Servidor-SPTECH";"ram";"ram_Usada";"GB";"2022-11-04 13:40:35";6.12
"Servidor-SPTECH";"ram";"ram_Usada";"GB";"2022-11-04 13:40:34";6.12
"Servidor-SPTECH";"ram";"ram_Usada";"GB";"2022-11-04 13:40:32";6.11
"Servidor-SPTECH";"ram";"ram_Usada";"GB";"2022-11-04 13:40:31";6.13
"Servidor-SPTECH";"ram";"ram_Usada";"GB";"2022-11-04 13:40:29";6.16
"Servidor-SPTECH";"ram";"ram_Usada";"GB";"2022-11-04 13:40:28";6.15
"Servidor-SPTECH";"ram";"ram_Usada";"GB";"2022-11-04 13:40:27";6.16
"Servidor-SPTECH";"ram";"ram_Usada";"GB";"2022-11-04 13:40:25";6.15
"Servidor-SPTECH";"ram";"ram_Usada";"GB";"2022-11-04 13:40:24";6.17
"Servidor-SPTECH";"ram";"ram_Usada";"GB";"2022-11-04 13:40:22";6.15
"Servidor-SPTECH";"ram";"ram_Usada";"GB";"2022-11-04 13:40:21";6.13
"Servidor-SPTECH";"ram";"ram_Usada";"GB";"2022-11-04 13:40:19";6.11
"Servidor-SPTECH";"ram";"ram_Usada";"GB";"2022-11-04 13:40:18";6.11
"Servidor-SPTECH";"ram";"ram_Usada";"GB";"2022-11-04 13:40:17";6.1
"Servidor-SPTECH";"ram";"ram_Usada";"GB";"2022-11-04 13:40:15";6.13
"Servidor-SPTECH";"ram";"ram_Usada";"GB";"2022-11-04 13:40:14";6.11
"Servidor-SPTECH";"ram";"ram_Usada";"GB";"2022-11-04 13:40:12";6.1
"Servidor-SPTECH";"ram";"ram_Usada";"GB";"2022-11-04 13:40:11";6.15
"Servidor-SPTECH";"ram";"ram_Usada";"GB";"2022-11-04 13:40:09";6.13
"Servidor-SPTECH";"ram";"ram_Usada";"GB";"2022-11-04 13:40:08";6.18
"Servidor-SPTECH";"ram";"ram_Usada";"GB";"2022-11-04 13:40:06";6.17
"Servidor-SPTECH";"ram";"ram_Usada";"GB";"2022-11-04 13:40:05";6.17
"Servidor-SPTECH";"ram";"ram_Usada";"GB";"2022-11-04 13:40:04";6.18
"Servidor-SPTECH";"ram";"ram_Usada";"GB";"2022-11-04 13:40:02";6.37
"Servidor-SPTECH";"ram";"ram_Usada";"GB";"2022-11-04 13:40:01";6.38
"Servidor-SPTECH";"ram";"ram_Usada";"GB";"2022-11-04 13:39:59";6.6
"Servidor-SPTECH";"ram";"ram_Usada";"GB";"2022-11-04 13:39:58";6.61
"Servidor-SPTECH";"ram";"ram_Usada";"GB";"2022-11-04 13:39:56";6.65
"Servidor-SPTECH";"ram";"ram_Usada";"GB";"2022-11-04 13:39:55";6.42
"Servidor-SPTECH";"ram";"ram_Usada";"GB";"2022-11-04 13:39:54";6.4
"Servidor-SPTECH";"ram";"ram_Usada";"GB";"2022-11-04 13:39:52";6.42
"Servidor-SPTECH";"ram";"ram_Usada";"GB";"2022-11-04 13:39:51";6.26
"Servidor-SPTECH";"ram";"ram_Usada";"GB";"2022-11-04 13:39:49";6.28
"Servidor-SPTECH";"ram";"ram_Usada";"GB";"2022-11-04 13:39:48";6.32
"Servidor-SPTECH";"ram";"ram_Usada";"GB";"2022-11-04 13:39:46";6.31
"Servidor-SPTECH";"ram";"ram_Usada";"GB";"2022-11-04 13:39:45";6.32
"Servidor-SPTECH";"ram";"ram_Usada";"GB";"2022-11-04 13:39:43";6.31
"Servidor-SPTECH";"ram";"ram_Usada";"GB";"2022-11-04 13:39:42";6.32
"Servidor-SPTECH";"ram";"ram_Usada";"GB";"2022-11-04 13:39:40";6.32
"Servidor-SPTECH";"ram";"ram_Usada";"GB";"2022-11-04 13:39:39";6.32
"Servidor-SPTECH";"ram";"ram_Usada";"GB";"2022-11-04 13:39:37";6.25
"Servidor-SPTECH";"ram";"ram_Usada";"GB";"2022-11-04 13:39:36";6.25
"Servidor-SPTECH";"ram";"ram_Usada";"GB";"2022-11-04 13:39:35";6.24
"Servidor-SPTECH";"ram";"ram_Usada";"GB";"2022-11-04 13:39:33";6.23
"Servidor-SPTECH";"ram";"ram_Usada";"GB";"2022-11-04 13:39:32";6.23
"Servidor-SPTECH";"ram";"ram_Usada";"GB";"2022-11-04 13:39:30";6.22
"Servidor-SPTECH";"ram";"ram_Usada";"GB";"2022-11-04 13:39:29";6.22
"Servidor-SPTECH";"ram";"ram_Usada";"GB";"2022-11-04 13:39:27";6.22
"Servidor-SPTECH";"ram";"ram_Usada";"GB";"2022-11-04 13:39:26";6.22
"Servidor-SPTECH";"ram";"ram_Usada";"GB";"2022-11-04 13:39:24";6.23
"Servidor-SPTECH";"ram";"ram_Usada";"GB";"2022-11-04 13:39:23";6.22
"Servidor-SPTECH";"ram";"ram_Usada";"GB";"2022-11-04 13:39:22";6.21
"Servidor-SPTECH";"ram";"ram_Usada";"GB";"2022-11-04 13:39:20";6.2
"Servidor-SPTECH";"ram";"ram_Usada";"GB";"2022-11-04 13:39:19";6.19
"Servidor-SPTECH";"ram";"ram_Usada";"GB";"2022-11-04 13:39:17";6.19
"Servidor-SPTECH";"ram";"ram_Usada";"GB";"2022-11-04 13:39:16";6.22
"Servidor-SPTECH";"ram";"ram_Usada";"GB";"2022-11-04 13:39:14";6.22
"Servidor-SPTECH";"ram";"ram_Usada";"GB";"2022-11-04 13:39:13";6.21
"Servidor-SPTECH";"ram";"ram_Usada";"GB";"2022-11-04 13:39:12";6.21
"Servidor-SPTECH";"ram";"ram_Usada";"GB";"2022-11-04 13:39:10";6.21
"Servidor-SPTECH";"ram";"ram_Usada";"GB";"2022-11-04 13:39:09";6.2
"Servidor-SPTECH";"ram";"ram_Usada";"GB";"2022-11-04 13:39:07";6.2
"Servidor-SPTECH";"ram";"ram_Usada";"GB";"2022-11-04 13:39:06";6.2
"Servidor-SPTECH";"ram";"ram_Usada";"GB";"2022-11-04 13:39:04";6.21
"Servidor-SPTECH";"ram";"ram_Usada";"GB";"2022-11-04 13:39:03";6.2
"Servidor-SPTECH";"ram";"ram_Usada";"GB";"2022-11-04 13:39:01";6.24
"Servidor-SPTECH";"ram";"ram_Usada";"GB";"2022-11-04 13:39:00";6.24
"Servidor-SPTECH";"ram";"ram_Usada";"GB";"2022-11-04 13:38:59";6.25
"Servidor-SPTECH";"ram";"ram_Usada";"GB";"2022-11-04 13:38:57";6.26
"Servidor-SPTECH";"ram";"ram_Usada";"GB";"2022-11-04 13:38:56";6.27
"Servidor-SPTECH";"ram";"ram_Usada";"GB";"2022-11-04 13:38:54";6.58
"Servidor-SPTECH";"ram";"ram_Usada";"GB";"2022-11-04 13:38:53";6.53
"Servidor-SPTECH";"ram";"ram_Usada";"GB";"2022-11-04 13:38:51";6.56
"Servidor-SPTECH";"ram";"ram_Usada";"GB";"2022-11-04 13:38:50";6.68
"Servidor-SPTECH";"ram";"ram_Usada";"GB";"2022-11-04 13:38:49";6.69
"Servidor-SPTECH";"ram";"ram_Usada";"GB";"2022-11-04 13:38:47";6.77
"Servidor-SPTECH";"ram";"ram_Usada";"GB";"2022-11-04 13:38:46";6.79
"Servidor-SPTECH";"ram";"ram_Usada";"GB";"2022-11-04 13:38:44";6.82
"Servidor-SPTECH";"ram";"ram_Usada";"GB";"2022-11-04 13:38:43";6.8
"Servidor-SPTECH";"ram";"ram_Usada";"GB";"2022-11-04 13:38:41";6.37
"Servidor-SPTECH";"ram";"ram_Usada";"GB";"2022-11-04 13:38:40";6.36
"Servidor-SPTECH";"ram";"ram_Usada";"GB";"2022-11-04 13:38:38";6.41
"Servidor-SPTECH";"ram";"ram_Usada";"GB";"2022-11-04 13:38:37";6.42
"Servidor-SPTECH";"ram";"ram_Usada";"GB";"2022-11-04 13:38:36";6.42
"Servidor-SPTECH";"ram";"ram_Usada";"GB";"2022-11-04 13:38:34";6.43
"Servidor-SPTECH";"ram";"ram_Usada";"GB";"2022-11-04 13:38:33";6.43
"Servidor-SPTECH";"ram";"ram_Usada";"GB";"2022-11-04 13:38:31";6.43
"Servidor-SPTECH";"ram";"ram_Usada";"GB";"2022-11-04 13:38:30";6.38
"Servidor-SPTECH";"ram";"ram_Usada";"GB";"2022-11-04 13:38:28";6.38
"Servidor-SPTECH";"ram";"ram_Usada";"GB";"2022-11-04 13:38:27";6.38
"Servidor-SPTECH";"ram";"ram_Usada";"GB";"2022-11-04 13:38:25";6.37
"Servidor-SPTECH";"ram";"ram_Usada";"GB";"2022-11-04 13:38:24";6.36
"Servidor-SPTECH";"ram";"ram_Usada";"GB";"2022-11-04 13:38:23";6.39
"Servidor-SPTECH";"ram";"ram_Usada";"GB";"2022-11-04 13:38:21";6.36
"Servidor-SPTECH";"ram";"ram_Usada";"GB";"2022-11-04 13:38:20";6.32
"Servidor-SPTECH";"ram";"ram_Usada";"GB";"2022-11-04 13:38:18";6.32
"Servidor-SPTECH";"ram";"ram_Usada";"GB";"2022-11-04 13:38:17";6.32
"Servidor-SPTECH";"ram";"ram_Usada";"GB";"2022-11-04 13:38:16";6.35
"Servidor-SPTECH";"ram";"ram_Usada";"GB";"2022-11-04 13:38:14";6.34
"Servidor-SPTECH";"ram";"ram_Usada";"GB";"2022-11-04 13:38:13";6.35
"Servidor-SPTECH";"ram";"ram_Usada";"GB";"2022-11-04 13:38:11";6.38
"Servidor-SPTECH";"ram";"ram_Usada";"GB";"2022-11-04 13:38:10";6.38
"Servidor-SPTECH";"ram";"ram_Usada";"GB";"2022-11-04 13:38:08";6.39
"Servidor-SPTECH";"ram";"ram_Usada";"GB";"2022-11-04 13:38:07";6.37
"Servidor-SPTECH";"ram";"ram_Usada";"GB";"2022-11-04 13:38:05";6.35
"Servidor-SPTECH";"ram";"ram_Usada";"GB";"2022-11-04 13:38:04";6.34
"Servidor-SPTECH";"ram";"ram_Usada";"GB";"2022-11-04 13:38:03";6.36
"Servidor-SPTECH";"ram";"ram_Usada";"GB";"2022-11-04 13:38:01";6.36
"Servidor-SPTECH";"ram";"ram_Usada";"GB";"2022-11-04 13:38:00";6.33
"Servidor-SPTECH";"ram";"ram_Usada";"GB";"2022-11-04 13:37:58";6.33
"Servidor-SPTECH";"ram";"ram_Usada";"GB";"2022-11-04 13:37:57";6.32
"Servidor-SPTECH";"ram";"ram_Usada";"GB";"2022-11-04 13:37:55";6.32
"Servidor-SPTECH";"ram";"ram_Usada";"GB";"2022-11-04 13:37:54";6.32
"Servidor-SPTECH";"ram";"ram_Usada";"GB";"2022-11-04 13:37:52";6.31
"Servidor-SPTECH";"ram";"ram_Usada";"GB";"2022-11-04 13:37:51";6.33
"Servidor-SPTECH";"ram";"ram_Usada";"GB";"2022-11-04 13:37:50";6.36
"Servidor-SPTECH";"ram";"ram_Usada";"GB";"2022-11-04 13:37:48";6.35
"Servidor-SPTECH";"ram";"ram_Usada";"GB";"2022-11-04 13:37:47";6.35
"Servidor-SPTECH";"ram";"ram_Usada";"GB";"2022-11-04 13:37:45";6.35
"Servidor-SPTECH";"ram";"ram_Usada";"GB";"2022-11-04 13:37:44";6.34
"Servidor-SPTECH";"ram";"ram_Usada";"GB";"2022-11-04 13:37:42";6.37
"Servidor-SPTECH";"ram";"ram_Usada";"GB";"2022-11-04 13:37:41";6.39
"Servidor-SPTECH";"ram";"ram_Usada";"GB";"2022-11-04 13:37:40";6.34
"Servidor-SPTECH";"ram";"ram_Usada";"GB";"2022-11-04 13:37:38";6.35
"Servidor-SPTECH";"ram";"ram_Usada";"GB";"2022-11-04 13:37:37";6.36
"Servidor-SPTECH";"ram";"ram_Usada";"GB";"2022-11-04 13:37:35";6.34
"Servidor-SPTECH";"ram";"ram_Usada";"GB";"2022-11-04 13:37:34";6.34
"Servidor-SPTECH";"ram";"ram_Usada";"GB";"2022-11-04 13:37:32";6.32
"Servidor-SPTECH";"ram";"ram_Usada";"GB";"2022-11-04 13:37:31";6.32
"Servidor-SPTECH";"ram";"ram_Usada";"GB";"2022-11-04 13:37:29";6.32
"Servidor-SPTECH";"ram";"ram_Usada";"GB";"2022-11-04 13:37:28";6.31
"Servidor-SPTECH";"ram";"ram_Usada";"GB";"2022-11-04 13:37:27";6.32
"Servidor-SPTECH";"ram";"ram_Usada";"GB";"2022-11-04 13:37:25";6.32
"Servidor-SPTECH";"ram";"ram_Usada";"GB";"2022-11-04 13:37:24";6.3
"Servidor-SPTECH";"ram";"ram_Usada";"GB";"2022-11-04 13:37:22";6.31
"Servidor-SPTECH";"ram";"ram_Usada";"GB";"2022-11-04 13:37:21";6.34
"Servidor-SPTECH";"ram";"ram_Usada";"GB";"2022-11-04 13:37:19";6.33
"Servidor-SPTECH";"ram";"ram_Usada";"GB";"2022-11-04 13:37:18";6.38
"Servidor-SPTECH";"ram";"ram_Usada";"GB";"2022-11-04 13:37:17";6.38
"Servidor-SPTECH";"ram";"ram_Usada";"GB";"2022-11-04 13:37:15";6.37
"Servidor-SPTECH";"ram";"ram_Usada";"GB";"2022-11-04 13:37:14";6.37
"Servidor-SPTECH";"ram";"ram_Usada";"GB";"2022-11-04 13:37:12";6.36
"Servidor-SPTECH";"ram";"ram_Usada";"GB";"2022-11-04 13:37:11";6.37
"Servidor-SPTECH";"ram";"ram_Usada";"GB";"2022-11-04 13:37:09";6.35
"Servidor-SPTECH";"ram";"ram_Usada";"GB";"2022-11-04 13:37:08";6.3
"Servidor-SPTECH";"ram";"ram_Usada";"GB";"2022-11-04 13:37:07";6.3
"Servidor-SPTECH";"ram";"ram_Usada";"GB";"2022-11-04 13:37:05";6.3
"Servidor-SPTECH";"ram";"ram_Usada";"GB";"2022-11-04 13:37:04";6.29
"Servidor-SPTECH";"ram";"ram_Usada";"GB";"2022-11-04 13:37:02";6.3
"Servidor-SPTECH";"ram";"ram_Usada";"GB";"2022-11-04 13:37:01";6.3
"Servidor-SPTECH";"ram";"ram_Usada";"GB";"2022-11-04 13:36:59";6.28
"Servidor-SPTECH";"ram";"ram_Usada";"GB";"2022-11-04 13:36:58";6.36
"Servidor-SPTECH";"ram";"ram_Usada";"GB";"2022-11-04 13:36:57";6.37
"Servidor-SPTECH";"ram";"ram_Usada";"GB";"2022-11-04 13:36:55";6.47
"Servidor-SPTECH";"ram";"ram_Usada";"GB";"2022-11-04 13:36:54";6.53
"Servidor-SPTECH";"ram";"ram_Usada";"GB";"2022-11-04 13:36:52";6.63
"Servidor-SPTECH";"ram";"ram_Usada";"GB";"2022-11-04 13:36:51";6.7
"Servidor-SPTECH";"ram";"ram_Usada";"GB";"2022-11-04 13:36:49";6.68
"Servidor-SPTECH";"ram";"ram_Usada";"GB";"2022-11-04 13:36:48";6.73
"Servidor-SPTECH";"ram";"ram_Usada";"GB";"2022-11-04 13:36:47";6.26
"Servidor-SPTECH";"ram";"ram_Usada";"GB";"2022-11-04 13:36:45";6.26
"Servidor-SPTECH";"ram";"ram_Usada";"GB";"2022-11-04 13:36:44";6.27
"Servidor-SPTECH";"ram";"ram_Usada";"GB";"2022-11-04 13:36:42";6.34
"Servidor-SPTECH";"ram";"ram_Usada";"GB";"2022-11-04 13:36:41";6.35
"Servidor-SPTECH";"ram";"ram_Usada";"GB";"2022-11-04 13:36:39";6.35
"Servidor-SPTECH";"ram";"ram_Usada";"GB";"2022-11-04 13:36:38";6.36
"Servidor-SPTECH";"ram";"ram_Usada";"GB";"2022-11-04 13:36:36";6.42
"Servidor-SPTECH";"ram";"ram_Usada";"GB";"2022-11-04 13:36:35";6.4
"Servidor-SPTECH";"ram";"ram_Usada";"GB";"2022-11-04 13:36:34";6.39
"Servidor-SPTECH";"ram";"ram_Usada";"GB";"2022-11-04 13:36:32";6.29
"Servidor-SPTECH";"ram";"ram_Usada";"GB";"2022-11-04 13:36:31";6.33
"Servidor-SPTECH";"ram";"ram_Usada";"GB";"2022-11-04 13:36:29";6.37
"Servidor-SPTECH";"ram";"ram_Usada";"GB";"2022-11-04 13:36:28";6.37
"Servidor-SPTECH";"ram";"ram_Usada";"GB";"2022-11-04 13:36:26";6.47
"Servidor-SPTECH";"ram";"ram_Usada";"GB";"2022-11-04 13:36:25";6.44
"Servidor-SPTECH";"ram";"ram_Usada";"GB";"2022-11-04 13:36:23";6.41
"Servidor-SPTECH";"ram";"ram_Usada";"GB";"2022-11-04 13:36:22";6.58
"Servidor-SPTECH";"ram";"ram_Usada";"GB";"2022-11-04 13:36:21";6.61
"Servidor-SPTECH";"ram";"ram_Usada";"GB";"2022-11-04 13:36:19";6.62
"Servidor-SPTECH";"ram";"ram_Usada";"GB";"2022-11-04 13:36:18";6.21
"Servidor-SPTECH";"ram";"ram_Usada";"GB";"2022-11-04 13:36:16";6.23
"Servidor-SPTECH";"ram";"ram_Usada";"GB";"2022-11-04 13:36:15";6.21
"Servidor-SPTECH";"ram";"ram_Usada";"GB";"2022-11-04 13:36:13";6.25
"Servidor-SPTECH";"ram";"ram_Usada";"GB";"2022-11-04 13:36:12";6.26
"Servidor-SPTECH";"ram";"ram_Usada";"GB";"2022-11-04 13:36:10";6.26
"Servidor-SPTECH";"ram";"ram_Usada";"GB";"2022-11-04 13:36:09";6.26
"Servidor-SPTECH";"ram";"ram_Usada";"GB";"2022-11-04 13:36:07";6.24
"Servidor-SPTECH";"ram";"ram_Usada";"GB";"2022-11-04 13:36:06";6.2
"Servidor-SPTECH";"ram";"ram_Usada";"GB";"2022-11-04 13:36:04";6.11
"Servidor-SPTECH";"ram";"ram_Usada";"GB";"2022-11-04 13:36:03";6.11
"Servidor-SPTECH";"ram";"ram_Usada";"GB";"2022-11-04 13:36:02";6.11
"Servidor-SPTECH";"ram";"ram_Usada";"GB";"2022-11-04 13:36:00";6.11
"Servidor-SPTECH";"ram";"ram_Usada";"GB";"2022-11-04 13:35:59";6.1
"Servidor-SPTECH";"ram";"ram_Usada";"GB";"2022-11-04 13:35:57";6.33
"Servidor-SPTECH";"ram";"ram_Usada";"GB";"2022-11-04 13:35:56";6.32
"Servidor-SPTECH";"ram";"ram_Usada";"GB";"2022-11-04 13:35:54";6.46
"Servidor-SPTECH";"ram";"ram_Usada";"GB";"2022-11-04 13:35:53";6.47
"Servidor-SPTECH";"ram";"ram_Usada";"GB";"2022-11-04 13:35:52";6.51
"Servidor-SPTECH";"ram";"ram_Usada";"GB";"2022-11-04 13:35:50";6.11
"Servidor-SPTECH";"ram";"ram_Usada";"GB";"2022-11-04 13:35:49";6.1
"Servidor-SPTECH";"ram";"ram_Usada";"GB";"2022-11-04 13:35:47";6.1
"Servidor-SPTECH";"ram";"ram_Usada";"GB";"2022-11-04 13:35:46";6.1
"Servidor-SPTECH";"ram";"ram_Usada";"GB";"2022-11-04 13:35:44";6.09
"Servidor-SPTECH";"ram";"ram_Usada";"GB";"2022-11-04 13:35:43";6.09
"Servidor-SPTECH";"ram";"ram_Usada";"GB";"2022-11-04 13:35:41";6.09
"Servidor-SPTECH";"ram";"ram_Usada";"GB";"2022-11-04 13:35:40";6.09
"Servidor-SPTECH";"ram";"ram_Usada";"GB";"2022-11-04 13:35:39";6.09
"Servidor-SPTECH";"ram";"ram_Usada";"GB";"2022-11-04 13:35:37";6.09
"Servidor-SPTECH";"ram";"ram_Usada";"GB";"2022-11-04 13:35:36";6.1
"Servidor-SPTECH";"ram";"ram_Usada";"GB";"2022-11-04 13:35:34";6.1
"Servidor-SPTECH";"ram";"ram_Usada";"GB";"2022-11-04 13:35:33";6.1
"Servidor-SPTECH";"ram";"ram_Usada";"GB";"2022-11-04 13:35:31";6.08
"Servidor-SPTECH";"ram";"ram_Usada";"GB";"2022-11-04 13:35:30";6.09
"Servidor-SPTECH";"ram";"ram_Usada";"GB";"2022-11-04 13:35:28";6.08
"Servidor-SPTECH";"ram";"ram_Usada";"GB";"2022-11-04 13:35:27";6.08
"Servidor-SPTECH";"ram";"ram_Usada";"GB";"2022-11-04 13:35:26";6.09
"Servidor-SPTECH";"ram";"ram_Usada";"GB";"2022-11-04 13:35:24";6.08
"Servidor-SPTECH";"ram";"ram_Usada";"GB";"2022-11-04 13:35:23";6.08
"Servidor-SPTECH";"ram";"ram_Usada";"GB";"2022-11-04 13:35:21";6.09
"Servidor-SPTECH";"ram";"ram_Usada";"GB";"2022-11-04 13:35:20";6.08
"Servidor-SPTECH";"ram";"ram_Usada";"GB";"2022-11-04 13:35:18";6.07
"Servidor-SPTECH";"ram";"ram_Usada";"GB";"2022-11-04 13:35:17";6.08
"Servidor-SPTECH";"ram";"ram_Usada";"GB";"2022-11-04 13:35:15";6.08
"Servidor-SPTECH";"ram";"ram_Usada";"GB";"2022-11-04 13:35:14";6.11
"Servidor-SPTECH";"ram";"ram_Usada";"GB";"2022-11-04 13:35:13";6.16
"Servidor-SPTECH";"ram";"ram_Usada";"GB";"2022-11-04 13:35:11";6.2
"Servidor-SPTECH";"ram";"ram_Usada";"GB";"2022-11-04 13:35:10";6.2
"Servidor-SPTECH";"ram";"ram_Usada";"GB";"2022-11-04 13:35:08";6.2
"Servidor-SPTECH";"ram";"ram_Usada";"GB";"2022-11-04 13:35:07";6.23
"Servidor-SPTECH";"ram";"ram_Usada";"GB";"2022-11-04 13:35:05";6.26
"Servidor-SPTECH";"ram";"ram_Usada";"GB";"2022-11-04 13:35:04";6.26
"Servidor-SPTECH";"ram";"ram_Usada";"GB";"2022-11-04 13:35:03";6.28
"Servidor-SPTECH";"ram";"ram_Usada";"GB";"2022-11-04 13:35:01";6.27
"Servidor-SPTECH";"ram";"ram_Usada";"GB";"2022-11-04 13:35:00";6.27
"Servidor-SPTECH";"ram";"ram_Usada";"GB";"2022-11-04 13:34:58";6.25
"Servidor-SPTECH";"ram";"ram_Usada";"GB";"2022-11-04 13:34:57";6.15
"Servidor-SPTECH";"ram";"ram_Usada";"GB";"2022-11-04 13:34:55";6.12
"Servidor-SPTECH";"ram";"ram_Usada";"GB";"2022-11-04 13:34:54";6.07
"Servidor-SPTECH";"ram";"ram_Usada";"GB";"2022-11-04 13:34:52";6.08
"Servidor-SPTECH";"ram";"ram_Usada";"GB";"2022-11-04 13:34:51";6.16
"Servidor-SPTECH";"ram";"ram_Usada";"GB";"2022-11-04 13:34:50";6.15
"Servidor-SPTECH";"ram";"ram_Usada";"GB";"2022-11-04 13:34:48";6.16
"Servidor-SPTECH";"ram";"ram_Usada";"GB";"2022-11-04 13:34:47";6.17
"Servidor-SPTECH";"ram";"ram_Usada";"GB";"2022-11-04 13:34:45";6.17
"Servidor-SPTECH";"ram";"ram_Usada";"GB";"2022-11-04 13:34:44";6.16
"Servidor-SPTECH";"ram";"ram_Usada";"GB";"2022-11-04 13:34:42";6.16
"Servidor-SPTECH";"ram";"ram_Usada";"GB";"2022-11-04 13:34:41";6.17
"Servidor-SPTECH";"ram";"ram_Usada";"GB";"2022-11-04 13:34:39";6.05
"Servidor-SPTECH";"ram";"ram_Usada";"GB";"2022-11-04 13:34:38";6.06
"Servidor-SPTECH";"ram";"ram_Usada";"GB";"2022-11-04 13:34:37";6.04
"Servidor-SPTECH";"ram";"ram_Usada";"GB";"2022-11-04 13:34:35";6.04
"Servidor-SPTECH";"ram";"ram_Usada";"GB";"2022-11-04 13:34:34";6.19
"Servidor-SPTECH";"ram";"ram_Usada";"GB";"2022-11-04 13:34:32";6.26
"Servidor-SPTECH";"ram";"ram_Usada";"GB";"2022-11-04 13:34:31";6.4
"Servidor-SPTECH";"ram";"ram_Usada";"GB";"2022-11-04 13:34:29";6.4
"Servidor-SPTECH";"ram";"ram_Usada";"GB";"2022-11-04 13:34:28";6.4
"Servidor-SPTECH";"ram";"ram_Usada";"GB";"2022-11-04 13:34:26";6.36
"Servidor-SPTECH";"ram";"ram_Usada";"GB";"2022-11-04 13:34:25";6.38
"Servidor-SPTECH";"ram";"ram_Usada";"GB";"2022-11-04 13:34:24";6.38
"Servidor-SPTECH";"ram";"ram_Usada";"GB";"2022-11-04 13:34:22";6.37
"Servidor-SPTECH";"ram";"ram_Usada";"GB";"2022-11-04 13:34:21";6.38
"Servidor-SPTECH";"ram";"ram_Usada";"GB";"2022-11-04 13:34:19";6.3
"Servidor-SPTECH";"ram";"ram_Usada";"GB";"2022-11-04 13:34:18";6.28
"Servidor-SPTECH";"ram";"ram_Usada";"GB";"2022-11-04 13:34:16";6.28
"Servidor-SPTECH";"ram";"ram_Usada";"GB";"2022-11-04 13:34:15";6.28
"Servidor-SPTECH";"ram";"ram_Usada";"GB";"2022-11-04 13:34:14";6.28
"Servidor-SPTECH";"ram";"ram_Usada";"GB";"2022-11-04 13:34:12";6.28
"Servidor-SPTECH";"ram";"ram_Usada";"GB";"2022-11-04 13:34:11";6.28
"Servidor-SPTECH";"ram";"ram_Usada";"GB";"2022-11-04 13:34:09";6.28
"Servidor-SPTECH";"ram";"ram_Usada";"GB";"2022-11-04 13:34:08";6.28
"Servidor-SPTECH";"ram";"ram_Usada";"GB";"2022-11-04 13:34:06";6.28
"Servidor-SPTECH";"ram";"ram_Usada";"GB";"2022-11-04 13:34:05";6.3
"Servidor-SPTECH";"ram";"ram_Usada";"GB";"2022-11-04 13:34:04";6.3
"Servidor-SPTECH";"ram";"ram_Usada";"GB";"2022-11-04 13:34:02";6.34
"Servidor-SPTECH";"ram";"ram_Usada";"GB";"2022-11-04 13:34:01";6.33
"Servidor-SPTECH";"ram";"ram_Usada";"GB";"2022-11-04 13:33:59";6.34
"Servidor-SPTECH";"ram";"ram_Usada";"GB";"2022-11-04 13:33:58";6.41
"Servidor-SPTECH";"ram";"ram_Usada";"GB";"2022-11-04 13:33:56";6.41
"Servidor-SPTECH";"ram";"ram_Usada";"GB";"2022-11-04 13:33:55";6.48
"Servidor-SPTECH";"ram";"ram_Usada";"GB";"2022-11-04 13:33:53";6.32
"Servidor-SPTECH";"ram";"ram_Usada";"GB";"2022-11-04 13:33:52";6.46
"Servidor-SPTECH";"ram";"ram_Usada";"GB";"2022-11-04 13:33:50";6.5
"Servidor-SPTECH";"ram";"ram_Usada";"GB";"2022-11-04 13:33:49";6.64
"Servidor-SPTECH";"ram";"ram_Usada";"GB";"2022-11-04 13:33:48";6.67
"Servidor-SPTECH";"ram";"ram_Usada";"GB";"2022-11-04 13:33:46";6.68
"Servidor-SPTECH";"ram";"ram_Usada";"GB";"2022-11-04 13:33:45";6.52
"Servidor-SPTECH";"ram";"ram_Usada";"GB";"2022-11-04 13:33:43";6.52
"Servidor-SPTECH";"ram";"ram_Usada";"GB";"2022-11-04 13:33:42";6.61
"Servidor-SPTECH";"ram";"ram_Usada";"GB";"2022-11-04 13:33:40";6.61
"Servidor-SPTECH";"ram";"ram_Usada";"GB";"2022-11-04 13:33:39";6.6
"Servidor-SPTECH";"ram";"ram_Usada";"GB";"2022-11-04 13:33:37";6.59
"Servidor-SPTECH";"ram";"ram_Usada";"GB";"2022-11-04 13:33:36";6.59
"Servidor-SPTECH";"ram";"ram_Usada";"GB";"2022-11-04 13:33:34";6.53
"Servidor-SPTECH";"ram";"ram_Usada";"GB";"2022-11-04 13:33:33";6.49
"Servidor-SPTECH";"ram";"ram_Usada";"GB";"2022-11-04 13:33:32";6.53
"Servidor-SPTECH";"ram";"ram_Usada";"GB";"2022-11-04 13:33:30";6.52
"Servidor-SPTECH";"ram";"ram_Usada";"GB";"2022-11-04 13:33:29";6.49
"Servidor-SPTECH";"ram";"ram_Usada";"GB";"2022-11-04 13:33:27";6.4
"Servidor-SPTECH";"ram";"ram_Usada";"GB";"2022-11-04 13:33:26";6.34
"Servidor-SPTECH";"ram";"ram_Usada";"GB";"2022-11-04 13:33:24";6.34
"Servidor-SPTECH";"ram";"ram_Usada";"GB";"2022-11-04 13:33:23";6.35
"Servidor-SPTECH";"ram";"ram_Usada";"GB";"2022-11-04 13:33:21";6.34
"Servidor-SPTECH";"ram";"ram_Usada";"GB";"2022-11-04 13:33:20";6.33
"Servidor-SPTECH";"ram";"ram_Usada";"GB";"2022-11-04 13:33:19";6.32
"Servidor-SPTECH";"ram";"ram_Usada";"GB";"2022-11-04 13:33:17";6.3
"Servidor-SPTECH";"ram";"ram_Usada";"GB";"2022-11-04 13:33:16";6.45
"Servidor-SPTECH";"ram";"ram_Usada";"GB";"2022-11-04 13:33:14";6.59
"Servidor-SPTECH";"ram";"ram_Usada";"GB";"2022-11-04 13:33:13";6.6
"Servidor-SPTECH";"ram";"ram_Usada";"GB";"2022-11-04 13:33:11";6.61
"Servidor-SPTECH";"ram";"ram_Usada";"GB";"2022-11-04 13:33:10";6.7
"Servidor-SPTECH";"ram";"ram_Usada";"GB";"2022-11-04 13:33:09";6.64
"Servidor-SPTECH";"ram";"ram_Usada";"GB";"2022-11-04 13:33:07";6.58
"Servidor-SPTECH";"ram";"ram_Usada";"GB";"2022-11-04 13:33:06";6.59
"Servidor-SPTECH";"ram";"ram_Usada";"GB";"2022-11-04 13:33:04";6.63
"Servidor-SPTECH";"ram";"ram_Usada";"GB";"2022-11-04 13:33:03";6.68
"Servidor-SPTECH";"ram";"ram_Usada";"GB";"2022-11-04 13:33:01";6.73
"Servidor-SPTECH";"ram";"ram_Usada";"GB";"2022-11-04 13:33:00";6.74
"Servidor-SPTECH";"ram";"ram_Usada";"GB";"2022-11-04 13:32:59";6.82
"Servidor-SPTECH";"ram";"ram_Usada";"GB";"2022-11-04 13:32:57";6.82
"Servidor-SPTECH";"ram";"ram_Usada";"GB";"2022-11-04 13:32:56";6.39
"Servidor-SPTECH";"ram";"ram_Usada";"GB";"2022-11-04 13:32:54";6.38
"Servidor-SPTECH";"ram";"ram_Usada";"GB";"2022-11-04 13:32:53";6.38
"Servidor-SPTECH";"ram";"ram_Usada";"GB";"2022-11-04 13:32:51";6.41
"Servidor-SPTECH";"ram";"ram_Usada";"GB";"2022-11-04 13:32:50";6.41
"Servidor-SPTECH";"ram";"ram_Usada";"GB";"2022-11-04 13:32:48";6.4
"Servidor-SPTECH";"ram";"ram_Usada";"GB";"2022-11-04 13:32:47";6.43
"Servidor-SPTECH";"ram";"ram_Usada";"GB";"2022-11-04 13:32:45";6.44
"Servidor-SPTECH";"ram";"ram_Usada";"GB";"2022-11-04 13:32:44";6.5
"Servidor-SPTECH";"ram";"ram_Usada";"GB";"2022-11-04 13:32:43";6.5
"Servidor-SPTECH";"ram";"ram_Usada";"GB";"2022-11-04 13:32:41";6.51
"Servidor-SPTECH";"ram";"ram_Usada";"GB";"2022-11-04 13:32:40";6.5
"Servidor-SPTECH";"ram";"ram_Usada";"GB";"2022-11-04 13:32:38";6.88
"Servidor-SPTECH";"ram";"ram_Usada";"GB";"2022-11-04 13:32:37";6.51
"Servidor-SPTECH";"ram";"ram_Usada";"GB";"2022-11-04 13:32:35";6.51
"Servidor-SPTECH";"ram";"ram_Usada";"GB";"2022-11-04 13:32:34";6.5
"Servidor-SPTECH";"ram";"ram_Usada";"GB";"2022-11-04 13:32:32";6.43
"Servidor-SPTECH";"ram";"ram_Usada";"GB";"2022-11-04 13:32:31";6.45
"Servidor-SPTECH";"ram";"ram_Usada";"GB";"2022-11-04 13:32:30";6.46
"Servidor-SPTECH";"ram";"ram_Usada";"GB";"2022-11-04 13:32:28";6.46
"Servidor-SPTECH";"ram";"ram_Usada";"GB";"2022-11-04 13:32:27";6.46
"Servidor-SPTECH";"ram";"ram_Usada";"GB";"2022-11-04 13:32:25";6.48
"Servidor-SPTECH";"ram";"ram_Usada";"GB";"2022-11-04 13:32:24";6.49
"Servidor-SPTECH";"ram";"ram_Usada";"GB";"2022-11-04 13:32:22";6.46
"Servidor-SPTECH";"ram";"ram_Usada";"GB";"2022-11-04 13:32:21";6.47
"Servidor-SPTECH";"ram";"ram_Usada";"GB";"2022-11-04 13:32:20";6.48
"Servidor-SPTECH";"ram";"ram_Usada";"GB";"2022-11-04 13:32:18";6.5
"Servidor-SPTECH";"ram";"ram_Usada";"GB";"2022-11-04 13:32:17";6.52
"Servidor-SPTECH";"ram";"ram_Usada";"GB";"2022-11-04 13:32:15";6.47
"Servidor-SPTECH";"ram";"ram_Usada";"GB";"2022-11-04 13:32:14";6.37
"Servidor-SPTECH";"ram";"ram_Usada";"GB";"2022-11-04 13:32:12";6.35
"Servidor-SPTECH";"ram";"ram_Usada";"GB";"2022-11-04 13:32:11";6.29
"Servidor-SPTECH";"ram";"ram_Usada";"GB";"2022-11-04 13:32:09";6.28
"Servidor-SPTECH";"ram";"ram_Usada";"GB";"2022-11-04 13:32:08";6.33
"Servidor-SPTECH";"ram";"ram_Usada";"GB";"2022-11-04 13:32:06";6.31
"Servidor-SPTECH";"ram";"ram_Usada";"GB";"2022-11-04 13:32:05";6.28
"Servidor-SPTECH";"ram";"ram_Usada";"GB";"2022-11-04 13:32:04";6.58
"Servidor-SPTECH";"ram";"ram_Usada";"GB";"2022-11-04 13:32:02";6.58
"Servidor-SPTECH";"ram";"ram_Usada";"GB";"2022-11-04 13:32:01";6.58
"Servidor-SPTECH";"ram";"ram_Usada";"GB";"2022-11-04 13:31:59";6.53
"Servidor-SPTECH";"ram";"ram_Usada";"GB";"2022-11-04 13:31:58";6.49
"Servidor-SPTECH";"ram";"ram_Usada";"GB";"2022-11-04 13:31:56";6.54
"Servidor-SPTECH";"ram";"ram_Usada";"GB";"2022-11-04 13:31:55";6.65
"Servidor-SPTECH";"ram";"ram_Usada";"GB";"2022-11-04 13:31:54";6.62
"Servidor-SPTECH";"ram";"ram_Usada";"GB";"2022-11-04 13:31:52";6.64
"Servidor-SPTECH";"ram";"ram_Usada";"GB";"2022-11-04 13:31:51";6.29
"Servidor-SPTECH";"ram";"ram_Usada";"GB";"2022-11-04 13:31:49";6.3
"Servidor-SPTECH";"ram";"ram_Usada";"GB";"2022-11-04 13:31:48";6.31
"Servidor-SPTECH";"ram";"ram_Usada";"GB";"2022-11-04 13:31:46";6.36
"Servidor-SPTECH";"ram";"ram_Usada";"GB";"2022-11-04 13:31:45";6.37
"Servidor-SPTECH";"ram";"ram_Usada";"GB";"2022-11-04 13:31:43";6.37
"Servidor-SPTECH";"ram";"ram_Usada";"GB";"2022-11-04 13:31:42";6.32
"Servidor-SPTECH";"ram";"ram_Usada";"GB";"2022-11-04 13:31:40";6.33
"Servidor-SPTECH";"ram";"ram_Usada";"GB";"2022-11-04 13:31:39";6.33
"Servidor-SPTECH";"ram";"ram_Usada";"GB";"2022-11-04 13:31:38";6.3
"Servidor-SPTECH";"ram";"ram_Usada";"GB";"2022-11-04 13:31:36";6.21
"Servidor-SPTECH";"ram";"ram_Usada";"GB";"2022-11-04 13:31:35";6.21
"Servidor-SPTECH";"ram";"ram_Usada";"GB";"2022-11-04 13:31:33";6.2
"Servidor-SPTECH";"ram";"ram_Usada";"GB";"2022-11-04 13:31:32";6.21
"Servidor-SPTECH";"ram";"ram_Usada";"GB";"2022-11-04 13:31:30";6.21
"Servidor-SPTECH";"ram";"ram_Usada";"GB";"2022-11-04 13:31:29";6.2
"Servidor-SPTECH";"ram";"ram_Usada";"GB";"2022-11-04 13:31:28";6.19
"Servidor-SPTECH";"ram";"ram_Usada";"GB";"2022-11-04 13:31:26";6.2
"Servidor-SPTECH";"ram";"ram_Usada";"GB";"2022-11-04 13:31:25";6.21
"Servidor-SPTECH";"ram";"ram_Usada";"GB";"2022-11-04 13:31:23";6.21
"Servidor-SPTECH";"ram";"ram_Usada";"GB";"2022-11-04 13:31:22";6.2
"Servidor-SPTECH";"ram";"ram_Usada";"GB";"2022-11-04 13:31:20";6.21
"Servidor-SPTECH";"ram";"ram_Usada";"GB";"2022-11-04 13:31:19";6.19
"Servidor-SPTECH";"ram";"ram_Usada";"GB";"2022-11-04 13:31:17";6.19
"Servidor-SPTECH";"ram";"ram_Usada";"GB";"2022-11-04 13:31:16";6.19
"Servidor-SPTECH";"ram";"ram_Usada";"GB";"2022-11-04 13:31:15";6.19
"Servidor-SPTECH";"ram";"ram_Usada";"GB";"2022-11-04 13:31:13";6.19
"Servidor-SPTECH";"ram";"ram_Usada";"GB";"2022-11-04 13:31:12";6.19
"Servidor-SPTECH";"ram";"ram_Usada";"GB";"2022-11-04 13:31:10";6.2
"Servidor-SPTECH";"ram";"ram_Usada";"GB";"2022-11-04 13:31:09";6.2
"Servidor-SPTECH";"ram";"ram_Usada";"GB";"2022-11-04 13:31:07";6.2
"Servidor-SPTECH";"ram";"ram_Usada";"GB";"2022-11-04 13:31:06";6.4
"Servidor-SPTECH";"ram";"ram_Usada";"GB";"2022-11-04 13:31:05";6.44
"Servidor-SPTECH";"ram";"ram_Usada";"GB";"2022-11-04 13:31:03";6.64
"Servidor-SPTECH";"ram";"ram_Usada";"GB";"2022-11-04 13:31:02";6.63
"Servidor-SPTECH";"ram";"ram_Usada";"GB";"2022-11-04 13:31:00";6.65
"Servidor-SPTECH";"ram";"ram_Usada";"GB";"2022-11-04 13:30:59";6.63
"Servidor-SPTECH";"ram";"ram_Usada";"GB";"2022-11-04 13:30:57";6.26
"Servidor-SPTECH";"ram";"ram_Usada";"GB";"2022-11-04 13:30:56";6.3
"Servidor-SPTECH";"ram";"ram_Usada";"GB";"2022-11-04 13:30:55";6.32
"Servidor-SPTECH";"ram";"ram_Usada";"GB";"2022-11-04 13:30:53";6.33
"Servidor-SPTECH";"ram";"ram_Usada";"GB";"2022-11-04 13:30:52";6.35
"Servidor-SPTECH";"ram";"ram_Usada";"GB";"2022-11-04 13:30:50";6.34
"Servidor-SPTECH";"ram";"ram_Usada";"GB";"2022-11-04 13:30:49";6.23
"Servidor-SPTECH";"ram";"ram_Usada";"GB";"2022-11-04 13:30:47";6.34
"Servidor-SPTECH";"ram";"ram_Usada";"GB";"2022-11-04 13:30:46";6.4
"Servidor-SPTECH";"ram";"ram_Usada";"GB";"2022-11-04 13:30:44";6.52
"Servidor-SPTECH";"ram";"ram_Usada";"GB";"2022-11-04 13:30:43";6.57
"Servidor-SPTECH";"ram";"ram_Usada";"GB";"2022-11-04 13:30:41";6.57
"Servidor-SPTECH";"ram";"ram_Usada";"GB";"2022-11-04 13:30:40";6.6
"Servidor-SPTECH";"ram";"ram_Usada";"GB";"2022-11-04 13:30:39";6.53
"Servidor-SPTECH";"ram";"ram_Usada";"GB";"2022-11-04 13:30:37";6.12
"Servidor-SPTECH";"ram";"ram_Usada";"GB";"2022-11-04 13:30:36";6.14
"Servidor-SPTECH";"ram";"ram_Usada";"GB";"2022-11-04 13:30:34";6.14
"Servidor-SPTECH";"ram";"ram_Usada";"GB";"2022-11-04 13:30:33";6.12
"Servidor-SPTECH";"ram";"ram_Usada";"GB";"2022-11-04 13:30:31";6.11
"Servidor-SPTECH";"ram";"ram_Usada";"GB";"2022-11-04 13:30:30";6.1
"Servidor-SPTECH";"ram";"ram_Usada";"GB";"2022-11-04 13:30:28";6.1
"Servidor-SPTECH";"ram";"ram_Usada";"GB";"2022-11-04 13:30:27";6.11
"Servidor-SPTECH";"ram";"ram_Usada";"GB";"2022-11-04 13:30:25";6.1
"Servidor-SPTECH";"ram";"ram_Usada";"GB";"2022-11-04 13:30:24";6.1
"Servidor-SPTECH";"ram";"ram_Usada";"GB";"2022-11-04 13:30:23";6.11
"Servidor-SPTECH";"ram";"ram_Usada";"GB";"2022-11-04 13:30:21";6.1
"Servidor-SPTECH";"ram";"ram_Usada";"GB";"2022-11-04 13:30:20";6.1
"Servidor-SPTECH";"ram";"ram_Usada";"GB";"2022-11-04 13:30:18";6.1
"Servidor-SPTECH";"ram";"ram_Usada";"GB";"2022-11-04 13:30:17";6.1
"Servidor-SPTECH";"ram";"ram_Usada";"GB";"2022-11-04 13:30:15";6.11
"Servidor-SPTECH";"ram";"ram_Usada";"GB";"2022-11-04 13:30:14";6.1
"Servidor-SPTECH";"ram";"ram_Usada";"GB";"2022-11-04 13:30:12";6.1
"Servidor-SPTECH";"ram";"ram_Usada";"GB";"2022-11-04 13:30:11";6.1
"Servidor-SPTECH";"ram";"ram_Usada";"GB";"2022-11-04 13:30:10";6.1
"Servidor-SPTECH";"ram";"ram_Usada";"GB";"2022-11-04 13:30:08";6.1
"Servidor-SPTECH";"ram";"ram_Usada";"GB";"2022-11-04 13:30:07";6.11
"Servidor-SPTECH";"ram";"ram_Usada";"GB";"2022-11-04 13:30:05";6.1
"Servidor-SPTECH";"ram";"ram_Usada";"GB";"2022-11-04 13:30:04";6.1
"Servidor-SPTECH";"ram";"ram_Usada";"GB";"2022-11-04 13:30:02";6.1
"Servidor-SPTECH";"ram";"ram_Usada";"GB";"2022-11-04 13:30:01";6.1
"Servidor-SPTECH";"ram";"ram_Usada";"GB";"2022-11-04 13:30:00";6.1
"Servidor-SPTECH";"ram";"ram_Usada";"GB";"2022-11-04 13:29:58";6.09
"Servidor-SPTECH";"ram";"ram_Usada";"GB";"2022-11-04 13:29:57";6.1
"Servidor-SPTECH";"ram";"ram_Usada";"GB";"2022-11-04 13:29:55";6.1
"Servidor-SPTECH";"ram";"ram_Usada";"GB";"2022-11-04 13:29:54";6.13
"Servidor-SPTECH";"ram";"ram_Usada";"GB";"2022-11-04 13:29:52";6.14
"Servidor-SPTECH";"ram";"ram_Usada";"GB";"2022-11-04 13:29:51";6.17
"Servidor-SPTECH";"ram";"ram_Usada";"GB";"2022-11-04 13:29:49";6.17
"Servidor-SPTECH";"ram";"ram_Usada";"GB";"2022-11-04 13:29:48";6.2
"Servidor-SPTECH";"ram";"ram_Usada";"GB";"2022-11-04 13:29:47";6.2
"Servidor-SPTECH";"ram";"ram_Usada";"GB";"2022-11-04 13:29:45";6.21
"Servidor-SPTECH";"ram";"ram_Usada";"GB";"2022-11-04 13:29:44";6.19
"Servidor-SPTECH";"ram";"ram_Usada";"GB";"2022-11-04 13:29:42";6.18
"Servidor-SPTECH";"ram";"ram_Usada";"GB";"2022-11-04 13:29:41";6.16
"Servidor-SPTECH";"ram";"ram_Usada";"GB";"2022-11-04 13:29:40";6.15
"Servidor-SPTECH";"ram";"ram_Usada";"GB";"2022-11-04 13:29:38";6.15
"Servidor-SPTECH";"ram";"ram_Usada";"GB";"2022-11-04 13:29:37";6.15
"Servidor-SPTECH";"ram";"ram_Usada";"GB";"2022-11-04 13:29:35";6.15
"Servidor-SPTECH";"ram";"ram_Usada";"GB";"2022-11-04 13:29:34";6.18
"Servidor-SPTECH";"ram";"ram_Usada";"GB";"2022-11-04 13:29:32";6.16
"Servidor-SPTECH";"ram";"ram_Usada";"GB";"2022-11-04 13:29:31";6.17
"Servidor-SPTECH";"ram";"ram_Usada";"GB";"2022-11-04 13:29:30";6.2
"Servidor-SPTECH";"ram";"ram_Usada";"GB";"2022-11-04 13:29:28";6.19
"Servidor-SPTECH";"ram";"ram_Usada";"GB";"2022-11-04 13:29:27";6.25
"Servidor-SPTECH";"ram";"ram_Usada";"GB";"2022-11-04 13:29:25";6.26
"Servidor-SPTECH";"ram";"ram_Usada";"GB";"2022-11-04 13:29:24";6.26
"Servidor-SPTECH";"ram";"ram_Usada";"GB";"2022-11-04 13:29:22";6.26
"Servidor-SPTECH";"ram";"ram_Usada";"GB";"2022-11-04 13:29:21";6.26
"Servidor-SPTECH";"ram";"ram_Usada";"GB";"2022-11-04 13:29:20";6.26
"Servidor-SPTECH";"ram";"ram_Usada";"GB";"2022-11-04 13:29:18";6.25
"Servidor-SPTECH";"ram";"ram_Usada";"GB";"2022-11-04 13:29:17";6.19
"Servidor-SPTECH";"ram";"ram_Usada";"GB";"2022-11-04 13:29:15";6.25
"Servidor-SPTECH";"ram";"ram_Usada";"GB";"2022-11-04 13:29:14";6.25
"Servidor-SPTECH";"ram";"ram_Usada";"GB";"2022-11-04 13:29:12";6.25
"Servidor-SPTECH";"ram";"ram_Usada";"GB";"2022-11-04 13:29:11";6.25
"Servidor-SPTECH";"ram";"ram_Usada";"GB";"2022-11-04 13:29:09";6.25
"Servidor-SPTECH";"ram";"ram_Usada";"GB";"2022-11-04 13:29:08";6.3
"Servidor-SPTECH";"ram";"ram_Usada";"GB";"2022-11-04 13:29:07";6.27
"Servidor-SPTECH";"ram";"ram_Usada";"GB";"2022-11-04 13:29:05";6.27
"Servidor-SPTECH";"ram";"ram_Usada";"GB";"2022-11-04 13:29:04";6.26
"Servidor-SPTECH";"ram";"ram_Usada";"GB";"2022-11-04 13:29:02";6.27
"Servidor-SPTECH";"ram";"ram_Usada";"GB";"2022-11-04 13:29:01";6.22
"Servidor-SPTECH";"ram";"ram_Usada";"GB";"2022-11-04 13:28:59";6.22
"Servidor-SPTECH";"ram";"ram_Usada";"GB";"2022-11-04 13:28:58";6.22
"Servidor-SPTECH";"ram";"ram_Usada";"GB";"2022-11-04 13:28:57";6.21
"Servidor-SPTECH";"ram";"ram_Usada";"GB";"2022-11-04 13:28:55";6.35
"Servidor-SPTECH";"ram";"ram_Usada";"GB";"2022-11-04 13:28:54";6.42
"Servidor-SPTECH";"ram";"ram_Usada";"GB";"2022-11-04 13:28:52";6.46
"Servidor-SPTECH";"ram";"ram_Usada";"GB";"2022-11-04 13:28:51";6.42
"Servidor-SPTECH";"ram";"ram_Usada";"GB";"2022-11-04 13:28:49";6.45
"Servidor-SPTECH";"ram";"ram_Usada";"GB";"2022-11-04 13:28:48";6.45
"Servidor-SPTECH";"ram";"ram_Usada";"GB";"2022-11-04 13:28:46";6.45
"Servidor-SPTECH";"ram";"ram_Usada";"GB";"2022-11-04 13:28:45";6.45
"Servidor-SPTECH";"ram";"ram_Usada";"GB";"2022-11-04 13:28:44";6.44
"Servidor-SPTECH";"ram";"ram_Usada";"GB";"2022-11-04 13:28:42";6.44
"Servidor-SPTECH";"ram";"ram_Usada";"GB";"2022-11-04 13:28:41";6.39
"Servidor-SPTECH";"ram";"ram_Usada";"GB";"2022-11-04 13:28:39";6.46
"Servidor-SPTECH";"ram";"ram_Usada";"GB";"2022-11-04 13:28:38";6.47
"Servidor-SPTECH";"ram";"ram_Usada";"GB";"2022-11-04 13:28:36";6.51
"Servidor-SPTECH";"ram";"ram_Usada";"GB";"2022-11-04 13:28:35";6.52
"Servidor-SPTECH";"ram";"ram_Usada";"GB";"2022-11-04 13:28:33";6.52
"Servidor-SPTECH";"ram";"ram_Usada";"GB";"2022-11-04 13:28:32";6.52
"Servidor-SPTECH";"ram";"ram_Usada";"GB";"2022-11-04 13:28:31";6.53
"Servidor-SPTECH";"ram";"ram_Usada";"GB";"2022-11-04 13:28:29";6.52
"Servidor-SPTECH";"ram";"ram_Usada";"GB";"2022-11-04 13:28:28";6.55
"Servidor-SPTECH";"ram";"ram_Usada";"GB";"2022-11-04 13:28:26";6.53
"Servidor-SPTECH";"ram";"ram_Usada";"GB";"2022-11-04 13:28:25";6.59
"Servidor-SPTECH";"ram";"ram_Usada";"GB";"2022-11-04 13:28:23";6.43
"Servidor-SPTECH";"ram";"ram_Usada";"GB";"2022-11-04 13:28:22";6.45
"Servidor-SPTECH";"ram";"ram_Usada";"GB";"2022-11-04 13:28:20";6.4
"Servidor-SPTECH";"ram";"ram_Usada";"GB";"2022-11-04 13:28:19";6.4
"Servidor-SPTECH";"ram";"ram_Usada";"GB";"2022-11-04 13:28:18";6.38
"Servidor-SPTECH";"ram";"ram_Usada";"GB";"2022-11-04 13:28:16";6.38
"Servidor-SPTECH";"ram";"ram_Usada";"GB";"2022-11-04 13:28:15";6.39
"Servidor-SPTECH";"ram";"ram_Usada";"GB";"2022-11-04 13:28:13";6.38
"Servidor-SPTECH";"ram";"ram_Usada";"GB";"2022-11-04 13:28:12";6.39
"Servidor-SPTECH";"ram";"ram_Usada";"GB";"2022-11-04 13:28:10";6.4
"Servidor-SPTECH";"ram";"ram_Usada";"GB";"2022-11-04 13:28:09";6.39
"Servidor-SPTECH";"ram";"ram_Usada";"GB";"2022-11-04 13:28:08";6.39
"Servidor-SPTECH";"ram";"ram_Usada";"GB";"2022-11-04 13:28:06";6.4
"Servidor-SPTECH";"ram";"ram_Usada";"GB";"2022-11-04 13:28:05";6.39
"Servidor-SPTECH";"ram";"ram_Usada";"GB";"2022-11-04 13:28:03";6.39
"Servidor-SPTECH";"ram";"ram_Usada";"GB";"2022-11-04 13:28:02";6.39
"Servidor-SPTECH";"ram";"ram_Usada";"GB";"2022-11-04 13:28:00";6.39
"Servidor-SPTECH";"ram";"ram_Usada";"GB";"2022-11-04 13:27:59";6.33
"Servidor-SPTECH";"ram";"ram_Usada";"GB";"2022-11-04 13:27:58";6.33
"Servidor-SPTECH";"ram";"ram_Usada";"GB";"2022-11-04 13:27:56";6.54
"Servidor-SPTECH";"ram";"ram_Usada";"GB";"2022-11-04 13:27:55";6.54
"Servidor-SPTECH";"ram";"ram_Usada";"GB";"2022-11-04 13:27:53";6.6
"Servidor-SPTECH";"ram";"ram_Usada";"GB";"2022-11-04 13:27:52";6.61
"Servidor-SPTECH";"ram";"ram_Usada";"GB";"2022-11-04 13:27:51";6.63
"Servidor-SPTECH";"ram";"ram_Usada";"GB";"2022-11-04 13:27:49";6.66
"Servidor-SPTECH";"ram";"ram_Usada";"GB";"2022-11-04 13:27:48";6.46
"Servidor-SPTECH";"ram";"ram_Usada";"GB";"2022-11-04 13:27:46";6.45
"Servidor-SPTECH";"ram";"ram_Usada";"GB";"2022-11-04 13:27:45";6.44
"Servidor-SPTECH";"ram";"ram_Usada";"GB";"2022-11-04 13:27:43";6.44
"Servidor-SPTECH";"ram";"ram_Usada";"GB";"2022-11-04 13:27:42";6.44
"Servidor-SPTECH";"ram";"ram_Usada";"GB";"2022-11-04 13:27:40";6.43
"Servidor-SPTECH";"ram";"ram_Usada";"GB";"2022-11-04 13:27:39";6.39
"Servidor-SPTECH";"ram";"ram_Usada";"GB";"2022-11-04 13:27:37";6.4
"Servidor-SPTECH";"ram";"ram_Usada";"GB";"2022-11-04 13:27:36";6.4
"Servidor-SPTECH";"ram";"ram_Usada";"GB";"2022-11-04 13:27:35";6.4
"Servidor-SPTECH";"ram";"ram_Usada";"GB";"2022-11-04 13:27:33";6.41
"Servidor-SPTECH";"ram";"ram_Usada";"GB";"2022-11-04 13:27:32";6.48
"Servidor-SPTECH";"ram";"ram_Usada";"GB";"2022-11-04 13:27:30";6.49
"Servidor-SPTECH";"ram";"ram_Usada";"GB";"2022-11-04 13:27:29";6.59
"Servidor-SPTECH";"ram";"ram_Usada";"GB";"2022-11-04 13:27:27";6.64
"Servidor-SPTECH";"ram";"ram_Usada";"GB";"2022-11-04 13:27:26";6.74
"Servidor-SPTECH";"ram";"ram_Usada";"GB";"2022-11-04 13:27:24";6.75
"Servidor-SPTECH";"ram";"ram_Usada";"GB";"2022-11-04 13:27:23";6.75
"Servidor-SPTECH";"ram";"ram_Usada";"GB";"2022-11-04 13:27:22";6.71
"Servidor-SPTECH";"ram";"ram_Usada";"GB";"2022-11-04 13:27:20";6.26
"Servidor-SPTECH";"ram";"ram_Usada";"GB";"2022-11-04 13:27:19";6.28
"Servidor-SPTECH";"ram";"ram_Usada";"GB";"2022-11-04 13:27:17";6.28
"Servidor-SPTECH";"ram";"ram_Usada";"GB";"2022-11-04 13:27:16";6.28
"Servidor-SPTECH";"ram";"ram_Usada";"GB";"2022-11-04 13:27:14";6.28
"Servidor-SPTECH";"ram";"ram_Usada";"GB";"2022-11-04 13:27:13";6.28
"Servidor-SPTECH";"ram";"ram_Usada";"GB";"2022-11-04 13:27:11";6.27
"Servidor-SPTECH";"ram";"ram_Usada";"GB";"2022-11-04 13:27:10";6.27
"Servidor-SPTECH";"ram";"ram_Usada";"GB";"2022-11-04 13:27:08";6.28
"Servidor-SPTECH";"ram";"ram_Usada";"GB";"2022-11-04 13:27:07";6.28
"Servidor-SPTECH";"ram";"ram_Usada";"GB";"2022-11-04 13:27:06";6.27
"Servidor-SPTECH";"ram";"ram_Usada";"GB";"2022-11-04 13:27:04";6.26
"Servidor-SPTECH";"ram";"ram_Usada";"GB";"2022-11-04 13:27:03";6.27
"Servidor-SPTECH";"ram";"ram_Usada";"GB";"2022-11-04 13:27:01";6.28
"Servidor-SPTECH";"ram";"ram_Usada";"GB";"2022-11-04 13:27:00";6.28
"Servidor-SPTECH";"ram";"ram_Usada";"GB";"2022-11-04 13:26:58";6.27
"Servidor-SPTECH";"ram";"ram_Usada";"GB";"2022-11-04 13:26:57";6.29
"Servidor-SPTECH";"ram";"ram_Usada";"GB";"2022-11-04 13:26:56";6.42
"Servidor-SPTECH";"ram";"ram_Usada";"GB";"2022-11-04 13:26:54";6.4
"Servidor-SPTECH";"ram";"ram_Usada";"GB";"2022-11-04 13:26:53";6.42
"Servidor-SPTECH";"ram";"ram_Usada";"GB";"2022-11-04 13:26:51";6.43
"Servidor-SPTECH";"ram";"ram_Usada";"GB";"2022-11-04 13:26:50";6.52
"Servidor-SPTECH";"ram";"ram_Usada";"GB";"2022-11-04 13:26:48";6.58
"Servidor-SPTECH";"ram";"ram_Usada";"GB";"2022-11-04 13:26:47";6.62
"Servidor-SPTECH";"ram";"ram_Usada";"GB";"2022-11-04 13:26:46";6.72
"Servidor-SPTECH";"ram";"ram_Usada";"GB";"2022-11-04 13:26:44";6.76
"Servidor-SPTECH";"ram";"ram_Usada";"GB";"2022-11-04 13:26:43";6.77
"Servidor-SPTECH";"ram";"ram_Usada";"GB";"2022-11-04 13:26:41";6.41
"Servidor-SPTECH";"ram";"ram_Usada";"GB";"2022-11-04 13:26:40";6.4
"Servidor-SPTECH";"ram";"ram_Usada";"GB";"2022-11-04 13:26:38";6.9
"Servidor-SPTECH";"ram";"ram_Usada";"GB";"2022-11-04 13:26:37";6.57
"Servidor-SPTECH";"ram";"ram_Usada";"GB";"2022-11-04 13:26:35";6.63
"Servidor-SPTECH";"ram";"ram_Usada";"GB";"2022-11-04 13:26:34";6.77
"Servidor-SPTECH";"ram";"ram_Usada";"GB";"2022-11-04 13:26:32";6.83
"Servidor-SPTECH";"ram";"ram_Usada";"GB";"2022-11-04 13:26:31";6.96
"Servidor-SPTECH";"ram";"ram_Usada";"GB";"2022-11-04 13:26:30";7.03
"Servidor-SPTECH";"ram";"ram_Usada";"GB";"2022-11-04 13:26:28";6.52
"Servidor-SPTECH";"ram";"ram_Usada";"GB";"2022-11-04 13:26:27";6.52
"Servidor-SPTECH";"ram";"ram_Usada";"GB";"2022-11-04 13:26:25";6.51
"Servidor-SPTECH";"ram";"ram_Usada";"GB";"2022-11-04 13:26:24";6.39
"Servidor-SPTECH";"ram";"ram_Usada";"GB";"2022-11-04 13:26:22";6.38
"Servidor-SPTECH";"ram";"ram_Usada";"GB";"2022-11-04 13:26:21";6.45
"Servidor-SPTECH";"ram";"ram_Usada";"GB";"2022-11-04 13:26:19";6.43
"Servidor-SPTECH";"ram";"ram_Usada";"GB";"2022-11-04 13:26:18";6.47
"Servidor-SPTECH";"ram";"ram_Usada";"GB";"2022-11-04 13:26:16";6.49
"Servidor-SPTECH";"ram";"ram_Usada";"GB";"2022-11-04 13:26:15";6.26
"Servidor-SPTECH";"ram";"ram_Usada";"GB";"2022-11-04 13:26:13";6.25
"Servidor-SPTECH";"ram";"ram_Usada";"GB";"2022-11-04 13:26:12";6.24
"Servidor-SPTECH";"ram";"ram_Usada";"GB";"2022-11-04 13:26:11";6.25
"Servidor-SPTECH";"ram";"ram_Usada";"GB";"2022-11-04 13:26:09";6.24
"Servidor-SPTECH";"ram";"ram_Usada";"GB";"2022-11-04 13:26:08";6.25
"Servidor-SPTECH";"ram";"ram_Usada";"GB";"2022-11-04 13:26:06";6.3
"Servidor-SPTECH";"ram";"ram_Usada";"GB";"2022-11-04 13:26:05";6.34
"Servidor-SPTECH";"ram";"ram_Usada";"GB";"2022-11-04 13:26:03";6.36
"Servidor-SPTECH";"ram";"ram_Usada";"GB";"2022-11-04 13:26:02";6.37
"Servidor-SPTECH";"ram";"ram_Usada";"GB";"2022-11-04 13:26:01";6.38
"Servidor-SPTECH";"ram";"ram_Usada";"GB";"2022-11-04 13:25:59";6.4
"Servidor-SPTECH";"ram";"ram_Usada";"GB";"2022-11-04 13:25:58";6.44
"Servidor-SPTECH";"ram";"ram_Usada";"GB";"2022-11-04 13:25:56";6.45
"Servidor-SPTECH";"ram";"ram_Usada";"GB";"2022-11-04 13:25:55";6.48
"Servidor-SPTECH";"ram";"ram_Usada";"GB";"2022-11-04 13:25:53";6.86
"Servidor-SPTECH";"ram";"ram_Usada";"GB";"2022-11-04 13:25:52";6.92
"Servidor-SPTECH";"ram";"ram_Usada";"GB";"2022-11-04 13:25:50";6.94
"Servidor-SPTECH";"ram";"ram_Usada";"GB";"2022-11-04 13:25:49";6.96
"Servidor-SPTECH";"ram";"ram_Usada";"GB";"2022-11-04 13:25:47";6.71
"Servidor-SPTECH";"ram";"ram_Usada";"GB";"2022-11-04 13:25:46";6.79
"Servidor-SPTECH";"ram";"ram_Usada";"GB";"2022-11-04 13:25:44";6.79
"Servidor-SPTECH";"ram";"ram_Usada";"GB";"2022-11-04 13:25:43";6.78
"Servidor-SPTECH";"ram";"ram_Usada";"GB";"2022-11-04 13:25:42";6.93
"Servidor-SPTECH";"ram";"ram_Usada";"GB";"2022-11-04 13:25:40";6.85
"Servidor-SPTECH";"ram";"ram_Usada";"GB";"2022-11-04 13:25:39";6.73
"Servidor-SPTECH";"ram";"ram_Usada";"GB";"2022-11-04 13:25:37";6.74
"Servidor-SPTECH";"ram";"ram_Usada";"GB";"2022-11-04 13:25:36";6.42
"Servidor-SPTECH";"ram";"ram_Usada";"GB";"2022-11-04 13:25:34";6.38
"Servidor-SPTECH";"ram";"ram_Usada";"GB";"2022-11-04 13:25:33";6.55
"Servidor-SPTECH";"ram";"ram_Usada";"GB";"2022-11-04 13:25:31";6.65
"Servidor-SPTECH";"ram";"ram_Usada";"GB";"2022-11-04 13:25:30";7.42
"Servidor-SPTECH";"ram";"ram_Usada";"GB";"2022-11-04 13:25:28";6.88
"Servidor-SPTECH";"ram";"ram_Usada";"GB";"2022-11-04 13:25:27";6.87
"Servidor-SPTECH";"ram";"ram_Usada";"GB";"2022-11-04 13:25:26";6.53
"Servidor-SPTECH";"ram";"ram_Usada";"GB";"2022-11-04 13:25:24";6.54
"Servidor-SPTECH";"ram";"ram_Usada";"GB";"2022-11-04 13:25:23";6.98
"Servidor-SPTECH";"ram";"ram_Usada";"GB";"2022-11-04 13:25:21";6.66
"Servidor-SPTECH";"ram";"ram_Usada";"GB";"2022-11-04 13:25:20";6.94
"Servidor-SPTECH";"ram";"ram_Usada";"GB";"2022-11-04 13:25:18";7.08
"Servidor-SPTECH";"ram";"ram_Usada";"GB";"2022-11-04 13:25:16";6.71
"Servidor-SPTECH";"ram";"ram_Usada";"GB";"2022-11-04 13:25:15";6.62
"Servidor-SPTECH";"ram";"ram_Usada";"GB";"2022-11-04 13:25:13";7.0
"Servidor-SPTECH";"ram";"ram_Usada";"GB";"2022-11-04 13:25:12";7.1
"Servidor-SPTECH";"ram";"ram_Usada";"GB";"2022-11-04 13:25:11";7.06
"Servidor-SPTECH";"ram";"ram_Usada";"GB";"2022-11-04 13:25:09";7.01
"Servidor-SPTECH";"ram";"ram_Usada";"GB";"2022-11-04 13:25:08";6.93
"Servidor-SPTECH";"ram";"ram_Usada";"GB";"2022-11-04 13:25:06";7.0
"Servidor-SPTECH";"ram";"ram_Usada";"GB";"2022-11-04 13:25:05";7.05
"Servidor-SPTECH";"ram";"ram_Usada";"GB";"2022-11-04 13:25:03";6.87
"Servidor-SPTECH";"ram";"ram_Usada";"GB";"2022-11-04 13:25:02";7.03
"Servidor-SPTECH";"ram";"ram_Usada";"GB";"2022-11-04 13:25:00";7.07
"Servidor-SPTECH";"ram";"ram_Usada";"GB";"2022-11-04 13:24:59";7.13
"Servidor-SPTECH";"ram";"ram_Usada";"GB";"2022-11-04 13:24:57";6.83
"Servidor-SPTECH";"ram";"ram_Usada";"GB";"2022-11-04 13:24:56";6.85
"Servidor-SPTECH";"ram";"ram_Usada";"GB";"2022-11-04 13:24:54";6.82
"Servidor-SPTECH";"ram";"ram_Usada";"GB";"2022-11-04 13:24:53";6.84
"Servidor-SPTECH";"ram";"ram_Usada";"GB";"2022-11-04 13:24:51";6.75
"Servidor-SPTECH";"ram";"ram_Usada";"GB";"2022-11-04 13:24:50";6.92
"Servidor-SPTECH";"ram";"ram_Usada";"GB";"2022-11-04 13:24:48";6.83
"Servidor-SPTECH";"ram";"ram_Usada";"GB";"2022-11-04 13:24:47";6.9
"Servidor-SPTECH";"ram";"ram_Usada";"GB";"2022-11-04 13:24:45";6.8
"Servidor-SPTECH";"ram";"ram_Usada";"GB";"2022-11-04 13:24:43";6.81
"Servidor-SPTECH";"ram";"ram_Usada";"GB";"2022-11-04 13:24:42";7.06
"Servidor-SPTECH";"ram";"ram_Usada";"GB";"2022-11-04 13:24:40";7.03
"Servidor-SPTECH";"ram";"ram_Usada";"GB";"2022-11-04 13:24:39";7.06
"Servidor-SPTECH";"ram";"ram_Usada";"GB";"2022-11-04 13:24:37";7.07
"Servidor-SPTECH";"ram";"ram_Usada";"GB";"2022-11-04 13:24:36";7.27
"Servidor-SPTECH";"ram";"ram_Usada";"GB";"2022-11-04 13:24:34";7.16
"Servidor-SPTECH";"ram";"ram_Usada";"GB";"2022-11-04 13:24:32";6.65
"Servidor-SPTECH";"ram";"ram_Usada";"GB";"2022-11-04 13:24:31";6.65
"Servidor-SPTECH";"ram";"ram_Usada";"GB";"2022-11-04 13:24:29";6.65
"Servidor-SPTECH";"ram";"ram_Usada";"GB";"2022-11-04 13:24:28";6.65
"Servidor-SPTECH";"ram";"ram_Usada";"GB";"2022-11-04 13:24:26";6.65
"Servidor-SPTECH";"ram";"ram_Usada";"GB";"2022-11-04 13:24:25";6.65
"Servidor-SPTECH";"ram";"ram_Usada";"GB";"2022-11-04 13:24:24";6.66
"Servidor-SPTECH";"ram";"ram_Usada";"GB";"2022-11-04 13:24:22";6.64
"Servidor-SPTECH";"ram";"ram_Usada";"GB";"2022-11-04 13:24:21";6.64
"Servidor-SPTECH";"ram";"ram_Usada";"GB";"2022-11-04 13:24:19";6.64
"Servidor-SPTECH";"ram";"ram_Usada";"GB";"2022-11-04 13:24:18";6.67
"Servidor-SPTECH";"ram";"ram_Usada";"GB";"2022-11-04 13:24:16";6.68
"Servidor-SPTECH";"ram";"ram_Usada";"GB";"2022-11-04 13:24:15";6.67
"Servidor-SPTECH";"ram";"ram_Usada";"GB";"2022-11-04 13:24:13";6.68
"Servidor-SPTECH";"ram";"ram_Usada";"GB";"2022-11-04 13:24:12";6.65
"Servidor-SPTECH";"ram";"ram_Usada";"GB";"2022-11-04 13:24:11";6.65
"Servidor-SPTECH";"ram";"ram_Usada";"GB";"2022-11-04 13:24:09";6.65
"Servidor-SPTECH";"ram";"ram_Usada";"GB";"2022-11-04 13:24:08";6.63
"Servidor-SPTECH";"ram";"ram_Usada";"GB";"2022-11-04 13:24:06";6.65
"Servidor-SPTECH";"ram";"ram_Usada";"GB";"2022-11-04 13:24:05";6.62
"Servidor-SPTECH";"ram";"ram_Usada";"GB";"2022-11-04 13:24:03";6.63
"Servidor-SPTECH";"ram";"ram_Usada";"GB";"2022-11-04 13:24:02";6.62
"Servidor-SPTECH";"ram";"ram_Usada";"GB";"2022-11-04 13:24:01";6.61
"Servidor-SPTECH";"ram";"ram_Usada";"GB";"2022-11-04 13:23:59";6.67
"Servidor-SPTECH";"ram";"ram_Usada";"GB";"2022-11-04 13:23:58";6.66
"Servidor-SPTECH";"ram";"ram_Usada";"GB";"2022-11-04 13:23:56";6.65
"Servidor-SPTECH";"ram";"ram_Usada";"GB";"2022-11-04 13:23:55";6.64
"Servidor-SPTECH";"ram";"ram_Usada";"GB";"2022-11-04 13:23:53";6.75
"Servidor-SPTECH";"ram";"ram_Usada";"GB";"2022-11-04 13:23:52";6.78
"Servidor-SPTECH";"ram";"ram_Usada";"GB";"2022-11-04 13:23:50";6.77
"Servidor-SPTECH";"ram";"ram_Usada";"GB";"2022-11-04 13:23:49";6.75
"Servidor-SPTECH";"ram";"ram_Usada";"GB";"2022-11-04 13:23:48";6.74
"Servidor-SPTECH";"ram";"ram_Usada";"GB";"2022-11-04 13:23:46";6.74
"Servidor-SPTECH";"ram";"ram_Usada";"GB";"2022-11-04 13:23:45";6.74
"Servidor-SPTECH";"ram";"ram_Usada";"GB";"2022-11-04 13:23:43";6.72
"Servidor-SPTECH";"ram";"ram_Usada";"GB";"2022-11-04 13:23:42";6.72
"Servidor-SPTECH";"ram";"ram_Usada";"GB";"2022-11-04 13:23:40";6.83
"Servidor-SPTECH";"ram";"ram_Usada";"GB";"2022-11-04 13:23:39";6.88
"Servidor-SPTECH";"ram";"ram_Usada";"GB";"2022-11-04 13:23:38";6.88
"Servidor-SPTECH";"ram";"ram_Usada";"GB";"2022-11-04 13:23:36";6.88
"Servidor-SPTECH";"ram";"ram_Usada";"GB";"2022-11-04 13:23:35";6.88
"Servidor-SPTECH";"ram";"ram_Usada";"GB";"2022-11-04 13:23:33";7.03
"Servidor-SPTECH";"ram";"ram_Usada";"GB";"2022-11-04 13:23:32";7.03
"Servidor-SPTECH";"ram";"ram_Usada";"GB";"2022-11-04 13:23:30";7.06
"Servidor-SPTECH";"ram";"ram_Usada";"GB";"2022-11-04 13:23:29";7.13
"Servidor-SPTECH";"ram";"ram_Usada";"GB";"2022-11-04 13:23:27";7.0
"Servidor-SPTECH";"ram";"ram_Usada";"GB";"2022-11-04 13:23:26";6.97
"Servidor-SPTECH";"ram";"ram_Usada";"GB";"2022-11-04 13:23:25";6.97
"Servidor-SPTECH";"ram";"ram_Usada";"GB";"2022-11-04 13:23:23";7.24
"Servidor-SPTECH";"ram";"ram_Usada";"GB";"2022-11-04 13:23:22";7.35
"Servidor-SPTECH";"ram";"ram_Usada";"GB";"2022-11-04 13:23:20";7.42
"Servidor-SPTECH";"ram";"ram_Usada";"GB";"2022-11-04 13:23:19";7.2
"Servidor-SPTECH";"ram";"ram_Usada";"GB";"2022-11-04 13:23:17";7.25
"Servidor-SPTECH";"ram";"ram_Usada";"GB";"2022-11-04 13:23:16";6.96
"Servidor-SPTECH";"ram";"ram_Usada";"GB";"2022-11-04 13:23:14";7.02
"Servidor-SPTECH";"ram";"ram_Usada";"GB";"2022-11-04 13:23:13";7.03
"Servidor-SPTECH";"ram";"ram_Usada";"GB";"2022-11-04 13:23:11";7.06
"Servidor-SPTECH";"ram";"ram_Usada";"GB";"2022-11-04 13:23:10";7.06
"Servidor-SPTECH";"ram";"ram_Usada";"GB";"2022-11-04 13:23:08";7.05
"Servidor-SPTECH";"ram";"ram_Usada";"GB";"2022-11-04 13:23:07";7.02
"Servidor-SPTECH";"ram";"ram_Usada";"GB";"2022-11-04 13:23:06";7.03
"Servidor-SPTECH";"ram";"ram_Usada";"GB";"2022-11-04 13:23:04";7.02
"Servidor-SPTECH";"ram";"ram_Usada";"GB";"2022-11-04 13:23:03";7.01
"Servidor-SPTECH";"ram";"ram_Usada";"GB";"2022-11-04 13:23:01";7.0
"Servidor-SPTECH";"ram";"ram_Usada";"GB";"2022-11-04 13:23:00";7.0
"Servidor-SPTECH";"ram";"ram_Usada";"GB";"2022-11-04 13:22:58";7.0
"Servidor-SPTECH";"ram";"ram_Usada";"GB";"2022-11-04 13:22:57";7.0
"Servidor-SPTECH";"ram";"ram_Usada";"GB";"2022-11-04 13:22:55";7.0
"Servidor-SPTECH";"ram";"ram_Usada";"GB";"2022-11-04 13:22:54";7.01
"Servidor-SPTECH";"ram";"ram_Usada";"GB";"2022-11-04 13:22:53";7.01
"Servidor-SPTECH";"ram";"ram_Usada";"GB";"2022-11-04 13:22:51";7.04
"Servidor-SPTECH";"ram";"ram_Usada";"GB";"2022-11-04 13:22:50";7.04
"Servidor-SPTECH";"ram";"ram_Usada";"GB";"2022-11-04 13:22:48";7.04
"Servidor-SPTECH";"ram";"ram_Usada";"GB";"2022-11-04 13:22:47";7.02
"Servidor-SPTECH";"ram";"ram_Usada";"GB";"2022-11-04 13:22:45";7.04
"Servidor-SPTECH";"ram";"ram_Usada";"GB";"2022-11-04 13:22:44";7.08
"Servidor-SPTECH";"ram";"ram_Usada";"GB";"2022-11-04 13:22:43";7.08
"Servidor-SPTECH";"ram";"ram_Usada";"GB";"2022-11-04 13:22:41";7.06
"Servidor-SPTECH";"ram";"ram_Usada";"GB";"2022-11-04 13:22:40";7.01
"Servidor-SPTECH";"ram";"ram_Usada";"GB";"2022-11-04 13:22:38";6.87
"Servidor-SPTECH";"ram";"ram_Usada";"GB";"2022-11-04 13:22:36";6.87
"Servidor-SPTECH";"ram";"ram_Usada";"GB";"2022-11-04 13:22:35";6.87
"Servidor-SPTECH";"ram";"ram_Usada";"GB";"2022-11-04 13:22:33";6.87
"Servidor-SPTECH";"ram";"ram_Usada";"GB";"2022-11-04 13:22:32";6.87
"Servidor-SPTECH";"ram";"ram_Usada";"GB";"2022-11-04 13:22:30";6.88
"Servidor-SPTECH";"ram";"ram_Usada";"GB";"2022-11-04 13:22:28";6.88
"Servidor-SPTECH";"ram";"ram_Usada";"GB";"2022-11-04 13:22:27";6.87
"Servidor-SPTECH";"ram";"ram_Usada";"GB";"2022-11-04 13:22:25";6.87
"Servidor-SPTECH";"ram";"ram_Usada";"GB";"2022-11-04 13:22:24";6.87
"Servidor-SPTECH";"ram";"ram_Usada";"GB";"2022-11-04 13:22:22";6.87
"Servidor-SPTECH";"ram";"ram_Usada";"GB";"2022-11-04 13:22:21";6.87
"Servidor-SPTECH";"ram";"ram_Usada";"GB";"2022-11-04 13:22:19";6.88
"Servidor-SPTECH";"ram";"ram_Usada";"GB";"2022-11-04 13:22:18";6.88
"Servidor-SPTECH";"ram";"ram_Usada";"GB";"2022-11-04 13:22:16";6.87
"Servidor-SPTECH";"ram";"ram_Usada";"GB";"2022-11-04 13:22:15";6.87
"Servidor-SPTECH";"ram";"ram_Usada";"GB";"2022-11-04 13:22:13";6.9
"Servidor-SPTECH";"ram";"ram_Usada";"GB";"2022-11-04 13:22:11";6.92
"Servidor-SPTECH";"ram";"ram_Usada";"GB";"2022-11-04 13:22:10";6.93
"Servidor-SPTECH";"ram";"ram_Usada";"GB";"2022-11-04 13:22:08";6.93
"Servidor-SPTECH";"ram";"ram_Usada";"GB";"2022-11-04 13:22:07";6.92
"Servidor-SPTECH";"ram";"ram_Usada";"GB";"2022-11-04 13:22:05";6.92
"Servidor-SPTECH";"ram";"ram_Usada";"GB";"2022-11-04 13:22:04";6.89
"Servidor-SPTECH";"ram";"ram_Usada";"GB";"2022-11-04 13:22:02";6.9
"Servidor-SPTECH";"ram";"ram_Usada";"GB";"2022-11-04 13:22:00";6.9
"Servidor-SPTECH";"ram";"ram_Usada";"GB";"2022-11-04 13:21:59";6.89
"Servidor-SPTECH";"ram";"ram_Usada";"GB";"2022-11-04 13:21:58";6.89
"Servidor-SPTECH";"ram";"ram_Usada";"GB";"2022-11-04 13:21:56";6.93
"Servidor-SPTECH";"ram";"ram_Usada";"GB";"2022-11-04 13:21:54";6.91
"Servidor-SPTECH";"ram";"ram_Usada";"GB";"2022-11-04 13:21:53";6.91
"Servidor-SPTECH";"ram";"ram_Usada";"GB";"2022-11-04 13:21:51";6.93
"Servidor-SPTECH";"ram";"ram_Usada";"GB";"2022-11-04 13:21:50";6.93
"Servidor-SPTECH";"ram";"ram_Usada";"GB";"2022-11-04 13:21:48";6.93
"Servidor-SPTECH";"ram";"ram_Usada";"GB";"2022-11-04 13:21:47";6.93
"Servidor-SPTECH";"ram";"ram_Usada";"GB";"2022-11-04 13:21:45";6.94
"Servidor-SPTECH";"ram";"ram_Usada";"GB";"2022-11-04 13:21:44";6.94
"Servidor-SPTECH";"ram";"ram_Usada";"GB";"2022-11-04 13:21:42";6.98
"Servidor-SPTECH";"ram";"ram_Usada";"GB";"2022-11-04 13:21:41";6.99
"Servidor-SPTECH";"ram";"ram_Usada";"GB";"2022-11-04 13:21:39";7.0
"Servidor-SPTECH";"ram";"ram_Usada";"GB";"2022-11-04 13:21:38";7.0
"Servidor-SPTECH";"ram";"ram_Usada";"GB";"2022-11-04 13:21:36";7.0
"Servidor-SPTECH";"ram";"ram_Usada";"GB";"2022-11-04 13:21:35";7.01
"Servidor-SPTECH";"ram";"ram_Usada";"GB";"2022-11-04 13:21:33";7.05
"Servidor-SPTECH";"ram";"ram_Usada";"GB";"2022-11-04 13:21:31";7.05
"Servidor-SPTECH";"ram";"ram_Usada";"GB";"2022-11-04 13:21:30";7.12
"Servidor-SPTECH";"ram";"ram_Usada";"GB";"2022-11-04 13:21:28";7.15
"Servidor-SPTECH";"ram";"ram_Usada";"GB";"2022-11-04 13:21:27";7.15
"Servidor-SPTECH";"ram";"ram_Usada";"GB";"2022-11-04 13:21:25";7.14
"Servidor-SPTECH";"ram";"ram_Usada";"GB";"2022-11-04 13:21:24";7.15
"Servidor-SPTECH";"ram";"ram_Usada";"GB";"2022-11-04 13:21:22";7.18
"Servidor-SPTECH";"ram";"ram_Usada";"GB";"2022-11-04 13:21:21";7.16
"Servidor-SPTECH";"ram";"ram_Usada";"GB";"2022-11-04 13:21:19";7.19
"Servidor-SPTECH";"ram";"ram_Usada";"GB";"2022-11-04 13:21:18";7.17
"Servidor-SPTECH";"ram";"ram_Usada";"GB";"2022-11-04 13:21:16";7.19
"Servidor-SPTECH";"ram";"ram_Usada";"GB";"2022-11-04 13:21:14";7.17
"Servidor-SPTECH";"ram";"ram_Usada";"GB";"2022-11-04 13:21:13";6.9
"Servidor-SPTECH";"ram";"ram_Usada";"GB";"2022-11-04 13:21:11";6.78
"Servidor-SPTECH";"ram";"ram_Usada";"GB";"2022-11-04 13:21:10";6.86
"Servidor-SPTECH";"ram";"ram_Usada";"GB";"2022-11-04 13:21:08";6.86
"Servidor-SPTECH";"ram";"ram_Usada";"GB";"2022-11-04 13:21:07";6.87
"Servidor-SPTECH";"ram";"ram_Usada";"GB";"2022-11-04 13:21:05";6.93
"Servidor-SPTECH";"ram";"ram_Usada";"GB";"2022-11-04 13:21:03";6.97
"Servidor-SPTECH";"ram";"ram_Usada";"GB";"2022-11-04 13:21:02";6.98
"Servidor-SPTECH";"ram";"ram_Usada";"GB";"2022-11-04 13:21:00";6.96
"Servidor-SPTECH";"ram";"ram_Usada";"GB";"2022-11-04 13:20:58";6.95
"Servidor-SPTECH";"ram";"ram_Usada";"GB";"2022-11-04 13:20:57";6.96
"Servidor-SPTECH";"ram";"ram_Usada";"GB";"2022-11-04 13:20:55";6.96
"Servidor-SPTECH";"ram";"ram_Usada";"GB";"2022-11-04 13:20:53";6.93
"Servidor-SPTECH";"ram";"ram_Usada";"GB";"2022-11-04 13:20:52";6.85
"Servidor-SPTECH";"ram";"ram_Usada";"GB";"2022-11-04 13:20:50";6.84
"Servidor-SPTECH";"ram";"ram_Usada";"GB";"2022-11-04 13:20:49";6.81
"Servidor-SPTECH";"ram";"ram_Usada";"GB";"2022-11-04 13:20:47";6.81
"Servidor-SPTECH";"ram";"ram_Usada";"GB";"2022-11-04 13:20:45";6.83
"Servidor-SPTECH";"ram";"ram_Usada";"GB";"2022-11-04 13:20:44";6.82
"Servidor-SPTECH";"ram";"ram_Usada";"GB";"2022-11-04 13:20:42";6.83
"Servidor-SPTECH";"ram";"ram_Usada";"GB";"2022-11-04 13:20:41";6.83
"Servidor-SPTECH";"ram";"ram_Usada";"GB";"2022-11-04 13:20:39";6.8
"Servidor-SPTECH";"ram";"ram_Usada";"GB";"2022-11-04 13:20:38";6.81
"Servidor-SPTECH";"ram";"ram_Usada";"GB";"2022-11-04 13:20:36";6.81
"Servidor-SPTECH";"ram";"ram_Usada";"GB";"2022-11-04 13:20:35";6.81
"Servidor-SPTECH";"ram";"ram_Usada";"GB";"2022-11-04 13:20:33";6.81
"Servidor-SPTECH";"ram";"ram_Usada";"GB";"2022-11-04 13:20:32";6.82
"Servidor-SPTECH";"ram";"ram_Usada";"GB";"2022-11-04 13:20:30";6.82
"Servidor-SPTECH";"ram";"ram_Usada";"GB";"2022-11-04 13:20:29";6.79
"Servidor-SPTECH";"ram";"ram_Usada";"GB";"2022-11-04 13:20:27";6.83
"Servidor-SPTECH";"ram";"ram_Usada";"GB";"2022-11-04 13:20:25";6.85
"Servidor-SPTECH";"ram";"ram_Usada";"GB";"2022-11-04 13:20:24";6.92
"Servidor-SPTECH";"ram";"ram_Usada";"GB";"2022-11-04 13:20:22";6.91
"Servidor-SPTECH";"ram";"ram_Usada";"GB";"2022-11-04 13:20:21";6.91
"Servidor-SPTECH";"ram";"ram_Usada";"GB";"2022-11-04 13:20:19";6.9
"Servidor-SPTECH";"ram";"ram_Usada";"GB";"2022-11-04 13:20:18";6.9
"Servidor-SPTECH";"ram";"ram_Usada";"GB";"2022-11-04 13:20:16";6.93
"Servidor-SPTECH";"ram";"ram_Usada";"GB";"2022-11-04 13:20:14";6.93
"Servidor-SPTECH";"ram";"ram_Usada";"GB";"2022-11-04 13:20:13";6.9
"Servidor-SPTECH";"ram";"ram_Usada";"GB";"2022-11-04 13:20:11";6.89
"Servidor-SPTECH";"ram";"ram_Usada";"GB";"2022-11-04 13:20:10";6.91
"Servidor-SPTECH";"ram";"ram_Usada";"GB";"2022-11-04 13:20:08";6.94
"Servidor-SPTECH";"ram";"ram_Usada";"GB";"2022-11-04 13:20:06";6.8
"Servidor-SPTECH";"ram";"ram_Usada";"GB";"2022-11-04 13:20:05";6.81
"Servidor-SPTECH";"ram";"ram_Usada";"GB";"2022-11-04 13:20:03";6.79
"Servidor-SPTECH";"ram";"ram_Usada";"GB";"2022-11-04 13:20:02";6.81
"Servidor-SPTECH";"ram";"ram_Usada";"GB";"2022-11-04 13:20:00";6.76
"Servidor-SPTECH";"ram";"ram_Usada";"GB";"2022-11-04 13:19:59";6.71
"Servidor-SPTECH";"ram";"ram_Usada";"GB";"2022-11-04 13:19:57";6.7
"Servidor-SPTECH";"ram";"ram_Usada";"GB";"2022-11-04 13:19:56";6.7
"Servidor-SPTECH";"ram";"ram_Usada";"GB";"2022-11-04 13:19:54";6.7
"Servidor-SPTECH";"ram";"ram_Usada";"GB";"2022-11-04 13:19:52";6.69
"Servidor-SPTECH";"ram";"ram_Usada";"GB";"2022-11-04 13:19:51";6.71
"Servidor-SPTECH";"ram";"ram_Usada";"GB";"2022-11-04 13:19:49";6.72
"Servidor-SPTECH";"ram";"ram_Usada";"GB";"2022-11-04 13:19:48";6.71
"Servidor-SPTECH";"ram";"ram_Usada";"GB";"2022-11-04 13:19:46";6.72
"Servidor-SPTECH";"ram";"ram_Usada";"GB";"2022-11-04 13:19:45";6.72
"Servidor-SPTECH";"ram";"ram_Usada";"GB";"2022-11-04 13:19:43";6.76
"Servidor-SPTECH";"ram";"ram_Usada";"GB";"2022-11-04 13:19:42";6.76
"Servidor-SPTECH";"ram";"ram_Usada";"GB";"2022-11-04 13:19:40";6.77
"Servidor-SPTECH";"ram";"ram_Usada";"GB";"2022-11-04 13:19:38";6.76
"Servidor-SPTECH";"ram";"ram_Usada";"GB";"2022-11-04 13:19:37";6.78
"Servidor-SPTECH";"ram";"ram_Usada";"GB";"2022-11-04 13:19:35";6.78
"Servidor-SPTECH";"ram";"ram_Usada";"GB";"2022-11-04 13:19:34";6.83
"Servidor-SPTECH";"ram";"ram_Usada";"GB";"2022-11-04 13:19:32";6.78
"Servidor-SPTECH";"ram";"ram_Usada";"GB";"2022-11-04 13:19:30";6.73
"Servidor-SPTECH";"ram";"ram_Usada";"GB";"2022-11-04 13:19:29";6.78
"Servidor-SPTECH";"ram";"ram_Usada";"GB";"2022-11-04 13:19:27";6.77
"Servidor-SPTECH";"ram";"ram_Usada";"GB";"2022-11-04 13:19:26";6.79
"Servidor-SPTECH";"ram";"ram_Usada";"GB";"2022-11-04 13:19:24";6.8
"Servidor-SPTECH";"ram";"ram_Usada";"GB";"2022-11-04 13:19:23";6.84
"Servidor-SPTECH";"ram";"ram_Usada";"GB";"2022-11-04 13:19:21";6.84
"Servidor-SPTECH";"ram";"ram_Usada";"GB";"2022-11-04 13:19:20";6.86
"Servidor-SPTECH";"ram";"ram_Usada";"GB";"2022-11-04 13:19:18";6.8
"Servidor-SPTECH";"ram";"ram_Usada";"GB";"2022-11-04 13:19:16";6.73
"Servidor-SPTECH";"ram";"ram_Usada";"GB";"2022-11-04 13:19:15";6.82
"Servidor-SPTECH";"ram";"ram_Usada";"GB";"2022-11-04 13:19:13";6.81
"Servidor-SPTECH";"ram";"ram_Usada";"GB";"2022-11-04 13:19:12";6.83
"Servidor-SPTECH";"ram";"ram_Usada";"GB";"2022-11-04 13:19:10";6.83
"Servidor-SPTECH";"ram";"ram_Usada";"GB";"2022-11-04 13:19:09";6.74
"Servidor-SPTECH";"ram";"ram_Usada";"GB";"2022-11-04 13:19:07";6.74
"Servidor-SPTECH";"ram";"ram_Usada";"GB";"2022-11-04 13:19:06";6.72
"Servidor-SPTECH";"ram";"ram_Usada";"GB";"2022-11-04 13:19:04";6.72
"Servidor-SPTECH";"ram";"ram_Usada";"GB";"2022-11-04 13:19:02";6.72
"Servidor-SPTECH";"ram";"ram_Usada";"GB";"2022-11-04 13:19:01";6.72
"Servidor-SPTECH";"ram";"ram_Usada";"GB";"2022-11-04 13:18:59";6.72
"Servidor-SPTECH";"ram";"ram_Usada";"GB";"2022-11-04 13:18:58";6.71
"Servidor-SPTECH";"ram";"ram_Usada";"GB";"2022-11-04 13:18:56";6.72
"Servidor-SPTECH";"ram";"ram_Usada";"GB";"2022-11-04 13:18:55";6.72
"Servidor-SPTECH";"ram";"ram_Usada";"GB";"2022-11-04 13:18:53";6.72
"Servidor-SPTECH";"ram";"ram_Usada";"GB";"2022-11-04 13:18:52";6.74
"Servidor-SPTECH";"ram";"ram_Usada";"GB";"2022-11-04 13:18:50";6.76
"Servidor-SPTECH";"ram";"ram_Usada";"GB";"2022-11-04 13:18:49";6.77
"Servidor-SPTECH";"ram";"ram_Usada";"GB";"2022-11-04 13:18:47";6.79
"Servidor-SPTECH";"ram";"ram_Usada";"GB";"2022-11-04 13:18:45";6.78
"Servidor-SPTECH";"ram";"ram_Usada";"GB";"2022-11-04 13:18:44";6.8
"Servidor-SPTECH";"ram";"ram_Usada";"GB";"2022-11-04 13:18:42";6.8
"Servidor-SPTECH";"ram";"ram_Usada";"GB";"2022-11-04 13:18:41";6.8
"Servidor-SPTECH";"ram";"ram_Usada";"GB";"2022-11-04 13:18:39";6.8
"Servidor-SPTECH";"ram";"ram_Usada";"GB";"2022-11-04 13:18:38";6.81
"Servidor-SPTECH";"ram";"ram_Usada";"GB";"2022-11-04 13:18:36";6.82
"Servidor-SPTECH";"ram";"ram_Usada";"GB";"2022-11-04 13:18:35";6.72
"Servidor-SPTECH";"ram";"ram_Usada";"GB";"2022-11-04 13:18:33";6.72
"Servidor-SPTECH";"ram";"ram_Usada";"GB";"2022-11-04 13:18:31";6.83
"Servidor-SPTECH";"ram";"ram_Usada";"GB";"2022-11-04 13:18:29";6.7
"Servidor-SPTECH";"ram";"ram_Usada";"GB";"2022-11-04 13:18:28";6.68
"Servidor-SPTECH";"ram";"ram_Usada";"GB";"2022-11-04 13:18:26";6.65
"Servidor-SPTECH";"ram";"ram_Usada";"GB";"2022-11-04 13:18:24";6.59
"Servidor-SPTECH";"ram";"ram_Usada";"GB";"2022-11-04 13:18:23";6.61
"Servidor-SPTECH";"ram";"ram_Usada";"GB";"2022-11-04 13:18:21";6.59
"Servidor-SPTECH";"ram";"ram_Usada";"GB";"2022-11-04 13:18:20";6.6
"Servidor-SPTECH";"ram";"ram_Usada";"GB";"2022-11-04 13:18:18";6.69
"Servidor-SPTECH";"ram";"ram_Usada";"GB";"2022-11-04 13:18:17";6.71
"Servidor-SPTECH";"ram";"ram_Usada";"GB";"2022-11-04 13:18:15";6.71
"Servidor-SPTECH";"ram";"ram_Usada";"GB";"2022-11-04 13:18:13";6.74
"Servidor-SPTECH";"ram";"ram_Usada";"GB";"2022-11-04 13:18:12";6.63
"Servidor-SPTECH";"ram";"ram_Usada";"GB";"2022-11-04 13:18:10";6.42
"Servidor-SPTECH";"ram";"ram_Usada";"GB";"2022-11-04 13:18:09";6.4
"Servidor-SPTECH";"ram";"ram_Usada";"GB";"2022-11-04 13:18:07";6.4
"Servidor-SPTECH";"ram";"ram_Usada";"GB";"2022-11-04 13:18:06";6.41
"Servidor-SPTECH";"ram";"ram_Usada";"GB";"2022-11-04 13:18:04";6.4
"Servidor-SPTECH";"ram";"ram_Usada";"GB";"2022-11-04 13:18:03";6.41
"Servidor-SPTECH";"ram";"ram_Usada";"GB";"2022-11-04 13:18:01";6.42
"Servidor-SPTECH";"ram";"ram_Usada";"GB";"2022-11-04 13:17:59";6.41
"Servidor-SPTECH";"ram";"ram_Usada";"GB";"2022-11-04 13:17:58";6.43
"Servidor-SPTECH";"ram";"ram_Usada";"GB";"2022-11-04 13:17:56";6.43
"Servidor-SPTECH";"ram";"ram_Usada";"GB";"2022-11-04 13:17:55";6.43
"Servidor-SPTECH";"ram";"ram_Usada";"GB";"2022-11-04 13:17:53";6.45
"Servidor-SPTECH";"ram";"ram_Usada";"GB";"2022-11-04 13:17:52";6.48
"Servidor-SPTECH";"ram";"ram_Usada";"GB";"2022-11-04 13:17:50";6.47
"Servidor-SPTECH";"ram";"ram_Usada";"GB";"2022-11-04 13:17:49";6.48
"Servidor-SPTECH";"ram";"ram_Usada";"GB";"2022-11-04 13:17:47";6.44
"Servidor-SPTECH";"ram";"ram_Usada";"GB";"2022-11-04 13:17:46";6.43
"Servidor-SPTECH";"ram";"ram_Usada";"GB";"2022-11-04 13:17:44";6.45
"Servidor-SPTECH";"ram";"ram_Usada";"GB";"2022-11-04 13:17:42";6.47
"Servidor-SPTECH";"ram";"ram_Usada";"GB";"2022-11-04 13:17:41";6.49
"Servidor-SPTECH";"ram";"ram_Usada";"GB";"2022-11-04 13:17:39";6.5
"Servidor-SPTECH";"ram";"ram_Usada";"GB";"2022-11-04 13:17:38";6.48
"Servidor-SPTECH";"ram";"ram_Usada";"GB";"2022-11-04 13:17:36";6.43
"Servidor-SPTECH";"ram";"ram_Usada";"GB";"2022-11-04 13:17:35";6.47
"Servidor-SPTECH";"ram";"ram_Usada";"GB";"2022-11-04 13:17:33";6.41
"Servidor-SPTECH";"ram";"ram_Usada";"GB";"2022-11-04 13:17:32";6.49
"Servidor-SPTECH";"ram";"ram_Usada";"GB";"2022-11-04 13:17:30";6.41
"Servidor-SPTECH";"ram";"ram_Usada";"GB";"2022-11-04 13:17:28";6.37
"Servidor-SPTECH";"ram";"ram_Usada";"GB";"2022-11-04 13:17:27";6.38
"Servidor-SPTECH";"ram";"ram_Usada";"GB";"2022-11-04 13:17:25";6.35
"Servidor-SPTECH";"ram";"ram_Usada";"GB";"2022-11-04 13:17:24";6.35
"Servidor-SPTECH";"ram";"ram_Usada";"GB";"2022-11-04 13:17:22";6.35
"Servidor-SPTECH";"ram";"ram_Usada";"GB";"2022-11-04 13:17:21";6.35
"Servidor-SPTECH";"ram";"ram_Usada";"GB";"2022-11-04 13:17:19";6.35
"Servidor-SPTECH";"ram";"ram_Usada";"GB";"2022-11-04 13:17:18";6.35
"Servidor-SPTECH";"ram";"ram_Usada";"GB";"2022-11-04 13:17:16";6.36
"Servidor-SPTECH";"ram";"ram_Usada";"GB";"2022-11-04 13:17:15";6.35
"Servidor-SPTECH";"ram";"ram_Usada";"GB";"2022-11-04 13:17:13";6.35
"Servidor-SPTECH";"ram";"ram_Usada";"GB";"2022-11-04 13:17:12";6.35
"Servidor-SPTECH";"ram";"ram_Usada";"GB";"2022-11-04 13:17:10";6.35
"Servidor-SPTECH";"ram";"ram_Usada";"GB";"2022-11-04 13:17:08";6.35
"Servidor-SPTECH";"ram";"ram_Usada";"GB";"2022-11-04 13:17:07";6.36
"Servidor-SPTECH";"ram";"ram_Usada";"GB";"2022-11-04 13:17:05";6.35
"Servidor-SPTECH";"ram";"ram_Usada";"GB";"2022-11-04 13:17:04";6.35
"Servidor-SPTECH";"ram";"ram_Usada";"GB";"2022-11-04 13:17:02";6.36
"Servidor-SPTECH";"ram";"ram_Usada";"GB";"2022-11-04 13:17:01";6.36
"Servidor-SPTECH";"ram";"ram_Usada";"GB";"2022-11-04 13:16:59";6.36
"Servidor-SPTECH";"ram";"ram_Usada";"GB";"2022-11-04 13:16:57";6.34
"Servidor-SPTECH";"ram";"ram_Usada";"GB";"2022-11-04 13:16:56";6.34
"Servidor-SPTECH";"ram";"ram_Usada";"GB";"2022-11-04 13:16:54";6.33
"Servidor-SPTECH";"ram";"ram_Usada";"GB";"2022-11-04 13:16:53";6.33
"Servidor-SPTECH";"ram";"ram_Usada";"GB";"2022-11-04 13:16:51";6.35
"Servidor-SPTECH";"ram";"ram_Usada";"GB";"2022-11-04 13:16:50";6.34
"Servidor-SPTECH";"ram";"ram_Usada";"GB";"2022-11-04 13:16:48";6.35
"Servidor-SPTECH";"ram";"ram_Usada";"GB";"2022-11-04 13:16:47";6.35
"Servidor-SPTECH";"ram";"ram_Usada";"GB";"2022-11-04 13:16:45";6.34
"Servidor-SPTECH";"ram";"ram_Usada";"GB";"2022-11-04 13:16:43";6.35
"Servidor-SPTECH";"ram";"ram_Usada";"GB";"2022-11-04 13:16:42";6.34
"Servidor-SPTECH";"ram";"ram_Usada";"GB";"2022-11-04 13:16:40";6.35
"Servidor-SPTECH";"ram";"ram_Usada";"GB";"2022-11-04 13:16:39";6.35
"Servidor-SPTECH";"ram";"ram_Usada";"GB";"2022-11-04 13:16:37";6.34
"Servidor-SPTECH";"ram";"ram_Usada";"GB";"2022-11-04 13:16:36";6.34
"Servidor-SPTECH";"ram";"ram_Usada";"GB";"2022-11-04 13:16:34";6.34
"Servidor-SPTECH";"ram";"ram_Usada";"GB";"2022-11-04 13:16:33";6.34
"Servidor-SPTECH";"ram";"ram_Usada";"GB";"2022-11-04 13:16:31";6.34
"Servidor-SPTECH";"ram";"ram_Usada";"GB";"2022-11-04 13:16:30";6.34
"Servidor-SPTECH";"ram";"ram_Usada";"GB";"2022-11-04 13:16:28";6.34
"Servidor-SPTECH";"ram";"ram_Usada";"GB";"2022-11-04 13:16:27";6.34
"Servidor-SPTECH";"ram";"ram_Usada";"GB";"2022-11-04 13:16:25";6.34
"Servidor-SPTECH";"ram";"ram_Usada";"GB";"2022-11-04 13:16:23";6.34
"Servidor-SPTECH";"ram";"ram_Usada";"GB";"2022-11-04 13:16:22";6.33
"Servidor-SPTECH";"ram";"ram_Usada";"GB";"2022-11-04 13:16:20";6.34
"Servidor-SPTECH";"ram";"ram_Usada";"GB";"2022-11-04 13:16:19";6.35
"Servidor-SPTECH";"ram";"ram_Usada";"GB";"2022-11-04 13:16:17";6.35
"Servidor-SPTECH";"ram";"ram_Usada";"GB";"2022-11-04 13:16:16";6.34
"Servidor-SPTECH";"ram";"ram_Usada";"GB";"2022-11-04 13:16:14";6.33
"Servidor-SPTECH";"ram";"ram_Usada";"GB";"2022-11-04 13:16:13";6.33
"Servidor-SPTECH";"ram";"ram_Usada";"GB";"2022-11-04 13:16:11";6.33
"Servidor-SPTECH";"ram";"ram_Usada";"GB";"2022-11-04 13:16:10";6.32
"Servidor-SPTECH";"ram";"ram_Usada";"GB";"2022-11-04 13:16:08";6.32
"Servidor-SPTECH";"ram";"ram_Usada";"GB";"2022-11-04 13:16:07";6.32
"Servidor-SPTECH";"ram";"ram_Usada";"GB";"2022-11-04 13:16:05";6.33
"Servidor-SPTECH";"ram";"ram_Usada";"GB";"2022-11-04 13:16:04";6.32
"Servidor-SPTECH";"ram";"ram_Usada";"GB";"2022-11-04 13:16:02";6.32
"Servidor-SPTECH";"ram";"ram_Usada";"GB";"2022-11-04 13:16:01";6.32
"Servidor-SPTECH";"ram";"ram_Usada";"GB";"2022-11-04 13:15:59";6.32
"Servidor-SPTECH";"ram";"ram_Usada";"GB";"2022-11-04 13:15:57";6.32
"Servidor-SPTECH";"ram";"ram_Usada";"GB";"2022-11-04 13:15:56";6.32
"Servidor-SPTECH";"ram";"ram_Usada";"GB";"2022-11-04 13:15:54";6.32
"Servidor-SPTECH";"ram";"ram_Usada";"GB";"2022-11-04 13:15:53";6.36
"Servidor-SPTECH";"ram";"ram_Usada";"GB";"2022-11-04 13:15:51";6.39
"Servidor-SPTECH";"ram";"ram_Usada";"GB";"2022-11-04 13:15:50";6.39
"Servidor-SPTECH";"ram";"ram_Usada";"GB";"2022-11-04 13:15:48";6.38
"Servidor-SPTECH";"ram";"ram_Usada";"GB";"2022-11-04 13:15:47";6.38
"Servidor-SPTECH";"ram";"ram_Usada";"GB";"2022-11-04 13:15:45";6.39
"Servidor-SPTECH";"ram";"ram_Usada";"GB";"2022-11-04 13:15:43";6.38
"Servidor-SPTECH";"ram";"ram_Usada";"GB";"2022-11-04 13:15:42";6.38
"Servidor-SPTECH";"ram";"ram_Usada";"GB";"2022-11-04 13:15:40";6.38
"Servidor-SPTECH";"ram";"ram_Usada";"GB";"2022-11-04 13:15:39";6.38
"Servidor-SPTECH";"ram";"ram_Usada";"GB";"2022-11-04 13:15:37";6.38
"Servidor-SPTECH";"ram";"ram_Usada";"GB";"2022-11-04 13:15:36";6.38
"Servidor-SPTECH";"ram";"ram_Usada";"GB";"2022-11-04 13:15:34";6.37
"Servidor-SPTECH";"ram";"ram_Usada";"GB";"2022-11-04 13:15:33";6.38
"Servidor-SPTECH";"ram";"ram_Usada";"GB";"2022-11-04 13:15:31";6.38
"Servidor-SPTECH";"ram";"ram_Usada";"GB";"2022-11-04 13:15:30";6.37
"Servidor-SPTECH";"ram";"ram_Usada";"GB";"2022-11-04 13:15:28";6.38
"Servidor-SPTECH";"ram";"ram_Usada";"GB";"2022-11-04 13:15:27";6.37
"Servidor-SPTECH";"ram";"ram_Usada";"GB";"2022-11-04 13:15:25";6.37
"Servidor-SPTECH";"ram";"ram_Usada";"GB";"2022-11-04 13:15:23";6.37
"Servidor-SPTECH";"ram";"ram_Usada";"GB";"2022-11-04 13:15:22";6.37
"Servidor-SPTECH";"ram";"ram_Usada";"GB";"2022-11-04 13:15:20";6.37
"Servidor-SPTECH";"ram";"ram_Usada";"GB";"2022-11-04 13:15:19";6.37
"Servidor-SPTECH";"ram";"ram_Usada";"GB";"2022-11-04 13:15:17";6.38
"Servidor-SPTECH";"ram";"ram_Usada";"GB";"2022-11-04 13:15:16";6.37
"Servidor-SPTECH";"ram";"ram_Usada";"GB";"2022-11-04 13:15:14";6.37
"Servidor-SPTECH";"ram";"ram_Usada";"GB";"2022-11-04 13:15:13";6.37
"Servidor-SPTECH";"ram";"ram_Usada";"GB";"2022-11-04 13:15:11";6.37
"Servidor-SPTECH";"ram";"ram_Usada";"GB";"2022-11-04 13:15:10";6.37
"Servidor-SPTECH";"ram";"ram_Usada";"GB";"2022-11-04 13:15:08";6.4
"Servidor-SPTECH";"ram";"ram_Usada";"GB";"2022-11-04 13:15:07";6.39
"Servidor-SPTECH";"ram";"ram_Usada";"GB";"2022-11-04 13:15:05";6.4
"Servidor-SPTECH";"ram";"ram_Usada";"GB";"2022-11-04 13:15:04";6.39
"Servidor-SPTECH";"ram";"ram_Usada";"GB";"2022-11-04 13:15:02";6.39
"Servidor-SPTECH";"ram";"ram_Usada";"GB";"2022-11-04 13:15:00";6.39
"Servidor-SPTECH";"ram";"ram_Usada";"GB";"2022-11-04 13:14:59";6.39
"Servidor-SPTECH";"ram";"ram_Usada";"GB";"2022-11-04 13:14:57";6.38
"Servidor-SPTECH";"ram";"ram_Usada";"GB";"2022-11-04 13:14:56";6.38
"Servidor-SPTECH";"ram";"ram_Usada";"GB";"2022-11-04 13:14:54";6.39
"Servidor-SPTECH";"ram";"ram_Usada";"GB";"2022-11-04 13:14:53";6.39
"Servidor-SPTECH";"ram";"ram_Usada";"GB";"2022-11-04 13:14:51";6.4
"Servidor-SPTECH";"ram";"ram_Usada";"GB";"2022-11-04 13:14:50";6.41
"Servidor-SPTECH";"ram";"ram_Usada";"GB";"2022-11-04 13:14:48";6.4
"Servidor-SPTECH";"ram";"ram_Usada";"GB";"2022-11-04 13:14:47";6.41
"Servidor-SPTECH";"ram";"ram_Usada";"GB";"2022-11-04 13:14:45";6.4
"Servidor-SPTECH";"ram";"ram_Usada";"GB";"2022-11-04 13:14:43";6.4
"Servidor-SPTECH";"ram";"ram_Usada";"GB";"2022-11-04 13:14:42";6.41
"Servidor-SPTECH";"ram";"ram_Usada";"GB";"2022-11-04 13:14:40";6.41
"Servidor-SPTECH";"ram";"ram_Usada";"GB";"2022-11-04 13:14:39";6.41
"Servidor-SPTECH";"ram";"ram_Usada";"GB";"2022-11-04 13:14:37";6.41
"Servidor-SPTECH";"ram";"ram_Usada";"GB";"2022-11-04 13:14:36";6.42
"Servidor-SPTECH";"ram";"ram_Usada";"GB";"2022-11-04 13:14:34";6.42
"Servidor-SPTECH";"ram";"ram_Usada";"GB";"2022-11-04 13:14:33";6.42
"Servidor-SPTECH";"ram";"ram_Usada";"GB";"2022-11-04 13:14:31";6.41
"Servidor-SPTECH";"ram";"ram_Usada";"GB";"2022-11-04 13:14:30";6.41
"Servidor-SPTECH";"ram";"ram_Usada";"GB";"2022-11-04 13:14:28";6.42
"Servidor-SPTECH";"ram";"ram_Usada";"GB";"2022-11-04 13:14:26";6.41
"Servidor-SPTECH";"ram";"ram_Usada";"GB";"2022-11-04 13:14:25";6.4
"Servidor-SPTECH";"ram";"ram_Usada";"GB";"2022-11-04 13:14:23";6.4
"Servidor-SPTECH";"ram";"ram_Usada";"GB";"2022-11-04 13:14:22";6.39
"Servidor-SPTECH";"ram";"ram_Usada";"GB";"2022-11-04 13:14:20";6.39
"Servidor-SPTECH";"ram";"ram_Usada";"GB";"2022-11-04 13:14:19";6.4
"Servidor-SPTECH";"ram";"ram_Usada";"GB";"2022-11-04 13:14:17";6.39
"Servidor-SPTECH";"ram";"ram_Usada";"GB";"2022-11-04 13:14:16";6.39
"Servidor-SPTECH";"ram";"ram_Usada";"GB";"2022-11-04 13:14:14";6.38
"Servidor-SPTECH";"ram";"ram_Usada";"GB";"2022-11-04 13:14:13";6.38
"Servidor-SPTECH";"ram";"ram_Usada";"GB";"2022-11-04 13:14:11";6.38
"Servidor-SPTECH";"ram";"ram_Usada";"GB";"2022-11-04 13:14:09";6.37
"Servidor-SPTECH";"ram";"ram_Usada";"GB";"2022-11-04 13:14:08";6.37
"Servidor-SPTECH";"ram";"ram_Usada";"GB";"2022-11-04 13:14:06";6.38
"Servidor-SPTECH";"ram";"ram_Usada";"GB";"2022-11-04 13:14:05";6.38
"Servidor-SPTECH";"ram";"ram_Usada";"GB";"2022-11-04 13:14:03";6.37
"Servidor-SPTECH";"ram";"ram_Usada";"GB";"2022-11-04 13:14:02";6.37
"Servidor-SPTECH";"ram";"ram_Usada";"GB";"2022-11-04 13:14:00";6.37
"Servidor-SPTECH";"ram";"ram_Usada";"GB";"2022-11-04 13:13:59";6.37
"Servidor-SPTECH";"ram";"ram_Usada";"GB";"2022-11-04 13:13:57";6.37
"Servidor-SPTECH";"ram";"ram_Usada";"GB";"2022-11-04 13:13:55";6.37
"Servidor-SPTECH";"ram";"ram_Usada";"GB";"2022-11-04 13:13:54";6.37
"Servidor-SPTECH";"ram";"ram_Usada";"GB";"2022-11-04 13:13:52";6.37
"Servidor-SPTECH";"ram";"ram_Usada";"GB";"2022-11-04 13:13:51";6.39
"Servidor-SPTECH";"ram";"ram_Usada";"GB";"2022-11-04 13:13:49";6.39
"Servidor-SPTECH";"ram";"ram_Usada";"GB";"2022-11-04 13:13:48";6.39
"Servidor-SPTECH";"ram";"ram_Usada";"GB";"2022-11-04 13:13:46";6.38
"Servidor-SPTECH";"ram";"ram_Usada";"GB";"2022-11-04 13:13:45";6.38
"Servidor-SPTECH";"ram";"ram_Usada";"GB";"2022-11-04 13:13:43";6.38
"Servidor-SPTECH";"ram";"ram_Usada";"GB";"2022-11-04 13:13:42";6.38
"Servidor-SPTECH";"ram";"ram_Usada";"GB";"2022-11-04 13:13:40";6.38
"Servidor-SPTECH";"ram";"ram_Usada";"GB";"2022-11-04 13:13:39";6.38
"Servidor-SPTECH";"ram";"ram_Usada";"GB";"2022-11-04 13:13:37";6.39
"Servidor-SPTECH";"ram";"ram_Usada";"GB";"2022-11-04 13:13:35";6.38
"Servidor-SPTECH";"ram";"ram_Usada";"GB";"2022-11-04 13:13:34";6.38
"Servidor-SPTECH";"ram";"ram_Usada";"GB";"2022-11-04 13:13:32";6.38
"Servidor-SPTECH";"ram";"ram_Usada";"GB";"2022-11-04 13:13:31";6.38
"Servidor-SPTECH";"ram";"ram_Usada";"GB";"2022-11-04 13:13:29";6.39
"Servidor-SPTECH";"ram";"ram_Usada";"GB";"2022-11-04 13:13:28";6.39
"Servidor-SPTECH";"ram";"ram_Usada";"GB";"2022-11-04 13:13:26";6.38
"Servidor-SPTECH";"ram";"ram_Usada";"GB";"2022-11-04 13:13:25";6.38
"Servidor-SPTECH";"ram";"ram_Usada";"GB";"2022-11-04 13:13:23";6.38
"Servidor-SPTECH";"ram";"ram_Usada";"GB";"2022-11-04 13:13:22";6.38
"Servidor-SPTECH";"ram";"ram_Usada";"GB";"2022-11-04 13:13:20";6.38
"Servidor-SPTECH";"ram";"ram_Usada";"GB";"2022-11-04 13:13:18";6.38
"Servidor-SPTECH";"ram";"ram_Usada";"GB";"2022-11-04 13:13:17";6.38
"Servidor-SPTECH";"ram";"ram_Usada";"GB";"2022-11-04 13:13:15";6.39
"Servidor-SPTECH";"ram";"ram_Usada";"GB";"2022-11-04 13:13:14";6.46
"Servidor-SPTECH";"ram";"ram_Usada";"GB";"2022-11-04 13:13:12";6.45
"Servidor-SPTECH";"ram";"ram_Usada";"GB";"2022-11-04 13:13:11";6.46
"Servidor-SPTECH";"ram";"ram_Usada";"GB";"2022-11-04 13:13:09";6.45
"Servidor-SPTECH";"ram";"ram_Usada";"GB";"2022-11-04 13:13:08";6.45
"Servidor-SPTECH";"ram";"ram_Usada";"GB";"2022-11-04 13:13:06";6.46
"Servidor-SPTECH";"ram";"ram_Usada";"GB";"2022-11-04 13:13:04";6.47
"Servidor-SPTECH";"ram";"ram_Usada";"GB";"2022-11-04 13:13:03";6.46
"Servidor-SPTECH";"ram";"ram_Usada";"GB";"2022-11-04 13:13:01";6.44
"Servidor-SPTECH";"ram";"ram_Usada";"GB";"2022-11-04 13:13:00";6.48
"Servidor-SPTECH";"ram";"ram_Usada";"GB";"2022-11-04 13:12:58";6.48
"Servidor-SPTECH";"ram";"ram_Usada";"GB";"2022-11-04 13:12:57";6.48
"Servidor-SPTECH";"ram";"ram_Usada";"GB";"2022-11-04 13:12:55";6.47
"Servidor-SPTECH";"ram";"ram_Usada";"GB";"2022-11-04 13:12:54";6.47
"Servidor-SPTECH";"ram";"ram_Usada";"GB";"2022-11-04 13:12:52";6.5
"Servidor-SPTECH";"ram";"ram_Usada";"GB";"2022-11-04 13:12:51";6.5
"Servidor-SPTECH";"ram";"ram_Usada";"GB";"2022-11-04 13:12:49";6.5
"Servidor-SPTECH";"ram";"ram_Usada";"GB";"2022-11-04 13:12:48";6.51
"Servidor-SPTECH";"ram";"ram_Usada";"GB";"2022-11-04 13:12:46";6.5
"Servidor-SPTECH";"ram";"ram_Usada";"GB";"2022-11-04 13:12:45";6.51
"Servidor-SPTECH";"ram";"ram_Usada";"GB";"2022-11-04 13:12:43";6.57
"Servidor-SPTECH";"ram";"ram_Usada";"GB";"2022-11-04 13:12:41";6.62
"Servidor-SPTECH";"ram";"ram_Usada";"GB";"2022-11-04 13:12:40";6.64
"Servidor-SPTECH";"ram";"ram_Usada";"GB";"2022-11-04 13:12:38";6.74
"Servidor-SPTECH";"ram";"ram_Usada";"GB";"2022-11-04 13:12:37";6.93
"Servidor-SPTECH";"ram";"ram_Usada";"GB";"2022-11-04 13:12:35";6.4
"Servidor-SPTECH";"ram";"ram_Usada";"GB";"2022-11-04 13:12:34";6.41
"Servidor-SPTECH";"ram";"ram_Usada";"GB";"2022-11-04 13:12:32";6.41
"Servidor-SPTECH";"ram";"ram_Usada";"GB";"2022-11-04 13:12:30";6.42
"Servidor-SPTECH";"ram";"ram_Usada";"GB";"2022-11-04 13:12:29";6.39
"Servidor-SPTECH";"ram";"ram_Usada";"GB";"2022-11-04 13:12:27";6.38
"Servidor-SPTECH";"ram";"ram_Usada";"GB";"2022-11-04 13:12:26";6.37
"Servidor-SPTECH";"ram";"ram_Usada";"GB";"2022-11-04 13:12:24";6.36
"Servidor-SPTECH";"ram";"ram_Usada";"GB";"2022-11-04 13:12:23";6.36
"Servidor-SPTECH";"ram";"ram_Usada";"GB";"2022-11-04 13:12:21";6.32
"Servidor-SPTECH";"ram";"ram_Usada";"GB";"2022-11-04 13:12:20";6.31
"Servidor-SPTECH";"ram";"ram_Usada";"GB";"2022-11-04 13:12:18";6.39
"Servidor-SPTECH";"ram";"ram_Usada";"GB";"2022-11-04 13:12:16";6.41
"Servidor-SPTECH";"ram";"ram_Usada";"GB";"2022-11-04 13:12:15";6.44
"Servidor-SPTECH";"ram";"ram_Usada";"GB";"2022-11-04 13:12:13";6.44
"Servidor-SPTECH";"ram";"ram_Usada";"GB";"2022-11-04 13:12:12";6.51
"Servidor-SPTECH";"ram";"ram_Usada";"GB";"2022-11-04 13:12:10";6.61
"Servidor-SPTECH";"ram";"ram_Usada";"GB";"2022-11-04 13:12:09";6.67
"Servidor-SPTECH";"ram";"ram_Usada";"GB";"2022-11-04 13:12:07";6.73
"Servidor-SPTECH";"ram";"ram_Usada";"GB";"2022-11-04 13:12:06";6.81
"Servidor-SPTECH";"ram";"ram_Usada";"GB";"2022-11-04 13:12:04";6.42
"Servidor-SPTECH";"ram";"ram_Usada";"GB";"2022-11-04 13:12:03";6.5
"Servidor-SPTECH";"ram";"ram_Usada";"GB";"2022-11-04 13:12:01";6.53
"Servidor-SPTECH";"ram";"ram_Usada";"GB";"2022-11-04 13:11:59";6.59
"Servidor-SPTECH";"ram";"ram_Usada";"GB";"2022-11-04 13:11:58";6.74
"Servidor-SPTECH";"ram";"ram_Usada";"GB";"2022-11-04 13:11:56";6.76
"Servidor-SPTECH";"ram";"ram_Usada";"GB";"2022-11-04 13:11:55";6.83
"Servidor-SPTECH";"ram";"ram_Usada";"GB";"2022-11-04 13:11:53";6.79
"Servidor-SPTECH";"ram";"ram_Usada";"GB";"2022-11-04 13:11:51";6.75
"Servidor-SPTECH";"ram";"ram_Usada";"GB";"2022-11-04 13:11:50";6.37
"Servidor-SPTECH";"ram";"ram_Usada";"GB";"2022-11-04 13:11:48";6.53
"Servidor-SPTECH";"ram";"ram_Usada";"GB";"2022-11-04 13:11:47";6.59
"Servidor-SPTECH";"ram";"ram_Usada";"GB";"2022-11-04 13:11:45";6.61
"Servidor-SPTECH";"ram";"ram_Usada";"GB";"2022-11-04 13:11:43";6.35
"Servidor-SPTECH";"ram";"ram_Usada";"GB";"2022-11-04 13:11:42";6.38
"Servidor-SPTECH";"ram";"ram_Usada";"GB";"2022-11-04 13:11:40";6.6
"Servidor-SPTECH";"ram";"ram_Usada";"GB";"2022-11-04 13:11:39";6.61
"Servidor-SPTECH";"ram";"ram_Usada";"GB";"2022-11-04 13:11:37";6.66
"Servidor-SPTECH";"ram";"ram_Usada";"GB";"2022-11-04 13:11:36";6.21
"Servidor-SPTECH";"ram";"ram_Usada";"GB";"2022-11-04 13:11:34";6.21
"Servidor-SPTECH";"ram";"ram_Usada";"GB";"2022-11-04 13:11:33";6.21
"Servidor-SPTECH";"ram";"ram_Usada";"GB";"2022-11-04 13:11:31";6.22
"Servidor-SPTECH";"ram";"ram_Usada";"GB";"2022-11-04 13:11:29";6.23
"Servidor-SPTECH";"ram";"ram_Usada";"GB";"2022-11-04 13:11:28";6.24
"Servidor-SPTECH";"ram";"ram_Usada";"GB";"2022-11-04 13:11:26";6.29
"Servidor-SPTECH";"ram";"ram_Usada";"GB";"2022-11-04 13:11:25";6.29
"Servidor-SPTECH";"ram";"ram_Usada";"GB";"2022-11-04 13:11:23";6.3
"Servidor-SPTECH";"ram";"ram_Usada";"GB";"2022-11-04 13:11:22";6.3
"Servidor-SPTECH";"ram";"ram_Usada";"GB";"2022-11-04 13:11:20";6.51
"Servidor-SPTECH";"ram";"ram_Usada";"GB";"2022-11-04 13:11:19";6.46
"Servidor-SPTECH";"ram";"ram_Usada";"GB";"2022-11-04 13:11:17";6.84
"Servidor-SPTECH";"ram";"ram_Usada";"GB";"2022-11-04 13:11:15";6.87
"Servidor-SPTECH";"ram";"ram_Usada";"GB";"2022-11-04 13:11:14";6.54
"Servidor-SPTECH";"ram";"ram_Usada";"GB";"2022-11-04 13:11:12";6.61
"Servidor-SPTECH";"ram";"ram_Usada";"GB";"2022-11-04 13:11:11";6.62
"Servidor-SPTECH";"ram";"ram_Usada";"GB";"2022-11-04 13:11:09";6.71
"Servidor-SPTECH";"ram";"ram_Usada";"GB";"2022-11-04 13:11:07";6.7
"Servidor-SPTECH";"ram";"ram_Usada";"GB";"2022-11-04 13:11:06";6.56
"Servidor-SPTECH";"ram";"ram_Usada";"GB";"2022-11-04 13:11:04";6.62
"Servidor-SPTECH";"ram";"ram_Usada";"GB";"2022-11-04 13:11:03";6.6
"Servidor-SPTECH";"ram";"ram_Usada";"GB";"2022-11-04 13:11:01";6.58
"Servidor-SPTECH";"ram";"ram_Usada";"GB";"2022-11-04 13:11:00";6.6
"Servidor-SPTECH";"ram";"ram_Usada";"GB";"2022-11-04 13:10:58";6.09
"Servidor-SPTECH";"ram";"ram_Usada";"GB";"2022-11-04 13:10:56";6.1
"Servidor-SPTECH";"ram";"ram_Usada";"GB";"2022-11-04 13:10:55";6.06
"Servidor-SPTECH";"ram";"ram_Usada";"GB";"2022-11-04 13:10:53";6.04
"Servidor-SPTECH";"ram";"ram_Usada";"GB";"2022-11-04 13:10:52";6.09
"Servidor-SPTECH";"ram";"ram_Usada";"GB";"2022-11-04 13:10:50";6.09
"Servidor-SPTECH";"ram";"ram_Usada";"GB";"2022-11-04 13:10:49";6.14
"Servidor-SPTECH";"ram";"ram_Usada";"GB";"2022-11-04 13:10:47";6.15
"Servidor-SPTECH";"ram";"ram_Usada";"GB";"2022-11-04 13:10:46";6.17
"Servidor-SPTECH";"ram";"ram_Usada";"GB";"2022-11-04 13:10:44";6.21
"Servidor-SPTECH";"ram";"ram_Usada";"GB";"2022-11-04 13:10:43";6.22
"Servidor-SPTECH";"ram";"ram_Usada";"GB";"2022-11-04 13:10:41";6.22
"Servidor-SPTECH";"ram";"ram_Usada";"GB";"2022-11-04 13:10:40";6.22
"Servidor-SPTECH";"ram";"ram_Usada";"GB";"2022-11-04 13:10:38";6.22
"Servidor-SPTECH";"ram";"ram_Usada";"GB";"2022-11-04 13:10:37";6.22
"Servidor-SPTECH";"ram";"ram_Usada";"GB";"2022-11-04 13:10:35";6.21
"Servidor-SPTECH";"ram";"ram_Usada";"GB";"2022-11-04 13:10:34";6.2
"Servidor-SPTECH";"ram";"ram_Usada";"GB";"2022-11-04 13:10:32";6.2
"Servidor-SPTECH";"ram";"ram_Usada";"GB";"2022-11-04 13:10:30";6.22
"Servidor-SPTECH";"ram";"ram_Usada";"GB";"2022-11-04 13:10:29";6.22
"Servidor-SPTECH";"ram";"ram_Usada";"GB";"2022-11-04 13:10:27";6.22
"Servidor-SPTECH";"ram";"ram_Usada";"GB";"2022-11-04 13:10:26";6.22
"Servidor-SPTECH";"ram";"ram_Usada";"GB";"2022-11-04 13:10:24";6.21
"Servidor-SPTECH";"ram";"ram_Usada";"GB";"2022-11-04 13:10:23";6.16
"Servidor-SPTECH";"ram";"ram_Usada";"GB";"2022-11-04 13:10:21";6.15
"Servidor-SPTECH";"ram";"ram_Usada";"GB";"2022-11-04 13:10:20";6.15
"Servidor-SPTECH";"ram";"ram_Usada";"GB";"2022-11-04 13:10:18";6.17
"Servidor-SPTECH";"ram";"ram_Usada";"GB";"2022-11-04 13:10:17";6.17
"Servidor-SPTECH";"ram";"ram_Usada";"GB";"2022-11-04 13:10:15";6.17
"Servidor-SPTECH";"ram";"ram_Usada";"GB";"2022-11-04 13:10:13";6.16
"Servidor-SPTECH";"ram";"ram_Usada";"GB";"2022-11-04 13:10:12";6.17
"Servidor-SPTECH";"ram";"ram_Usada";"GB";"2022-11-04 13:10:10";6.16
"Servidor-SPTECH";"ram";"ram_Usada";"GB";"2022-11-04 13:10:09";6.15
"Servidor-SPTECH";"ram";"ram_Usada";"GB";"2022-11-04 13:10:07";6.15
"Servidor-SPTECH";"ram";"ram_Usada";"GB";"2022-11-04 13:10:06";6.14
"Servidor-SPTECH";"ram";"ram_Usada";"GB";"2022-11-04 13:10:04";6.14
"Servidor-SPTECH";"ram";"ram_Usada";"GB";"2022-11-04 13:10:03";6.14
"Servidor-SPTECH";"ram";"ram_Usada";"GB";"2022-11-04 13:10:01";6.12
"Servidor-SPTECH";"ram";"ram_Usada";"GB";"2022-11-04 13:09:59";6.1
"Servidor-SPTECH";"ram";"ram_Usada";"GB";"2022-11-04 13:09:58";6.11
"Servidor-SPTECH";"ram";"ram_Usada";"GB";"2022-11-04 13:09:56";6.05
"Servidor-SPTECH";"ram";"ram_Usada";"GB";"2022-11-04 13:09:55";6.0
"Servidor-SPTECH";"ram";"ram_Usada";"GB";"2022-11-04 13:09:53";5.95
"Servidor-SPTECH";"ram";"ram_Usada";"GB";"2022-11-04 13:09:52";6.19
"Servidor-SPTECH";"ram";"ram_Usada";"GB";"2022-11-04 13:09:50";6.18
"Servidor-SPTECH";"ram";"ram_Usada";"GB";"2022-11-04 13:09:49";6.38
"Servidor-SPTECH";"ram";"ram_Usada";"GB";"2022-11-04 13:09:47";6.4
"Servidor-SPTECH";"ram";"ram_Usada";"GB";"2022-11-04 13:09:46";6.42
"Servidor-SPTECH";"ram";"ram_Usada";"GB";"2022-11-04 13:09:44";6.33
"Servidor-SPTECH";"ram";"ram_Usada";"GB";"2022-11-04 13:09:43";5.91
"Servidor-SPTECH";"ram";"ram_Usada";"GB";"2022-11-04 13:09:41";5.9
"Servidor-SPTECH";"ram";"ram_Usada";"GB";"2022-11-04 13:09:39";5.91
"Servidor-SPTECH";"ram";"ram_Usada";"GB";"2022-11-04 13:09:38";5.85
"Servidor-SPTECH";"ram";"ram_Usada";"GB";"2022-11-04 13:09:36";5.85
"Servidor-SPTECH";"ram";"ram_Usada";"GB";"2022-11-04 13:09:35";5.88
"Servidor-SPTECH";"ram";"ram_Usada";"GB";"2022-11-04 13:09:33";5.84
"Servidor-SPTECH";"ram";"ram_Usada";"GB";"2022-11-04 13:09:32";5.84
"Servidor-SPTECH";"ram";"ram_Usada";"GB";"2022-11-04 13:09:30";5.83
"Servidor-SPTECH";"ram";"ram_Usada";"GB";"2022-11-04 13:09:29";5.83
"Servidor-SPTECH";"ram";"ram_Usada";"GB";"2022-11-04 13:09:27";5.84
"Servidor-SPTECH";"ram";"ram_Usada";"GB";"2022-11-04 13:09:26";5.84
"Servidor-SPTECH";"ram";"ram_Usada";"GB";"2022-11-04 13:09:24";5.83
"Servidor-SPTECH";"ram";"ram_Usada";"GB";"2022-11-04 13:09:23";5.83
"Servidor-SPTECH";"ram";"ram_Usada";"GB";"2022-11-04 13:09:21";5.84
"Servidor-SPTECH";"ram";"ram_Usada";"GB";"2022-11-04 13:09:19";5.83
"Servidor-SPTECH";"ram";"ram_Usada";"GB";"2022-11-04 13:09:18";5.82
"Servidor-SPTECH";"ram";"ram_Usada";"GB";"2022-11-04 13:09:16";5.83
"Servidor-SPTECH";"ram";"ram_Usada";"GB";"2022-11-04 13:09:15";5.83
"Servidor-SPTECH";"ram";"ram_Usada";"GB";"2022-11-04 13:09:13";5.82
"Servidor-SPTECH";"ram";"ram_Usada";"GB";"2022-11-04 13:09:12";5.82
"Servidor-SPTECH";"ram";"ram_Usada";"GB";"2022-11-04 13:09:10";5.83
"Servidor-SPTECH";"ram";"ram_Usada";"GB";"2022-11-04 13:09:09";5.82
"Servidor-SPTECH";"ram";"ram_Usada";"GB";"2022-11-04 13:09:07";5.82
"Servidor-SPTECH";"ram";"ram_Usada";"GB";"2022-11-04 13:09:05";5.82
"Servidor-SPTECH";"ram";"ram_Usada";"GB";"2022-11-04 13:09:04";5.82
"Servidor-SPTECH";"ram";"ram_Usada";"GB";"2022-11-04 13:09:02";5.82
"Servidor-SPTECH";"ram";"ram_Usada";"GB";"2022-11-04 13:09:01";5.82
"Servidor-SPTECH";"ram";"ram_Usada";"GB";"2022-11-04 13:08:59";5.81
"Servidor-SPTECH";"ram";"ram_Usada";"GB";"2022-11-04 13:08:58";5.81
"Servidor-SPTECH";"ram";"ram_Usada";"GB";"2022-11-04 13:08:56";5.82
"Servidor-SPTECH";"ram";"ram_Usada";"GB";"2022-11-04 13:08:55";5.81
"Servidor-SPTECH";"ram";"ram_Usada";"GB";"2022-11-04 13:08:53";5.81
"Servidor-SPTECH";"ram";"ram_Usada";"GB";"2022-11-04 13:08:51";5.87
"Servidor-SPTECH";"ram";"ram_Usada";"GB";"2022-11-04 13:08:50";5.87
"Servidor-SPTECH";"ram";"ram_Usada";"GB";"2022-11-04 13:08:48";5.87
"Servidor-SPTECH";"ram";"ram_Usada";"GB";"2022-11-04 13:08:47";5.87
"Servidor-SPTECH";"ram";"ram_Usada";"GB";"2022-11-04 13:08:45";5.87
"Servidor-SPTECH";"ram";"ram_Usada";"GB";"2022-11-04 13:08:44";5.87
"Servidor-SPTECH";"ram";"ram_Usada";"GB";"2022-11-04 13:08:42";5.87
"Servidor-SPTECH";"ram";"ram_Usada";"GB";"2022-11-04 13:08:41";5.87
"Servidor-SPTECH";"ram";"ram_Usada";"GB";"2022-11-04 13:08:39";5.87
"Servidor-SPTECH";"ram";"ram_Usada";"GB";"2022-11-04 13:08:38";5.87
"Servidor-SPTECH";"ram";"ram_Usada";"GB";"2022-11-04 13:08:36";5.86
"Servidor-SPTECH";"ram";"ram_Usada";"GB";"2022-11-04 13:08:34";5.86
"Servidor-SPTECH";"ram";"ram_Usada";"GB";"2022-11-04 13:08:33";5.86
"Servidor-SPTECH";"ram";"ram_Usada";"GB";"2022-11-04 13:08:31";5.86
"Servidor-SPTECH";"ram";"ram_Usada";"GB";"2022-11-04 13:08:30";5.85
"Servidor-SPTECH";"ram";"ram_Usada";"GB";"2022-11-04 13:08:28";5.85
"Servidor-SPTECH";"ram";"ram_Usada";"GB";"2022-11-04 13:08:27";5.86
"Servidor-SPTECH";"ram";"ram_Usada";"GB";"2022-11-04 13:08:25";5.86
"Servidor-SPTECH";"ram";"ram_Usada";"GB";"2022-11-04 13:08:24";5.85
"Servidor-SPTECH";"ram";"ram_Usada";"GB";"2022-11-04 13:08:22";5.85
"Servidor-SPTECH";"ram";"ram_Usada";"GB";"2022-11-04 13:08:20";5.85
"Servidor-SPTECH";"ram";"ram_Usada";"GB";"2022-11-04 13:08:19";5.85
"Servidor-SPTECH";"ram";"ram_Usada";"GB";"2022-11-04 13:08:17";5.85
"Servidor-SPTECH";"ram";"ram_Usada";"GB";"2022-11-04 13:08:16";5.85
"Servidor-SPTECH";"ram";"ram_Usada";"GB";"2022-11-04 13:08:14";5.85
"Servidor-SPTECH";"ram";"ram_Usada";"GB";"2022-11-04 13:08:13";5.85
"Servidor-SPTECH";"ram";"ram_Usada";"GB";"2022-11-04 13:08:11";5.85
"Servidor-SPTECH";"ram";"ram_Usada";"GB";"2022-11-04 13:08:09";5.84
"Servidor-SPTECH";"ram";"ram_Usada";"GB";"2022-11-04 13:08:08";5.85
"Servidor-SPTECH";"ram";"ram_Usada";"GB";"2022-11-04 13:08:06";5.85
"Servidor-SPTECH";"ram";"ram_Usada";"GB";"2022-11-04 13:08:05";5.84
"Servidor-SPTECH";"ram";"ram_Usada";"GB";"2022-11-04 13:08:03";5.85
"Servidor-SPTECH";"ram";"ram_Usada";"GB";"2022-11-04 13:08:02";5.84
"Servidor-SPTECH";"ram";"ram_Usada";"GB";"2022-11-04 13:08:00";5.85
"Servidor-SPTECH";"ram";"ram_Usada";"GB";"2022-11-04 13:07:58";5.85
"Servidor-SPTECH";"ram";"ram_Usada";"GB";"2022-11-04 13:07:57";5.84
"Servidor-SPTECH";"ram";"ram_Usada";"GB";"2022-11-04 13:07:55";5.85
"Servidor-SPTECH";"ram";"ram_Usada";"GB";"2022-11-04 13:07:54";5.85
"Servidor-SPTECH";"ram";"ram_Usada";"GB";"2022-11-04 13:07:52";5.84
"Servidor-SPTECH";"ram";"ram_Usada";"GB";"2022-11-04 13:07:51";5.87
"Servidor-SPTECH";"ram";"ram_Usada";"GB";"2022-11-04 13:07:49";5.87
"Servidor-SPTECH";"ram";"ram_Usada";"GB";"2022-11-04 13:07:48";5.86
"Servidor-SPTECH";"ram";"ram_Usada";"GB";"2022-11-04 13:07:46";5.87
"Servidor-SPTECH";"ram";"ram_Usada";"GB";"2022-11-04 13:07:45";5.86
"Servidor-SPTECH";"ram";"ram_Usada";"GB";"2022-11-04 13:07:43";5.86
"Servidor-SPTECH";"ram";"ram_Usada";"GB";"2022-11-04 13:07:41";5.86
"Servidor-SPTECH";"ram";"ram_Usada";"GB";"2022-11-04 13:07:40";5.87
"Servidor-SPTECH";"ram";"ram_Usada";"GB";"2022-11-04 13:07:38";5.86
"Servidor-SPTECH";"ram";"ram_Usada";"GB";"2022-11-04 13:07:37";5.86
"Servidor-SPTECH";"ram";"ram_Usada";"GB";"2022-11-04 13:07:35";5.86
"Servidor-SPTECH";"ram";"ram_Usada";"GB";"2022-11-04 13:07:34";5.87
"Servidor-SPTECH";"ram";"ram_Usada";"GB";"2022-11-04 13:07:32";5.87
"Servidor-SPTECH";"ram";"ram_Usada";"GB";"2022-11-04 13:07:31";5.86
"Servidor-SPTECH";"ram";"ram_Usada";"GB";"2022-11-04 13:07:29";5.86
"Servidor-SPTECH";"ram";"ram_Usada";"GB";"2022-11-04 13:07:28";5.86
"Servidor-SPTECH";"ram";"ram_Usada";"GB";"2022-11-04 13:07:26";5.86
"Servidor-SPTECH";"ram";"ram_Usada";"GB";"2022-11-04 13:07:24";5.86
"Servidor-SPTECH";"ram";"ram_Usada";"GB";"2022-11-04 13:07:23";5.86
"Servidor-SPTECH";"ram";"ram_Usada";"GB";"2022-11-04 13:07:21";5.86
"Servidor-SPTECH";"ram";"ram_Usada";"GB";"2022-11-04 13:07:20";5.86
"Servidor-SPTECH";"ram";"ram_Usada";"GB";"2022-11-04 13:07:18";5.86
"Servidor-SPTECH";"ram";"ram_Usada";"GB";"2022-11-04 13:07:17";5.86
"Servidor-SPTECH";"ram";"ram_Usada";"GB";"2022-11-04 13:07:15";5.86
"Servidor-SPTECH";"ram";"ram_Usada";"GB";"2022-11-04 13:07:14";5.86
"Servidor-SPTECH";"ram";"ram_Usada";"GB";"2022-11-04 13:07:12";5.86
"Servidor-SPTECH";"ram";"ram_Usada";"GB";"2022-11-04 13:07:11";5.86
"Servidor-SPTECH";"ram";"ram_Usada";"GB";"2022-11-04 13:07:09";5.86
"Servidor-SPTECH";"ram";"ram_Usada";"GB";"2022-11-04 13:07:08";5.85
"Servidor-SPTECH";"ram";"ram_Usada";"GB";"2022-11-04 13:07:06";5.86
"Servidor-SPTECH";"ram";"ram_Usada";"GB";"2022-11-04 13:07:04";5.85
"Servidor-SPTECH";"ram";"ram_Usada";"GB";"2022-11-04 13:07:03";5.85
"Servidor-SPTECH";"ram";"ram_Usada";"GB";"2022-11-04 13:07:01";5.87
"Servidor-SPTECH";"ram";"ram_Usada";"GB";"2022-11-04 13:07:00";5.88
"Servidor-SPTECH";"ram";"ram_Usada";"GB";"2022-11-04 13:06:58";5.87
"Servidor-SPTECH";"ram";"ram_Usada";"GB";"2022-11-04 13:06:57";5.85
"Servidor-SPTECH";"ram";"ram_Usada";"GB";"2022-11-04 13:06:55";5.85
"Servidor-SPTECH";"ram";"ram_Usada";"GB";"2022-11-04 13:06:54";5.84
"Servidor-SPTECH";"ram";"ram_Usada";"GB";"2022-11-04 13:06:52";5.84
"Servidor-SPTECH";"ram";"ram_Usada";"GB";"2022-11-04 13:06:51";5.86
"Servidor-SPTECH";"ram";"ram_Usada";"GB";"2022-11-04 13:06:49";5.86
"Servidor-SPTECH";"ram";"ram_Usada";"GB";"2022-11-04 13:06:48";5.86
"Servidor-SPTECH";"ram";"ram_Usada";"GB";"2022-11-04 13:06:46";5.86
"Servidor-SPTECH";"ram";"ram_Usada";"GB";"2022-11-04 13:06:44";5.86
"Servidor-SPTECH";"ram";"ram_Usada";"GB";"2022-11-04 13:06:43";5.86
"Servidor-SPTECH";"ram";"ram_Usada";"GB";"2022-11-04 13:06:41";5.86
"Servidor-SPTECH";"ram";"ram_Usada";"GB";"2022-11-04 13:06:40";5.86
"Servidor-SPTECH";"ram";"ram_Usada";"GB";"2022-11-04 13:06:38";5.86
"Servidor-SPTECH";"ram";"ram_Usada";"GB";"2022-11-04 13:06:37";5.86
"Servidor-SPTECH";"ram";"ram_Usada";"GB";"2022-11-04 13:06:35";5.86
"Servidor-SPTECH";"ram";"ram_Usada";"GB";"2022-11-04 13:06:34";5.86
"Servidor-SPTECH";"ram";"ram_Usada";"GB";"2022-11-04 13:06:32";5.86
"Servidor-SPTECH";"ram";"ram_Usada";"GB";"2022-11-04 13:06:31";5.85
"Servidor-SPTECH";"ram";"ram_Usada";"GB";"2022-11-04 13:06:29";5.85
"Servidor-SPTECH";"ram";"ram_Usada";"GB";"2022-11-04 13:06:27";5.86
"Servidor-SPTECH";"ram";"ram_Usada";"GB";"2022-11-04 13:06:26";5.85
"Servidor-SPTECH";"ram";"ram_Usada";"GB";"2022-11-04 13:06:24";5.85
"Servidor-SPTECH";"ram";"ram_Usada";"GB";"2022-11-04 13:06:23";5.86
"Servidor-SPTECH";"ram";"ram_Usada";"GB";"2022-11-04 13:06:21";5.85
"Servidor-SPTECH";"ram";"ram_Usada";"GB";"2022-11-04 13:06:20";5.85
"Servidor-SPTECH";"ram";"ram_Usada";"GB";"2022-11-04 13:06:18";5.85
"Servidor-SPTECH";"ram";"ram_Usada";"GB";"2022-11-04 13:06:17";5.85
"Servidor-SPTECH";"ram";"ram_Usada";"GB";"2022-11-04 13:06:15";5.85
"Servidor-SPTECH";"ram";"ram_Usada";"GB";"2022-11-04 13:06:14";5.85
"Servidor-SPTECH";"ram";"ram_Usada";"GB";"2022-11-04 13:06:12";5.84
"Servidor-SPTECH";"ram";"ram_Usada";"GB";"2022-11-04 13:06:11";5.85
"Servidor-SPTECH";"ram";"ram_Usada";"GB";"2022-11-04 13:06:09";5.86
"Servidor-SPTECH";"ram";"ram_Usada";"GB";"2022-11-04 13:06:08";5.83
"Servidor-SPTECH";"ram";"ram_Usada";"GB";"2022-11-04 13:06:06";5.84
"Servidor-SPTECH";"ram";"ram_Usada";"GB";"2022-11-04 13:06:04";5.83
"Servidor-SPTECH";"ram";"ram_Usada";"GB";"2022-11-04 13:06:03";5.84
"Servidor-SPTECH";"ram";"ram_Usada";"GB";"2022-11-04 13:06:01";5.83
"Servidor-SPTECH";"ram";"ram_Usada";"GB";"2022-11-04 13:06:00";5.83
"Servidor-SPTECH";"ram";"ram_Usada";"GB";"2022-11-04 13:05:58";5.83
"Servidor-SPTECH";"ram";"ram_Usada";"GB";"2022-11-04 13:05:57";5.82
"Servidor-SPTECH";"ram";"ram_Usada";"GB";"2022-11-04 13:05:55";5.82
"Servidor-SPTECH";"ram";"ram_Usada";"GB";"2022-11-04 13:05:54";5.82
"Servidor-SPTECH";"ram";"ram_Usada";"GB";"2022-11-04 13:05:52";5.84
"Servidor-SPTECH";"ram";"ram_Usada";"GB";"2022-11-04 13:05:51";5.84
"Servidor-SPTECH";"ram";"ram_Usada";"GB";"2022-11-04 13:05:49";5.84
"Servidor-SPTECH";"ram";"ram_Usada";"GB";"2022-11-04 13:05:47";5.84
"Servidor-SPTECH";"ram";"ram_Usada";"GB";"2022-11-04 13:05:46";5.84
"Servidor-SPTECH";"ram";"ram_Usada";"GB";"2022-11-04 13:05:44";5.83
"Servidor-SPTECH";"ram";"ram_Usada";"GB";"2022-11-04 13:05:43";5.84
"Servidor-SPTECH";"ram";"ram_Usada";"GB";"2022-11-04 13:05:41";5.83
"Servidor-SPTECH";"ram";"ram_Usada";"GB";"2022-11-04 13:05:40";5.83
"Servidor-SPTECH";"ram";"ram_Usada";"GB";"2022-11-04 13:05:38";5.83
"Servidor-SPTECH";"ram";"ram_Usada";"GB";"2022-11-04 13:05:37";5.82
"Servidor-SPTECH";"ram";"ram_Usada";"GB";"2022-11-04 13:05:35";5.82
"Servidor-SPTECH";"ram";"ram_Usada";"GB";"2022-11-04 13:05:34";5.82
"Servidor-SPTECH";"ram";"ram_Usada";"GB";"2022-11-04 13:05:32";5.82
"Servidor-SPTECH";"ram";"ram_Usada";"GB";"2022-11-04 13:05:30";6.02
"Servidor-SPTECH";"ram";"ram_Usada";"GB";"2022-11-04 13:05:29";5.98
"Servidor-SPTECH";"ram";"ram_Usada";"GB";"2022-11-04 13:05:27";5.98
"Servidor-SPTECH";"ram";"ram_Usada";"GB";"2022-11-04 13:05:26";5.98
"Servidor-SPTECH";"ram";"ram_Usada";"GB";"2022-11-04 13:05:24";5.97
"Servidor-SPTECH";"ram";"ram_Usada";"GB";"2022-11-04 13:05:23";5.98
"Servidor-SPTECH";"ram";"ram_Usada";"GB";"2022-11-04 13:05:21";5.98
"Servidor-SPTECH";"ram";"ram_Usada";"GB";"2022-11-04 13:05:20";5.97
"Servidor-SPTECH";"ram";"ram_Usada";"GB";"2022-11-04 13:05:18";5.97
"Servidor-SPTECH";"ram";"ram_Usada";"GB";"2022-11-04 13:05:17";5.96
"Servidor-SPTECH";"ram";"ram_Usada";"GB";"2022-11-04 13:05:15";5.97
"Servidor-SPTECH";"ram";"ram_Usada";"GB";"2022-11-04 13:05:14";5.96
"Servidor-SPTECH";"ram";"ram_Usada";"GB";"2022-11-04 13:05:12";5.96
"Servidor-SPTECH";"ram";"ram_Usada";"GB";"2022-11-04 13:05:11";5.96
"Servidor-SPTECH";"ram";"ram_Usada";"GB";"2022-11-04 13:05:09";5.95
"Servidor-SPTECH";"ram";"ram_Usada";"GB";"2022-11-04 13:05:07";5.95
"Servidor-SPTECH";"ram";"ram_Usada";"GB";"2022-11-04 13:05:06";5.95
"Servidor-SPTECH";"ram";"ram_Usada";"GB";"2022-11-04 13:05:04";5.96
"Servidor-SPTECH";"ram";"ram_Usada";"GB";"2022-11-04 13:05:03";5.95
"Servidor-SPTECH";"ram";"ram_Usada";"GB";"2022-11-04 13:05:01";5.95
"Servidor-SPTECH";"ram";"ram_Usada";"GB";"2022-11-04 13:05:00";5.95
"Servidor-SPTECH";"ram";"ram_Usada";"GB";"2022-11-04 13:04:58";5.94
"Servidor-SPTECH";"ram";"ram_Usada";"GB";"2022-11-04 13:04:57";5.94
"Servidor-SPTECH";"ram";"ram_Usada";"GB";"2022-11-04 13:04:55";5.95
"Servidor-SPTECH";"ram";"ram_Usada";"GB";"2022-11-04 13:04:54";5.94
"Servidor-SPTECH";"ram";"ram_Usada";"GB";"2022-11-04 13:04:52";5.96
"Servidor-SPTECH";"ram";"ram_Usada";"GB";"2022-11-04 13:04:51";5.97
"Servidor-SPTECH";"ram";"ram_Usada";"GB";"2022-11-04 13:04:49";5.96
"Servidor-SPTECH";"ram";"ram_Usada";"GB";"2022-11-04 13:04:47";5.96
"Servidor-SPTECH";"ram";"ram_Usada";"GB";"2022-11-04 13:04:46";5.96
"Servidor-SPTECH";"ram";"ram_Usada";"GB";"2022-11-04 13:04:44";5.96
"Servidor-SPTECH";"ram";"ram_Usada";"GB";"2022-11-04 13:04:43";5.96
"Servidor-SPTECH";"ram";"ram_Usada";"GB";"2022-11-04 13:04:41";5.95
"Servidor-SPTECH";"ram";"ram_Usada";"GB";"2022-11-04 13:04:40";5.96
"Servidor-SPTECH";"ram";"ram_Usada";"GB";"2022-11-04 13:04:38";5.95
"Servidor-SPTECH";"ram";"ram_Usada";"GB";"2022-11-04 13:04:37";5.95
"Servidor-SPTECH";"ram";"ram_Usada";"GB";"2022-11-04 13:04:35";5.96
"Servidor-SPTECH";"ram";"ram_Usada";"GB";"2022-11-04 13:04:34";5.95
"Servidor-SPTECH";"ram";"ram_Usada";"GB";"2022-11-04 13:04:32";5.95
"Servidor-SPTECH";"ram";"ram_Usada";"GB";"2022-11-04 13:04:30";5.96
"Servidor-SPTECH";"ram";"ram_Usada";"GB";"2022-11-04 13:04:29";5.95
"Servidor-SPTECH";"ram";"ram_Usada";"GB";"2022-11-04 13:04:27";5.95
"Servidor-SPTECH";"ram";"ram_Usada";"GB";"2022-11-04 13:04:26";5.95
"Servidor-SPTECH";"ram";"ram_Usada";"GB";"2022-11-04 13:04:24";5.95
"Servidor-SPTECH";"ram";"ram_Usada";"GB";"2022-11-04 13:04:23";5.95
"Servidor-SPTECH";"ram";"ram_Usada";"GB";"2022-11-04 13:04:21";5.95
"Servidor-SPTECH";"ram";"ram_Usada";"GB";"2022-11-04 13:04:20";5.95
"Servidor-SPTECH";"ram";"ram_Usada";"GB";"2022-11-04 13:04:18";5.95
"Servidor-SPTECH";"ram";"ram_Usada";"GB";"2022-11-04 13:04:17";5.95
"Servidor-SPTECH";"ram";"ram_Usada";"GB";"2022-11-04 13:04:15";5.95
"Servidor-SPTECH";"ram";"ram_Usada";"GB";"2022-11-04 13:04:14";5.95
"Servidor-SPTECH";"ram";"ram_Usada";"GB";"2022-11-04 13:04:12";5.95
"Servidor-SPTECH";"ram";"ram_Usada";"GB";"2022-11-04 13:04:10";5.96
"Servidor-SPTECH";"ram";"ram_Usada";"GB";"2022-11-04 13:04:09";5.95
"Servidor-SPTECH";"ram";"ram_Usada";"GB";"2022-11-04 13:04:07";5.94
"Servidor-SPTECH";"ram";"ram_Usada";"GB";"2022-11-04 13:04:06";5.94
"Servidor-SPTECH";"ram";"ram_Usada";"GB";"2022-11-04 13:04:04";5.93
"Servidor-SPTECH";"ram";"ram_Usada";"GB";"2022-11-04 13:04:03";5.93
"Servidor-SPTECH";"ram";"ram_Usada";"GB";"2022-11-04 13:04:01";5.93
"Servidor-SPTECH";"ram";"ram_Usada";"GB";"2022-11-04 13:04:00";5.93
"Servidor-SPTECH";"ram";"ram_Usada";"GB";"2022-11-04 13:03:58";5.93
"Servidor-SPTECH";"ram";"ram_Usada";"GB";"2022-11-04 13:03:57";5.93
"Servidor-SPTECH";"ram";"ram_Usada";"GB";"2022-11-04 13:03:55";5.93
"Servidor-SPTECH";"ram";"ram_Usada";"GB";"2022-11-04 13:03:53";5.94
"Servidor-SPTECH";"ram";"ram_Usada";"GB";"2022-11-04 13:03:52";5.97
"Servidor-SPTECH";"ram";"ram_Usada";"GB";"2022-11-04 13:03:50";5.95
"Servidor-SPTECH";"ram";"ram_Usada";"GB";"2022-11-04 13:03:49";5.94
"Servidor-SPTECH";"ram";"ram_Usada";"GB";"2022-11-04 13:03:47";5.95
"Servidor-SPTECH";"ram";"ram_Usada";"GB";"2022-11-04 13:03:46";5.96
"Servidor-SPTECH";"ram";"ram_Usada";"GB";"2022-11-04 13:03:44";5.96
"Servidor-SPTECH";"ram";"ram_Usada";"GB";"2022-11-04 13:03:43";5.96
"Servidor-SPTECH";"ram";"ram_Usada";"GB";"2022-11-04 13:03:41";5.95
"Servidor-SPTECH";"ram";"ram_Usada";"GB";"2022-11-04 13:03:40";5.96
"Servidor-SPTECH";"ram";"ram_Usada";"GB";"2022-11-04 13:03:38";5.99
"Servidor-SPTECH";"ram";"ram_Usada";"GB";"2022-11-04 13:03:37";5.99
"Servidor-SPTECH";"ram";"ram_Usada";"GB";"2022-11-04 13:03:35";5.99
"Servidor-SPTECH";"ram";"ram_Usada";"GB";"2022-11-04 13:03:33";5.99
"Servidor-SPTECH";"ram";"ram_Usada";"GB";"2022-11-04 13:03:32";5.99
"Servidor-SPTECH";"ram";"ram_Usada";"GB";"2022-11-04 13:03:30";5.98
"Servidor-SPTECH";"ram";"ram_Usada";"GB";"2022-11-04 13:03:29";5.98
"Servidor-SPTECH";"ram";"ram_Usada";"GB";"2022-11-04 13:03:27";5.98
"Servidor-SPTECH";"ram";"ram_Usada";"GB";"2022-11-04 13:03:26";5.97
"Servidor-SPTECH";"ram";"ram_Usada";"GB";"2022-11-04 13:03:24";5.97
"Servidor-SPTECH";"ram";"ram_Usada";"GB";"2022-11-04 13:03:23";5.97
"Servidor-SPTECH";"ram";"ram_Usada";"GB";"2022-11-04 13:03:21";5.97
"Servidor-SPTECH";"ram";"ram_Usada";"GB";"2022-11-04 13:03:20";5.97
"Servidor-SPTECH";"ram";"ram_Usada";"GB";"2022-11-04 13:03:18";5.97
"Servidor-SPTECH";"ram";"ram_Usada";"GB";"2022-11-04 13:03:16";5.98
"Servidor-SPTECH";"ram";"ram_Usada";"GB";"2022-11-04 13:03:15";6.0
"Servidor-SPTECH";"ram";"ram_Usada";"GB";"2022-11-04 13:03:13";6.09
"Servidor-SPTECH";"ram";"ram_Usada";"GB";"2022-11-04 13:03:12";6.09
"Servidor-SPTECH";"ram";"ram_Usada";"GB";"2022-11-04 13:03:10";6.09
"Servidor-SPTECH";"ram";"ram_Usada";"GB";"2022-11-04 13:03:09";6.09
"Servidor-SPTECH";"ram";"ram_Usada";"GB";"2022-11-04 13:03:07";6.09
"Servidor-SPTECH";"ram";"ram_Usada";"GB";"2022-11-04 13:03:06";6.08
"Servidor-SPTECH";"ram";"ram_Usada";"GB";"2022-11-04 13:03:04";6.08
"Servidor-SPTECH";"ram";"ram_Usada";"GB";"2022-11-04 13:03:02";6.08
"Servidor-SPTECH";"ram";"ram_Usada";"GB";"2022-11-04 13:03:01";6.09
"Servidor-SPTECH";"ram";"ram_Usada";"GB";"2022-11-04 13:02:59";6.08
"Servidor-SPTECH";"ram";"ram_Usada";"GB";"2022-11-04 13:02:58";6.08
"Servidor-SPTECH";"ram";"ram_Usada";"GB";"2022-11-04 13:02:56";6.08
"Servidor-SPTECH";"ram";"ram_Usada";"GB";"2022-11-04 13:02:55";6.08
"Servidor-SPTECH";"ram";"ram_Usada";"GB";"2022-11-04 13:02:53";6.09
"Servidor-SPTECH";"ram";"ram_Usada";"GB";"2022-11-04 13:02:51";6.12
"Servidor-SPTECH";"ram";"ram_Usada";"GB";"2022-11-04 13:02:50";6.12
"Servidor-SPTECH";"ram";"ram_Usada";"GB";"2022-11-04 13:02:48";6.11
"Servidor-SPTECH";"ram";"ram_Usada";"GB";"2022-11-04 13:02:47";6.13
"Servidor-SPTECH";"ram";"ram_Usada";"GB";"2022-11-04 13:02:45";6.13
"Servidor-SPTECH";"ram";"ram_Usada";"GB";"2022-11-04 13:02:44";6.13
"Servidor-SPTECH";"ram";"ram_Usada";"GB";"2022-11-04 13:02:42";6.13
"Servidor-SPTECH";"ram";"ram_Usada";"GB";"2022-11-04 13:02:40";6.13
"Servidor-SPTECH";"ram";"ram_Usada";"GB";"2022-11-04 13:02:39";6.13
"Servidor-SPTECH";"ram";"ram_Usada";"GB";"2022-11-04 13:02:37";6.13
"Servidor-SPTECH";"ram";"ram_Usada";"GB";"2022-11-04 13:02:36";6.13
"Servidor-SPTECH";"ram";"ram_Usada";"GB";"2022-11-04 13:02:34";6.13
"Servidor-SPTECH";"ram";"ram_Usada";"GB";"2022-11-04 13:02:33";6.13
"Servidor-SPTECH";"ram";"ram_Usada";"GB";"2022-11-04 13:02:31";6.14
"Servidor-SPTECH";"ram";"ram_Usada";"GB";"2022-11-04 13:02:30";6.14
"Servidor-SPTECH";"ram";"ram_Usada";"GB";"2022-11-04 13:02:28";6.14
"Servidor-SPTECH";"ram";"ram_Usada";"GB";"2022-11-04 13:02:27";6.14
"Servidor-SPTECH";"ram";"ram_Usada";"GB";"2022-11-04 13:02:25";6.17
"Servidor-SPTECH";"ram";"ram_Usada";"GB";"2022-11-04 13:02:24";6.18
"Servidor-SPTECH";"ram";"ram_Usada";"GB";"2022-11-04 13:02:22";6.18
"Servidor-SPTECH";"ram";"ram_Usada";"GB";"2022-11-04 13:02:20";6.17
"Servidor-SPTECH";"ram";"ram_Usada";"GB";"2022-11-04 13:02:19";6.17
"Servidor-SPTECH";"ram";"ram_Usada";"GB";"2022-11-04 13:02:17";6.18
"Servidor-SPTECH";"ram";"ram_Usada";"GB";"2022-11-04 13:02:16";6.18
"Servidor-SPTECH";"ram";"ram_Usada";"GB";"2022-11-04 13:02:14";6.18
"Servidor-SPTECH";"ram";"ram_Usada";"GB";"2022-11-04 13:02:13";6.18
"Servidor-SPTECH";"ram";"ram_Usada";"GB";"2022-11-04 13:02:11";6.19
"Servidor-SPTECH";"ram";"ram_Usada";"GB";"2022-11-04 13:02:10";6.18
"Servidor-SPTECH";"ram";"ram_Usada";"GB";"2022-11-04 13:02:08";6.16
"Servidor-SPTECH";"ram";"ram_Usada";"GB";"2022-11-04 13:02:07";6.16
"Servidor-SPTECH";"ram";"ram_Usada";"GB";"2022-11-04 13:02:05";6.17
"Servidor-SPTECH";"ram";"ram_Usada";"GB";"2022-11-04 13:02:04";6.16
"Servidor-SPTECH";"ram";"ram_Usada";"GB";"2022-11-04 13:02:02";6.16
"Servidor-SPTECH";"ram";"ram_Usada";"GB";"2022-11-04 13:02:01";6.17
"Servidor-SPTECH";"ram";"ram_Usada";"GB";"2022-11-04 13:01:59";6.17
"Servidor-SPTECH";"ram";"ram_Usada";"GB";"2022-11-04 13:01:57";6.18
"Servidor-SPTECH";"ram";"ram_Usada";"GB";"2022-11-04 13:01:56";6.19
"Servidor-SPTECH";"ram";"ram_Usada";"GB";"2022-11-04 13:01:54";6.17
"Servidor-SPTECH";"ram";"ram_Usada";"GB";"2022-11-04 13:01:53";6.17
"Servidor-SPTECH";"ram";"ram_Usada";"GB";"2022-11-04 13:01:51";6.19
"Servidor-SPTECH";"ram";"ram_Usada";"GB";"2022-11-04 13:01:50";6.19
"Servidor-SPTECH";"ram";"ram_Usada";"GB";"2022-11-04 13:01:48";6.19
"Servidor-SPTECH";"ram";"ram_Usada";"GB";"2022-11-04 13:01:47";6.19
"Servidor-SPTECH";"ram";"ram_Usada";"GB";"2022-11-04 13:01:45";6.19
"Servidor-SPTECH";"ram";"ram_Usada";"GB";"2022-11-04 13:01:44";6.19
"Servidor-SPTECH";"ram";"ram_Usada";"GB";"2022-11-04 13:01:42";6.19
"Servidor-SPTECH";"ram";"ram_Usada";"GB";"2022-11-04 13:01:40";6.18
"Servidor-SPTECH";"ram";"ram_Usada";"GB";"2022-11-04 13:01:39";6.18
"Servidor-SPTECH";"ram";"ram_Usada";"GB";"2022-11-04 13:01:37";6.19
"Servidor-SPTECH";"ram";"ram_Usada";"GB";"2022-11-04 13:01:36";6.19
"Servidor-SPTECH";"ram";"ram_Usada";"GB";"2022-11-04 13:01:34";6.19
"Servidor-SPTECH";"ram";"ram_Usada";"GB";"2022-11-04 13:01:33";6.2
"Servidor-SPTECH";"ram";"ram_Usada";"GB";"2022-11-04 13:01:31";6.3
"Servidor-SPTECH";"ram";"ram_Usada";"GB";"2022-11-04 13:01:30";6.31
"Servidor-SPTECH";"ram";"ram_Usada";"GB";"2022-11-04 13:01:28";6.31
"Servidor-SPTECH";"ram";"ram_Usada";"GB";"2022-11-04 13:01:26";6.4
"Servidor-SPTECH";"ram";"ram_Usada";"GB";"2022-11-04 13:01:25";6.5
"Servidor-SPTECH";"ram";"ram_Usada";"GB";"2022-11-04 13:01:23";6.5
"Servidor-SPTECH";"ram";"ram_Usada";"GB";"2022-11-04 13:01:22";6.51
"Servidor-SPTECH";"ram";"ram_Usada";"GB";"2022-11-04 13:01:20";6.49
"Servidor-SPTECH";"ram";"ram_Usada";"GB";"2022-11-04 13:01:19";6.04
"Servidor-SPTECH";"ram";"ram_Usada";"GB";"2022-11-04 13:01:17";6.04
"Servidor-SPTECH";"ram";"ram_Usada";"GB";"2022-11-04 13:01:15";6.04
"Servidor-SPTECH";"ram";"ram_Usada";"GB";"2022-11-04 13:01:14";6.04
"Servidor-SPTECH";"ram";"ram_Usada";"GB";"2022-11-04 13:01:12";6.04
"Servidor-SPTECH";"ram";"ram_Usada";"GB";"2022-11-04 13:01:11";6.03
"Servidor-SPTECH";"ram";"ram_Usada";"GB";"2022-11-04 13:01:09";6.03
"Servidor-SPTECH";"ram";"ram_Usada";"GB";"2022-11-04 13:01:08";6.04
"Servidor-SPTECH";"ram";"ram_Usada";"GB";"2022-11-04 13:01:06";6.03
"Servidor-SPTECH";"ram";"ram_Usada";"GB";"2022-11-04 13:01:05";6.04
"Servidor-SPTECH";"ram";"ram_Usada";"GB";"2022-11-04 13:01:03";6.04
"Servidor-SPTECH";"ram";"ram_Usada";"GB";"2022-11-04 13:01:02";6.05
"Servidor-SPTECH";"ram";"ram_Usada";"GB";"2022-11-04 13:01:00";6.04
"Servidor-SPTECH";"ram";"ram_Usada";"GB";"2022-11-04 13:00:59";6.04
"Servidor-SPTECH";"ram";"ram_Usada";"GB";"2022-11-04 13:00:57";6.04
"Servidor-SPTECH";"ram";"ram_Usada";"GB";"2022-11-04 13:00:55";6.04
"Servidor-SPTECH";"ram";"ram_Usada";"GB";"2022-11-04 13:00:54";6.04
"Servidor-SPTECH";"ram";"ram_Usada";"GB";"2022-11-04 13:00:52";6.04
"Servidor-SPTECH";"ram";"ram_Usada";"GB";"2022-11-04 13:00:51";6.08
"Servidor-SPTECH";"ram";"ram_Usada";"GB";"2022-11-04 13:00:49";6.08
"Servidor-SPTECH";"ram";"ram_Usada";"GB";"2022-11-04 13:00:48";6.08
"Servidor-SPTECH";"ram";"ram_Usada";"GB";"2022-11-04 13:00:46";6.06
"Servidor-SPTECH";"ram";"ram_Usada";"GB";"2022-11-04 13:00:44";6.06
"Servidor-SPTECH";"ram";"ram_Usada";"GB";"2022-11-04 13:00:43";6.06
"Servidor-SPTECH";"ram";"ram_Usada";"GB";"2022-11-04 13:00:41";6.07
"Servidor-SPTECH";"ram";"ram_Usada";"GB";"2022-11-04 13:00:40";6.07
"Servidor-SPTECH";"ram";"ram_Usada";"GB";"2022-11-04 13:00:38";6.06
"Servidor-SPTECH";"ram";"ram_Usada";"GB";"2022-11-04 13:00:37";6.06
"Servidor-SPTECH";"ram";"ram_Usada";"GB";"2022-11-04 13:00:35";6.06
"Servidor-SPTECH";"ram";"ram_Usada";"GB";"2022-11-04 13:00:34";6.06
"Servidor-SPTECH";"ram";"ram_Usada";"GB";"2022-11-04 13:00:32";6.06
"Servidor-SPTECH";"ram";"ram_Usada";"GB";"2022-11-04 13:00:31";6.06
"Servidor-SPTECH";"ram";"ram_Usada";"GB";"2022-11-04 13:00:29";6.06
"Servidor-SPTECH";"ram";"ram_Usada";"GB";"2022-11-04 13:00:28";6.07
"Servidor-SPTECH";"ram";"ram_Usada";"GB";"2022-11-04 13:00:26";6.06
"Servidor-SPTECH";"ram";"ram_Usada";"GB";"2022-11-04 13:00:24";6.06
"Servidor-SPTECH";"ram";"ram_Usada";"GB";"2022-11-04 13:00:23";6.06
"Servidor-SPTECH";"ram";"ram_Usada";"GB";"2022-11-04 13:00:21";6.07
"Servidor-SPTECH";"ram";"ram_Usada";"GB";"2022-11-04 13:00:20";6.06
"Servidor-SPTECH";"ram";"ram_Usada";"GB";"2022-11-04 13:00:18";6.07
"Servidor-SPTECH";"ram";"ram_Usada";"GB";"2022-11-04 13:00:17";6.08
"Servidor-SPTECH";"ram";"ram_Usada";"GB";"2022-11-04 13:00:15";6.12
"Servidor-SPTECH";"ram";"ram_Usada";"GB";"2022-11-04 13:00:13";6.12
"Servidor-SPTECH";"ram";"ram_Usada";"GB";"2022-11-04 13:00:12";6.14
"Servidor-SPTECH";"ram";"ram_Usada";"GB";"2022-11-04 13:00:10";6.15
"Servidor-SPTECH";"ram";"ram_Usada";"GB";"2022-11-04 13:00:09";6.13
"Servidor-SPTECH";"ram";"ram_Usada";"GB";"2022-11-04 13:00:07";6.11
"Servidor-SPTECH";"ram";"ram_Usada";"GB";"2022-11-04 13:00:06";6.12
"Servidor-SPTECH";"ram";"ram_Usada";"GB";"2022-11-04 13:00:04";6.11
"Servidor-SPTECH";"ram";"ram_Usada";"GB";"2022-11-04 13:00:03";6.11
"Servidor-SPTECH";"ram";"ram_Usada";"GB";"2022-11-04 13:00:01";6.11
"Servidor-SPTECH";"ram";"ram_Usada";"GB";"2022-11-04 12:59:59";6.1
"Servidor-SPTECH";"ram";"ram_Usada";"GB";"2022-11-04 12:59:58";6.09
"Servidor-SPTECH";"ram";"ram_Usada";"GB";"2022-11-04 12:59:56";6.1
"Servidor-SPTECH";"ram";"ram_Usada";"GB";"2022-11-04 12:59:55";6.07
"Servidor-SPTECH";"ram";"ram_Usada";"GB";"2022-11-04 12:59:53";6.08
"Servidor-SPTECH";"ram";"ram_Usada";"GB";"2022-11-04 12:59:51";6.35
"Servidor-SPTECH";"ram";"ram_Usada";"GB";"2022-11-04 12:59:50";6.48
"Servidor-SPTECH";"ram";"ram_Usada";"GB";"2022-11-04 12:59:48";6.65
"Servidor-SPTECH";"ram";"ram_Usada";"GB";"2022-11-04 12:59:47";6.5
"Servidor-SPTECH";"ram";"ram_Usada";"GB";"2022-11-04 12:59:45";6.85
"Servidor-SPTECH";"ram";"ram_Usada";"GB";"2022-11-04 12:59:43";6.42
"Servidor-SPTECH";"ram";"ram_Usada";"GB";"2022-11-04 12:59:42";6.41
"Servidor-SPTECH";"ram";"ram_Usada";"GB";"2022-11-04 12:59:40";6.41
"Servidor-SPTECH";"ram";"ram_Usada";"GB";"2022-11-04 12:59:39";6.43
"Servidor-SPTECH";"ram";"ram_Usada";"GB";"2022-11-04 12:59:37";6.38
"Servidor-SPTECH";"ram";"ram_Usada";"GB";"2022-11-04 12:59:36";6.32
"Servidor-SPTECH";"ram";"ram_Usada";"GB";"2022-11-04 12:59:34";6.31
"Servidor-SPTECH";"ram";"ram_Usada";"GB";"2022-11-04 12:59:33";6.33
"Servidor-SPTECH";"ram";"ram_Usada";"GB";"2022-11-04 12:59:31";6.32
"Servidor-SPTECH";"ram";"ram_Usada";"GB";"2022-11-04 12:59:30";6.32
"Servidor-SPTECH";"ram";"ram_Usada";"GB";"2022-11-04 12:59:28";6.35
"Servidor-SPTECH";"ram";"ram_Usada";"GB";"2022-11-04 12:59:26";6.34
"Servidor-SPTECH";"ram";"ram_Usada";"GB";"2022-11-04 12:59:25";6.37
"Servidor-SPTECH";"ram";"ram_Usada";"GB";"2022-11-04 12:59:23";6.41
"Servidor-SPTECH";"ram";"ram_Usada";"GB";"2022-11-04 12:59:22";6.39
"Servidor-SPTECH";"ram";"ram_Usada";"GB";"2022-11-04 12:59:20";6.44
"Servidor-SPTECH";"ram";"ram_Usada";"GB";"2022-11-04 12:59:18";6.44
"Servidor-SPTECH";"ram";"ram_Usada";"GB";"2022-11-04 12:59:17";6.41
"Servidor-SPTECH";"ram";"ram_Usada";"GB";"2022-11-04 12:59:15";6.04
"Servidor-SPTECH";"ram";"ram_Usada";"GB";"2022-11-04 12:59:13";6.05
"Servidor-SPTECH";"ram";"ram_Usada";"GB";"2022-11-04 12:59:12";6.04
"Servidor-SPTECH";"ram";"ram_Usada";"GB";"2022-11-04 12:59:10";6.05
"Servidor-SPTECH";"ram";"ram_Usada";"GB";"2022-11-04 12:59:09";6.04
"Servidor-SPTECH";"ram";"ram_Usada";"GB";"2022-11-04 12:59:07";6.05
"Servidor-SPTECH";"ram";"ram_Usada";"GB";"2022-11-04 12:59:06";6.04
"Servidor-SPTECH";"ram";"ram_Usada";"GB";"2022-11-04 12:59:04";6.04
"Servidor-SPTECH";"ram";"ram_Usada";"GB";"2022-11-04 12:59:02";6.04
"Servidor-SPTECH";"ram";"ram_Usada";"GB";"2022-11-04 12:59:01";6.04
"Servidor-SPTECH";"ram";"ram_Usada";"GB";"2022-11-04 12:58:59";6.04
"Servidor-SPTECH";"ram";"ram_Usada";"GB";"2022-11-04 12:58:58";6.04
"Servidor-SPTECH";"ram";"ram_Usada";"GB";"2022-11-04 12:58:56";6.03
"Servidor-SPTECH";"ram";"ram_Usada";"GB";"2022-11-04 12:58:55";6.03
"Servidor-SPTECH";"ram";"ram_Usada";"GB";"2022-11-04 12:58:53";6.03
"Servidor-SPTECH";"ram";"ram_Usada";"GB";"2022-11-04 12:58:52";6.05
"Servidor-SPTECH";"ram";"ram_Usada";"GB";"2022-11-04 12:58:50";6.06
"Servidor-SPTECH";"ram";"ram_Usada";"GB";"2022-11-04 12:58:48";6.05
"Servidor-SPTECH";"ram";"ram_Usada";"GB";"2022-11-04 12:58:47";6.06
"Servidor-SPTECH";"ram";"ram_Usada";"GB";"2022-11-04 12:58:45";6.06
"Servidor-SPTECH";"ram";"ram_Usada";"GB";"2022-11-04 12:58:44";6.05
"Servidor-SPTECH";"ram";"ram_Usada";"GB";"2022-11-04 12:58:42";6.05
"Servidor-SPTECH";"ram";"ram_Usada";"GB";"2022-11-04 12:58:41";6.05
"Servidor-SPTECH";"ram";"ram_Usada";"GB";"2022-11-04 12:58:39";6.05
"Servidor-SPTECH";"ram";"ram_Usada";"GB";"2022-11-04 12:58:37";6.05
"Servidor-SPTECH";"ram";"ram_Usada";"GB";"2022-11-04 12:58:36";6.05
"Servidor-SPTECH";"ram";"ram_Usada";"GB";"2022-11-04 12:58:34";6.05
"Servidor-SPTECH";"ram";"ram_Usada";"GB";"2022-11-04 12:58:33";6.05
"Servidor-SPTECH";"ram";"ram_Usada";"GB";"2022-11-04 12:58:31";6.04
"Servidor-SPTECH";"ram";"ram_Usada";"GB";"2022-11-04 12:58:30";6.04
"Servidor-SPTECH";"ram";"ram_Usada";"GB";"2022-11-04 12:58:28";6.05
"Servidor-SPTECH";"ram";"ram_Usada";"GB";"2022-11-04 12:58:27";6.04
"Servidor-SPTECH";"ram";"ram_Usada";"GB";"2022-11-04 12:58:25";6.04
"Servidor-SPTECH";"ram";"ram_Usada";"GB";"2022-11-04 12:58:23";6.04
"Servidor-SPTECH";"ram";"ram_Usada";"GB";"2022-11-04 12:58:22";6.04
"Servidor-SPTECH";"ram";"ram_Usada";"GB";"2022-11-04 12:58:20";6.04
"Servidor-SPTECH";"ram";"ram_Usada";"GB";"2022-11-04 12:58:19";6.04
"Servidor-SPTECH";"ram";"ram_Usada";"GB";"2022-11-04 12:58:17";6.04
"Servidor-SPTECH";"ram";"ram_Usada";"GB";"2022-11-04 12:58:16";6.04
"Servidor-SPTECH";"ram";"ram_Usada";"GB";"2022-11-04 12:58:14";6.04
"Servidor-SPTECH";"ram";"ram_Usada";"GB";"2022-11-04 12:58:13";6.04
"Servidor-SPTECH";"ram";"ram_Usada";"GB";"2022-11-04 12:58:11";6.04
"Servidor-SPTECH";"ram";"ram_Usada";"GB";"2022-11-04 12:58:09";6.04
"Servidor-SPTECH";"ram";"ram_Usada";"GB";"2022-11-04 12:58:08";6.03
"Servidor-SPTECH";"ram";"ram_Usada";"GB";"2022-11-04 12:58:06";6.03
"Servidor-SPTECH";"ram";"ram_Usada";"GB";"2022-11-04 12:58:05";6.03
"Servidor-SPTECH";"ram";"ram_Usada";"GB";"2022-11-04 12:58:03";6.03
"Servidor-SPTECH";"ram";"ram_Usada";"GB";"2022-11-04 12:58:02";6.03
"Servidor-SPTECH";"ram";"ram_Usada";"GB";"2022-11-04 12:58:00";6.03
"Servidor-SPTECH";"ram";"ram_Usada";"GB";"2022-11-04 12:57:59";6.03
"Servidor-SPTECH";"ram";"ram_Usada";"GB";"2022-11-04 12:57:57";6.03
"Servidor-SPTECH";"ram";"ram_Usada";"GB";"2022-11-04 12:57:56";6.03
"Servidor-SPTECH";"ram";"ram_Usada";"GB";"2022-11-04 12:57:54";6.03
"Servidor-SPTECH";"ram";"ram_Usada";"GB";"2022-11-04 12:57:52";6.03
"Servidor-SPTECH";"ram";"ram_Usada";"GB";"2022-11-04 12:57:51";6.05
"Servidor-SPTECH";"ram";"ram_Usada";"GB";"2022-11-04 12:57:49";6.05
"Servidor-SPTECH";"ram";"ram_Usada";"GB";"2022-11-04 12:57:48";6.05
"Servidor-SPTECH";"ram";"ram_Usada";"GB";"2022-11-04 12:57:46";6.05
"Servidor-SPTECH";"ram";"ram_Usada";"GB";"2022-11-04 12:57:45";6.05
"Servidor-SPTECH";"ram";"ram_Usada";"GB";"2022-11-04 12:57:43";6.05
"Servidor-SPTECH";"ram";"ram_Usada";"GB";"2022-11-04 12:57:42";6.04
"Servidor-SPTECH";"ram";"ram_Usada";"GB";"2022-11-04 12:57:40";6.05
"Servidor-SPTECH";"ram";"ram_Usada";"GB";"2022-11-04 12:57:38";6.05
"Servidor-SPTECH";"ram";"ram_Usada";"GB";"2022-11-04 12:57:37";6.05
"Servidor-SPTECH";"ram";"ram_Usada";"GB";"2022-11-04 12:57:35";6.05
"Servidor-SPTECH";"ram";"ram_Usada";"GB";"2022-11-04 12:57:34";6.05
"Servidor-SPTECH";"ram";"ram_Usada";"GB";"2022-11-04 12:57:32";6.05
"Servidor-SPTECH";"ram";"ram_Usada";"GB";"2022-11-04 12:57:31";6.05
"Servidor-SPTECH";"ram";"ram_Usada";"GB";"2022-11-04 12:57:29";6.05
"Servidor-SPTECH";"ram";"ram_Usada";"GB";"2022-11-04 12:57:28";6.05
"Servidor-SPTECH";"ram";"ram_Usada";"GB";"2022-11-04 12:57:26";6.05
"Servidor-SPTECH";"ram";"ram_Usada";"GB";"2022-11-04 12:57:24";6.05
"Servidor-SPTECH";"ram";"ram_Usada";"GB";"2022-11-04 12:57:23";6.05
"Servidor-SPTECH";"ram";"ram_Usada";"GB";"2022-11-04 12:57:21";6.05
"Servidor-SPTECH";"ram";"ram_Usada";"GB";"2022-11-04 12:57:20";6.05
"Servidor-SPTECH";"ram";"ram_Usada";"GB";"2022-11-04 12:57:18";6.05
"Servidor-SPTECH";"ram";"ram_Usada";"GB";"2022-11-04 12:57:17";6.05
"Servidor-SPTECH";"ram";"ram_Usada";"GB";"2022-11-04 12:57:15";6.05
"Servidor-SPTECH";"ram";"ram_Usada";"GB";"2022-11-04 12:57:14";6.06
"Servidor-SPTECH";"ram";"ram_Usada";"GB";"2022-11-04 12:57:12";6.05
"Servidor-SPTECH";"ram";"ram_Usada";"GB";"2022-11-04 12:57:11";6.05
"Servidor-SPTECH";"ram";"ram_Usada";"GB";"2022-11-04 12:57:09";6.05
"Servidor-SPTECH";"ram";"ram_Usada";"GB";"2022-11-04 12:57:07";6.06
"Servidor-SPTECH";"ram";"ram_Usada";"GB";"2022-11-04 12:57:06";6.05
"Servidor-SPTECH";"ram";"ram_Usada";"GB";"2022-11-04 12:57:04";6.05
"Servidor-SPTECH";"ram";"ram_Usada";"GB";"2022-11-04 12:57:03";6.05
"Servidor-SPTECH";"ram";"ram_Usada";"GB";"2022-11-04 12:57:01";6.06
"Servidor-SPTECH";"ram";"ram_Usada";"GB";"2022-11-04 12:57:00";6.06
"Servidor-SPTECH";"ram";"ram_Usada";"GB";"2022-11-04 12:56:58";6.06
"Servidor-SPTECH";"ram";"ram_Usada";"GB";"2022-11-04 12:56:57";6.06
"Servidor-SPTECH";"ram";"ram_Usada";"GB";"2022-11-04 12:56:55";6.07
"Servidor-SPTECH";"ram";"ram_Usada";"GB";"2022-11-04 12:56:53";6.06
"Servidor-SPTECH";"ram";"ram_Usada";"GB";"2022-11-04 12:56:52";6.08
"Servidor-SPTECH";"ram";"ram_Usada";"GB";"2022-11-04 12:56:50";5.95
"Servidor-SPTECH";"ram";"ram_Usada";"GB";"2022-11-04 12:56:49";5.96
"Servidor-SPTECH";"ram";"ram_Usada";"GB";"2022-11-04 12:56:47";5.96
"Servidor-SPTECH";"ram";"ram_Usada";"GB";"2022-11-04 12:56:45";5.95
"Servidor-SPTECH";"ram";"ram_Usada";"GB";"2022-11-04 12:56:44";5.95
"Servidor-SPTECH";"ram";"ram_Usada";"GB";"2022-11-04 12:56:42";5.95
"Servidor-SPTECH";"ram";"ram_Usada";"GB";"2022-11-04 12:56:40";5.95
"Servidor-SPTECH";"ram";"ram_Usada";"GB";"2022-11-04 12:56:39";5.95
"Servidor-SPTECH";"ram";"ram_Usada";"GB";"2022-11-04 12:56:37";5.95
"Servidor-SPTECH";"ram";"ram_Usada";"GB";"2022-11-04 12:56:36";5.96
"Servidor-SPTECH";"ram";"ram_Usada";"GB";"2022-11-04 12:56:34";5.95
"Servidor-SPTECH";"ram";"ram_Usada";"GB";"2022-11-04 12:56:32";5.95
"Servidor-SPTECH";"ram";"ram_Usada";"GB";"2022-11-04 12:56:31";5.95
"Servidor-SPTECH";"ram";"ram_Usada";"GB";"2022-11-04 12:56:29";5.95
"Servidor-SPTECH";"ram";"ram_Usada";"GB";"2022-11-04 12:56:27";5.95
"Servidor-SPTECH";"ram";"ram_Usada";"GB";"2022-11-04 12:56:26";5.94
"Servidor-SPTECH";"ram";"ram_Usada";"GB";"2022-11-04 12:56:24";5.95
"Servidor-SPTECH";"ram";"ram_Usada";"GB";"2022-11-04 12:56:23";5.95
"Servidor-SPTECH";"ram";"ram_Usada";"GB";"2022-11-04 12:56:21";5.97
"Servidor-SPTECH";"ram";"ram_Usada";"GB";"2022-11-04 12:56:19";5.94
"Servidor-SPTECH";"ram";"ram_Usada";"GB";"2022-11-04 12:56:17";5.95
"Servidor-SPTECH";"ram";"ram_Usada";"GB";"2022-11-04 12:56:16";5.94
"Servidor-SPTECH";"ram";"ram_Usada";"GB";"2022-11-04 12:56:14";5.96
"Servidor-SPTECH";"ram";"ram_Usada";"GB";"2022-11-04 12:56:12";5.95
"Servidor-SPTECH";"ram";"ram_Usada";"GB";"2022-11-04 12:56:11";5.95
"Servidor-SPTECH";"ram";"ram_Usada";"GB";"2022-11-04 12:56:09";5.94
"Servidor-SPTECH";"ram";"ram_Usada";"GB";"2022-11-04 12:56:08";5.94
"Servidor-SPTECH";"ram";"ram_Usada";"GB";"2022-11-04 12:56:06";5.94
"Servidor-SPTECH";"ram";"ram_Usada";"GB";"2022-11-04 12:56:04";5.94
"Servidor-SPTECH";"ram";"ram_Usada";"GB";"2022-11-04 12:56:03";5.94
"Servidor-SPTECH";"ram";"ram_Usada";"GB";"2022-11-04 12:56:01";5.94
"Servidor-SPTECH";"ram";"ram_Usada";"GB";"2022-11-04 12:55:59";5.94
"Servidor-SPTECH";"ram";"ram_Usada";"GB";"2022-11-04 12:55:58";5.94
"Servidor-SPTECH";"ram";"ram_Usada";"GB";"2022-11-04 12:55:56";5.93
"Servidor-SPTECH";"ram";"ram_Usada";"GB";"2022-11-04 12:55:54";5.93
"Servidor-SPTECH";"ram";"ram_Usada";"GB";"2022-11-04 12:55:53";5.93
"Servidor-SPTECH";"ram";"ram_Usada";"GB";"2022-11-04 12:55:51";5.95
"Servidor-SPTECH";"ram";"ram_Usada";"GB";"2022-11-04 12:55:50";5.95
"Servidor-SPTECH";"ram";"ram_Usada";"GB";"2022-11-04 12:55:48";5.95
"Servidor-SPTECH";"ram";"ram_Usada";"GB";"2022-11-04 12:55:46";5.95
"Servidor-SPTECH";"ram";"ram_Usada";"GB";"2022-11-04 12:55:45";5.95
"Servidor-SPTECH";"ram";"ram_Usada";"GB";"2022-11-04 12:55:43";5.95
"Servidor-SPTECH";"ram";"ram_Usada";"GB";"2022-11-04 12:55:41";5.96
"Servidor-SPTECH";"ram";"ram_Usada";"GB";"2022-11-04 12:55:40";5.95
"Servidor-SPTECH";"ram";"ram_Usada";"GB";"2022-11-04 12:55:38";5.95
"Servidor-SPTECH";"ram";"ram_Usada";"GB";"2022-11-04 12:55:37";5.95
"Servidor-SPTECH";"ram";"ram_Usada";"GB";"2022-11-04 12:55:35";5.95
"Servidor-SPTECH";"ram";"ram_Usada";"GB";"2022-11-04 12:55:33";5.95
"Servidor-SPTECH";"ram";"ram_Usada";"GB";"2022-11-04 12:55:32";5.94
"Servidor-SPTECH";"ram";"ram_Usada";"GB";"2022-11-04 12:55:30";5.95
"Servidor-SPTECH";"ram";"ram_Usada";"GB";"2022-11-04 12:55:28";5.95
"Servidor-SPTECH";"ram";"ram_Usada";"GB";"2022-11-04 12:55:27";5.95
"Servidor-SPTECH";"ram";"ram_Usada";"GB";"2022-11-04 12:55:25";5.95
"Servidor-SPTECH";"ram";"ram_Usada";"GB";"2022-11-04 12:55:24";5.94
"Servidor-SPTECH";"ram";"ram_Usada";"GB";"2022-11-04 12:55:22";5.94
"Servidor-SPTECH";"ram";"ram_Usada";"GB";"2022-11-04 12:55:20";5.94
"Servidor-SPTECH";"ram";"ram_Usada";"GB";"2022-11-04 12:55:19";5.95
"Servidor-SPTECH";"ram";"ram_Usada";"GB";"2022-11-04 12:55:17";5.95
"Servidor-SPTECH";"ram";"ram_Usada";"GB";"2022-11-04 12:55:15";5.94
"Servidor-SPTECH";"ram";"ram_Usada";"GB";"2022-11-04 12:55:14";5.94
"Servidor-SPTECH";"ram";"ram_Usada";"GB";"2022-11-04 12:55:12";5.94
"Servidor-SPTECH";"ram";"ram_Usada";"GB";"2022-11-04 12:55:11";5.93
"Servidor-SPTECH";"ram";"ram_Usada";"GB";"2022-11-04 12:55:09";5.93
"Servidor-SPTECH";"ram";"ram_Usada";"GB";"2022-11-04 12:55:07";5.93
"Servidor-SPTECH";"ram";"ram_Usada";"GB";"2022-11-04 12:55:06";5.93
"Servidor-SPTECH";"ram";"ram_Usada";"GB";"2022-11-04 12:55:04";5.93
"Servidor-SPTECH";"ram";"ram_Usada";"GB";"2022-11-04 12:55:02";5.93
"Servidor-SPTECH";"ram";"ram_Usada";"GB";"2022-11-04 12:55:01";5.93
"Servidor-SPTECH";"ram";"ram_Usada";"GB";"2022-11-04 12:54:59";5.93
"Servidor-SPTECH";"ram";"ram_Usada";"GB";"2022-11-04 12:54:57";5.93
"Servidor-SPTECH";"ram";"ram_Usada";"GB";"2022-11-04 12:54:56";5.93
"Servidor-SPTECH";"ram";"ram_Usada";"GB";"2022-11-04 12:54:54";5.92
"Servidor-SPTECH";"ram";"ram_Usada";"GB";"2022-11-04 12:54:53";5.91
"Servidor-SPTECH";"ram";"ram_Usada";"GB";"2022-11-04 12:54:51";5.94
"Servidor-SPTECH";"ram";"ram_Usada";"GB";"2022-11-04 12:54:49";5.93
"Servidor-SPTECH";"ram";"ram_Usada";"GB";"2022-11-04 12:54:48";5.93
"Servidor-SPTECH";"ram";"ram_Usada";"GB";"2022-11-04 12:54:46";5.93
"Servidor-SPTECH";"ram";"ram_Usada";"GB";"2022-11-04 12:54:44";5.93
"Servidor-SPTECH";"ram";"ram_Usada";"GB";"2022-11-04 12:54:43";5.93
"Servidor-SPTECH";"ram";"ram_Usada";"GB";"2022-11-04 12:54:41";5.92
"Servidor-SPTECH";"ram";"ram_Usada";"GB";"2022-11-04 12:54:40";5.93
"Servidor-SPTECH";"ram";"ram_Usada";"GB";"2022-11-04 12:54:38";5.93
"Servidor-SPTECH";"ram";"ram_Usada";"GB";"2022-11-04 12:54:36";5.93
"Servidor-SPTECH";"ram";"ram_Usada";"GB";"2022-11-04 12:54:35";5.93
"Servidor-SPTECH";"ram";"ram_Usada";"GB";"2022-11-04 12:54:33";5.93
"Servidor-SPTECH";"ram";"ram_Usada";"GB";"2022-11-04 12:54:32";5.93
"Servidor-SPTECH";"ram";"ram_Usada";"GB";"2022-11-04 12:54:30";5.93
"Servidor-SPTECH";"ram";"ram_Usada";"GB";"2022-11-04 12:54:28";5.93
"Servidor-SPTECH";"ram";"ram_Usada";"GB";"2022-11-04 12:54:27";5.93
"Servidor-SPTECH";"ram";"ram_Usada";"GB";"2022-11-04 12:54:25";5.93
"Servidor-SPTECH";"ram";"ram_Usada";"GB";"2022-11-04 12:54:23";5.92
"Servidor-SPTECH";"ram";"ram_Usada";"GB";"2022-11-04 12:54:22";5.92
"Servidor-SPTECH";"ram";"ram_Usada";"GB";"2022-11-04 12:54:20";5.92
"Servidor-SPTECH";"ram";"ram_Usada";"GB";"2022-11-04 12:54:19";5.92
"Servidor-SPTECH";"ram";"ram_Usada";"GB";"2022-11-04 12:54:17";5.92
"Servidor-SPTECH";"ram";"ram_Usada";"GB";"2022-11-04 12:54:15";5.92
"Servidor-SPTECH";"ram";"ram_Usada";"GB";"2022-11-04 12:54:14";5.92
"Servidor-SPTECH";"ram";"ram_Usada";"GB";"2022-11-04 12:54:12";5.92
"Servidor-SPTECH";"ram";"ram_Usada";"GB";"2022-11-04 12:54:10";5.92
"Servidor-SPTECH";"ram";"ram_Usada";"GB";"2022-11-04 12:54:09";5.91
"Servidor-SPTECH";"ram";"ram_Usada";"GB";"2022-11-04 12:54:07";5.91
"Servidor-SPTECH";"ram";"ram_Usada";"GB";"2022-11-04 12:54:06";5.92
"Servidor-SPTECH";"ram";"ram_Usada";"GB";"2022-11-04 12:54:04";5.92
"Servidor-SPTECH";"ram";"ram_Usada";"GB";"2022-11-04 12:54:02";5.91
"Servidor-SPTECH";"ram";"ram_Usada";"GB";"2022-11-04 12:54:01";5.91
"Servidor-SPTECH";"ram";"ram_Usada";"GB";"2022-11-04 12:53:59";5.91
"Servidor-SPTECH";"ram";"ram_Usada";"GB";"2022-11-04 12:53:57";5.91
"Servidor-SPTECH";"ram";"ram_Usada";"GB";"2022-11-04 12:53:56";5.91
"Servidor-SPTECH";"ram";"ram_Usada";"GB";"2022-11-04 12:53:54";5.91
"Servidor-SPTECH";"ram";"ram_Usada";"GB";"2022-11-04 12:53:53";5.91
"Servidor-SPTECH";"ram";"ram_Usada";"GB";"2022-11-04 12:53:51";5.93
"Servidor-SPTECH";"ram";"ram_Usada";"GB";"2022-11-04 12:53:49";5.93
"Servidor-SPTECH";"ram";"ram_Usada";"GB";"2022-11-04 12:53:48";5.93
"Servidor-SPTECH";"ram";"ram_Usada";"GB";"2022-11-04 12:53:46";5.92
"Servidor-SPTECH";"ram";"ram_Usada";"GB";"2022-11-04 12:53:44";5.92
"Servidor-SPTECH";"ram";"ram_Usada";"GB";"2022-11-04 12:53:43";5.92
"Servidor-SPTECH";"ram";"ram_Usada";"GB";"2022-11-04 12:53:41";5.91
"Servidor-SPTECH";"ram";"ram_Usada";"GB";"2022-11-04 12:53:39";5.92
"Servidor-SPTECH";"ram";"ram_Usada";"GB";"2022-11-04 12:53:38";5.92
"Servidor-SPTECH";"ram";"ram_Usada";"GB";"2022-11-04 12:53:36";5.92
"Servidor-SPTECH";"ram";"ram_Usada";"GB";"2022-11-04 12:53:34";5.91
"Servidor-SPTECH";"ram";"ram_Usada";"GB";"2022-11-04 12:53:33";5.92
"Servidor-SPTECH";"ram";"ram_Usada";"GB";"2022-11-04 12:53:31";5.91
"Servidor-SPTECH";"ram";"ram_Usada";"GB";"2022-11-04 12:53:29";5.91
"Servidor-SPTECH";"ram";"ram_Usada";"GB";"2022-11-04 12:53:28";5.9
"Servidor-SPTECH";"ram";"ram_Usada";"GB";"2022-11-04 12:53:26";5.89
"Servidor-SPTECH";"ram";"ram_Usada";"GB";"2022-11-04 12:53:25";5.89
"Servidor-SPTECH";"ram";"ram_Usada";"GB";"2022-11-04 12:53:23";5.89
"Servidor-SPTECH";"ram";"ram_Usada";"GB";"2022-11-04 12:53:21";5.89
"Servidor-SPTECH";"ram";"ram_Usada";"GB";"2022-11-04 12:53:20";5.89
"Servidor-SPTECH";"ram";"ram_Usada";"GB";"2022-11-04 12:53:18";5.89
"Servidor-SPTECH";"ram";"ram_Usada";"GB";"2022-11-04 12:53:16";5.87
"Servidor-SPTECH";"ram";"ram_Usada";"GB";"2022-11-04 12:53:15";5.91
"Servidor-SPTECH";"ram";"ram_Usada";"GB";"2022-11-04 12:53:13";5.94
"Servidor-SPTECH";"ram";"ram_Usada";"GB";"2022-11-04 12:53:11";5.94
"Servidor-SPTECH";"ram";"ram_Usada";"GB";"2022-11-04 12:53:10";5.95
"Servidor-SPTECH";"ram";"ram_Usada";"GB";"2022-11-04 12:53:08";5.95
"Servidor-SPTECH";"ram";"ram_Usada";"GB";"2022-11-04 12:53:06";5.95
"Servidor-SPTECH";"ram";"ram_Usada";"GB";"2022-11-04 12:53:05";5.94
"Servidor-SPTECH";"ram";"ram_Usada";"GB";"2022-11-04 12:53:03";5.94
"Servidor-SPTECH";"ram";"ram_Usada";"GB";"2022-11-04 12:53:02";5.94
"Servidor-SPTECH";"ram";"ram_Usada";"GB";"2022-11-04 12:53:00";5.94
"Servidor-SPTECH";"ram";"ram_Usada";"GB";"2022-11-04 12:52:58";5.94
"Servidor-SPTECH";"ram";"ram_Usada";"GB";"2022-11-04 12:52:57";5.94
"Servidor-SPTECH";"ram";"ram_Usada";"GB";"2022-11-04 12:52:55";5.94
"Servidor-SPTECH";"ram";"ram_Usada";"GB";"2022-11-04 12:52:53";5.95
"Servidor-SPTECH";"ram";"ram_Usada";"GB";"2022-11-04 12:52:52";5.98
"Servidor-SPTECH";"ram";"ram_Usada";"GB";"2022-11-04 12:52:50";5.98
"Servidor-SPTECH";"ram";"ram_Usada";"GB";"2022-11-04 12:52:48";5.98
"Servidor-SPTECH";"ram";"ram_Usada";"GB";"2022-11-04 12:52:47";5.98
"Servidor-SPTECH";"ram";"ram_Usada";"GB";"2022-11-04 12:52:45";5.96
"Servidor-SPTECH";"ram";"ram_Usada";"GB";"2022-11-04 12:52:43";5.96
"Servidor-SPTECH";"ram";"ram_Usada";"GB";"2022-11-04 12:52:42";5.96
"Servidor-SPTECH";"ram";"ram_Usada";"GB";"2022-11-04 12:52:40";5.95
"Servidor-SPTECH";"ram";"ram_Usada";"GB";"2022-11-04 12:52:38";5.95
"Servidor-SPTECH";"ram";"ram_Usada";"GB";"2022-11-04 12:52:37";5.95
"Servidor-SPTECH";"ram";"ram_Usada";"GB";"2022-11-04 12:52:35";5.95
"Servidor-SPTECH";"ram";"ram_Usada";"GB";"2022-11-04 12:52:34";5.95
"Servidor-SPTECH";"ram";"ram_Usada";"GB";"2022-11-04 12:52:32";5.95
"Servidor-SPTECH";"ram";"ram_Usada";"GB";"2022-11-04 12:52:30";5.95
"Servidor-SPTECH";"ram";"ram_Usada";"GB";"2022-11-04 12:52:29";5.95
"Servidor-SPTECH";"ram";"ram_Usada";"GB";"2022-11-04 12:52:27";5.95
"Servidor-SPTECH";"ram";"ram_Usada";"GB";"2022-11-04 12:52:25";5.95
"Servidor-SPTECH";"ram";"ram_Usada";"GB";"2022-11-04 12:52:24";5.95
"Servidor-SPTECH";"ram";"ram_Usada";"GB";"2022-11-04 12:52:22";5.94
"Servidor-SPTECH";"ram";"ram_Usada";"GB";"2022-11-04 12:52:20";5.95
"Servidor-SPTECH";"ram";"ram_Usada";"GB";"2022-11-04 12:52:19";5.95
"Servidor-SPTECH";"ram";"ram_Usada";"GB";"2022-11-04 12:52:17";5.94
"Servidor-SPTECH";"ram";"ram_Usada";"GB";"2022-11-04 12:52:16";5.94
"Servidor-SPTECH";"ram";"ram_Usada";"GB";"2022-11-04 12:52:14";5.94
"Servidor-SPTECH";"ram";"ram_Usada";"GB";"2022-11-04 12:52:12";5.94
"Servidor-SPTECH";"ram";"ram_Usada";"GB";"2022-11-04 12:52:11";5.94
"Servidor-SPTECH";"ram";"ram_Usada";"GB";"2022-11-04 12:52:09";5.95
"Servidor-SPTECH";"ram";"ram_Usada";"GB";"2022-11-04 12:52:07";5.94
"Servidor-SPTECH";"ram";"ram_Usada";"GB";"2022-11-04 12:52:06";5.94
"Servidor-SPTECH";"ram";"ram_Usada";"GB";"2022-11-04 12:52:04";5.94
"Servidor-SPTECH";"ram";"ram_Usada";"GB";"2022-11-04 12:52:03";5.94
"Servidor-SPTECH";"ram";"ram_Usada";"GB";"2022-11-04 12:52:01";5.94
"Servidor-SPTECH";"ram";"ram_Usada";"GB";"2022-11-04 12:51:59";5.94
"Servidor-SPTECH";"ram";"ram_Usada";"GB";"2022-11-04 12:51:58";5.94
"Servidor-SPTECH";"ram";"ram_Usada";"GB";"2022-11-04 12:51:56";5.94
"Servidor-SPTECH";"ram";"ram_Usada";"GB";"2022-11-04 12:51:54";5.92
"Servidor-SPTECH";"ram";"ram_Usada";"GB";"2022-11-04 12:51:53";5.92
"Servidor-SPTECH";"ram";"ram_Usada";"GB";"2022-11-04 12:51:51";5.94
"Servidor-SPTECH";"ram";"ram_Usada";"GB";"2022-11-04 12:51:50";5.95
"Servidor-SPTECH";"ram";"ram_Usada";"GB";"2022-11-04 12:51:48";5.94
"Servidor-SPTECH";"ram";"ram_Usada";"GB";"2022-11-04 12:51:46";5.95
"Servidor-SPTECH";"ram";"ram_Usada";"GB";"2022-11-04 12:51:45";5.94
"Servidor-SPTECH";"ram";"ram_Usada";"GB";"2022-11-04 12:51:43";5.94
"Servidor-SPTECH";"ram";"ram_Usada";"GB";"2022-11-04 12:51:41";5.94
"Servidor-SPTECH";"ram";"ram_Usada";"GB";"2022-11-04 12:51:40";5.94
"Servidor-SPTECH";"ram";"ram_Usada";"GB";"2022-11-04 12:51:38";5.95
"Servidor-SPTECH";"ram";"ram_Usada";"GB";"2022-11-04 12:51:37";5.94
"Servidor-SPTECH";"ram";"ram_Usada";"GB";"2022-11-04 12:51:35";5.94
"Servidor-SPTECH";"ram";"ram_Usada";"GB";"2022-11-04 12:51:33";5.94
"Servidor-SPTECH";"ram";"ram_Usada";"GB";"2022-11-04 12:51:32";5.94
"Servidor-SPTECH";"ram";"ram_Usada";"GB";"2022-11-04 12:51:30";5.94
"Servidor-SPTECH";"ram";"ram_Usada";"GB";"2022-11-04 12:51:28";5.94
"Servidor-SPTECH";"ram";"ram_Usada";"GB";"2022-11-04 12:51:27";5.93
"Servidor-SPTECH";"ram";"ram_Usada";"GB";"2022-11-04 12:51:25";5.93
"Servidor-SPTECH";"ram";"ram_Usada";"GB";"2022-11-04 12:51:24";5.93
"Servidor-SPTECH";"ram";"ram_Usada";"GB";"2022-11-04 12:51:22";5.93
"Servidor-SPTECH";"ram";"ram_Usada";"GB";"2022-11-04 12:51:20";5.93
"Servidor-SPTECH";"ram";"ram_Usada";"GB";"2022-11-04 12:51:18";5.93
"Servidor-SPTECH";"ram";"ram_Usada";"GB";"2022-11-04 12:51:17";5.93
"Servidor-SPTECH";"ram";"ram_Usada";"GB";"2022-11-04 12:51:15";5.93
"Servidor-SPTECH";"ram";"ram_Usada";"GB";"2022-11-04 12:51:14";5.93
"Servidor-SPTECH";"ram";"ram_Usada";"GB";"2022-11-04 12:51:12";5.93
"Servidor-SPTECH";"ram";"ram_Usada";"GB";"2022-11-04 12:51:10";5.93
"Servidor-SPTECH";"ram";"ram_Usada";"GB";"2022-11-04 12:51:09";5.93
"Servidor-SPTECH";"ram";"ram_Usada";"GB";"2022-11-04 12:51:07";5.94
"Servidor-SPTECH";"ram";"ram_Usada";"GB";"2022-11-04 12:51:05";5.93
"Servidor-SPTECH";"ram";"ram_Usada";"GB";"2022-11-04 12:51:04";5.94
"Servidor-SPTECH";"ram";"ram_Usada";"GB";"2022-11-04 12:51:02";5.94
"Servidor-SPTECH";"ram";"ram_Usada";"GB";"2022-11-04 12:51:01";5.93
"Servidor-SPTECH";"ram";"ram_Usada";"GB";"2022-11-04 12:50:59";5.93
"Servidor-SPTECH";"ram";"ram_Usada";"GB";"2022-11-04 12:50:57";5.93
"Servidor-SPTECH";"ram";"ram_Usada";"GB";"2022-11-04 12:50:56";5.93
"Servidor-SPTECH";"ram";"ram_Usada";"GB";"2022-11-04 12:50:54";5.93
"Servidor-SPTECH";"ram";"ram_Usada";"GB";"2022-11-04 12:50:52";5.93
"Servidor-SPTECH";"ram";"ram_Usada";"GB";"2022-11-04 12:50:51";5.95
"Servidor-SPTECH";"ram";"ram_Usada";"GB";"2022-11-04 12:50:49";5.95
"Servidor-SPTECH";"ram";"ram_Usada";"GB";"2022-11-04 12:50:48";5.95
"Servidor-SPTECH";"ram";"ram_Usada";"GB";"2022-11-04 12:50:46";5.95
"Servidor-SPTECH";"ram";"ram_Usada";"GB";"2022-11-04 12:50:44";5.94
"Servidor-SPTECH";"ram";"ram_Usada";"GB";"2022-11-04 12:50:43";5.94
"Servidor-SPTECH";"ram";"ram_Usada";"GB";"2022-11-04 12:50:41";5.94
"Servidor-SPTECH";"ram";"ram_Usada";"GB";"2022-11-04 12:50:39";5.95
"Servidor-SPTECH";"ram";"ram_Usada";"GB";"2022-11-04 12:50:38";5.94
"Servidor-SPTECH";"ram";"ram_Usada";"GB";"2022-11-04 12:50:36";5.94
"Servidor-SPTECH";"ram";"ram_Usada";"GB";"2022-11-04 12:50:35";5.94
"Servidor-SPTECH";"ram";"ram_Usada";"GB";"2022-11-04 12:50:33";5.94
"Servidor-SPTECH";"ram";"ram_Usada";"GB";"2022-11-04 12:50:31";5.94
"Servidor-SPTECH";"ram";"ram_Usada";"GB";"2022-11-04 12:50:30";5.94
"Servidor-SPTECH";"ram";"ram_Usada";"GB";"2022-11-04 12:50:28";5.94
"Servidor-SPTECH";"ram";"ram_Usada";"GB";"2022-11-04 12:50:26";5.94
"Servidor-SPTECH";"ram";"ram_Usada";"GB";"2022-11-04 12:50:25";5.94
"Servidor-SPTECH";"ram";"ram_Usada";"GB";"2022-11-04 12:50:23";5.94
"Servidor-SPTECH";"ram";"ram_Usada";"GB";"2022-11-04 12:50:21";5.94
"Servidor-SPTECH";"ram";"ram_Usada";"GB";"2022-11-04 12:50:20";5.94
"Servidor-SPTECH";"ram";"ram_Usada";"GB";"2022-11-04 12:50:18";5.93
"Servidor-SPTECH";"ram";"ram_Usada";"GB";"2022-11-04 12:50:16";5.92
"Servidor-SPTECH";"ram";"ram_Usada";"GB";"2022-11-04 12:50:15";5.92
"Servidor-SPTECH";"ram";"ram_Usada";"GB";"2022-11-04 12:50:13";5.92
"Servidor-SPTECH";"ram";"ram_Usada";"GB";"2022-11-04 12:50:12";5.92
"Servidor-SPTECH";"ram";"ram_Usada";"GB";"2022-11-04 12:50:10";5.91
"Servidor-SPTECH";"ram";"ram_Usada";"GB";"2022-11-04 12:50:08";5.92
"Servidor-SPTECH";"ram";"ram_Usada";"GB";"2022-11-04 12:50:07";5.92
"Servidor-SPTECH";"ram";"ram_Usada";"GB";"2022-11-04 12:50:05";5.91
"Servidor-SPTECH";"ram";"ram_Usada";"GB";"2022-11-04 12:50:03";5.92
"Servidor-SPTECH";"ram";"ram_Usada";"GB";"2022-11-04 12:50:02";5.92
"Servidor-SPTECH";"ram";"ram_Usada";"GB";"2022-11-04 12:50:00";5.92
"Servidor-SPTECH";"ram";"ram_Usada";"GB";"2022-11-04 12:49:58";5.92
"Servidor-SPTECH";"ram";"ram_Usada";"GB";"2022-11-04 12:49:57";5.91
"Servidor-SPTECH";"ram";"ram_Usada";"GB";"2022-11-04 12:49:55";5.91
"Servidor-SPTECH";"ram";"ram_Usada";"GB";"2022-11-04 12:49:53";5.91
"Servidor-SPTECH";"ram";"ram_Usada";"GB";"2022-11-04 12:49:52";5.93
"Servidor-SPTECH";"ram";"ram_Usada";"GB";"2022-11-04 12:49:50";5.93
"Servidor-SPTECH";"ram";"ram_Usada";"GB";"2022-11-04 12:49:48";5.92
"Servidor-SPTECH";"ram";"ram_Usada";"GB";"2022-11-04 12:49:47";5.92
"Servidor-SPTECH";"ram";"ram_Usada";"GB";"2022-11-04 12:49:45";5.93
"Servidor-SPTECH";"ram";"ram_Usada";"GB";"2022-11-04 12:49:43";5.92
"Servidor-SPTECH";"ram";"ram_Usada";"GB";"2022-11-04 12:49:42";5.92
"Servidor-SPTECH";"ram";"ram_Usada";"GB";"2022-11-04 12:49:40";5.92
"Servidor-SPTECH";"ram";"ram_Usada";"GB";"2022-11-04 12:49:38";5.92
"Servidor-SPTECH";"ram";"ram_Usada";"GB";"2022-11-04 12:49:37";5.92
"Servidor-SPTECH";"ram";"ram_Usada";"GB";"2022-11-04 12:49:35";5.91
"Servidor-SPTECH";"ram";"ram_Usada";"GB";"2022-11-04 12:49:34";5.92
"Servidor-SPTECH";"ram";"ram_Usada";"GB";"2022-11-04 12:49:32";5.91
"Servidor-SPTECH";"ram";"ram_Usada";"GB";"2022-11-04 12:49:30";5.92
"Servidor-SPTECH";"ram";"ram_Usada";"GB";"2022-11-04 12:49:29";6.06
"Servidor-SPTECH";"ram";"ram_Usada";"GB";"2022-11-04 12:49:27";6.05
"Servidor-SPTECH";"ram";"ram_Usada";"GB";"2022-11-04 12:49:25";6.01
"Servidor-SPTECH";"ram";"ram_Usada";"GB";"2022-11-04 12:49:24";6.01
"Servidor-SPTECH";"ram";"ram_Usada";"GB";"2022-11-04 12:49:22";6.01
"Servidor-SPTECH";"ram";"ram_Usada";"GB";"2022-11-04 12:49:20";6.01
"Servidor-SPTECH";"ram";"ram_Usada";"GB";"2022-11-04 12:49:19";6.01
"Servidor-SPTECH";"ram";"ram_Usada";"GB";"2022-11-04 12:49:17";6.01
"Servidor-SPTECH";"ram";"ram_Usada";"GB";"2022-11-04 12:49:15";6.02
"Servidor-SPTECH";"ram";"ram_Usada";"GB";"2022-11-04 12:49:14";6.01
"Servidor-SPTECH";"ram";"ram_Usada";"GB";"2022-11-04 12:49:12";6.01
"Servidor-SPTECH";"ram";"ram_Usada";"GB";"2022-11-04 12:49:10";6.01
"Servidor-SPTECH";"ram";"ram_Usada";"GB";"2022-11-04 12:49:09";6.0
"Servidor-SPTECH";"ram";"ram_Usada";"GB";"2022-11-04 12:49:07";6.0
"Servidor-SPTECH";"ram";"ram_Usada";"GB";"2022-11-04 12:49:05";6.01
"Servidor-SPTECH";"ram";"ram_Usada";"GB";"2022-11-04 12:49:04";6.0
"Servidor-SPTECH";"ram";"ram_Usada";"GB";"2022-11-04 12:49:02";6.0
"Servidor-SPTECH";"ram";"ram_Usada";"GB";"2022-11-04 12:49:01";6.0
"Servidor-SPTECH";"ram";"ram_Usada";"GB";"2022-11-04 12:48:59";6.0
"Servidor-SPTECH";"ram";"ram_Usada";"GB";"2022-11-04 12:48:57";6.0
"Servidor-SPTECH";"ram";"ram_Usada";"GB";"2022-11-04 12:48:56";6.0
"Servidor-SPTECH";"ram";"ram_Usada";"GB";"2022-11-04 12:48:54";6.0
"Servidor-SPTECH";"ram";"ram_Usada";"GB";"2022-11-04 12:48:52";6.0
"Servidor-SPTECH";"ram";"ram_Usada";"GB";"2022-11-04 12:48:51";6.02
"Servidor-SPTECH";"ram";"ram_Usada";"GB";"2022-11-04 12:48:49";6.09
"Servidor-SPTECH";"ram";"ram_Usada";"GB";"2022-11-04 12:48:47";6.12
"Servidor-SPTECH";"ram";"ram_Usada";"GB";"2022-11-04 12:48:46";6.12
"Servidor-SPTECH";"ram";"ram_Usada";"GB";"2022-11-04 12:48:44";6.12
"Servidor-SPTECH";"ram";"ram_Usada";"GB";"2022-11-04 12:48:42";6.12
"Servidor-SPTECH";"ram";"ram_Usada";"GB";"2022-11-04 12:48:41";6.12
"Servidor-SPTECH";"ram";"ram_Usada";"GB";"2022-11-04 12:48:39";6.12
"Servidor-SPTECH";"ram";"ram_Usada";"GB";"2022-11-04 12:48:38";6.12
"Servidor-SPTECH";"ram";"ram_Usada";"GB";"2022-11-04 12:48:36";6.12
"Servidor-SPTECH";"ram";"ram_Usada";"GB";"2022-11-04 12:48:34";6.12
"Servidor-SPTECH";"ram";"ram_Usada";"GB";"2022-11-04 12:48:33";6.12
"Servidor-SPTECH";"ram";"ram_Usada";"GB";"2022-11-04 12:48:31";6.12
"Servidor-SPTECH";"ram";"ram_Usada";"GB";"2022-11-04 12:48:30";6.11
"Servidor-SPTECH";"ram";"ram_Usada";"GB";"2022-11-04 12:48:28";6.12
"Servidor-SPTECH";"ram";"ram_Usada";"GB";"2022-11-04 12:48:26";6.11
"Servidor-SPTECH";"ram";"ram_Usada";"GB";"2022-11-04 12:48:25";6.11
"Servidor-SPTECH";"ram";"ram_Usada";"GB";"2022-11-04 12:48:23";6.11
"Servidor-SPTECH";"ram";"ram_Usada";"GB";"2022-11-04 12:48:21";6.11
"Servidor-SPTECH";"ram";"ram_Usada";"GB";"2022-11-04 12:48:20";6.11
"Servidor-SPTECH";"ram";"ram_Usada";"GB";"2022-11-04 12:48:18";6.11
"Servidor-SPTECH";"ram";"ram_Usada";"GB";"2022-11-04 12:48:17";6.12
"Servidor-SPTECH";"ram";"ram_Usada";"GB";"2022-11-04 12:48:15";6.11
"Servidor-SPTECH";"ram";"ram_Usada";"GB";"2022-11-04 12:48:13";6.11
"Servidor-SPTECH";"ram";"ram_Usada";"GB";"2022-11-04 12:48:12";6.12
"Servidor-SPTECH";"ram";"ram_Usada";"GB";"2022-11-04 12:48:10";6.11
"Servidor-SPTECH";"ram";"ram_Usada";"GB";"2022-11-04 12:48:08";6.11
"Servidor-SPTECH";"ram";"ram_Usada";"GB";"2022-11-04 12:48:07";6.12
"Servidor-SPTECH";"ram";"ram_Usada";"GB";"2022-11-04 12:48:05";6.12
"Servidor-SPTECH";"ram";"ram_Usada";"GB";"2022-11-04 12:48:03";6.12
"Servidor-SPTECH";"ram";"ram_Usada";"GB";"2022-11-04 12:48:02";6.12
"Servidor-SPTECH";"ram";"ram_Usada";"GB";"2022-11-04 12:48:00";6.12
"Servidor-SPTECH";"ram";"ram_Usada";"GB";"2022-11-04 12:47:59";6.11
"Servidor-SPTECH";"ram";"ram_Usada";"GB";"2022-11-04 12:47:57";6.11
"Servidor-SPTECH";"ram";"ram_Usada";"GB";"2022-11-04 12:47:55";6.11
"Servidor-SPTECH";"ram";"ram_Usada";"GB";"2022-11-04 12:47:54";6.11
"Servidor-SPTECH";"ram";"ram_Usada";"GB";"2022-11-04 12:47:52";6.11
"Servidor-SPTECH";"ram";"ram_Usada";"GB";"2022-11-04 12:47:50";6.13
"Servidor-SPTECH";"ram";"ram_Usada";"GB";"2022-11-04 12:47:49";6.13
"Servidor-SPTECH";"ram";"ram_Usada";"GB";"2022-11-04 12:47:47";6.13
"Servidor-SPTECH";"ram";"ram_Usada";"GB";"2022-11-04 12:47:45";6.12
"Servidor-SPTECH";"ram";"ram_Usada";"GB";"2022-11-04 12:47:44";6.13
"Servidor-SPTECH";"ram";"ram_Usada";"GB";"2022-11-04 12:47:42";6.13
"Servidor-SPTECH";"ram";"ram_Usada";"GB";"2022-11-04 12:47:41";6.13
"Servidor-SPTECH";"ram";"ram_Usada";"GB";"2022-11-04 12:47:39";6.13
"Servidor-SPTECH";"ram";"ram_Usada";"GB";"2022-11-04 12:47:37";6.13
"Servidor-SPTECH";"ram";"ram_Usada";"GB";"2022-11-04 12:47:36";6.13
"Servidor-SPTECH";"ram";"ram_Usada";"GB";"2022-11-04 12:47:34";6.13
"Servidor-SPTECH";"ram";"ram_Usada";"GB";"2022-11-04 12:47:32";6.14
"Servidor-SPTECH";"ram";"ram_Usada";"GB";"2022-11-04 12:47:31";6.14
"Servidor-SPTECH";"ram";"ram_Usada";"GB";"2022-11-04 12:47:29";6.13
"Servidor-SPTECH";"ram";"ram_Usada";"GB";"2022-11-04 12:47:27";6.14
"Servidor-SPTECH";"ram";"ram_Usada";"GB";"2022-11-04 12:47:26";6.13
"Servidor-SPTECH";"ram";"ram_Usada";"GB";"2022-11-04 12:47:24";6.14
"Servidor-SPTECH";"ram";"ram_Usada";"GB";"2022-11-04 12:47:23";6.14
"Servidor-SPTECH";"ram";"ram_Usada";"GB";"2022-11-04 12:47:21";6.13
"Servidor-SPTECH";"ram";"ram_Usada";"GB";"2022-11-04 12:47:19";6.13
"Servidor-SPTECH";"ram";"ram_Usada";"GB";"2022-11-04 12:47:18";6.13
"Servidor-SPTECH";"ram";"ram_Usada";"GB";"2022-11-04 12:47:16";6.12
"Servidor-SPTECH";"ram";"ram_Usada";"GB";"2022-11-04 12:47:14";6.13
"Servidor-SPTECH";"ram";"ram_Usada";"GB";"2022-11-04 12:47:13";6.13
"Servidor-SPTECH";"ram";"ram_Usada";"GB";"2022-11-04 12:47:11";6.13
"Servidor-SPTECH";"ram";"ram_Usada";"GB";"2022-11-04 12:47:09";6.13
"Servidor-SPTECH";"ram";"ram_Usada";"GB";"2022-11-04 12:47:08";6.13
"Servidor-SPTECH";"ram";"ram_Usada";"GB";"2022-11-04 12:47:06";6.13
"Servidor-SPTECH";"ram";"ram_Usada";"GB";"2022-11-04 12:47:04";6.13
"Servidor-SPTECH";"ram";"ram_Usada";"GB";"2022-11-04 12:47:03";6.12
"Servidor-SPTECH";"ram";"ram_Usada";"GB";"2022-11-04 12:47:01";6.13
"Servidor-SPTECH";"ram";"ram_Usada";"GB";"2022-11-04 12:46:59";6.12
"Servidor-SPTECH";"ram";"ram_Usada";"GB";"2022-11-04 12:46:58";6.12
"Servidor-SPTECH";"ram";"ram_Usada";"GB";"2022-11-04 12:46:56";6.13
"Servidor-SPTECH";"ram";"ram_Usada";"GB";"2022-11-04 12:46:55";6.11
"Servidor-SPTECH";"ram";"ram_Usada";"GB";"2022-11-04 12:46:53";6.11
"Servidor-SPTECH";"ram";"ram_Usada";"GB";"2022-11-04 12:46:51";6.13
"Servidor-SPTECH";"ram";"ram_Usada";"GB";"2022-11-04 12:46:49";6.13
"Servidor-SPTECH";"ram";"ram_Usada";"GB";"2022-11-04 12:46:48";6.13
"Servidor-SPTECH";"ram";"ram_Usada";"GB";"2022-11-04 12:46:46";6.13
"Servidor-SPTECH";"ram";"ram_Usada";"GB";"2022-11-04 12:46:44";6.13
"Servidor-SPTECH";"ram";"ram_Usada";"GB";"2022-11-04 12:46:43";6.13
"Servidor-SPTECH";"ram";"ram_Usada";"GB";"2022-11-04 12:46:41";6.13
"Servidor-SPTECH";"ram";"ram_Usada";"GB";"2022-11-04 12:46:40";6.13
"Servidor-SPTECH";"ram";"ram_Usada";"GB";"2022-11-04 12:46:38";6.13
"Servidor-SPTECH";"ram";"ram_Usada";"GB";"2022-11-04 12:46:36";6.13
"Servidor-SPTECH";"ram";"ram_Usada";"GB";"2022-11-04 12:46:35";6.13
"Servidor-SPTECH";"ram";"ram_Usada";"GB";"2022-11-04 12:46:33";6.13
"Servidor-SPTECH";"ram";"ram_Usada";"GB";"2022-11-04 12:46:31";6.13
"Servidor-SPTECH";"ram";"ram_Usada";"GB";"2022-11-04 12:46:30";6.13
"Servidor-SPTECH";"ram";"ram_Usada";"GB";"2022-11-04 12:46:28";6.13
"Servidor-SPTECH";"ram";"ram_Usada";"GB";"2022-11-04 12:46:26";6.13
"Servidor-SPTECH";"ram";"ram_Usada";"GB";"2022-11-04 12:46:25";6.13
"Servidor-SPTECH";"ram";"ram_Usada";"GB";"2022-11-04 12:46:23";6.13
"Servidor-SPTECH";"ram";"ram_Usada";"GB";"2022-11-04 12:46:22";6.12
"Servidor-SPTECH";"ram";"ram_Usada";"GB";"2022-11-04 12:46:20";6.12
"Servidor-SPTECH";"ram";"ram_Usada";"GB";"2022-11-04 12:46:18";6.12
"Servidor-SPTECH";"ram";"ram_Usada";"GB";"2022-11-04 12:46:17";6.11
"Servidor-SPTECH";"ram";"ram_Usada";"GB";"2022-11-04 12:46:15";6.12
"Servidor-SPTECH";"ram";"ram_Usada";"GB";"2022-11-04 12:46:13";6.12
"Servidor-SPTECH";"ram";"ram_Usada";"GB";"2022-11-04 12:46:12";6.12
"Servidor-SPTECH";"ram";"ram_Usada";"GB";"2022-11-04 12:46:10";6.09
"Servidor-SPTECH";"ram";"ram_Usada";"GB";"2022-11-04 12:46:09";6.09
"Servidor-SPTECH";"ram";"ram_Usada";"GB";"2022-11-04 12:46:07";6.09
"Servidor-SPTECH";"ram";"ram_Usada";"GB";"2022-11-04 12:46:05";6.08
"Servidor-SPTECH";"ram";"ram_Usada";"GB";"2022-11-04 12:46:04";6.08
"Servidor-SPTECH";"ram";"ram_Usada";"GB";"2022-11-04 12:46:02";6.08
"Servidor-SPTECH";"ram";"ram_Usada";"GB";"2022-11-04 12:46:00";6.08
"Servidor-SPTECH";"ram";"ram_Usada";"GB";"2022-11-04 12:45:59";6.09
"Servidor-SPTECH";"ram";"ram_Usada";"GB";"2022-11-04 12:45:57";6.08
"Servidor-SPTECH";"ram";"ram_Usada";"GB";"2022-11-04 12:45:56";6.07
"Servidor-SPTECH";"ram";"ram_Usada";"GB";"2022-11-04 12:45:54";6.07
"Servidor-SPTECH";"ram";"ram_Usada";"GB";"2022-11-04 12:45:52";6.07
"Servidor-SPTECH";"ram";"ram_Usada";"GB";"2022-11-04 12:45:50";6.09
"Servidor-SPTECH";"ram";"ram_Usada";"GB";"2022-11-04 12:45:49";6.09
"Servidor-SPTECH";"ram";"ram_Usada";"GB";"2022-11-04 12:45:47";6.09
"Servidor-SPTECH";"ram";"ram_Usada";"GB";"2022-11-04 12:45:46";6.09
"Servidor-SPTECH";"ram";"ram_Usada";"GB";"2022-11-04 12:45:44";6.09
"Servidor-SPTECH";"ram";"ram_Usada";"GB";"2022-11-04 12:45:42";6.09
"Servidor-SPTECH";"ram";"ram_Usada";"GB";"2022-11-04 12:45:41";6.09
"Servidor-SPTECH";"ram";"ram_Usada";"GB";"2022-11-04 12:45:39";6.09
"Servidor-SPTECH";"ram";"ram_Usada";"GB";"2022-11-04 12:45:37";6.09
"Servidor-SPTECH";"ram";"ram_Usada";"GB";"2022-11-04 12:45:36";6.09
"Servidor-SPTECH";"ram";"ram_Usada";"GB";"2022-11-04 12:45:34";6.09
"Servidor-SPTECH";"ram";"ram_Usada";"GB";"2022-11-04 12:45:32";6.1
"Servidor-SPTECH";"ram";"ram_Usada";"GB";"2022-11-04 12:45:31";6.09
"Servidor-SPTECH";"ram";"ram_Usada";"GB";"2022-11-04 12:45:29";6.09
"Servidor-SPTECH";"ram";"ram_Usada";"GB";"2022-11-04 12:45:27";6.09
"Servidor-SPTECH";"ram";"ram_Usada";"GB";"2022-11-04 12:45:26";6.1
"Servidor-SPTECH";"ram";"ram_Usada";"GB";"2022-11-04 12:45:24";6.1
"Servidor-SPTECH";"ram";"ram_Usada";"GB";"2022-11-04 12:45:22";6.1
"Servidor-SPTECH";"ram";"ram_Usada";"GB";"2022-11-04 12:45:21";6.1
"Servidor-SPTECH";"ram";"ram_Usada";"GB";"2022-11-04 12:45:19";6.1
"Servidor-SPTECH";"ram";"ram_Usada";"GB";"2022-11-04 12:45:18";6.09
"Servidor-SPTECH";"ram";"ram_Usada";"GB";"2022-11-04 12:45:16";6.09
"Servidor-SPTECH";"ram";"ram_Usada";"GB";"2022-11-04 12:45:14";6.09
"Servidor-SPTECH";"ram";"ram_Usada";"GB";"2022-11-04 12:45:13";6.09
"Servidor-SPTECH";"ram";"ram_Usada";"GB";"2022-11-04 12:45:11";6.09
"Servidor-SPTECH";"ram";"ram_Usada";"GB";"2022-11-04 12:45:09";6.1
"Servidor-SPTECH";"ram";"ram_Usada";"GB";"2022-11-04 12:45:08";6.1
"Servidor-SPTECH";"ram";"ram_Usada";"GB";"2022-11-04 12:45:06";6.1
"Servidor-SPTECH";"ram";"ram_Usada";"GB";"2022-11-04 12:45:04";6.09
"Servidor-SPTECH";"ram";"ram_Usada";"GB";"2022-11-04 12:45:03";6.09
"Servidor-SPTECH";"ram";"ram_Usada";"GB";"2022-11-04 12:45:01";6.09
"Servidor-SPTECH";"ram";"ram_Usada";"GB";"2022-11-04 12:45:00";6.11
"Servidor-SPTECH";"ram";"ram_Usada";"GB";"2022-11-04 12:44:58";6.1
"Servidor-SPTECH";"ram";"ram_Usada";"GB";"2022-11-04 12:44:56";6.11
"Servidor-SPTECH";"ram";"ram_Usada";"GB";"2022-11-04 12:44:55";6.1
"Servidor-SPTECH";"ram";"ram_Usada";"GB";"2022-11-04 12:44:53";6.1
"Servidor-SPTECH";"ram";"ram_Usada";"GB";"2022-11-04 12:44:51";6.12
"Servidor-SPTECH";"ram";"ram_Usada";"GB";"2022-11-04 12:44:50";6.12
"Servidor-SPTECH";"ram";"ram_Usada";"GB";"2022-11-04 12:44:48";6.12
"Servidor-SPTECH";"ram";"ram_Usada";"GB";"2022-11-04 12:44:46";6.11
"Servidor-SPTECH";"ram";"ram_Usada";"GB";"2022-11-04 12:44:45";6.12
"Servidor-SPTECH";"ram";"ram_Usada";"GB";"2022-11-04 12:44:43";6.11
"Servidor-SPTECH";"ram";"ram_Usada";"GB";"2022-11-04 12:44:42";6.11
"Servidor-SPTECH";"ram";"ram_Usada";"GB";"2022-11-04 12:44:40";6.11
"Servidor-SPTECH";"ram";"ram_Usada";"GB";"2022-11-04 12:44:38";6.11
"Servidor-SPTECH";"ram";"ram_Usada";"GB";"2022-11-04 12:44:37";6.11
"Servidor-SPTECH";"ram";"ram_Usada";"GB";"2022-11-04 12:44:35";6.11
"Servidor-SPTECH";"ram";"ram_Usada";"GB";"2022-11-04 12:44:33";6.12
"Servidor-SPTECH";"ram";"ram_Usada";"GB";"2022-11-04 12:44:32";6.11
"Servidor-SPTECH";"ram";"ram_Usada";"GB";"2022-11-04 12:44:30";6.1
"Servidor-SPTECH";"ram";"ram_Usada";"GB";"2022-11-04 12:44:29";6.1
"Servidor-SPTECH";"ram";"ram_Usada";"GB";"2022-11-04 12:44:27";6.1
"Servidor-SPTECH";"ram";"ram_Usada";"GB";"2022-11-04 12:44:25";6.1
"Servidor-SPTECH";"ram";"ram_Usada";"GB";"2022-11-04 12:44:24";6.1
"Servidor-SPTECH";"ram";"ram_Usada";"GB";"2022-11-04 12:44:22";6.11
"Servidor-SPTECH";"ram";"ram_Usada";"GB";"2022-11-04 12:44:20";6.1
"Servidor-SPTECH";"ram";"ram_Usada";"GB";"2022-11-04 12:44:19";6.1
"Servidor-SPTECH";"ram";"ram_Usada";"GB";"2022-11-04 12:44:17";6.09
"Servidor-SPTECH";"ram";"ram_Usada";"GB";"2022-11-04 12:44:16";6.1
"Servidor-SPTECH";"ram";"ram_Usada";"GB";"2022-11-04 12:44:14";6.09
"Servidor-SPTECH";"ram";"ram_Usada";"GB";"2022-11-04 12:44:12";6.09
"Servidor-SPTECH";"ram";"ram_Usada";"GB";"2022-11-04 12:44:11";6.08
"Servidor-SPTECH";"ram";"ram_Usada";"GB";"2022-11-04 12:44:09";6.08
"Servidor-SPTECH";"ram";"ram_Usada";"GB";"2022-11-04 12:44:08";6.08
"Servidor-SPTECH";"ram";"ram_Usada";"GB";"2022-11-04 12:44:06";6.08
"Servidor-SPTECH";"ram";"ram_Usada";"GB";"2022-11-04 12:44:04";6.08
"Servidor-SPTECH";"ram";"ram_Usada";"GB";"2022-11-04 12:44:03";6.08
"Servidor-SPTECH";"ram";"ram_Usada";"GB";"2022-11-04 12:44:01";6.08
"Servidor-SPTECH";"ram";"ram_Usada";"GB";"2022-11-04 12:43:59";6.07
"Servidor-SPTECH";"ram";"ram_Usada";"GB";"2022-11-04 12:43:58";6.08
"Servidor-SPTECH";"ram";"ram_Usada";"GB";"2022-11-04 12:43:56";6.07
"Servidor-SPTECH";"ram";"ram_Usada";"GB";"2022-11-04 12:43:55";6.08
"Servidor-SPTECH";"ram";"ram_Usada";"GB";"2022-11-04 12:43:53";6.09
"Servidor-SPTECH";"ram";"ram_Usada";"GB";"2022-11-04 12:43:51";6.12
"Servidor-SPTECH";"ram";"ram_Usada";"GB";"2022-11-04 12:43:50";6.08
"Servidor-SPTECH";"ram";"ram_Usada";"GB";"2022-11-04 12:43:48";6.2
"Servidor-SPTECH";"ram";"ram_Usada";"GB";"2022-11-04 12:43:46";6.23
"Servidor-SPTECH";"ram";"ram_Usada";"GB";"2022-11-04 12:43:45";6.24
"Servidor-SPTECH";"ram";"ram_Usada";"GB";"2022-11-04 12:43:43";6.23
"Servidor-SPTECH";"ram";"ram_Usada";"GB";"2022-11-04 12:43:41";6.23
"Servidor-SPTECH";"ram";"ram_Usada";"GB";"2022-11-04 12:43:40";6.23
"Servidor-SPTECH";"ram";"ram_Usada";"GB";"2022-11-04 12:43:38";6.23
"Servidor-SPTECH";"ram";"ram_Usada";"GB";"2022-11-04 12:43:36";6.23
"Servidor-SPTECH";"ram";"ram_Usada";"GB";"2022-11-04 12:43:35";6.23
"Servidor-SPTECH";"ram";"ram_Usada";"GB";"2022-11-04 12:43:33";6.23
"Servidor-SPTECH";"ram";"ram_Usada";"GB";"2022-11-04 12:43:32";6.24
"Servidor-SPTECH";"ram";"ram_Usada";"GB";"2022-11-04 12:43:30";6.23
"Servidor-SPTECH";"ram";"ram_Usada";"GB";"2022-11-04 12:43:28";6.23
"Servidor-SPTECH";"ram";"ram_Usada";"GB";"2022-11-04 12:43:27";6.21
"Servidor-SPTECH";"ram";"ram_Usada";"GB";"2022-11-04 12:43:25";6.21
"Servidor-SPTECH";"ram";"ram_Usada";"GB";"2022-11-04 12:43:24";6.21
"Servidor-SPTECH";"ram";"ram_Usada";"GB";"2022-11-04 12:43:22";6.21
"Servidor-SPTECH";"ram";"ram_Usada";"GB";"2022-11-04 12:43:20";6.2
"Servidor-SPTECH";"ram";"ram_Usada";"GB";"2022-11-04 12:43:19";6.2
"Servidor-SPTECH";"ram";"ram_Usada";"GB";"2022-11-04 12:43:17";6.2
"Servidor-SPTECH";"ram";"ram_Usada";"GB";"2022-11-04 12:43:15";6.23
"Servidor-SPTECH";"ram";"ram_Usada";"GB";"2022-11-04 12:43:14";6.29
"Servidor-SPTECH";"ram";"ram_Usada";"GB";"2022-11-04 12:43:12";6.28
"Servidor-SPTECH";"ram";"ram_Usada";"GB";"2022-11-04 12:43:11";6.28
"Servidor-SPTECH";"ram";"ram_Usada";"GB";"2022-11-04 12:43:09";6.28
"Servidor-SPTECH";"ram";"ram_Usada";"GB";"2022-11-04 12:43:07";6.28
"Servidor-SPTECH";"ram";"ram_Usada";"GB";"2022-11-04 12:43:06";6.28
"Servidor-SPTECH";"ram";"ram_Usada";"GB";"2022-11-04 12:43:04";6.28
"Servidor-SPTECH";"ram";"ram_Usada";"GB";"2022-11-04 12:43:02";6.27
"Servidor-SPTECH";"ram";"ram_Usada";"GB";"2022-11-04 12:43:01";6.27
"Servidor-SPTECH";"ram";"ram_Usada";"GB";"2022-11-04 12:42:59";6.27
"Servidor-SPTECH";"ram";"ram_Usada";"GB";"2022-11-04 12:42:57";6.27
"Servidor-SPTECH";"ram";"ram_Usada";"GB";"2022-11-04 12:42:56";6.27
"Servidor-SPTECH";"ram";"ram_Usada";"GB";"2022-11-04 12:42:54";6.27
"Servidor-SPTECH";"ram";"ram_Usada";"GB";"2022-11-04 12:42:53";6.27
"Servidor-SPTECH";"ram";"ram_Usada";"GB";"2022-11-04 12:42:51";6.29
"Servidor-SPTECH";"ram";"ram_Usada";"GB";"2022-11-04 12:42:49";6.3
"Servidor-SPTECH";"ram";"ram_Usada";"GB";"2022-11-04 12:42:48";6.3
"Servidor-SPTECH";"ram";"ram_Usada";"GB";"2022-11-04 12:42:46";6.3
"Servidor-SPTECH";"ram";"ram_Usada";"GB";"2022-11-04 12:42:44";6.29
"Servidor-SPTECH";"ram";"ram_Usada";"GB";"2022-11-04 12:42:43";6.29
"Servidor-SPTECH";"ram";"ram_Usada";"GB";"2022-11-04 12:42:41";6.29
"Servidor-SPTECH";"ram";"ram_Usada";"GB";"2022-11-04 12:42:40";6.29
"Servidor-SPTECH";"ram";"ram_Usada";"GB";"2022-11-04 12:42:38";6.29
"Servidor-SPTECH";"ram";"ram_Usada";"GB";"2022-11-04 12:42:36";6.29
"Servidor-SPTECH";"ram";"ram_Usada";"GB";"2022-11-04 12:42:35";6.29
"Servidor-SPTECH";"ram";"ram_Usada";"GB";"2022-11-04 12:42:33";6.3
"Servidor-SPTECH";"ram";"ram_Usada";"GB";"2022-11-04 12:42:32";6.3
"Servidor-SPTECH";"ram";"ram_Usada";"GB";"2022-11-04 12:42:30";6.3
"Servidor-SPTECH";"ram";"ram_Usada";"GB";"2022-11-04 12:42:28";6.29
"Servidor-SPTECH";"ram";"ram_Usada";"GB";"2022-11-04 12:42:27";6.29
"Servidor-SPTECH";"ram";"ram_Usada";"GB";"2022-11-04 12:42:25";6.29
"Servidor-SPTECH";"ram";"ram_Usada";"GB";"2022-11-04 12:42:23";6.29
"Servidor-SPTECH";"ram";"ram_Usada";"GB";"2022-11-04 12:42:22";6.29
"Servidor-SPTECH";"ram";"ram_Usada";"GB";"2022-11-04 12:42:20";6.3
"Servidor-SPTECH";"ram";"ram_Usada";"GB";"2022-11-04 12:42:18";6.29
"Servidor-SPTECH";"ram";"ram_Usada";"GB";"2022-11-04 12:42:17";6.3
"Servidor-SPTECH";"ram";"ram_Usada";"GB";"2022-11-04 12:42:15";6.29
"Servidor-SPTECH";"ram";"ram_Usada";"GB";"2022-11-04 12:42:13";6.3
"Servidor-SPTECH";"ram";"ram_Usada";"GB";"2022-11-04 12:42:12";6.3
"Servidor-SPTECH";"ram";"ram_Usada";"GB";"2022-11-04 12:42:10";6.31
"Servidor-SPTECH";"ram";"ram_Usada";"GB";"2022-11-04 12:42:09";6.29
"Servidor-SPTECH";"ram";"ram_Usada";"GB";"2022-11-04 12:42:07";6.29
"Servidor-SPTECH";"ram";"ram_Usada";"GB";"2022-11-04 12:42:05";6.29
"Servidor-SPTECH";"ram";"ram_Usada";"GB";"2022-11-04 12:42:04";6.29
"Servidor-SPTECH";"ram";"ram_Usada";"GB";"2022-11-04 12:42:02";6.29
"Servidor-SPTECH";"ram";"ram_Usada";"GB";"2022-11-04 12:42:00";6.3
"Servidor-SPTECH";"ram";"ram_Usada";"GB";"2022-11-04 12:41:59";6.3
"Servidor-SPTECH";"ram";"ram_Usada";"GB";"2022-11-04 12:41:57";6.3
"Servidor-SPTECH";"ram";"ram_Usada";"GB";"2022-11-04 12:41:55";6.3
"Servidor-SPTECH";"ram";"ram_Usada";"GB";"2022-11-04 12:41:53";6.29
"Servidor-SPTECH";"ram";"ram_Usada";"GB";"2022-11-04 12:41:52";6.28
"Servidor-SPTECH";"ram";"ram_Usada";"GB";"2022-11-04 12:41:50";6.28
"Servidor-SPTECH";"ram";"ram_Usada";"GB";"2022-11-04 12:41:49";6.28
"Servidor-SPTECH";"ram";"ram_Usada";"GB";"2022-11-04 12:41:47";6.28
"Servidor-SPTECH";"ram";"ram_Usada";"GB";"2022-11-04 12:41:45";6.27
"Servidor-SPTECH";"ram";"ram_Usada";"GB";"2022-11-04 12:41:44";6.28
"Servidor-SPTECH";"ram";"ram_Usada";"GB";"2022-11-04 12:41:42";6.28
"Servidor-SPTECH";"ram";"ram_Usada";"GB";"2022-11-04 12:41:40";6.27
"Servidor-SPTECH";"ram";"ram_Usada";"GB";"2022-11-04 12:41:39";6.28
"Servidor-SPTECH";"ram";"ram_Usada";"GB";"2022-11-04 12:41:37";6.27
"Servidor-SPTECH";"ram";"ram_Usada";"GB";"2022-11-04 12:41:35";6.27
"Servidor-SPTECH";"ram";"ram_Usada";"GB";"2022-11-04 12:41:34";6.27
"Servidor-SPTECH";"ram";"ram_Usada";"GB";"2022-11-04 12:41:32";6.27
"Servidor-SPTECH";"ram";"ram_Usada";"GB";"2022-11-04 12:41:30";6.27
"Servidor-SPTECH";"ram";"ram_Usada";"GB";"2022-11-04 12:41:29";6.27
"Servidor-SPTECH";"ram";"ram_Usada";"GB";"2022-11-04 12:41:27";6.27
"Servidor-SPTECH";"ram";"ram_Usada";"GB";"2022-11-04 12:41:26";6.27
"Servidor-SPTECH";"ram";"ram_Usada";"GB";"2022-11-04 12:41:24";6.27
"Servidor-SPTECH";"ram";"ram_Usada";"GB";"2022-11-04 12:41:22";6.32
"Servidor-SPTECH";"ram";"ram_Usada";"GB";"2022-11-04 12:41:21";6.32
"Servidor-SPTECH";"ram";"ram_Usada";"GB";"2022-11-04 12:41:19";6.32
"Servidor-SPTECH";"ram";"ram_Usada";"GB";"2022-11-04 12:41:18";6.32
"Servidor-SPTECH";"ram";"ram_Usada";"GB";"2022-11-04 12:41:16";6.32
"Servidor-SPTECH";"ram";"ram_Usada";"GB";"2022-11-04 12:41:14";6.32
"Servidor-SPTECH";"ram";"ram_Usada";"GB";"2022-11-04 12:41:13";6.32
"Servidor-SPTECH";"ram";"ram_Usada";"GB";"2022-11-04 12:41:11";6.32
"Servidor-SPTECH";"ram";"ram_Usada";"GB";"2022-11-04 12:41:09";6.32
"Servidor-SPTECH";"ram";"ram_Usada";"GB";"2022-11-04 12:41:08";6.31
"Servidor-SPTECH";"ram";"ram_Usada";"GB";"2022-11-04 12:41:06";6.31
"Servidor-SPTECH";"ram";"ram_Usada";"GB";"2022-11-04 12:41:05";6.32
"Servidor-SPTECH";"ram";"ram_Usada";"GB";"2022-11-04 12:41:03";6.31
"Servidor-SPTECH";"ram";"ram_Usada";"GB";"2022-11-04 12:41:01";6.3
"Servidor-SPTECH";"ram";"ram_Usada";"GB";"2022-11-04 12:41:00";6.31
"Servidor-SPTECH";"ram";"ram_Usada";"GB";"2022-11-04 12:40:58";6.3
"Servidor-SPTECH";"ram";"ram_Usada";"GB";"2022-11-04 12:40:56";6.3
"Servidor-SPTECH";"ram";"ram_Usada";"GB";"2022-11-04 12:40:55";6.3
"Servidor-SPTECH";"ram";"ram_Usada";"GB";"2022-11-04 12:40:53";6.3
"Servidor-SPTECH";"ram";"ram_Usada";"GB";"2022-11-04 12:40:51";6.32
"Servidor-SPTECH";"ram";"ram_Usada";"GB";"2022-11-04 12:40:50";6.32
"Servidor-SPTECH";"ram";"ram_Usada";"GB";"2022-11-04 12:40:48";6.32
"Servidor-SPTECH";"ram";"ram_Usada";"GB";"2022-11-04 12:40:47";6.32
"Servidor-SPTECH";"ram";"ram_Usada";"GB";"2022-11-04 12:40:45";6.32
"Servidor-SPTECH";"ram";"ram_Usada";"GB";"2022-11-04 12:40:43";6.32
"Servidor-SPTECH";"ram";"ram_Usada";"GB";"2022-11-04 12:40:41";6.32
"Servidor-SPTECH";"ram";"ram_Usada";"GB";"2022-11-04 12:40:40";6.32
"Servidor-SPTECH";"ram";"ram_Usada";"GB";"2022-11-04 12:40:38";6.32
"Servidor-SPTECH";"ram";"ram_Usada";"GB";"2022-11-04 12:40:37";6.32
"Servidor-SPTECH";"ram";"ram_Usada";"GB";"2022-11-04 12:40:35";6.31
"Servidor-SPTECH";"ram";"ram_Usada";"GB";"2022-11-04 12:40:33";6.32
"Servidor-SPTECH";"ram";"ram_Usada";"GB";"2022-11-04 12:40:32";6.32
"Servidor-SPTECH";"ram";"ram_Usada";"GB";"2022-11-04 12:40:30";6.32
"Servidor-SPTECH";"ram";"ram_Usada";"GB";"2022-11-04 12:40:28";6.32
"Servidor-SPTECH";"ram";"ram_Usada";"GB";"2022-11-04 12:40:27";6.32
"Servidor-SPTECH";"ram";"ram_Usada";"GB";"2022-11-04 12:40:25";6.31
"Servidor-SPTECH";"ram";"ram_Usada";"GB";"2022-11-04 12:40:23";6.33
"Servidor-SPTECH";"ram";"ram_Usada";"GB";"2022-11-04 12:40:22";6.32
"Servidor-SPTECH";"ram";"ram_Usada";"GB";"2022-11-04 12:40:20";6.32
"Servidor-SPTECH";"ram";"ram_Usada";"GB";"2022-11-04 12:40:19";6.31
"Servidor-SPTECH";"ram";"ram_Usada";"GB";"2022-11-04 12:40:17";6.31
"Servidor-SPTECH";"ram";"ram_Usada";"GB";"2022-11-04 12:40:15";6.3
"Servidor-SPTECH";"ram";"ram_Usada";"GB";"2022-11-04 12:40:14";6.3
"Servidor-SPTECH";"ram";"ram_Usada";"GB";"2022-11-04 12:40:12";6.3
"Servidor-SPTECH";"ram";"ram_Usada";"GB";"2022-11-04 12:40:10";6.3
"Servidor-SPTECH";"ram";"ram_Usada";"GB";"2022-11-04 12:40:09";6.3
"Servidor-SPTECH";"ram";"ram_Usada";"GB";"2022-11-04 12:40:07";6.3
"Servidor-SPTECH";"ram";"ram_Usada";"GB";"2022-11-04 12:40:06";6.3
"Servidor-SPTECH";"ram";"ram_Usada";"GB";"2022-11-04 12:40:04";6.3
"Servidor-SPTECH";"ram";"ram_Usada";"GB";"2022-11-04 12:40:02";6.3
"Servidor-SPTECH";"ram";"ram_Usada";"GB";"2022-11-04 12:40:01";6.31
"Servidor-SPTECH";"ram";"ram_Usada";"GB";"2022-11-04 12:39:59";6.3
"Servidor-SPTECH";"ram";"ram_Usada";"GB";"2022-11-04 12:39:57";6.31
"Servidor-SPTECH";"ram";"ram_Usada";"GB";"2022-11-04 12:39:56";6.31
"Servidor-SPTECH";"ram";"ram_Usada";"GB";"2022-11-04 12:39:54";6.3
"Servidor-SPTECH";"ram";"ram_Usada";"GB";"2022-11-04 12:39:53";6.31
"Servidor-SPTECH";"ram";"ram_Usada";"GB";"2022-11-04 12:39:51";6.33
"Servidor-SPTECH";"ram";"ram_Usada";"GB";"2022-11-04 12:39:49";6.33
"Servidor-SPTECH";"ram";"ram_Usada";"GB";"2022-11-04 12:39:48";6.32
"Servidor-SPTECH";"ram";"ram_Usada";"GB";"2022-11-04 12:39:46";6.32
"Servidor-SPTECH";"ram";"ram_Usada";"GB";"2022-11-04 12:39:45";6.33
"Servidor-SPTECH";"ram";"ram_Usada";"GB";"2022-11-04 12:39:43";6.32
"Servidor-SPTECH";"ram";"ram_Usada";"GB";"2022-11-04 12:39:41";6.32
"Servidor-SPTECH";"ram";"ram_Usada";"GB";"2022-11-04 12:39:40";6.32
"Servidor-SPTECH";"ram";"ram_Usada";"GB";"2022-11-04 12:39:38";6.32
"Servidor-SPTECH";"ram";"ram_Usada";"GB";"2022-11-04 12:39:36";6.32
"Servidor-SPTECH";"ram";"ram_Usada";"GB";"2022-11-04 12:39:35";6.32
"Servidor-SPTECH";"ram";"ram_Usada";"GB";"2022-11-04 12:39:33";6.32
"Servidor-SPTECH";"ram";"ram_Usada";"GB";"2022-11-04 12:39:32";6.31
"Servidor-SPTECH";"ram";"ram_Usada";"GB";"2022-11-04 12:39:30";6.31
"Servidor-SPTECH";"ram";"ram_Usada";"GB";"2022-11-04 12:39:28";6.31
"Servidor-SPTECH";"ram";"ram_Usada";"GB";"2022-11-04 12:39:27";6.31
"Servidor-SPTECH";"ram";"ram_Usada";"GB";"2022-11-04 12:39:25";6.31
"Servidor-SPTECH";"ram";"ram_Usada";"GB";"2022-11-04 12:39:23";6.31
"Servidor-SPTECH";"ram";"ram_Usada";"GB";"2022-11-04 12:39:22";6.31
"Servidor-SPTECH";"ram";"ram_Usada";"GB";"2022-11-04 12:39:20";6.31
"Servidor-SPTECH";"ram";"ram_Usada";"GB";"2022-11-04 12:39:19";6.31
"Servidor-SPTECH";"ram";"ram_Usada";"GB";"2022-11-04 12:39:17";6.31
"Servidor-SPTECH";"ram";"ram_Usada";"GB";"2022-11-04 12:39:15";6.31
"Servidor-SPTECH";"ram";"ram_Usada";"GB";"2022-11-04 12:39:14";6.32
"Servidor-SPTECH";"ram";"ram_Usada";"GB";"2022-11-04 12:39:12";6.32
"Servidor-SPTECH";"ram";"ram_Usada";"GB";"2022-11-04 12:39:11";6.32
"Servidor-SPTECH";"ram";"ram_Usada";"GB";"2022-11-04 12:39:09";6.32
"Servidor-SPTECH";"ram";"ram_Usada";"GB";"2022-11-04 12:39:07";6.31
"Servidor-SPTECH";"ram";"ram_Usada";"GB";"2022-11-04 12:39:06";6.31
"Servidor-SPTECH";"ram";"ram_Usada";"GB";"2022-11-04 12:39:04";6.31
"Servidor-SPTECH";"ram";"ram_Usada";"GB";"2022-11-04 12:39:02";6.31
"Servidor-SPTECH";"ram";"ram_Usada";"GB";"2022-11-04 12:39:01";6.31
"Servidor-SPTECH";"ram";"ram_Usada";"GB";"2022-11-04 12:38:59";6.31
"Servidor-SPTECH";"ram";"ram_Usada";"GB";"2022-11-04 12:38:58";6.3
"Servidor-SPTECH";"ram";"ram_Usada";"GB";"2022-11-04 12:38:56";6.3
"Servidor-SPTECH";"ram";"ram_Usada";"GB";"2022-11-04 12:38:54";6.32
"Servidor-SPTECH";"ram";"ram_Usada";"GB";"2022-11-04 12:38:53";6.31
"Servidor-SPTECH";"ram";"ram_Usada";"GB";"2022-11-04 12:38:51";6.34
"Servidor-SPTECH";"ram";"ram_Usada";"GB";"2022-11-04 12:38:49";6.33
"Servidor-SPTECH";"ram";"ram_Usada";"GB";"2022-11-04 12:38:48";6.37
"Servidor-SPTECH";"ram";"ram_Usada";"GB";"2022-11-04 12:38:46";6.42
"Servidor-SPTECH";"ram";"ram_Usada";"GB";"2022-11-04 12:38:44";6.42
"Servidor-SPTECH";"ram";"ram_Usada";"GB";"2022-11-04 12:38:43";6.42
"Servidor-SPTECH";"ram";"ram_Usada";"GB";"2022-11-04 12:38:41";6.41
"Servidor-SPTECH";"ram";"ram_Usada";"GB";"2022-11-04 12:38:40";6.42
"Servidor-SPTECH";"ram";"ram_Usada";"GB";"2022-11-04 12:38:38";6.42
"Servidor-SPTECH";"ram";"ram_Usada";"GB";"2022-11-04 12:38:36";6.41
"Servidor-SPTECH";"ram";"ram_Usada";"GB";"2022-11-04 12:38:35";6.42
"Servidor-SPTECH";"ram";"ram_Usada";"GB";"2022-11-04 12:38:33";6.41
"Servidor-SPTECH";"ram";"ram_Usada";"GB";"2022-11-04 12:38:31";6.41
"Servidor-SPTECH";"ram";"ram_Usada";"GB";"2022-11-04 12:38:30";6.42
"Servidor-SPTECH";"ram";"ram_Usada";"GB";"2022-11-04 12:38:28";6.44
"Servidor-SPTECH";"ram";"ram_Usada";"GB";"2022-11-04 12:38:27";6.44
"Servidor-SPTECH";"ram";"ram_Usada";"GB";"2022-11-04 12:38:25";6.44
"Servidor-SPTECH";"ram";"ram_Usada";"GB";"2022-11-04 12:38:23";6.44
"Servidor-SPTECH";"ram";"ram_Usada";"GB";"2022-11-04 12:38:22";6.46
"Servidor-SPTECH";"ram";"ram_Usada";"GB";"2022-11-04 12:38:20";6.47
"Servidor-SPTECH";"ram";"ram_Usada";"GB";"2022-11-04 12:38:18";6.5
"Servidor-SPTECH";"ram";"ram_Usada";"GB";"2022-11-04 12:38:17";6.41
"Servidor-SPTECH";"ram";"ram_Usada";"GB";"2022-11-04 12:38:15";6.4
"Servidor-SPTECH";"ram";"ram_Usada";"GB";"2022-11-04 12:38:13";6.4
"Servidor-SPTECH";"ram";"ram_Usada";"GB";"2022-11-04 12:38:12";6.4
"Servidor-SPTECH";"ram";"ram_Usada";"GB";"2022-11-04 12:38:10";6.4
"Servidor-SPTECH";"ram";"ram_Usada";"GB";"2022-11-04 12:38:08";6.39
"Servidor-SPTECH";"ram";"ram_Usada";"GB";"2022-11-04 12:38:07";6.39
"Servidor-SPTECH";"ram";"ram_Usada";"GB";"2022-11-04 12:38:05";6.39
"Servidor-SPTECH";"ram";"ram_Usada";"GB";"2022-11-04 12:38:04";6.4
"Servidor-SPTECH";"ram";"ram_Usada";"GB";"2022-11-04 12:38:02";6.39
"Servidor-SPTECH";"ram";"ram_Usada";"GB";"2022-11-04 12:38:00";6.39
"Servidor-SPTECH";"ram";"ram_Usada";"GB";"2022-11-04 12:37:59";6.39
"Servidor-SPTECH";"ram";"ram_Usada";"GB";"2022-11-04 12:37:57";6.4
"Servidor-SPTECH";"ram";"ram_Usada";"GB";"2022-11-04 12:37:55";6.39
"Servidor-SPTECH";"ram";"ram_Usada";"GB";"2022-11-04 12:37:54";6.39
"Servidor-SPTECH";"ram";"ram_Usada";"GB";"2022-11-04 12:37:52";6.39
"Servidor-SPTECH";"ram";"ram_Usada";"GB";"2022-11-04 12:37:50";6.41
"Servidor-SPTECH";"ram";"ram_Usada";"GB";"2022-11-04 12:37:49";6.4
"Servidor-SPTECH";"ram";"ram_Usada";"GB";"2022-11-04 12:37:47";6.4
"Servidor-SPTECH";"ram";"ram_Usada";"GB";"2022-11-04 12:37:46";6.39
"Servidor-SPTECH";"ram";"ram_Usada";"GB";"2022-11-04 12:37:44";6.39
"Servidor-SPTECH";"ram";"ram_Usada";"GB";"2022-11-04 12:37:42";6.39
"Servidor-SPTECH";"ram";"ram_Usada";"GB";"2022-11-04 12:37:41";6.39
"Servidor-SPTECH";"ram";"ram_Usada";"GB";"2022-11-04 12:37:39";6.39
"Servidor-SPTECH";"ram";"ram_Usada";"GB";"2022-11-04 12:37:37";6.4
"Servidor-SPTECH";"ram";"ram_Usada";"GB";"2022-11-04 12:37:36";6.4
"Servidor-SPTECH";"ram";"ram_Usada";"GB";"2022-11-04 12:37:34";6.41
"Servidor-SPTECH";"ram";"ram_Usada";"GB";"2022-11-04 12:37:33";6.41
"Servidor-SPTECH";"ram";"ram_Usada";"GB";"2022-11-04 12:37:31";6.41
"Servidor-SPTECH";"ram";"ram_Usada";"GB";"2022-11-04 12:37:29";6.4
"Servidor-SPTECH";"ram";"ram_Usada";"GB";"2022-11-04 12:37:28";6.4
"Servidor-SPTECH";"ram";"ram_Usada";"GB";"2022-11-04 12:37:26";6.4
"Servidor-SPTECH";"ram";"ram_Usada";"GB";"2022-11-04 12:37:24";6.39
"Servidor-SPTECH";"ram";"ram_Usada";"GB";"2022-11-04 12:37:23";6.39
"Servidor-SPTECH";"ram";"ram_Usada";"GB";"2022-11-04 12:37:21";6.39
"Servidor-SPTECH";"ram";"ram_Usada";"GB";"2022-11-04 12:37:19";6.39
"Servidor-SPTECH";"ram";"ram_Usada";"GB";"2022-11-04 12:37:18";6.39
"Servidor-SPTECH";"ram";"ram_Usada";"GB";"2022-11-04 12:37:16";6.39
"Servidor-SPTECH";"ram";"ram_Usada";"GB";"2022-11-04 12:37:14";6.39
"Servidor-SPTECH";"ram";"ram_Usada";"GB";"2022-11-04 12:37:13";6.39
"Servidor-SPTECH";"ram";"ram_Usada";"GB";"2022-11-04 12:37:11";6.39
"Servidor-SPTECH";"ram";"ram_Usada";"GB";"2022-11-04 12:37:10";6.38
"Servidor-SPTECH";"ram";"ram_Usada";"GB";"2022-11-04 12:37:08";6.38
"Servidor-SPTECH";"ram";"ram_Usada";"GB";"2022-11-04 12:37:06";6.38
"Servidor-SPTECH";"ram";"ram_Usada";"GB";"2022-11-04 12:37:05";6.38
"Servidor-SPTECH";"ram";"ram_Usada";"GB";"2022-11-04 12:37:03";6.38
"Servidor-SPTECH";"ram";"ram_Usada";"GB";"2022-11-04 12:37:01";6.38
"Servidor-SPTECH";"ram";"ram_Usada";"GB";"2022-11-04 12:37:00";6.39
"Servidor-SPTECH";"ram";"ram_Usada";"GB";"2022-11-04 12:36:58";6.38
"Servidor-SPTECH";"ram";"ram_Usada";"GB";"2022-11-04 12:36:56";6.39
"Servidor-SPTECH";"ram";"ram_Usada";"GB";"2022-11-04 12:36:55";6.4
"Servidor-SPTECH";"ram";"ram_Usada";"GB";"2022-11-04 12:36:53";6.4
"Servidor-SPTECH";"ram";"ram_Usada";"GB";"2022-11-04 12:36:51";6.4
"Servidor-SPTECH";"ram";"ram_Usada";"GB";"2022-11-04 12:36:50";6.4
"Servidor-SPTECH";"ram";"ram_Usada";"GB";"2022-11-04 12:36:48";6.4
"Servidor-SPTECH";"ram";"ram_Usada";"GB";"2022-11-04 12:36:47";6.4
"Servidor-SPTECH";"ram";"ram_Usada";"GB";"2022-11-04 12:36:45";6.39
"Servidor-SPTECH";"ram";"ram_Usada";"GB";"2022-11-04 12:36:43";6.39
"Servidor-SPTECH";"ram";"ram_Usada";"GB";"2022-11-04 12:36:42";6.39
"Servidor-SPTECH";"ram";"ram_Usada";"GB";"2022-11-04 12:36:40";6.39
"Servidor-SPTECH";"ram";"ram_Usada";"GB";"2022-11-04 12:36:38";6.4
"Servidor-SPTECH";"ram";"ram_Usada";"GB";"2022-11-04 12:36:37";6.4
"Servidor-SPTECH";"ram";"ram_Usada";"GB";"2022-11-04 12:36:35";6.4
"Servidor-SPTECH";"ram";"ram_Usada";"GB";"2022-11-04 12:36:34";6.4
"Servidor-SPTECH";"ram";"ram_Usada";"GB";"2022-11-04 12:36:32";6.41
"Servidor-SPTECH";"ram";"ram_Usada";"GB";"2022-11-04 12:36:30";6.4
"Servidor-SPTECH";"ram";"ram_Usada";"GB";"2022-11-04 12:36:29";6.4
"Servidor-SPTECH";"ram";"ram_Usada";"GB";"2022-11-04 12:36:27";6.4
"Servidor-SPTECH";"ram";"ram_Usada";"GB";"2022-11-04 12:36:25";6.41
"Servidor-SPTECH";"ram";"ram_Usada";"GB";"2022-11-04 12:36:24";6.43
"Servidor-SPTECH";"ram";"ram_Usada";"GB";"2022-11-04 12:36:22";6.44
"Servidor-SPTECH";"ram";"ram_Usada";"GB";"2022-11-04 12:36:21";6.45
"Servidor-SPTECH";"ram";"ram_Usada";"GB";"2022-11-04 12:36:19";6.47
"Servidor-SPTECH";"ram";"ram_Usada";"GB";"2022-11-04 12:36:17";6.48
"Servidor-SPTECH";"ram";"ram_Usada";"GB";"2022-11-04 12:36:15";6.48
"Servidor-SPTECH";"ram";"ram_Usada";"GB";"2022-11-04 12:36:14";6.47
"Servidor-SPTECH";"ram";"ram_Usada";"GB";"2022-11-04 12:36:12";6.45
"Servidor-SPTECH";"ram";"ram_Usada";"GB";"2022-11-04 12:36:10";6.46
"Servidor-SPTECH";"ram";"ram_Usada";"GB";"2022-11-04 12:36:09";6.46
"Servidor-SPTECH";"ram";"ram_Usada";"GB";"2022-11-04 12:36:07";6.46
"Servidor-SPTECH";"ram";"ram_Usada";"GB";"2022-11-04 12:36:05";6.46
"Servidor-SPTECH";"ram";"ram_Usada";"GB";"2022-11-04 12:36:04";6.46
"Servidor-SPTECH";"ram";"ram_Usada";"GB";"2022-11-04 12:36:02";6.42
"Servidor-SPTECH";"ram";"ram_Usada";"GB";"2022-11-04 12:36:00";6.44
"Servidor-SPTECH";"ram";"ram_Usada";"GB";"2022-11-04 12:35:58";6.42
"Servidor-SPTECH";"ram";"ram_Usada";"GB";"2022-11-04 12:35:57";6.44
"Servidor-SPTECH";"ram";"ram_Usada";"GB";"2022-11-04 12:35:55";6.45
"Servidor-SPTECH";"ram";"ram_Usada";"GB";"2022-11-04 12:35:54";6.44
"Servidor-SPTECH";"ram";"ram_Usada";"GB";"2022-11-04 12:35:52";6.46
"Servidor-SPTECH";"ram";"ram_Usada";"GB";"2022-11-04 12:35:50";6.47
"Servidor-SPTECH";"ram";"ram_Usada";"GB";"2022-11-04 12:35:49";6.47
"Servidor-SPTECH";"ram";"ram_Usada";"GB";"2022-11-04 12:35:47";6.47
"Servidor-SPTECH";"ram";"ram_Usada";"GB";"2022-11-04 12:35:45";6.46
"Servidor-SPTECH";"ram";"ram_Usada";"GB";"2022-11-04 12:35:44";6.46
"Servidor-SPTECH";"ram";"ram_Usada";"GB";"2022-11-04 12:35:42";6.46
"Servidor-SPTECH";"ram";"ram_Usada";"GB";"2022-11-04 12:35:40";6.42
"Servidor-SPTECH";"ram";"ram_Usada";"GB";"2022-11-04 12:35:38";6.41
"Servidor-SPTECH";"ram";"ram_Usada";"GB";"2022-11-04 12:35:36";6.41
"Servidor-SPTECH";"ram";"ram_Usada";"GB";"2022-11-04 12:35:35";6.4
"Servidor-SPTECH";"ram";"ram_Usada";"GB";"2022-11-04 12:35:33";6.38
"Servidor-SPTECH";"ram";"ram_Usada";"GB";"2022-11-04 12:35:32";6.38
"Servidor-SPTECH";"ram";"ram_Usada";"GB";"2022-11-04 12:35:30";6.38
"Servidor-SPTECH";"ram";"ram_Usada";"GB";"2022-11-04 12:35:28";6.36
"Servidor-SPTECH";"ram";"ram_Usada";"GB";"2022-11-04 12:35:27";6.33
"Servidor-SPTECH";"ram";"ram_Usada";"GB";"2022-11-04 12:35:25";6.17
"Servidor-SPTECH";"ram";"ram_Usada";"GB";"2022-11-04 12:35:23";6.07
"Servidor-SPTECH";"ram";"ram_Usada";"GB";"2022-11-04 12:35:22";6.07
"Servidor-SPTECH";"ram";"ram_Usada";"GB";"2022-11-04 12:35:20";6.07
"Servidor-SPTECH";"ram";"ram_Usada";"GB";"2022-11-04 12:35:18";6.07
"Servidor-SPTECH";"ram";"ram_Usada";"GB";"2022-11-04 12:35:17";6.06
"Servidor-SPTECH";"ram";"ram_Usada";"GB";"2022-11-04 12:35:15";6.06
"Servidor-SPTECH";"ram";"ram_Usada";"GB";"2022-11-04 12:35:14";6.07
"Servidor-SPTECH";"ram";"ram_Usada";"GB";"2022-11-04 12:35:12";6.07
"Servidor-SPTECH";"ram";"ram_Usada";"GB";"2022-11-04 12:35:10";6.06
"Servidor-SPTECH";"ram";"ram_Usada";"GB";"2022-11-04 12:35:09";6.07
"Servidor-SPTECH";"ram";"ram_Usada";"GB";"2022-11-04 12:35:07";6.06
"Servidor-SPTECH";"ram";"ram_Usada";"GB";"2022-11-04 12:35:05";6.06
"Servidor-SPTECH";"ram";"ram_Usada";"GB";"2022-11-04 12:35:04";6.06
"Servidor-SPTECH";"ram";"ram_Usada";"GB";"2022-11-04 12:35:02";6.06
"Servidor-SPTECH";"ram";"ram_Usada";"GB";"2022-11-04 12:35:00";6.05
"Servidor-SPTECH";"ram";"ram_Usada";"GB";"2022-11-04 12:34:59";6.05
"Servidor-SPTECH";"ram";"ram_Usada";"GB";"2022-11-04 12:34:57";6.05
"Servidor-SPTECH";"ram";"ram_Usada";"GB";"2022-11-04 12:34:56";6.05
"Servidor-SPTECH";"ram";"ram_Usada";"GB";"2022-11-04 12:34:54";6.04
"Servidor-SPTECH";"ram";"ram_Usada";"GB";"2022-11-04 12:34:52";6.05
"Servidor-SPTECH";"ram";"ram_Usada";"GB";"2022-11-04 12:34:51";6.06
"Servidor-SPTECH";"ram";"ram_Usada";"GB";"2022-11-04 12:34:49";6.07
"Servidor-SPTECH";"ram";"ram_Usada";"GB";"2022-11-04 12:34:47";6.05
"Servidor-SPTECH";"ram";"ram_Usada";"GB";"2022-11-04 12:34:46";6.05
"Servidor-SPTECH";"ram";"ram_Usada";"GB";"2022-11-04 12:34:44";6.06
"Servidor-SPTECH";"ram";"ram_Usada";"GB";"2022-11-04 12:34:43";6.05
"Servidor-SPTECH";"ram";"ram_Usada";"GB";"2022-11-04 12:34:41";6.05
"Servidor-SPTECH";"ram";"ram_Usada";"GB";"2022-11-04 12:34:39";6.06
"Servidor-SPTECH";"ram";"ram_Usada";"GB";"2022-11-04 12:34:38";6.05
"Servidor-SPTECH";"ram";"ram_Usada";"GB";"2022-11-04 12:34:36";6.05
"Servidor-SPTECH";"ram";"ram_Usada";"GB";"2022-11-04 12:34:35";6.05
"Servidor-SPTECH";"ram";"ram_Usada";"GB";"2022-11-04 12:34:33";6.05
"Servidor-SPTECH";"ram";"ram_Usada";"GB";"2022-11-04 12:34:31";6.04
"Servidor-SPTECH";"ram";"ram_Usada";"GB";"2022-11-04 12:34:30";6.04
"Servidor-SPTECH";"ram";"ram_Usada";"GB";"2022-11-04 12:34:28";6.04
"Servidor-SPTECH";"ram";"ram_Usada";"GB";"2022-11-04 12:34:26";6.1
"Servidor-SPTECH";"ram";"ram_Usada";"GB";"2022-11-04 12:34:25";6.35
"Servidor-SPTECH";"ram";"ram_Usada";"GB";"2022-11-04 12:34:23";6.31
"Servidor-SPTECH";"ram";"ram_Usada";"GB";"2022-11-04 12:34:21";6.3
"Servidor-SPTECH";"ram";"ram_Usada";"GB";"2022-11-04 12:34:19";6.28
"Servidor-SPTECH";"ram";"ram_Usada";"GB";"2022-11-04 12:34:18";6.28
"Servidor-SPTECH";"ram";"ram_Usada";"GB";"2022-11-04 12:34:16";6.27
"Servidor-SPTECH";"ram";"ram_Usada";"GB";"2022-11-04 12:34:15";6.27
"Servidor-SPTECH";"ram";"ram_Usada";"GB";"2022-11-04 12:34:13";6.27
"Servidor-SPTECH";"ram";"ram_Usada";"GB";"2022-11-04 12:34:11";6.28
"Servidor-SPTECH";"ram";"ram_Usada";"GB";"2022-11-04 12:34:10";6.27
"Servidor-SPTECH";"ram";"ram_Usada";"GB";"2022-11-04 12:34:08";6.27
"Servidor-SPTECH";"ram";"ram_Usada";"GB";"2022-11-04 12:34:06";6.27
"Servidor-SPTECH";"ram";"ram_Usada";"GB";"2022-11-04 12:34:05";6.27
"Servidor-SPTECH";"ram";"ram_Usada";"GB";"2022-11-04 12:34:03";6.27
"Servidor-SPTECH";"ram";"ram_Usada";"GB";"2022-11-04 12:34:01";6.27
"Servidor-SPTECH";"ram";"ram_Usada";"GB";"2022-11-04 12:34:00";6.27
"Servidor-SPTECH";"ram";"ram_Usada";"GB";"2022-11-04 12:33:58";6.27
"Servidor-SPTECH";"ram";"ram_Usada";"GB";"2022-11-04 12:33:57";6.26
"Servidor-SPTECH";"ram";"ram_Usada";"GB";"2022-11-04 12:33:55";6.26
"Servidor-SPTECH";"ram";"ram_Usada";"GB";"2022-11-04 12:33:53";6.28
"Servidor-SPTECH";"ram";"ram_Usada";"GB";"2022-11-04 12:33:52";6.31
"Servidor-SPTECH";"ram";"ram_Usada";"GB";"2022-11-04 12:33:50";6.28
"Servidor-SPTECH";"ram";"ram_Usada";"GB";"2022-11-04 12:33:48";6.29
"Servidor-SPTECH";"ram";"ram_Usada";"GB";"2022-11-04 12:33:47";6.29
"Servidor-SPTECH";"ram";"ram_Usada";"GB";"2022-11-04 12:33:45";6.39
"Servidor-SPTECH";"ram";"ram_Usada";"GB";"2022-11-04 12:33:44";6.43
"Servidor-SPTECH";"ram";"ram_Usada";"GB";"2022-11-04 12:33:42";6.43
"Servidor-SPTECH";"ram";"ram_Usada";"GB";"2022-11-04 12:33:40";6.43
"Servidor-SPTECH";"ram";"ram_Usada";"GB";"2022-11-04 12:33:39";6.43
"Servidor-SPTECH";"ram";"ram_Usada";"GB";"2022-11-04 12:33:37";6.45
"Servidor-SPTECH";"ram";"ram_Usada";"GB";"2022-11-04 12:33:35";6.46
"Servidor-SPTECH";"ram";"ram_Usada";"GB";"2022-11-04 12:33:34";6.45
"Servidor-SPTECH";"ram";"ram_Usada";"GB";"2022-11-04 12:33:32";6.43
"Servidor-SPTECH";"ram";"ram_Usada";"GB";"2022-11-04 12:33:30";6.44
"Servidor-SPTECH";"ram";"ram_Usada";"GB";"2022-11-04 12:33:29";6.43
"Servidor-SPTECH";"ram";"ram_Usada";"GB";"2022-11-04 12:33:27";6.38
"Servidor-SPTECH";"ram";"ram_Usada";"GB";"2022-11-04 12:33:25";6.38
"Servidor-SPTECH";"ram";"ram_Usada";"GB";"2022-11-04 12:33:24";6.38
"Servidor-SPTECH";"ram";"ram_Usada";"GB";"2022-11-04 12:33:22";6.38
"Servidor-SPTECH";"ram";"ram_Usada";"GB";"2022-11-04 12:33:21";6.37
"Servidor-SPTECH";"ram";"ram_Usada";"GB";"2022-11-04 12:33:19";6.37
"Servidor-SPTECH";"ram";"ram_Usada";"GB";"2022-11-04 12:33:17";6.37
"Servidor-SPTECH";"ram";"ram_Usada";"GB";"2022-11-04 12:33:16";6.42
"Servidor-SPTECH";"ram";"ram_Usada";"GB";"2022-11-04 12:33:14";6.56
"Servidor-SPTECH";"ram";"ram_Usada";"GB";"2022-11-04 12:33:12";6.56
"Servidor-SPTECH";"ram";"ram_Usada";"GB";"2022-11-04 12:33:11";6.56
"Servidor-SPTECH";"ram";"ram_Usada";"GB";"2022-11-04 12:33:09";6.56
"Servidor-SPTECH";"ram";"ram_Usada";"GB";"2022-11-04 12:33:07";6.56
"Servidor-SPTECH";"ram";"ram_Usada";"GB";"2022-11-04 12:33:06";6.56
"Servidor-SPTECH";"ram";"ram_Usada";"GB";"2022-11-04 12:33:04";6.55
"Servidor-SPTECH";"ram";"ram_Usada";"GB";"2022-11-04 12:33:02";6.55
"Servidor-SPTECH";"ram";"ram_Usada";"GB";"2022-11-04 12:33:01";6.55
"Servidor-SPTECH";"ram";"ram_Usada";"GB";"2022-11-04 12:32:59";6.55
"Servidor-SPTECH";"ram";"ram_Usada";"GB";"2022-11-04 12:32:58";6.55
"Servidor-SPTECH";"ram";"ram_Usada";"GB";"2022-11-04 12:32:56";6.55
"Servidor-SPTECH";"ram";"ram_Usada";"GB";"2022-11-04 12:32:54";6.55
"Servidor-SPTECH";"ram";"ram_Usada";"GB";"2022-11-04 12:32:53";6.54
"Servidor-SPTECH";"ram";"ram_Usada";"GB";"2022-11-04 12:32:51";6.57
"Servidor-SPTECH";"ram";"ram_Usada";"GB";"2022-11-04 12:32:49";6.57
"Servidor-SPTECH";"ram";"ram_Usada";"GB";"2022-11-04 12:32:48";6.57
"Servidor-SPTECH";"ram";"ram_Usada";"GB";"2022-11-04 12:32:46";6.57
"Servidor-SPTECH";"ram";"ram_Usada";"GB";"2022-11-04 12:32:45";6.57
"Servidor-SPTECH";"ram";"ram_Usada";"GB";"2022-11-04 12:32:43";6.57
"Servidor-SPTECH";"ram";"ram_Usada";"GB";"2022-11-04 12:32:41";6.56
"Servidor-SPTECH";"ram";"ram_Usada";"GB";"2022-11-04 12:32:40";6.56
"Servidor-SPTECH";"ram";"ram_Usada";"GB";"2022-11-04 12:32:38";6.56
"Servidor-SPTECH";"ram";"ram_Usada";"GB";"2022-11-04 12:32:36";6.56
"Servidor-SPTECH";"ram";"ram_Usada";"GB";"2022-11-04 12:32:35";6.56
"Servidor-SPTECH";"ram";"ram_Usada";"GB";"2022-11-04 12:32:33";6.56
"Servidor-SPTECH";"ram";"ram_Usada";"GB";"2022-11-04 12:32:31";6.56
"Servidor-SPTECH";"ram";"ram_Usada";"GB";"2022-11-04 12:32:30";6.56
"Servidor-SPTECH";"ram";"ram_Usada";"GB";"2022-11-04 12:32:28";6.55
"Servidor-SPTECH";"ram";"ram_Usada";"GB";"2022-11-04 12:32:27";6.56
"Servidor-SPTECH";"ram";"ram_Usada";"GB";"2022-11-04 12:32:25";6.56
"Servidor-SPTECH";"ram";"ram_Usada";"GB";"2022-11-04 12:32:23";6.55
"Servidor-SPTECH";"ram";"ram_Usada";"GB";"2022-11-04 12:32:22";6.54
"Servidor-SPTECH";"ram";"ram_Usada";"GB";"2022-11-04 12:32:20";6.54
"Servidor-SPTECH";"ram";"ram_Usada";"GB";"2022-11-04 12:32:18";6.54
"Servidor-SPTECH";"ram";"ram_Usada";"GB";"2022-11-04 12:32:17";6.54
"Servidor-SPTECH";"ram";"ram_Usada";"GB";"2022-11-04 12:32:15";6.54
"Servidor-SPTECH";"ram";"ram_Usada";"GB";"2022-11-04 12:32:14";6.55
"Servidor-SPTECH";"ram";"ram_Usada";"GB";"2022-11-04 12:32:12";6.55
"Servidor-SPTECH";"ram";"ram_Usada";"GB";"2022-11-04 12:32:10";6.53
"Servidor-SPTECH";"ram";"ram_Usada";"GB";"2022-11-04 12:32:09";6.52
"Servidor-SPTECH";"ram";"ram_Usada";"GB";"2022-11-04 12:32:07";6.52
"Servidor-SPTECH";"ram";"ram_Usada";"GB";"2022-11-04 12:32:06";6.52
"Servidor-SPTECH";"ram";"ram_Usada";"GB";"2022-11-04 12:32:04";6.52
"Servidor-SPTECH";"ram";"ram_Usada";"GB";"2022-11-04 12:32:02";6.52
"Servidor-SPTECH";"ram";"ram_Usada";"GB";"2022-11-04 12:32:01";6.52
"Servidor-SPTECH";"ram";"ram_Usada";"GB";"2022-11-04 12:31:59";6.52
"Servidor-SPTECH";"ram";"ram_Usada";"GB";"2022-11-04 12:31:57";6.53
"Servidor-SPTECH";"ram";"ram_Usada";"GB";"2022-11-04 12:31:56";6.53
"Servidor-SPTECH";"ram";"ram_Usada";"GB";"2022-11-04 12:31:54";6.53
"Servidor-SPTECH";"ram";"ram_Usada";"GB";"2022-11-04 12:31:52";6.52
"Servidor-SPTECH";"ram";"ram_Usada";"GB";"2022-11-04 12:31:51";6.55
"Servidor-SPTECH";"ram";"ram_Usada";"GB";"2022-11-04 12:31:49";6.55
"Servidor-SPTECH";"ram";"ram_Usada";"GB";"2022-11-04 12:31:47";6.54
"Servidor-SPTECH";"ram";"ram_Usada";"GB";"2022-11-04 12:31:46";6.54
"Servidor-SPTECH";"ram";"ram_Usada";"GB";"2022-11-04 12:31:44";6.54
"Servidor-SPTECH";"ram";"ram_Usada";"GB";"2022-11-04 12:31:42";6.54
"Servidor-SPTECH";"ram";"ram_Usada";"GB";"2022-11-04 12:31:41";6.54
"Servidor-SPTECH";"ram";"ram_Usada";"GB";"2022-11-04 12:31:39";6.53
"Servidor-SPTECH";"ram";"ram_Usada";"GB";"2022-11-04 12:31:37";6.53
"Servidor-SPTECH";"ram";"ram_Usada";"GB";"2022-11-04 12:31:36";6.54
"Servidor-SPTECH";"ram";"ram_Usada";"GB";"2022-11-04 12:31:34";6.54
"Servidor-SPTECH";"ram";"ram_Usada";"GB";"2022-11-04 12:31:33";6.54
"Servidor-SPTECH";"ram";"ram_Usada";"GB";"2022-11-04 12:31:31";6.54
"Servidor-SPTECH";"ram";"ram_Usada";"GB";"2022-11-04 12:31:29";6.53
"Servidor-SPTECH";"ram";"ram_Usada";"GB";"2022-11-04 12:31:28";6.56
"Servidor-SPTECH";"ram";"ram_Usada";"GB";"2022-11-04 12:31:26";6.56
"Servidor-SPTECH";"ram";"ram_Usada";"GB";"2022-11-04 12:31:24";6.55
"Servidor-SPTECH";"ram";"ram_Usada";"GB";"2022-11-04 12:31:23";6.55
"Servidor-SPTECH";"ram";"ram_Usada";"GB";"2022-11-04 12:31:21";6.56
"Servidor-SPTECH";"ram";"ram_Usada";"GB";"2022-11-04 12:31:19";6.55
"Servidor-SPTECH";"ram";"ram_Usada";"GB";"2022-11-04 12:31:18";6.55
"Servidor-SPTECH";"ram";"ram_Usada";"GB";"2022-11-04 12:31:16";6.55
"Servidor-SPTECH";"ram";"ram_Usada";"GB";"2022-11-04 12:31:15";6.55
"Servidor-SPTECH";"ram";"ram_Usada";"GB";"2022-11-04 12:31:13";6.55
"Servidor-SPTECH";"ram";"ram_Usada";"GB";"2022-11-04 12:31:11";6.55
"Servidor-SPTECH";"ram";"ram_Usada";"GB";"2022-11-04 12:31:10";6.55
"Servidor-SPTECH";"ram";"ram_Usada";"GB";"2022-11-04 12:31:08";6.56
"Servidor-SPTECH";"ram";"ram_Usada";"GB";"2022-11-04 12:31:07";6.56
"Servidor-SPTECH";"ram";"ram_Usada";"GB";"2022-11-04 12:31:05";6.56
"Servidor-SPTECH";"ram";"ram_Usada";"GB";"2022-11-04 12:31:03";6.56
"Servidor-SPTECH";"ram";"ram_Usada";"GB";"2022-11-04 12:31:02";6.55
"Servidor-SPTECH";"ram";"ram_Usada";"GB";"2022-11-04 12:31:00";6.55
"Servidor-SPTECH";"ram";"ram_Usada";"GB";"2022-11-04 12:30:58";6.54
"Servidor-SPTECH";"ram";"ram_Usada";"GB";"2022-11-04 12:30:57";6.54
"Servidor-SPTECH";"ram";"ram_Usada";"GB";"2022-11-04 12:30:55";6.55
"Servidor-SPTECH";"ram";"ram_Usada";"GB";"2022-11-04 12:30:53";6.54
"Servidor-SPTECH";"ram";"ram_Usada";"GB";"2022-11-04 12:30:52";6.56
"Servidor-SPTECH";"ram";"ram_Usada";"GB";"2022-11-04 12:30:50";6.57
"Servidor-SPTECH";"ram";"ram_Usada";"GB";"2022-11-04 12:30:49";6.59
"Servidor-SPTECH";"ram";"ram_Usada";"GB";"2022-11-04 12:30:47";6.59
"Servidor-SPTECH";"ram";"ram_Usada";"GB";"2022-11-04 12:30:45";6.64
"Servidor-SPTECH";"ram";"ram_Usada";"GB";"2022-11-04 12:30:44";6.64
"Servidor-SPTECH";"ram";"ram_Usada";"GB";"2022-11-04 12:30:42";6.64
"Servidor-SPTECH";"ram";"ram_Usada";"GB";"2022-11-04 12:30:40";6.64
"Servidor-SPTECH";"ram";"ram_Usada";"GB";"2022-11-04 12:30:39";6.64
"Servidor-SPTECH";"ram";"ram_Usada";"GB";"2022-11-04 12:30:37";6.64
"Servidor-SPTECH";"ram";"ram_Usada";"GB";"2022-11-04 12:30:35";6.64
"Servidor-SPTECH";"ram";"ram_Usada";"GB";"2022-11-04 12:30:34";6.73
"Servidor-SPTECH";"ram";"ram_Usada";"GB";"2022-11-04 12:30:32";6.73
"Servidor-SPTECH";"ram";"ram_Usada";"GB";"2022-11-04 12:30:31";6.74
"Servidor-SPTECH";"ram";"ram_Usada";"GB";"2022-11-04 12:30:29";6.78
"Servidor-SPTECH";"ram";"ram_Usada";"GB";"2022-11-04 12:30:27";6.84
"Servidor-SPTECH";"ram";"ram_Usada";"GB";"2022-11-04 12:30:26";6.84
"Servidor-SPTECH";"ram";"ram_Usada";"GB";"2022-11-04 12:30:24";7.04
"Servidor-SPTECH";"ram";"ram_Usada";"GB";"2022-11-04 12:30:22";7.43
"Servidor-SPTECH";"ram";"ram_Usada";"GB";"2022-11-04 12:30:21";7.49
"Servidor-SPTECH";"ram";"ram_Usada";"GB";"2022-11-04 12:30:19";6.98
"Servidor-SPTECH";"ram";"ram_Usada";"GB";"2022-11-04 12:30:17";6.98
"Servidor-SPTECH";"ram";"ram_Usada";"GB";"2022-11-04 12:30:16";6.96
"Servidor-SPTECH";"ram";"ram_Usada";"GB";"2022-11-04 12:30:14";6.94
"Servidor-SPTECH";"ram";"ram_Usada";"GB";"2022-11-04 12:30:12";6.95
"Servidor-SPTECH";"ram";"ram_Usada";"GB";"2022-11-04 12:30:11";6.95
"Servidor-SPTECH";"ram";"ram_Usada";"GB";"2022-11-04 12:30:09";6.96
"Servidor-SPTECH";"ram";"ram_Usada";"GB";"2022-11-04 12:30:07";6.95
"Servidor-SPTECH";"ram";"ram_Usada";"GB";"2022-11-04 12:30:06";6.95
"Servidor-SPTECH";"ram";"ram_Usada";"GB";"2022-11-04 12:30:04";6.95
"Servidor-SPTECH";"ram";"ram_Usada";"GB";"2022-11-04 12:30:03";6.93
"Servidor-SPTECH";"ram";"ram_Usada";"GB";"2022-11-04 12:30:01";6.94
"Servidor-SPTECH";"ram";"ram_Usada";"GB";"2022-11-04 12:29:59";6.93
"Servidor-SPTECH";"ram";"ram_Usada";"GB";"2022-11-04 12:29:58";6.93
"Servidor-SPTECH";"ram";"ram_Usada";"GB";"2022-11-04 12:29:56";6.94
"Servidor-SPTECH";"ram";"ram_Usada";"GB";"2022-11-04 12:29:54";6.93
"Servidor-SPTECH";"ram";"ram_Usada";"GB";"2022-11-04 12:29:53";6.93
"Servidor-SPTECH";"ram";"ram_Usada";"GB";"2022-11-04 12:29:51";6.95
"Servidor-SPTECH";"ram";"ram_Usada";"GB";"2022-11-04 12:29:50";6.95
"Servidor-SPTECH";"ram";"ram_Usada";"GB";"2022-11-04 12:29:48";6.95
"Servidor-SPTECH";"ram";"ram_Usada";"GB";"2022-11-04 12:29:46";6.95
"Servidor-SPTECH";"ram";"ram_Usada";"GB";"2022-11-04 12:29:45";6.95
"Servidor-SPTECH";"ram";"ram_Usada";"GB";"2022-11-04 12:29:43";6.95
"Servidor-SPTECH";"ram";"ram_Usada";"GB";"2022-11-04 12:29:41";6.95
"Servidor-SPTECH";"ram";"ram_Usada";"GB";"2022-11-04 12:29:40";6.95
"Servidor-SPTECH";"ram";"ram_Usada";"GB";"2022-11-04 12:29:38";6.96
"Servidor-SPTECH";"ram";"ram_Usada";"GB";"2022-11-04 12:29:36";6.95
"Servidor-SPTECH";"ram";"ram_Usada";"GB";"2022-11-04 12:29:35";6.95
"Servidor-SPTECH";"ram";"ram_Usada";"GB";"2022-11-04 12:29:33";6.94
"Servidor-SPTECH";"ram";"ram_Usada";"GB";"2022-11-04 12:29:32";6.95
"Servidor-SPTECH";"ram";"ram_Usada";"GB";"2022-11-04 12:29:30";6.94
"Servidor-SPTECH";"ram";"ram_Usada";"GB";"2022-11-04 12:29:28";6.94
"Servidor-SPTECH";"ram";"ram_Usada";"GB";"2022-11-04 12:29:26";6.94
"Servidor-SPTECH";"ram";"ram_Usada";"GB";"2022-11-04 12:29:25";6.94
"Servidor-SPTECH";"ram";"ram_Usada";"GB";"2022-11-04 12:29:23";6.94
"Servidor-SPTECH";"ram";"ram_Usada";"GB";"2022-11-04 12:29:21";6.94
"Servidor-SPTECH";"ram";"ram_Usada";"GB";"2022-11-04 12:29:20";6.93
"Servidor-SPTECH";"ram";"ram_Usada";"GB";"2022-11-04 12:29:18";6.93
"Servidor-SPTECH";"ram";"ram_Usada";"GB";"2022-11-04 12:29:17";6.93
"Servidor-SPTECH";"ram";"ram_Usada";"GB";"2022-11-04 12:29:15";6.93
"Servidor-SPTECH";"ram";"ram_Usada";"GB";"2022-11-04 12:29:13";6.94
"Servidor-SPTECH";"ram";"ram_Usada";"GB";"2022-11-04 12:29:12";6.94
"Servidor-SPTECH";"ram";"ram_Usada";"GB";"2022-11-04 12:29:10";6.94
"Servidor-SPTECH";"ram";"ram_Usada";"GB";"2022-11-04 12:29:08";6.93
"Servidor-SPTECH";"ram";"ram_Usada";"GB";"2022-11-04 12:29:07";6.94
"Servidor-SPTECH";"ram";"ram_Usada";"GB";"2022-11-04 12:29:05";6.93
"Servidor-SPTECH";"ram";"ram_Usada";"GB";"2022-11-04 12:29:03";6.93
"Servidor-SPTECH";"ram";"ram_Usada";"GB";"2022-11-04 12:29:02";6.93
"Servidor-SPTECH";"ram";"ram_Usada";"GB";"2022-11-04 12:29:00";6.94
"Servidor-SPTECH";"ram";"ram_Usada";"GB";"2022-11-04 12:28:58";6.93
"Servidor-SPTECH";"ram";"ram_Usada";"GB";"2022-11-04 12:28:57";6.93
"Servidor-SPTECH";"ram";"ram_Usada";"GB";"2022-11-04 12:28:55";6.93
"Servidor-SPTECH";"ram";"ram_Usada";"GB";"2022-11-04 12:28:53";6.93
"Servidor-SPTECH";"ram";"ram_Usada";"GB";"2022-11-04 12:28:52";6.96
"Servidor-SPTECH";"ram";"ram_Usada";"GB";"2022-11-04 12:28:50";6.95
"Servidor-SPTECH";"ram";"ram_Usada";"GB";"2022-11-04 12:28:48";6.95
"Servidor-SPTECH";"ram";"ram_Usada";"GB";"2022-11-04 12:28:47";6.95
"Servidor-SPTECH";"ram";"ram_Usada";"GB";"2022-11-04 12:28:45";6.94
"Servidor-SPTECH";"ram";"ram_Usada";"GB";"2022-11-04 12:28:44";6.99
"Servidor-SPTECH";"ram";"ram_Usada";"GB";"2022-11-04 12:28:42";6.99
"Servidor-SPTECH";"ram";"ram_Usada";"GB";"2022-11-04 12:28:40";6.99
"Servidor-SPTECH";"ram";"ram_Usada";"GB";"2022-11-04 12:28:38";6.99
"Servidor-SPTECH";"ram";"ram_Usada";"GB";"2022-11-04 12:28:37";7.0
"Servidor-SPTECH";"ram";"ram_Usada";"GB";"2022-11-04 12:28:35";6.99
"Servidor-SPTECH";"ram";"ram_Usada";"GB";"2022-11-04 12:28:33";7.0
"Servidor-SPTECH";"ram";"ram_Usada";"GB";"2022-11-04 12:28:32";7.0
"Servidor-SPTECH";"ram";"ram_Usada";"GB";"2022-11-04 12:28:30";7.01
"Servidor-SPTECH";"ram";"ram_Usada";"GB";"2022-11-04 12:28:28";7.0
"Servidor-SPTECH";"ram";"ram_Usada";"GB";"2022-11-04 12:28:27";7.0
"Servidor-SPTECH";"ram";"ram_Usada";"GB";"2022-11-04 12:28:25";7.01
"Servidor-SPTECH";"ram";"ram_Usada";"GB";"2022-11-04 12:28:24";7.01
"Servidor-SPTECH";"ram";"ram_Usada";"GB";"2022-11-04 12:28:22";7.01
"Servidor-SPTECH";"ram";"ram_Usada";"GB";"2022-11-04 12:28:20";7.02
"Servidor-SPTECH";"ram";"ram_Usada";"GB";"2022-11-04 12:28:18";7.01
"Servidor-SPTECH";"ram";"ram_Usada";"GB";"2022-11-04 12:28:17";7.01
"Servidor-SPTECH";"ram";"ram_Usada";"GB";"2022-11-04 12:28:15";7.01
"Servidor-SPTECH";"ram";"ram_Usada";"GB";"2022-11-04 12:28:13";7.02
"Servidor-SPTECH";"ram";"ram_Usada";"GB";"2022-11-04 12:28:12";7.06
"Servidor-SPTECH";"ram";"ram_Usada";"GB";"2022-11-04 12:28:10";7.06
"Servidor-SPTECH";"ram";"ram_Usada";"GB";"2022-11-04 12:28:09";7.1
"Servidor-SPTECH";"ram";"ram_Usada";"GB";"2022-11-04 12:28:07";7.01
"Servidor-SPTECH";"ram";"ram_Usada";"GB";"2022-11-04 12:28:05";7.02
"Servidor-SPTECH";"ram";"ram_Usada";"GB";"2022-11-04 12:28:04";7.02
"Servidor-SPTECH";"ram";"ram_Usada";"GB";"2022-11-04 12:28:02";7.07
"Servidor-SPTECH";"ram";"ram_Usada";"GB";"2022-11-04 12:28:00";7.07
"Servidor-SPTECH";"ram";"ram_Usada";"GB";"2022-11-04 12:27:59";7.07
"Servidor-SPTECH";"ram";"ram_Usada";"GB";"2022-11-04 12:27:57";7.08
"Servidor-SPTECH";"ram";"ram_Usada";"GB";"2022-11-04 12:27:55";7.08
"Servidor-SPTECH";"ram";"ram_Usada";"GB";"2022-11-04 12:27:54";7.08
"Servidor-SPTECH";"ram";"ram_Usada";"GB";"2022-11-04 12:27:52";7.1
"Servidor-SPTECH";"ram";"ram_Usada";"GB";"2022-11-04 12:27:50";7.13
"Servidor-SPTECH";"ram";"ram_Usada";"GB";"2022-11-04 12:27:49";7.19
"Servidor-SPTECH";"ram";"ram_Usada";"GB";"2022-11-04 12:27:47";7.19
"Servidor-SPTECH";"ram";"ram_Usada";"GB";"2022-11-04 12:27:45";7.19
"Servidor-SPTECH";"ram";"ram_Usada";"GB";"2022-11-04 12:27:44";7.19
"Servidor-SPTECH";"ram";"ram_Usada";"GB";"2022-11-04 12:27:42";7.2
"Servidor-SPTECH";"ram";"ram_Usada";"GB";"2022-11-04 12:27:40";7.21
"Servidor-SPTECH";"ram";"ram_Usada";"GB";"2022-11-04 12:27:39";7.22
"Servidor-SPTECH";"ram";"ram_Usada";"GB";"2022-11-04 12:27:37";7.23
"Servidor-SPTECH";"ram";"ram_Usada";"GB";"2022-11-04 12:27:35";7.17
"Servidor-SPTECH";"ram";"ram_Usada";"GB";"2022-11-04 12:27:33";7.14
"Servidor-SPTECH";"ram";"ram_Usada";"GB";"2022-11-04 12:27:32";7.32
"Servidor-SPTECH";"ram";"ram_Usada";"GB";"2022-11-04 12:27:30";7.12
"Servidor-SPTECH";"ram";"ram_Usada";"GB";"2022-11-04 12:27:29";7.25
"Servidor-SPTECH";"ram";"ram_Usada";"GB";"2022-11-04 12:27:27";7.24
"Servidor-SPTECH";"ram";"ram_Usada";"GB";"2022-11-04 12:27:25";7.25
"Servidor-SPTECH";"ram";"ram_Usada";"GB";"2022-11-04 12:27:24";7.2
"Servidor-SPTECH";"ram";"ram_Usada";"GB";"2022-11-04 12:27:22";7.08
"Servidor-SPTECH";"ram";"ram_Usada";"GB";"2022-11-04 12:27:20";7.08
"Servidor-SPTECH";"ram";"ram_Usada";"GB";"2022-11-04 12:27:19";7.08
"Servidor-SPTECH";"ram";"ram_Usada";"GB";"2022-11-04 12:27:17";7.07
"Servidor-SPTECH";"ram";"ram_Usada";"GB";"2022-11-04 12:27:15";7.07
"Servidor-SPTECH";"ram";"ram_Usada";"GB";"2022-11-04 12:27:13";7.07
"Servidor-SPTECH";"ram";"ram_Usada";"GB";"2022-11-04 12:27:11";7.02
"Servidor-SPTECH";"ram";"ram_Usada";"GB";"2022-11-04 12:27:10";6.96
"Servidor-SPTECH";"ram";"ram_Usada";"GB";"2022-11-04 12:27:08";6.94
"Servidor-SPTECH";"ram";"ram_Usada";"GB";"2022-11-04 12:27:06";6.93
"Servidor-SPTECH";"ram";"ram_Usada";"GB";"2022-11-04 12:27:04";6.92
"Servidor-SPTECH";"ram";"ram_Usada";"GB";"2022-11-04 12:27:03";6.91
"Servidor-SPTECH";"ram";"ram_Usada";"GB";"2022-11-04 12:27:01";6.9
"Servidor-SPTECH";"ram";"ram_Usada";"GB";"2022-11-04 12:26:59";6.88
"Servidor-SPTECH";"ram";"ram_Usada";"GB";"2022-11-04 12:26:57";6.85
"Servidor-SPTECH";"ram";"ram_Usada";"GB";"2022-11-04 12:26:55";6.79
"Servidor-SPTECH";"ram";"ram_Usada";"GB";"2022-11-04 12:26:54";6.78
"Servidor-SPTECH";"ram";"ram_Usada";"GB";"2022-11-04 12:26:52";7.1
"Servidor-SPTECH";"ram";"ram_Usada";"GB";"2022-11-04 12:26:50";7.01
"Servidor-SPTECH";"ram";"ram_Usada";"GB";"2022-11-04 12:26:49";6.75
"Servidor-SPTECH";"ram";"ram_Usada";"GB";"2022-11-04 12:26:47";6.67
"Servidor-SPTECH";"ram";"ram_Usada";"GB";"2022-11-04 12:26:45";6.66
"Servidor-SPTECH";"ram";"ram_Usada";"GB";"2022-11-04 12:26:43";6.66
"Servidor-SPTECH";"ram";"ram_Usada";"GB";"2022-11-04 12:26:42";6.65
"Servidor-SPTECH";"ram";"ram_Usada";"GB";"2022-11-04 12:26:40";6.65
"Servidor-SPTECH";"ram";"ram_Usada";"GB";"2022-11-04 12:26:39";6.65
"Servidor-SPTECH";"ram";"ram_Usada";"GB";"2022-11-04 12:26:37";6.65
"Servidor-SPTECH";"ram";"ram_Usada";"GB";"2022-11-04 12:26:35";6.65
"Servidor-SPTECH";"ram";"ram_Usada";"GB";"2022-11-04 12:26:34";6.66
"Servidor-SPTECH";"ram";"ram_Usada";"GB";"2022-11-04 12:26:32";6.65
"Servidor-SPTECH";"ram";"ram_Usada";"GB";"2022-11-04 12:26:31";6.65
"Servidor-SPTECH";"ram";"ram_Usada";"GB";"2022-11-04 12:26:29";6.65
"Servidor-SPTECH";"ram";"ram_Usada";"GB";"2022-11-04 12:26:28";6.65
"Servidor-SPTECH";"ram";"ram_Usada";"GB";"2022-11-04 12:26:26";6.65
"Servidor-SPTECH";"ram";"ram_Usada";"GB";"2022-11-04 12:26:24";6.73
"Servidor-SPTECH";"ram";"ram_Usada";"GB";"2022-11-04 12:26:23";6.74
"Servidor-SPTECH";"ram";"ram_Usada";"GB";"2022-11-04 12:26:21";6.73
"Servidor-SPTECH";"ram";"ram_Usada";"GB";"2022-11-04 12:26:19";6.7
"Servidor-SPTECH";"ram";"ram_Usada";"GB";"2022-11-04 12:26:18";6.7
"Servidor-SPTECH";"ram";"ram_Usada";"GB";"2022-11-04 12:26:16";6.7
"Servidor-SPTECH";"ram";"ram_Usada";"GB";"2022-11-04 12:26:14";6.7
"Servidor-SPTECH";"ram";"ram_Usada";"GB";"2022-11-04 12:26:13";6.7
"Servidor-SPTECH";"ram";"ram_Usada";"GB";"2022-11-04 12:26:11";6.71
"Servidor-SPTECH";"ram";"ram_Usada";"GB";"2022-11-04 12:26:10";6.7
"Servidor-SPTECH";"ram";"ram_Usada";"GB";"2022-11-04 12:26:08";6.7
"Servidor-SPTECH";"ram";"ram_Usada";"GB";"2022-11-04 12:26:06";6.7
"Servidor-SPTECH";"ram";"ram_Usada";"GB";"2022-11-04 12:26:05";6.7
"Servidor-SPTECH";"ram";"ram_Usada";"GB";"2022-11-04 12:26:03";6.7
"Servidor-SPTECH";"ram";"ram_Usada";"GB";"2022-11-04 12:26:01";6.71
"Servidor-SPTECH";"ram";"ram_Usada";"GB";"2022-11-04 12:26:00";6.69
"Servidor-SPTECH";"ram";"ram_Usada";"GB";"2022-11-04 12:25:58";6.69
"Servidor-SPTECH";"ram";"ram_Usada";"GB";"2022-11-04 12:25:56";6.7
"Servidor-SPTECH";"ram";"ram_Usada";"GB";"2022-11-04 12:25:55";6.7
"Servidor-SPTECH";"ram";"ram_Usada";"GB";"2022-11-04 12:25:53";6.7
"Servidor-SPTECH";"ram";"ram_Usada";"GB";"2022-11-04 12:25:51";6.73
"Servidor-SPTECH";"ram";"ram_Usada";"GB";"2022-11-04 12:25:50";6.72
"Servidor-SPTECH";"ram";"ram_Usada";"GB";"2022-11-04 12:25:48";6.72
"Servidor-SPTECH";"ram";"ram_Usada";"GB";"2022-11-04 12:25:47";6.72
"Servidor-SPTECH";"ram";"ram_Usada";"GB";"2022-11-04 12:25:45";6.72
"Servidor-SPTECH";"ram";"ram_Usada";"GB";"2022-11-04 12:25:44";6.73
"Servidor-SPTECH";"ram";"ram_Usada";"GB";"2022-11-04 12:25:42";6.73
"Servidor-SPTECH";"ram";"ram_Usada";"GB";"2022-11-04 12:25:40";6.73
"Servidor-SPTECH";"ram";"ram_Usada";"GB";"2022-11-04 12:25:39";6.72
"Servidor-SPTECH";"ram";"ram_Usada";"GB";"2022-11-04 12:25:37";6.72
"Servidor-SPTECH";"ram";"ram_Usada";"GB";"2022-11-04 12:25:35";6.73
"Servidor-SPTECH";"ram";"ram_Usada";"GB";"2022-11-04 12:25:34";6.73
"Servidor-SPTECH";"ram";"ram_Usada";"GB";"2022-11-04 12:25:32";6.72
"Servidor-SPTECH";"ram";"ram_Usada";"GB";"2022-11-04 12:25:31";6.72
"Servidor-SPTECH";"ram";"ram_Usada";"GB";"2022-11-04 12:25:29";6.71
"Servidor-SPTECH";"ram";"ram_Usada";"GB";"2022-11-04 12:25:27";6.72
"Servidor-SPTECH";"ram";"ram_Usada";"GB";"2022-11-04 12:25:26";6.72
"Servidor-SPTECH";"ram";"ram_Usada";"GB";"2022-11-04 12:25:24";6.72
"Servidor-SPTECH";"ram";"ram_Usada";"GB";"2022-11-04 12:25:22";6.72
"Servidor-SPTECH";"ram";"ram_Usada";"GB";"2022-11-04 12:25:21";6.72
"Servidor-SPTECH";"ram";"ram_Usada";"GB";"2022-11-04 12:25:19";6.72
"Servidor-SPTECH";"ram";"ram_Usada";"GB";"2022-11-04 12:25:18";6.72
"Servidor-SPTECH";"ram";"ram_Usada";"GB";"2022-11-04 12:25:16";6.71
"Servidor-SPTECH";"ram";"ram_Usada";"GB";"2022-11-04 12:25:14";6.71
"Servidor-SPTECH";"ram";"ram_Usada";"GB";"2022-11-04 12:25:13";6.71
"Servidor-SPTECH";"ram";"ram_Usada";"GB";"2022-11-04 12:25:11";6.71
"Servidor-SPTECH";"ram";"ram_Usada";"GB";"2022-11-04 12:25:09";6.71
"Servidor-SPTECH";"ram";"ram_Usada";"GB";"2022-11-04 12:25:08";6.71
"Servidor-SPTECH";"ram";"ram_Usada";"GB";"2022-11-04 12:25:06";6.71
"Servidor-SPTECH";"ram";"ram_Usada";"GB";"2022-11-04 12:25:05";6.71
"Servidor-SPTECH";"ram";"ram_Usada";"GB";"2022-11-04 12:25:03";6.71
"Servidor-SPTECH";"ram";"ram_Usada";"GB";"2022-11-04 12:25:01";6.71
"Servidor-SPTECH";"ram";"ram_Usada";"GB";"2022-11-04 12:25:00";6.71
"Servidor-SPTECH";"ram";"ram_Usada";"GB";"2022-11-04 12:24:58";6.7
"Servidor-SPTECH";"ram";"ram_Usada";"GB";"2022-11-04 12:24:56";6.7
"Servidor-SPTECH";"ram";"ram_Usada";"GB";"2022-11-04 12:24:55";6.7
"Servidor-SPTECH";"ram";"ram_Usada";"GB";"2022-11-04 12:24:53";6.74
"Servidor-SPTECH";"ram";"ram_Usada";"GB";"2022-11-04 12:24:51";6.76
"Servidor-SPTECH";"ram";"ram_Usada";"GB";"2022-11-04 12:24:50";6.78
"Servidor-SPTECH";"ram";"ram_Usada";"GB";"2022-11-04 12:24:48";6.78
"Servidor-SPTECH";"ram";"ram_Usada";"GB";"2022-11-04 12:24:46";6.78
"Servidor-SPTECH";"ram";"ram_Usada";"GB";"2022-11-04 12:24:45";6.8
"Servidor-SPTECH";"ram";"ram_Usada";"GB";"2022-11-04 12:24:43";6.79
"Servidor-SPTECH";"ram";"ram_Usada";"GB";"2022-11-04 12:24:41";6.79
"Servidor-SPTECH";"ram";"ram_Usada";"GB";"2022-11-04 12:24:40";6.78
"Servidor-SPTECH";"ram";"ram_Usada";"GB";"2022-11-04 12:24:38";6.79
"Servidor-SPTECH";"ram";"ram_Usada";"GB";"2022-11-04 12:24:37";6.86
"Servidor-SPTECH";"ram";"ram_Usada";"GB";"2022-11-04 12:24:35";6.87
"Servidor-SPTECH";"ram";"ram_Usada";"GB";"2022-11-04 12:24:33";6.86
"Servidor-SPTECH";"ram";"ram_Usada";"GB";"2022-11-04 12:24:32";6.92
"Servidor-SPTECH";"ram";"ram_Usada";"GB";"2022-11-04 12:24:30";6.94
"Servidor-SPTECH";"ram";"ram_Usada";"GB";"2022-11-04 12:24:29";6.94
"Servidor-SPTECH";"ram";"ram_Usada";"GB";"2022-11-04 12:24:27";6.93
"Servidor-SPTECH";"ram";"ram_Usada";"GB";"2022-11-04 12:24:25";6.9
"Servidor-SPTECH";"ram";"ram_Usada";"GB";"2022-11-04 12:24:24";6.88
"Servidor-SPTECH";"ram";"ram_Usada";"GB";"2022-11-04 12:24:22";6.86
"Servidor-SPTECH";"ram";"ram_Usada";"GB";"2022-11-04 12:24:20";6.86
"Servidor-SPTECH";"ram";"ram_Usada";"GB";"2022-11-04 12:24:19";6.85
"Servidor-SPTECH";"ram";"ram_Usada";"GB";"2022-11-04 12:24:17";6.86
"Servidor-SPTECH";"ram";"ram_Usada";"GB";"2022-11-04 12:24:15";6.84
"Servidor-SPTECH";"ram";"ram_Usada";"GB";"2022-11-04 12:24:14";6.84
"Servidor-SPTECH";"ram";"ram_Usada";"GB";"2022-11-04 12:24:12";6.83
"Servidor-SPTECH";"ram";"ram_Usada";"GB";"2022-11-04 12:24:10";6.85
"Servidor-SPTECH";"ram";"ram_Usada";"GB";"2022-11-04 12:24:09";6.85
"Servidor-SPTECH";"ram";"ram_Usada";"GB";"2022-11-04 12:24:07";6.86
"Servidor-SPTECH";"ram";"ram_Usada";"GB";"2022-11-04 12:24:05";6.83
"Servidor-SPTECH";"ram";"ram_Usada";"GB";"2022-11-04 12:24:04";6.82
"Servidor-SPTECH";"ram";"ram_Usada";"GB";"2022-11-04 12:24:02";6.84
"Servidor-SPTECH";"ram";"ram_Usada";"GB";"2022-11-04 12:24:00";6.84
"Servidor-SPTECH";"ram";"ram_Usada";"GB";"2022-11-04 12:23:59";6.84
"Servidor-SPTECH";"ram";"ram_Usada";"GB";"2022-11-04 12:23:57";6.82
"Servidor-SPTECH";"ram";"ram_Usada";"GB";"2022-11-04 12:23:55";6.82
"Servidor-SPTECH";"ram";"ram_Usada";"GB";"2022-11-04 12:23:53";6.8
"Servidor-SPTECH";"ram";"ram_Usada";"GB";"2022-11-04 12:23:52";7.2
"Servidor-SPTECH";"ram";"ram_Usada";"GB";"2022-11-04 12:23:50";6.85
"Servidor-SPTECH";"ram";"ram_Usada";"GB";"2022-11-04 12:23:48";6.85
"Servidor-SPTECH";"ram";"ram_Usada";"GB";"2022-11-04 12:23:46";6.78
"Servidor-SPTECH";"ram";"ram_Usada";"GB";"2022-11-04 12:23:45";7.02
"Servidor-SPTECH";"ram";"ram_Usada";"GB";"2022-11-04 12:23:43";7.16
"Servidor-SPTECH";"ram";"ram_Usada";"GB";"2022-11-04 12:23:41";7.13
"Servidor-SPTECH";"ram";"ram_Usada";"GB";"2022-11-04 12:23:39";7.11
"Servidor-SPTECH";"ram";"ram_Usada";"GB";"2022-11-04 12:23:37";7.24
"Servidor-SPTECH";"ram";"ram_Usada";"GB";"2022-11-04 12:23:36";7.28
"Servidor-SPTECH";"ram";"ram_Usada";"GB";"2022-11-04 12:23:34";7.29
"Servidor-SPTECH";"ram";"ram_Usada";"GB";"2022-11-04 12:23:32";7.65
"Servidor-SPTECH";"ram";"ram_Usada";"GB";"2022-11-04 12:23:30";7.3
"Servidor-SPTECH";"ram";"ram_Usada";"GB";"2022-11-04 12:23:29";7.19
"Servidor-SPTECH";"ram";"ram_Usada";"GB";"2022-11-04 12:23:27";7.05
"Servidor-SPTECH";"ram";"ram_Usada";"GB";"2022-11-04 12:23:25";6.94
"Servidor-SPTECH";"ram";"ram_Usada";"GB";"2022-11-04 12:23:24";6.6
"Servidor-SPTECH";"ram";"ram_Usada";"GB";"2022-11-04 12:23:22";6.6
"Servidor-SPTECH";"ram";"ram_Usada";"GB";"2022-11-04 12:23:20";6.6
"Servidor-SPTECH";"ram";"ram_Usada";"GB";"2022-11-04 12:23:18";6.58
"Servidor-SPTECH";"ram";"ram_Usada";"GB";"2022-11-04 12:23:17";6.58
"Servidor-SPTECH";"ram";"ram_Usada";"GB";"2022-11-04 12:23:15";6.75
"Servidor-SPTECH";"ram";"ram_Usada";"GB";"2022-11-04 12:23:13";6.9
"Servidor-SPTECH";"ram";"ram_Usada";"GB";"2022-11-04 12:23:12";6.9
"Servidor-SPTECH";"ram";"ram_Usada";"GB";"2022-11-04 12:23:10";6.91
"Servidor-SPTECH";"ram";"ram_Usada";"GB";"2022-11-04 12:23:08";6.9
"Servidor-SPTECH";"ram";"ram_Usada";"GB";"2022-11-04 12:23:06";6.95
"Servidor-SPTECH";"ram";"ram_Usada";"GB";"2022-11-04 12:23:05";6.95
"Servidor-SPTECH";"ram";"ram_Usada";"GB";"2022-11-04 12:23:03";6.96
"Servidor-SPTECH";"ram";"ram_Usada";"GB";"2022-11-04 12:23:01";6.95
"Servidor-SPTECH";"ram";"ram_Usada";"GB";"2022-11-04 12:23:00";6.95
"Servidor-SPTECH";"ram";"ram_Usada";"GB";"2022-11-04 12:22:58";6.95
"Servidor-SPTECH";"ram";"ram_Usada";"GB";"2022-11-04 12:22:56";6.96
"Servidor-SPTECH";"ram";"ram_Usada";"GB";"2022-11-04 12:22:55";6.96
"Servidor-SPTECH";"ram";"ram_Usada";"GB";"2022-11-04 12:22:53";6.96
"Servidor-SPTECH";"ram";"ram_Usada";"GB";"2022-11-04 12:22:51";6.98
"Servidor-SPTECH";"ram";"ram_Usada";"GB";"2022-11-04 12:22:50";7.0
"Servidor-SPTECH";"ram";"ram_Usada";"GB";"2022-11-04 12:22:48";7.04
"Servidor-SPTECH";"ram";"ram_Usada";"GB";"2022-11-04 12:22:46";7.05
"Servidor-SPTECH";"ram";"ram_Usada";"GB";"2022-11-04 12:22:44";7.03
"Servidor-SPTECH";"ram";"ram_Usada";"GB";"2022-11-04 12:22:43";6.97
"Servidor-SPTECH";"ram";"ram_Usada";"GB";"2022-11-04 12:22:41";6.96
"Servidor-SPTECH";"ram";"ram_Usada";"GB";"2022-11-04 12:22:40";6.95
"Servidor-SPTECH";"ram";"ram_Usada";"GB";"2022-11-04 12:22:38";6.96
"Servidor-SPTECH";"ram";"ram_Usada";"GB";"2022-11-04 12:22:36";6.99
"Servidor-SPTECH";"ram";"ram_Usada";"GB";"2022-11-04 12:22:35";7.01
"Servidor-SPTECH";"ram";"ram_Usada";"GB";"2022-11-04 12:22:33";7.02
"Servidor-SPTECH";"ram";"ram_Usada";"GB";"2022-11-04 12:22:32";7.02
"Servidor-SPTECH";"ram";"ram_Usada";"GB";"2022-11-04 12:22:30";7.0
"Servidor-SPTECH";"ram";"ram_Usada";"GB";"2022-11-04 12:22:28";6.99
"Servidor-SPTECH";"ram";"ram_Usada";"GB";"2022-11-04 12:22:26";7.04
"Servidor-SPTECH";"ram";"ram_Usada";"GB";"2022-11-04 12:22:25";7.0
"Servidor-SPTECH";"ram";"ram_Usada";"GB";"2022-11-04 12:22:23";7.02
"Servidor-SPTECH";"ram";"ram_Usada";"GB";"2022-11-04 12:22:21";7.02
"Servidor-SPTECH";"ram";"ram_Usada";"GB";"2022-11-04 12:22:20";7.01
"Servidor-SPTECH";"ram";"ram_Usada";"GB";"2022-11-04 12:22:18";7.01
"Servidor-SPTECH";"ram";"ram_Usada";"GB";"2022-11-04 12:22:16";6.95
"Servidor-SPTECH";"ram";"ram_Usada";"GB";"2022-11-04 12:22:15";6.96
"Servidor-SPTECH";"ram";"ram_Usada";"GB";"2022-11-04 12:22:13";6.97
"Servidor-SPTECH";"ram";"ram_Usada";"GB";"2022-11-04 12:22:11";6.97
"Servidor-SPTECH";"ram";"ram_Usada";"GB";"2022-11-04 12:22:10";6.96
"Servidor-SPTECH";"ram";"ram_Usada";"GB";"2022-11-04 12:22:08";6.94
"Servidor-SPTECH";"ram";"ram_Usada";"GB";"2022-11-04 12:22:06";6.97
"Servidor-SPTECH";"ram";"ram_Usada";"GB";"2022-11-04 12:22:04";6.98
"Servidor-SPTECH";"ram";"ram_Usada";"GB";"2022-11-04 12:22:02";7.0
"Servidor-SPTECH";"ram";"ram_Usada";"GB";"2022-11-04 12:22:01";7.0
"Servidor-SPTECH";"ram";"ram_Usada";"GB";"2022-11-04 12:21:59";6.99
"Servidor-SPTECH";"ram";"ram_Usada";"GB";"2022-11-04 12:21:57";6.94
"Servidor-SPTECH";"ram";"ram_Usada";"GB";"2022-11-04 12:21:55";6.86
"Servidor-SPTECH";"ram";"ram_Usada";"GB";"2022-11-04 12:21:53";6.85
"Servidor-SPTECH";"ram";"ram_Usada";"GB";"2022-11-04 12:21:52";6.84
"Servidor-SPTECH";"ram";"ram_Usada";"GB";"2022-11-04 12:21:50";6.86
"Servidor-SPTECH";"ram";"ram_Usada";"GB";"2022-11-04 12:21:49";6.86
"Servidor-SPTECH";"ram";"ram_Usada";"GB";"2022-11-04 12:21:47";6.86
"Servidor-SPTECH";"ram";"ram_Usada";"GB";"2022-11-04 12:21:45";6.92
"Servidor-SPTECH";"ram";"ram_Usada";"GB";"2022-11-04 12:21:44";6.91
"Servidor-SPTECH";"ram";"ram_Usada";"GB";"2022-11-04 12:21:42";6.9
"Servidor-SPTECH";"ram";"ram_Usada";"GB";"2022-11-04 12:21:40";6.92
"Servidor-SPTECH";"ram";"ram_Usada";"GB";"2022-11-04 12:21:39";6.92
"Servidor-SPTECH";"ram";"ram_Usada";"GB";"2022-11-04 12:21:37";6.91
"Servidor-SPTECH";"ram";"ram_Usada";"GB";"2022-11-04 12:21:36";6.92
"Servidor-SPTECH";"ram";"ram_Usada";"GB";"2022-11-04 12:21:34";6.93
"Servidor-SPTECH";"ram";"ram_Usada";"GB";"2022-11-04 12:21:32";6.93
"Servidor-SPTECH";"ram";"ram_Usada";"GB";"2022-11-04 12:21:31";6.93
"Servidor-SPTECH";"ram";"ram_Usada";"GB";"2022-11-04 12:21:29";6.92
"Servidor-SPTECH";"ram";"ram_Usada";"GB";"2022-11-04 12:21:28";6.87
"Servidor-SPTECH";"ram";"ram_Usada";"GB";"2022-11-04 12:21:26";6.89
"Servidor-SPTECH";"ram";"ram_Usada";"GB";"2022-11-04 12:21:24";6.81
"Servidor-SPTECH";"ram";"ram_Usada";"GB";"2022-11-04 12:21:23";6.82
"Servidor-SPTECH";"ram";"ram_Usada";"GB";"2022-11-04 12:21:21";6.81
"Servidor-SPTECH";"ram";"ram_Usada";"GB";"2022-11-04 12:21:19";6.81
"Servidor-SPTECH";"ram";"ram_Usada";"GB";"2022-11-04 12:21:18";6.83
"Servidor-SPTECH";"ram";"ram_Usada";"GB";"2022-11-04 12:21:16";6.83
"Servidor-SPTECH";"ram";"ram_Usada";"GB";"2022-11-04 12:21:15";6.83
"Servidor-SPTECH";"ram";"ram_Usada";"GB";"2022-11-04 12:21:13";6.85
"Servidor-SPTECH";"ram";"ram_Usada";"GB";"2022-11-04 12:21:12";6.85
"Servidor-SPTECH";"ram";"ram_Usada";"GB";"2022-11-04 12:21:10";6.86
"Servidor-SPTECH";"ram";"ram_Usada";"GB";"2022-11-04 12:21:08";6.85
"Servidor-SPTECH";"ram";"ram_Usada";"GB";"2022-11-04 12:21:07";6.88
"Servidor-SPTECH";"ram";"ram_Usada";"GB";"2022-11-04 12:21:05";6.93
"Servidor-SPTECH";"ram";"ram_Usada";"GB";"2022-11-04 12:21:03";6.94
"Servidor-SPTECH";"ram";"ram_Usada";"GB";"2022-11-04 12:21:02";6.95
"Servidor-SPTECH";"ram";"ram_Usada";"GB";"2022-11-04 12:21:00";6.94
"Servidor-SPTECH";"ram";"ram_Usada";"GB";"2022-11-04 12:20:58";6.92
"Servidor-SPTECH";"ram";"ram_Usada";"GB";"2022-11-04 12:20:56";6.99
"Servidor-SPTECH";"ram";"ram_Usada";"GB";"2022-11-04 12:20:55";7.18
"Servidor-SPTECH";"ram";"ram_Usada";"GB";"2022-11-04 12:20:53";7.15
"Servidor-SPTECH";"ram";"ram_Usada";"GB";"2022-11-04 12:20:51";7.12
"Servidor-SPTECH";"ram";"ram_Usada";"GB";"2022-11-04 12:20:49";7.1
"Servidor-SPTECH";"ram";"ram_Usada";"GB";"2022-11-04 12:20:48";7.04
"Servidor-SPTECH";"ram";"ram_Usada";"GB";"2022-11-04 12:20:46";7.04
"Servidor-SPTECH";"ram";"ram_Usada";"GB";"2022-11-04 12:20:44";7.03
"Servidor-SPTECH";"ram";"ram_Usada";"GB";"2022-11-04 12:20:43";6.98
"Servidor-SPTECH";"ram";"ram_Usada";"GB";"2022-11-04 12:20:41";6.9
"Servidor-SPTECH";"ram";"ram_Usada";"GB";"2022-11-04 12:20:39";6.88
"Servidor-SPTECH";"ram";"ram_Usada";"GB";"2022-11-04 12:20:38";6.84
"Servidor-SPTECH";"ram";"ram_Usada";"GB";"2022-11-04 12:20:36";6.85
"Servidor-SPTECH";"ram";"ram_Usada";"GB";"2022-11-04 12:20:34";6.89
"Servidor-SPTECH";"ram";"ram_Usada";"GB";"2022-11-04 12:20:32";6.85
"Servidor-SPTECH";"ram";"ram_Usada";"GB";"2022-11-04 12:20:31";6.83
"Servidor-SPTECH";"ram";"ram_Usada";"GB";"2022-11-04 12:20:29";6.8
"Servidor-SPTECH";"ram";"ram_Usada";"GB";"2022-11-04 12:20:27";6.87
"Servidor-SPTECH";"ram";"ram_Usada";"GB";"2022-11-04 12:20:26";6.85
"Servidor-SPTECH";"ram";"ram_Usada";"GB";"2022-11-04 12:20:24";6.85
"Servidor-SPTECH";"ram";"ram_Usada";"GB";"2022-11-04 12:20:22";6.95
"Servidor-SPTECH";"ram";"ram_Usada";"GB";"2022-11-04 12:20:21";6.93
"Servidor-SPTECH";"ram";"ram_Usada";"GB";"2022-11-04 12:20:19";6.93
"Servidor-SPTECH";"ram";"ram_Usada";"GB";"2022-11-04 12:20:18";6.93
"Servidor-SPTECH";"ram";"ram_Usada";"GB";"2022-11-04 12:20:16";6.97
"Servidor-SPTECH";"ram";"ram_Usada";"GB";"2022-11-04 12:20:14";6.99
"Servidor-SPTECH";"ram";"ram_Usada";"GB";"2022-11-04 12:20:13";7.01
"Servidor-SPTECH";"ram";"ram_Usada";"GB";"2022-11-04 12:20:11";7.01
"Servidor-SPTECH";"ram";"ram_Usada";"GB";"2022-11-04 12:20:09";6.98
"Servidor-SPTECH";"ram";"ram_Usada";"GB";"2022-11-04 12:20:08";6.94
"Servidor-SPTECH";"ram";"ram_Usada";"GB";"2022-11-04 12:20:06";6.89
"Servidor-SPTECH";"ram";"ram_Usada";"GB";"2022-11-04 12:20:04";6.79
"Servidor-SPTECH";"ram";"ram_Usada";"GB";"2022-11-04 12:20:02";6.74
"Servidor-SPTECH";"ram";"ram_Usada";"GB";"2022-11-04 12:20:01";6.74
"Servidor-SPTECH";"ram";"ram_Usada";"GB";"2022-11-04 12:19:59";6.74
"Servidor-SPTECH";"ram";"ram_Usada";"GB";"2022-11-04 12:19:58";6.7
"Servidor-SPTECH";"ram";"ram_Usada";"GB";"2022-11-04 12:19:56";6.69
"Servidor-SPTECH";"ram";"ram_Usada";"GB";"2022-11-04 12:19:54";6.69
"Servidor-SPTECH";"ram";"ram_Usada";"GB";"2022-11-04 12:19:53";6.68
"Servidor-SPTECH";"ram";"ram_Usada";"GB";"2022-11-04 12:19:51";6.72
"Servidor-SPTECH";"ram";"ram_Usada";"GB";"2022-11-04 12:19:50";6.92
"Servidor-SPTECH";"ram";"ram_Usada";"GB";"2022-11-04 12:19:48";6.77
"Servidor-SPTECH";"ram";"ram_Usada";"GB";"2022-11-04 12:19:46";6.78
"Servidor-SPTECH";"ram";"ram_Usada";"GB";"2022-11-04 12:19:45";6.77
"Servidor-SPTECH";"ram";"ram_Usada";"GB";"2022-11-04 12:19:43";6.77
"Servidor-SPTECH";"ram";"ram_Usada";"GB";"2022-11-04 12:19:41";6.76
"Servidor-SPTECH";"ram";"ram_Usada";"GB";"2022-11-04 12:19:40";6.76
"Servidor-SPTECH";"ram";"ram_Usada";"GB";"2022-11-04 12:19:38";6.75
"Servidor-SPTECH";"ram";"ram_Usada";"GB";"2022-11-04 12:19:36";6.75
"Servidor-SPTECH";"ram";"ram_Usada";"GB";"2022-11-04 12:19:35";6.74
"Servidor-SPTECH";"ram";"ram_Usada";"GB";"2022-11-04 12:19:33";6.73
"Servidor-SPTECH";"ram";"ram_Usada";"GB";"2022-11-04 12:19:31";6.73
"Servidor-SPTECH";"ram";"ram_Usada";"GB";"2022-11-04 12:19:30";6.73
"Servidor-SPTECH";"ram";"ram_Usada";"GB";"2022-11-04 12:19:28";6.73
"Servidor-SPTECH";"ram";"ram_Usada";"GB";"2022-11-04 12:19:27";6.73
"Servidor-SPTECH";"ram";"ram_Usada";"GB";"2022-11-04 12:19:25";6.72
"Servidor-SPTECH";"ram";"ram_Usada";"GB";"2022-11-04 12:19:23";6.72
"Servidor-SPTECH";"ram";"ram_Usada";"GB";"2022-11-04 12:19:21";6.7
"Servidor-SPTECH";"ram";"ram_Usada";"GB";"2022-11-04 12:19:20";6.71
"Servidor-SPTECH";"ram";"ram_Usada";"GB";"2022-11-04 12:19:18";6.7
"Servidor-SPTECH";"ram";"ram_Usada";"GB";"2022-11-04 12:19:17";6.71
"Servidor-SPTECH";"ram";"ram_Usada";"GB";"2022-11-04 12:19:15";6.71
"Servidor-SPTECH";"ram";"ram_Usada";"GB";"2022-11-04 12:19:13";6.76
"Servidor-SPTECH";"ram";"ram_Usada";"GB";"2022-11-04 12:19:12";6.81
"Servidor-SPTECH";"ram";"ram_Usada";"GB";"2022-11-04 12:19:10";6.81
"Servidor-SPTECH";"ram";"ram_Usada";"GB";"2022-11-04 12:19:08";6.9
"Servidor-SPTECH";"ram";"ram_Usada";"GB";"2022-11-04 12:19:07";6.92
"Servidor-SPTECH";"ram";"ram_Usada";"GB";"2022-11-04 12:19:05";6.93
"Servidor-SPTECH";"ram";"ram_Usada";"GB";"2022-11-04 12:19:03";6.94
"Servidor-SPTECH";"ram";"ram_Usada";"GB";"2022-11-04 12:19:01";6.96
"Servidor-SPTECH";"ram";"ram_Usada";"GB";"2022-11-04 12:19:00";6.94
"Servidor-SPTECH";"ram";"ram_Usada";"GB";"2022-11-04 12:18:58";6.96
"Servidor-SPTECH";"ram";"ram_Usada";"GB";"2022-11-04 12:18:56";6.93
"Servidor-SPTECH";"ram";"ram_Usada";"GB";"2022-11-04 12:18:55";6.95
"Servidor-SPTECH";"ram";"ram_Usada";"GB";"2022-11-04 12:18:53";6.95
"Servidor-SPTECH";"ram";"ram_Usada";"GB";"2022-11-04 12:18:51";7.08
"Servidor-SPTECH";"ram";"ram_Usada";"GB";"2022-11-04 12:18:49";6.73
"Servidor-SPTECH";"ram";"ram_Usada";"GB";"2022-11-04 12:18:48";6.71
"Servidor-SPTECH";"ram";"ram_Usada";"GB";"2022-11-04 12:18:46";6.8
"Servidor-SPTECH";"ram";"ram_Usada";"GB";"2022-11-04 12:18:45";6.79
"Servidor-SPTECH";"ram";"ram_Usada";"GB";"2022-11-04 12:18:43";6.74
"Servidor-SPTECH";"ram";"ram_Usada";"GB";"2022-11-04 12:18:41";6.98
"Servidor-SPTECH";"ram";"ram_Usada";"GB";"2022-11-04 12:18:39";6.98
"Servidor-SPTECH";"ram";"ram_Usada";"GB";"2022-11-04 12:18:38";6.98
"Servidor-SPTECH";"ram";"ram_Usada";"GB";"2022-11-04 12:18:36";6.98
"Servidor-SPTECH";"ram";"ram_Usada";"GB";"2022-11-04 12:18:35";6.98
"Servidor-SPTECH";"ram";"ram_Usada";"GB";"2022-11-04 12:18:33";6.97
"Servidor-SPTECH";"ram";"ram_Usada";"GB";"2022-11-04 12:18:31";6.98
"Servidor-SPTECH";"ram";"ram_Usada";"GB";"2022-11-04 12:18:29";6.96
"Servidor-SPTECH";"ram";"ram_Usada";"GB";"2022-11-04 12:18:28";6.95
"Servidor-SPTECH";"ram";"ram_Usada";"GB";"2022-11-04 12:18:26";6.97
"Servidor-SPTECH";"ram";"ram_Usada";"GB";"2022-11-04 12:18:25";6.97
"Servidor-SPTECH";"ram";"ram_Usada";"GB";"2022-11-04 12:18:23";6.97
"Servidor-SPTECH";"ram";"ram_Usada";"GB";"2022-11-04 12:18:21";6.94
"Servidor-SPTECH";"ram";"ram_Usada";"GB";"2022-11-04 12:18:20";6.93
"Servidor-SPTECH";"ram";"ram_Usada";"GB";"2022-11-04 12:18:18";6.92
"Servidor-SPTECH";"ram";"ram_Usada";"GB";"2022-11-04 12:18:17";6.96
"Servidor-SPTECH";"ram";"ram_Usada";"GB";"2022-11-04 12:18:15";6.96
"Servidor-SPTECH";"ram";"ram_Usada";"GB";"2022-11-04 12:18:13";6.95
"Servidor-SPTECH";"ram";"ram_Usada";"GB";"2022-11-04 12:18:12";6.93
"Servidor-SPTECH";"ram";"ram_Usada";"GB";"2022-11-04 12:18:10";6.91
"Servidor-SPTECH";"ram";"ram_Usada";"GB";"2022-11-04 12:18:08";6.9
"Servidor-SPTECH";"ram";"ram_Usada";"GB";"2022-11-04 12:18:07";6.92
"Servidor-SPTECH";"ram";"ram_Usada";"GB";"2022-11-04 12:18:05";6.92
"Servidor-SPTECH";"ram";"ram_Usada";"GB";"2022-11-04 12:18:03";6.93
"Servidor-SPTECH";"ram";"ram_Usada";"GB";"2022-11-04 12:18:02";6.95
"Servidor-SPTECH";"ram";"ram_Usada";"GB";"2022-11-04 12:18:00";6.93
"Servidor-SPTECH";"ram";"ram_Usada";"GB";"2022-11-04 12:17:58";6.9
"Servidor-SPTECH";"ram";"ram_Usada";"GB";"2022-11-04 12:17:57";6.94
"Servidor-SPTECH";"ram";"ram_Usada";"GB";"2022-11-04 12:17:55";6.94
"Servidor-SPTECH";"ram";"ram_Usada";"GB";"2022-11-04 12:17:53";6.94
"Servidor-SPTECH";"ram";"ram_Usada";"GB";"2022-11-04 12:17:52";6.88
"Servidor-SPTECH";"ram";"ram_Usada";"GB";"2022-11-04 12:17:50";6.86
"Servidor-SPTECH";"ram";"ram_Usada";"GB";"2022-11-04 12:17:49";6.87
"Servidor-SPTECH";"ram";"ram_Usada";"GB";"2022-11-04 12:17:47";6.9
"Servidor-SPTECH";"ram";"ram_Usada";"GB";"2022-11-04 12:17:45";6.91
"Servidor-SPTECH";"ram";"ram_Usada";"GB";"2022-11-04 12:17:43";6.96
"Servidor-SPTECH";"ram";"ram_Usada";"GB";"2022-11-04 12:17:42";6.98
"Servidor-SPTECH";"ram";"ram_Usada";"GB";"2022-11-04 12:17:40";6.98
"Servidor-SPTECH";"ram";"ram_Usada";"GB";"2022-11-04 12:17:39";7.16
"Servidor-SPTECH";"ram";"ram_Usada";"GB";"2022-11-04 12:17:37";7.34
"Servidor-SPTECH";"ram";"ram_Usada";"GB";"2022-11-04 12:17:35";7.34
"Servidor-SPTECH";"ram";"ram_Usada";"GB";"2022-11-04 12:17:34";7.36
"Servidor-SPTECH";"ram";"ram_Usada";"GB";"2022-11-04 12:17:32";7.36
"Servidor-SPTECH";"ram";"ram_Usada";"GB";"2022-11-04 12:17:31";7.35
"Servidor-SPTECH";"ram";"ram_Usada";"GB";"2022-11-04 12:17:29";7.24
"Servidor-SPTECH";"ram";"ram_Usada";"GB";"2022-11-04 12:17:27";7.31
"Servidor-SPTECH";"ram";"ram_Usada";"GB";"2022-11-04 12:17:25";7.42
"Servidor-SPTECH";"ram";"ram_Usada";"GB";"2022-11-04 12:17:23";7.49
"Servidor-SPTECH";"ram";"ram_Usada";"GB";"2022-11-04 12:17:22";7.54
"Servidor-SPTECH";"ram";"ram_Usada";"GB";"2022-11-04 12:17:20";7.54
"Servidor-SPTECH";"ram";"ram_Usada";"GB";"2022-11-04 12:17:18";7.49
"Servidor-SPTECH";"ram";"ram_Usada";"GB";"2022-11-04 12:17:16";7.44
"Servidor-SPTECH";"ram";"ram_Usada";"GB";"2022-11-04 12:17:15";7.44
"Servidor-SPTECH";"ram";"ram_Usada";"GB";"2022-11-04 12:17:13";7.44
"Servidor-SPTECH";"ram";"ram_Usada";"GB";"2022-11-04 12:17:11";7.38
"Servidor-SPTECH";"ram";"ram_Usada";"GB";"2022-11-04 12:17:10";7.39
"Servidor-SPTECH";"ram";"ram_Usada";"GB";"2022-11-04 12:17:08";7.39
"Servidor-SPTECH";"ram";"ram_Usada";"GB";"2022-11-04 12:17:06";7.4
"Servidor-SPTECH";"ram";"ram_Usada";"GB";"2022-11-04 12:17:05";7.36
"Servidor-SPTECH";"ram";"ram_Usada";"GB";"2022-11-04 12:17:03";7.33
"Servidor-SPTECH";"ram";"ram_Usada";"GB";"2022-11-04 12:17:01";7.33
"Servidor-SPTECH";"ram";"ram_Usada";"GB";"2022-11-04 12:17:00";7.32
"Servidor-SPTECH";"ram";"ram_Usada";"GB";"2022-11-04 12:16:58";7.31
"Servidor-SPTECH";"ram";"ram_Usada";"GB";"2022-11-04 12:16:56";7.38
"Servidor-SPTECH";"ram";"ram_Usada";"GB";"2022-11-04 12:16:54";7.39
"Servidor-SPTECH";"ram";"ram_Usada";"GB";"2022-11-04 12:16:53";7.27
"Servidor-SPTECH";"ram";"ram_Usada";"GB";"2022-11-04 12:16:51";7.28
"Servidor-SPTECH";"ram";"ram_Usada";"GB";"2022-11-04 12:16:49";7.28
"Servidor-SPTECH";"ram";"ram_Usada";"GB";"2022-11-04 12:16:48";7.27
"Servidor-SPTECH";"ram";"ram_Usada";"GB";"2022-11-04 12:16:46";7.34
"Servidor-SPTECH";"ram";"ram_Usada";"GB";"2022-11-04 12:16:44";7.34
"Servidor-SPTECH";"ram";"ram_Usada";"GB";"2022-11-04 12:16:43";7.33
"Servidor-SPTECH";"ram";"ram_Usada";"GB";"2022-11-04 12:16:41";7.33
"Servidor-SPTECH";"ram";"ram_Usada";"GB";"2022-11-04 12:16:40";7.32
"Servidor-SPTECH";"ram";"ram_Usada";"GB";"2022-11-04 12:16:38";7.32
"Servidor-SPTECH";"ram";"ram_Usada";"GB";"2022-11-04 12:16:36";7.32
"Servidor-SPTECH";"ram";"ram_Usada";"GB";"2022-11-04 12:16:35";7.31
"Servidor-SPTECH";"ram";"ram_Usada";"GB";"2022-11-04 12:16:33";7.33
"Servidor-SPTECH";"ram";"ram_Usada";"GB";"2022-11-04 12:16:32";7.32
"Servidor-SPTECH";"ram";"ram_Usada";"GB";"2022-11-04 12:16:30";7.33
"Servidor-SPTECH";"ram";"ram_Usada";"GB";"2022-11-04 12:16:28";7.32
"Servidor-SPTECH";"ram";"ram_Usada";"GB";"2022-11-04 12:16:27";7.33
"Servidor-SPTECH";"ram";"ram_Usada";"GB";"2022-11-04 12:16:25";7.33
"Servidor-SPTECH";"ram";"ram_Usada";"GB";"2022-11-04 12:16:23";7.33
"Servidor-SPTECH";"ram";"ram_Usada";"GB";"2022-11-04 12:16:22";7.26
"Servidor-SPTECH";"ram";"ram_Usada";"GB";"2022-11-04 12:16:20";7.27
"Servidor-SPTECH";"ram";"ram_Usada";"GB";"2022-11-04 12:16:18";7.25
"Servidor-SPTECH";"ram";"ram_Usada";"GB";"2022-11-04 12:16:17";7.24
"Servidor-SPTECH";"ram";"ram_Usada";"GB";"2022-11-04 12:16:15";7.33
"Servidor-SPTECH";"ram";"ram_Usada";"GB";"2022-11-04 12:16:14";7.33
"Servidor-SPTECH";"ram";"ram_Usada";"GB";"2022-11-04 12:16:12";7.34
"Servidor-SPTECH";"ram";"ram_Usada";"GB";"2022-11-04 12:16:11";7.35
"Servidor-SPTECH";"ram";"ram_Usada";"GB";"2022-11-04 12:16:09";7.35
"Servidor-SPTECH";"ram";"ram_Usada";"GB";"2022-11-04 12:16:07";7.35
"Servidor-SPTECH";"ram";"ram_Usada";"GB";"2022-11-04 12:16:06";7.31
"Servidor-SPTECH";"ram";"ram_Usada";"GB";"2022-11-04 12:16:04";7.32
"Servidor-SPTECH";"ram";"ram_Usada";"GB";"2022-11-04 12:16:02";7.31
"Servidor-SPTECH";"ram";"ram_Usada";"GB";"2022-11-04 12:16:01";7.32
"Servidor-SPTECH";"ram";"ram_Usada";"GB";"2022-11-04 12:15:59";7.28
"Servidor-SPTECH";"ram";"ram_Usada";"GB";"2022-11-04 12:15:58";7.33
"Servidor-SPTECH";"ram";"ram_Usada";"GB";"2022-11-04 12:15:56";7.33
"Servidor-SPTECH";"ram";"ram_Usada";"GB";"2022-11-04 12:15:54";7.35
"Servidor-SPTECH";"ram";"ram_Usada";"GB";"2022-11-04 12:15:53";7.34
"Servidor-SPTECH";"ram";"ram_Usada";"GB";"2022-11-04 12:15:51";7.35
"Servidor-SPTECH";"ram";"ram_Usada";"GB";"2022-11-04 12:15:49";7.33
"Servidor-SPTECH";"ram";"ram_Usada";"GB";"2022-11-04 12:15:48";7.34
"Servidor-SPTECH";"ram";"ram_Usada";"GB";"2022-11-04 12:15:46";7.35
"Servidor-SPTECH";"ram";"ram_Usada";"GB";"2022-11-04 12:15:45";7.35
"Servidor-SPTECH";"ram";"ram_Usada";"GB";"2022-11-04 12:15:43";7.34
"Servidor-SPTECH";"ram";"ram_Usada";"GB";"2022-11-04 12:15:41";7.32
"Servidor-SPTECH";"ram";"ram_Usada";"GB";"2022-11-04 12:15:40";7.3
"Servidor-SPTECH";"ram";"ram_Usada";"GB";"2022-11-04 12:15:38";7.3
"Servidor-SPTECH";"ram";"ram_Usada";"GB";"2022-11-04 12:15:36";7.31
"Servidor-SPTECH";"ram";"ram_Usada";"GB";"2022-11-04 12:15:35";7.31
"Servidor-SPTECH";"ram";"ram_Usada";"GB";"2022-11-04 12:15:33";7.28
"Servidor-SPTECH";"ram";"ram_Usada";"GB";"2022-11-04 12:15:31";7.28
"Servidor-SPTECH";"ram";"ram_Usada";"GB";"2022-11-04 12:15:30";7.28
"Servidor-SPTECH";"ram";"ram_Usada";"GB";"2022-11-04 12:15:28";7.27
"Servidor-SPTECH";"ram";"ram_Usada";"GB";"2022-11-04 12:15:27";7.26
"Servidor-SPTECH";"ram";"ram_Usada";"GB";"2022-11-04 12:15:25";7.25
"Servidor-SPTECH";"ram";"ram_Usada";"GB";"2022-11-04 12:15:23";7.24
"Servidor-SPTECH";"ram";"ram_Usada";"GB";"2022-11-04 12:15:22";7.24
"Servidor-SPTECH";"ram";"ram_Usada";"GB";"2022-11-04 12:15:20";7.25
"Servidor-SPTECH";"ram";"ram_Usada";"GB";"2022-11-04 12:15:19";7.24
"Servidor-SPTECH";"ram";"ram_Usada";"GB";"2022-11-04 12:15:17";7.29
"Servidor-SPTECH";"ram";"ram_Usada";"GB";"2022-11-04 12:15:15";7.28
"Servidor-SPTECH";"ram";"ram_Usada";"GB";"2022-11-04 12:15:14";7.25
"Servidor-SPTECH";"ram";"ram_Usada";"GB";"2022-11-04 12:15:12";7.27
"Servidor-SPTECH";"ram";"ram_Usada";"GB";"2022-11-04 12:15:10";7.3
"Servidor-SPTECH";"ram";"ram_Usada";"GB";"2022-11-03 10:55:23";7.0
"Servidor-SPTECH";"ram";"ram_Usada";"GB";"2022-11-03 10:55:21";6.94
"Servidor-SPTECH";"ram";"ram_Usada";"GB";"2022-11-03 10:55:19";6.92
"Servidor-SPTECH";"ram";"ram_Usada";"GB";"2022-11-03 10:55:18";6.92
"Servidor-SPTECH";"ram";"ram_Usada";"GB";"2022-11-03 10:55:16";6.97
"Servidor-SPTECH";"ram";"ram_Usada";"GB";"2022-11-03 10:55:15";6.96
"Servidor-SPTECH";"ram";"ram_Usada";"GB";"2022-11-03 10:55:13";6.96
"Servidor-SPTECH";"ram";"ram_Usada";"GB";"2022-11-03 10:55:11";6.96
"Servidor-SPTECH";"ram";"ram_Usada";"GB";"2022-11-03 10:55:10";6.95
"Servidor-SPTECH";"ram";"ram_Usada";"GB";"2022-11-03 10:55:08";6.96
"Servidor-SPTECH";"ram";"ram_Usada";"GB";"2022-11-03 10:55:06";6.99
"Servidor-SPTECH";"ram";"ram_Usada";"GB";"2022-11-03 10:55:05";6.98
"Servidor-SPTECH";"ram";"ram_Usada";"GB";"2022-11-03 10:55:03";6.9
"Servidor-SPTECH";"ram";"ram_Usada";"GB";"2022-11-03 10:55:01";6.9
"Servidor-SPTECH";"ram";"ram_Usada";"GB";"2022-11-03 10:55:00";6.91
"Servidor-SPTECH";"ram";"ram_Usada";"GB";"2022-11-03 10:54:58";6.91
"Servidor-SPTECH";"ram";"ram_Usada";"GB";"2022-11-03 10:54:56";6.93
"Servidor-SPTECH";"ram";"ram_Usada";"GB";"2022-11-03 10:54:55";6.92
"Servidor-SPTECH";"ram";"ram_Usada";"GB";"2022-11-03 10:54:53";6.93
"Servidor-SPTECH";"ram";"ram_Usada";"GB";"2022-11-03 10:54:51";6.96
"Servidor-SPTECH";"ram";"ram_Usada";"GB";"2022-11-03 10:54:50";6.96
"Servidor-SPTECH";"ram";"ram_Usada";"GB";"2022-11-03 10:54:48";6.95
"Servidor-SPTECH";"ram";"ram_Usada";"GB";"2022-11-03 10:54:46";6.97
"Servidor-SPTECH";"ram";"ram_Usada";"GB";"2022-11-03 10:54:45";6.94
"Servidor-SPTECH";"ram";"ram_Usada";"GB";"2022-11-03 10:54:43";6.94
"Servidor-SPTECH";"ram";"ram_Usada";"GB";"2022-11-03 10:54:41";6.92
"Servidor-SPTECH";"ram";"ram_Usada";"GB";"2022-11-03 10:54:40";6.93
"Servidor-SPTECH";"ram";"ram_Usada";"GB";"2022-11-03 10:54:38";6.91
"Servidor-SPTECH";"ram";"ram_Usada";"GB";"2022-11-03 10:54:36";6.88
"Servidor-SPTECH";"ram";"ram_Usada";"GB";"2022-11-03 10:54:35";6.89
"Servidor-SPTECH";"ram";"ram_Usada";"GB";"2022-11-03 10:54:33";6.89
"Servidor-SPTECH";"ram";"ram_Usada";"GB";"2022-11-03 10:54:31";6.88
"Servidor-SPTECH";"ram";"ram_Usada";"GB";"2022-11-03 10:54:30";6.88
"Servidor-SPTECH";"ram";"ram_Usada";"GB";"2022-11-03 10:54:28";6.88
"Servidor-SPTECH";"ram";"ram_Usada";"GB";"2022-11-03 10:54:26";6.9
"Servidor-SPTECH";"ram";"ram_Usada";"GB";"2022-11-03 10:54:25";6.91
"Servidor-SPTECH";"ram";"ram_Usada";"GB";"2022-11-03 10:54:23";6.9
"Servidor-SPTECH";"ram";"ram_Usada";"GB";"2022-11-03 10:54:21";6.91
"Servidor-SPTECH";"ram";"ram_Usada";"GB";"2022-11-03 10:54:20";6.94
"Servidor-SPTECH";"ram";"ram_Usada";"GB";"2022-11-03 10:54:18";6.93
"Servidor-SPTECH";"ram";"ram_Usada";"GB";"2022-11-03 10:54:16";6.9
"Servidor-SPTECH";"ram";"ram_Usada";"GB";"2022-11-03 10:54:15";6.92
"Servidor-SPTECH";"ram";"ram_Usada";"GB";"2022-11-03 10:54:13";6.95
"Servidor-SPTECH";"ram";"ram_Usada";"GB";"2022-11-03 10:54:11";6.94
"Servidor-SPTECH";"ram";"ram_Usada";"GB";"2022-11-03 10:54:10";6.95
"Servidor-SPTECH";"ram";"ram_Usada";"GB";"2022-11-03 10:54:08";6.95
"Servidor-SPTECH";"ram";"ram_Usada";"GB";"2022-11-03 10:54:06";6.97
"Servidor-SPTECH";"ram";"ram_Usada";"GB";"2022-11-03 10:54:05";6.98
"Servidor-SPTECH";"ram";"ram_Usada";"GB";"2022-11-03 10:54:03";6.98
"Servidor-SPTECH";"ram";"ram_Usada";"GB";"2022-11-03 10:54:02";6.99
"Servidor-SPTECH";"ram";"ram_Usada";"GB";"2022-11-03 10:54:00";7.01
"Servidor-SPTECH";"ram";"ram_Usada";"GB";"2022-11-03 10:53:58";7.05
"Servidor-SPTECH";"ram";"ram_Usada";"GB";"2022-11-03 10:53:57";7.06
"Servidor-SPTECH";"ram";"ram_Usada";"GB";"2022-11-03 10:53:55";6.96
"Servidor-SPTECH";"ram";"ram_Usada";"GB";"2022-11-03 10:53:53";6.96
"Servidor-SPTECH";"ram";"ram_Usada";"GB";"2022-11-03 10:53:52";6.97
"Servidor-SPTECH";"ram";"ram_Usada";"GB";"2022-11-03 10:53:50";6.99
"Servidor-SPTECH";"ram";"ram_Usada";"GB";"2022-11-03 10:53:48";6.99
"Servidor-SPTECH";"ram";"ram_Usada";"GB";"2022-11-03 10:53:47";6.99
"Servidor-SPTECH";"ram";"ram_Usada";"GB";"2022-11-03 10:53:45";7.0
"Servidor-SPTECH";"ram";"ram_Usada";"GB";"2022-11-03 10:53:44";7.03
"Servidor-SPTECH";"ram";"ram_Usada";"GB";"2022-11-03 10:53:42";7.04
"Servidor-SPTECH";"ram";"ram_Usada";"GB";"2022-11-03 10:53:40";7.04
"Servidor-SPTECH";"ram";"ram_Usada";"GB";"2022-11-03 10:53:38";7.05
"Servidor-SPTECH";"ram";"ram_Usada";"GB";"2022-11-03 10:53:37";7.12
"Servidor-SPTECH";"ram";"ram_Usada";"GB";"2022-11-03 10:53:35";7.08
"Servidor-SPTECH";"ram";"ram_Usada";"GB";"2022-11-03 10:53:33";7.0
"Servidor-SPTECH";"ram";"ram_Usada";"GB";"2022-11-03 10:53:31";6.88
"Servidor-SPTECH";"ram";"ram_Usada";"GB";"2022-11-03 10:53:29";6.92
"Servidor-SPTECH";"ram";"ram_Usada";"GB";"2022-11-03 10:53:28";6.92
"Servidor-SPTECH";"ram";"ram_Usada";"GB";"2022-11-03 10:53:26";6.84
"Servidor-SPTECH";"ram";"ram_Usada";"GB";"2022-11-03 10:53:24";6.83
"Servidor-SPTECH";"ram";"ram_Usada";"GB";"2022-11-03 10:53:22";6.82
"Servidor-SPTECH";"ram";"ram_Usada";"GB";"2022-11-03 10:53:21";6.83
"Servidor-SPTECH";"ram";"ram_Usada";"GB";"2022-11-03 10:53:19";6.9
"Servidor-SPTECH";"ram";"ram_Usada";"GB";"2022-11-03 10:53:17";6.89
"Servidor-SPTECH";"ram";"ram_Usada";"GB";"2022-11-03 10:53:16";6.97
"Servidor-SPTECH";"ram";"ram_Usada";"GB";"2022-11-03 10:53:14";7.01
"Servidor-SPTECH";"ram";"ram_Usada";"GB";"2022-11-03 10:53:12";6.98
"Servidor-SPTECH";"ram";"ram_Usada";"GB";"2022-11-03 10:53:11";6.97
"Servidor-SPTECH";"ram";"ram_Usada";"GB";"2022-11-03 10:53:09";6.98
"Servidor-SPTECH";"ram";"ram_Usada";"GB";"2022-11-03 10:53:07";7.03
"Servidor-SPTECH";"ram";"ram_Usada";"GB";"2022-11-03 10:53:06";7.07
"Servidor-SPTECH";"ram";"ram_Usada";"GB";"2022-11-03 10:53:04";7.07
"Servidor-SPTECH";"ram";"ram_Usada";"GB";"2022-11-03 10:53:02";7.12
"Servidor-SPTECH";"ram";"ram_Usada";"GB";"2022-11-03 10:53:00";7.13
"Servidor-SPTECH";"ram";"ram_Usada";"GB";"2022-11-03 10:52:59";7.11
"Servidor-SPTECH";"ram";"ram_Usada";"GB";"2022-11-03 10:52:57";7.07
"Servidor-SPTECH";"ram";"ram_Usada";"GB";"2022-11-03 10:52:55";7.05
"Servidor-SPTECH";"ram";"ram_Usada";"GB";"2022-11-03 10:52:53";7.05
"Servidor-SPTECH";"ram";"ram_Usada";"GB";"2022-11-03 10:52:52";7.05
"Servidor-SPTECH";"ram";"ram_Usada";"GB";"2022-11-03 10:52:50";7.07
"Servidor-SPTECH";"ram";"ram_Usada";"GB";"2022-11-03 10:52:48";6.98
"Servidor-SPTECH";"ram";"ram_Usada";"GB";"2022-11-03 10:52:47";6.98
"Servidor-SPTECH";"ram";"ram_Usada";"GB";"2022-11-03 10:52:45";6.98
"Servidor-SPTECH";"ram";"ram_Usada";"GB";"2022-11-03 10:52:43";6.89
"Servidor-SPTECH";"ram";"ram_Usada";"GB";"2022-11-03 10:52:42";6.9
"Servidor-SPTECH";"ram";"ram_Usada";"GB";"2022-11-03 10:52:40";6.91
"Servidor-SPTECH";"ram";"ram_Usada";"GB";"2022-11-03 10:52:38";6.92
"Servidor-SPTECH";"ram";"ram_Usada";"GB";"2022-11-03 10:52:37";6.89
"Servidor-SPTECH";"ram";"ram_Usada";"GB";"2022-11-03 10:52:35";6.88
"Servidor-SPTECH";"ram";"ram_Usada";"GB";"2022-11-03 10:52:33";6.88
"Servidor-SPTECH";"ram";"ram_Usada";"GB";"2022-11-03 10:52:32";6.87
"Servidor-SPTECH";"ram";"ram_Usada";"GB";"2022-11-03 10:52:30";6.85
"Servidor-SPTECH";"ram";"ram_Usada";"GB";"2022-11-03 10:52:28";6.86
"Servidor-SPTECH";"ram";"ram_Usada";"GB";"2022-11-03 10:52:27";6.92
"Servidor-SPTECH";"ram";"ram_Usada";"GB";"2022-11-03 10:52:25";6.92
"Servidor-SPTECH";"ram";"ram_Usada";"GB";"2022-11-03 10:52:23";6.86
"Servidor-SPTECH";"ram";"ram_Usada";"GB";"2022-11-03 10:52:22";6.84
"Servidor-SPTECH";"ram";"ram_Usada";"GB";"2022-11-03 10:52:20";6.84
"Servidor-SPTECH";"ram";"ram_Usada";"GB";"2022-11-03 10:52:18";6.82
"Servidor-SPTECH";"ram";"ram_Usada";"GB";"2022-11-03 10:52:17";6.84
"Servidor-SPTECH";"ram";"ram_Usada";"GB";"2022-11-03 10:52:15";6.82
"Servidor-SPTECH";"ram";"ram_Usada";"GB";"2022-11-03 10:52:13";6.83
"Servidor-SPTECH";"ram";"ram_Usada";"GB";"2022-11-03 10:52:12";6.79
"Servidor-SPTECH";"ram";"ram_Usada";"GB";"2022-11-03 10:52:10";6.81
"Servidor-SPTECH";"ram";"ram_Usada";"GB";"2022-11-03 10:52:08";6.81
"Servidor-SPTECH";"ram";"ram_Usada";"GB";"2022-11-03 10:52:07";6.82
"Servidor-SPTECH";"ram";"ram_Usada";"GB";"2022-11-03 10:52:05";6.82
"Servidor-SPTECH";"ram";"ram_Usada";"GB";"2022-11-03 10:52:04";6.82
"Servidor-SPTECH";"ram";"ram_Usada";"GB";"2022-11-03 10:52:02";6.82
"Servidor-SPTECH";"ram";"ram_Usada";"GB";"2022-11-03 10:52:00";6.81
"Servidor-SPTECH";"ram";"ram_Usada";"GB";"2022-11-03 10:51:59";6.82
"Servidor-SPTECH";"ram";"ram_Usada";"GB";"2022-11-03 10:51:57";6.83
"Servidor-SPTECH";"ram";"ram_Usada";"GB";"2022-11-03 10:51:55";6.83
"Servidor-SPTECH";"ram";"ram_Usada";"GB";"2022-11-03 10:51:54";6.83
"Servidor-SPTECH";"ram";"ram_Usada";"GB";"2022-11-03 10:51:52";6.83
"Servidor-SPTECH";"ram";"ram_Usada";"GB";"2022-11-03 10:51:50";6.85
"Servidor-SPTECH";"ram";"ram_Usada";"GB";"2022-11-03 10:51:49";6.82
"Servidor-SPTECH";"ram";"ram_Usada";"GB";"2022-11-03 10:51:47";6.77
"Servidor-SPTECH";"ram";"ram_Usada";"GB";"2022-11-03 10:51:46";6.77
"Servidor-SPTECH";"ram";"ram_Usada";"GB";"2022-11-03 10:51:44";6.77
"Servidor-SPTECH";"ram";"ram_Usada";"GB";"2022-11-03 10:51:42";6.79
"Servidor-SPTECH";"ram";"ram_Usada";"GB";"2022-11-03 10:51:41";6.79
"Servidor-SPTECH";"ram";"ram_Usada";"GB";"2022-11-03 10:51:39";6.79
"Servidor-SPTECH";"ram";"ram_Usada";"GB";"2022-11-03 10:51:37";6.79
"Servidor-SPTECH";"ram";"ram_Usada";"GB";"2022-11-03 10:51:36";6.83
"Servidor-SPTECH";"ram";"ram_Usada";"GB";"2022-11-03 10:51:34";6.8
"Servidor-SPTECH";"ram";"ram_Usada";"GB";"2022-11-03 10:51:32";6.8
"Servidor-SPTECH";"ram";"ram_Usada";"GB";"2022-11-03 10:51:31";6.77
"Servidor-SPTECH";"ram";"ram_Usada";"GB";"2022-11-03 10:51:29";6.77
"Servidor-SPTECH";"ram";"ram_Usada";"GB";"2022-11-03 10:51:28";6.76
"Servidor-SPTECH";"ram";"ram_Usada";"GB";"2022-11-03 10:51:26";6.76
"Servidor-SPTECH";"ram";"ram_Usada";"GB";"2022-11-03 10:51:25";6.76
"Servidor-SPTECH";"ram";"ram_Usada";"GB";"2022-11-03 10:51:23";6.79
"Servidor-SPTECH";"ram";"ram_Usada";"GB";"2022-11-03 10:51:21";6.81
"Servidor-SPTECH";"ram";"ram_Usada";"GB";"2022-11-03 10:51:20";6.82
"Servidor-SPTECH";"ram";"ram_Usada";"GB";"2022-11-03 10:51:18";6.82
"Servidor-SPTECH";"ram";"ram_Usada";"GB";"2022-11-03 10:51:16";6.83
"Servidor-SPTECH";"ram";"ram_Usada";"GB";"2022-11-03 10:51:15";6.84
"Servidor-SPTECH";"ram";"ram_Usada";"GB";"2022-11-03 10:51:13";6.85
"Servidor-SPTECH";"ram";"ram_Usada";"GB";"2022-11-03 10:51:11";6.77
"Servidor-SPTECH";"ram";"ram_Usada";"GB";"2022-11-03 10:51:09";6.72
"Servidor-SPTECH";"ram";"ram_Usada";"GB";"2022-11-03 10:51:08";6.8
"Servidor-SPTECH";"ram";"ram_Usada";"GB";"2022-11-03 10:51:06";6.77
"Servidor-SPTECH";"ram";"ram_Usada";"GB";"2022-11-03 10:51:04";6.75
"Servidor-SPTECH";"ram";"ram_Usada";"GB";"2022-11-03 10:51:02";6.76
"Servidor-SPTECH";"ram";"ram_Usada";"GB";"2022-11-03 10:51:01";6.74
"Servidor-SPTECH";"ram";"ram_Usada";"GB";"2022-11-03 10:50:59";6.71
"Servidor-SPTECH";"ram";"ram_Usada";"GB";"2022-11-03 10:50:57";6.65
"Servidor-SPTECH";"ram";"ram_Usada";"GB";"2022-11-03 10:50:56";6.58
"Servidor-SPTECH";"ram";"ram_Usada";"GB";"2022-11-03 10:50:54";6.59
"Servidor-SPTECH";"ram";"ram_Usada";"GB";"2022-11-03 10:50:52";6.59
"Servidor-SPTECH";"ram";"ram_Usada";"GB";"2022-11-03 10:50:50";6.68
"Servidor-SPTECH";"ram";"ram_Usada";"GB";"2022-11-03 10:50:49";6.69
"Servidor-SPTECH";"ram";"ram_Usada";"GB";"2022-11-03 10:50:47";6.7
"Servidor-SPTECH";"ram";"ram_Usada";"GB";"2022-11-03 10:50:45";6.71
"Servidor-SPTECH";"ram";"ram_Usada";"GB";"2022-11-03 10:50:44";6.73
"Servidor-SPTECH";"ram";"ram_Usada";"GB";"2022-11-03 10:50:42";6.72
"Servidor-SPTECH";"ram";"ram_Usada";"GB";"2022-11-03 10:50:40";6.71
"Servidor-SPTECH";"ram";"ram_Usada";"GB";"2022-11-03 10:50:39";6.69
"Servidor-SPTECH";"ram";"ram_Usada";"GB";"2022-11-03 10:50:37";6.69
"Servidor-SPTECH";"ram";"ram_Usada";"GB";"2022-11-03 10:50:35";6.69
"Servidor-SPTECH";"ram";"ram_Usada";"GB";"2022-11-03 10:50:34";6.69
"Servidor-SPTECH";"ram";"ram_Usada";"GB";"2022-11-03 10:50:32";6.69
"Servidor-SPTECH";"ram";"ram_Usada";"GB";"2022-11-03 10:50:30";6.78
"Servidor-SPTECH";"ram";"ram_Usada";"GB";"2022-11-03 10:50:28";6.82
"Servidor-SPTECH";"ram";"ram_Usada";"GB";"2022-11-03 10:50:27";6.83
"Servidor-SPTECH";"ram";"ram_Usada";"GB";"2022-11-03 10:50:25";6.83
"Servidor-SPTECH";"ram";"ram_Usada";"GB";"2022-11-03 10:50:23";6.85
"Servidor-SPTECH";"ram";"ram_Usada";"GB";"2022-11-03 10:50:22";6.88
"Servidor-SPTECH";"ram";"ram_Usada";"GB";"2022-11-03 10:50:20";6.86
"Servidor-SPTECH";"ram";"ram_Usada";"GB";"2022-11-03 10:50:18";6.82
"Servidor-SPTECH";"ram";"ram_Usada";"GB";"2022-11-03 10:50:16";6.8
"Servidor-SPTECH";"ram";"ram_Usada";"GB";"2022-11-03 10:50:15";6.81
"Servidor-SPTECH";"ram";"ram_Usada";"GB";"2022-11-03 10:50:13";6.8
"Servidor-SPTECH";"ram";"ram_Usada";"GB";"2022-11-03 10:50:12";6.81
"Servidor-SPTECH";"ram";"ram_Usada";"GB";"2022-11-03 10:50:10";6.81
"Servidor-SPTECH";"ram";"ram_Usada";"GB";"2022-11-03 10:50:08";6.76
"Servidor-SPTECH";"ram";"ram_Usada";"GB";"2022-11-03 10:50:06";6.77
"Servidor-SPTECH";"ram";"ram_Usada";"GB";"2022-11-03 10:50:05";6.77
"Servidor-SPTECH";"ram";"ram_Usada";"GB";"2022-11-03 10:50:03";6.78
"Servidor-SPTECH";"ram";"ram_Usada";"GB";"2022-11-03 10:50:01";6.78
"Servidor-SPTECH";"ram";"ram_Usada";"GB";"2022-11-03 10:50:00";6.78
"Servidor-SPTECH";"ram";"ram_Usada";"GB";"2022-11-03 10:49:58";6.78
"Servidor-SPTECH";"ram";"ram_Usada";"GB";"2022-11-03 10:49:57";6.83
"Servidor-SPTECH";"ram";"ram_Usada";"GB";"2022-11-03 10:49:55";6.81
"Servidor-SPTECH";"ram";"ram_Usada";"GB";"2022-11-03 10:49:53";6.8
"Servidor-SPTECH";"ram";"ram_Usada";"GB";"2022-11-03 10:49:52";6.76
"Servidor-SPTECH";"ram";"ram_Usada";"GB";"2022-11-03 10:49:50";6.77
"Servidor-SPTECH";"ram";"ram_Usada";"GB";"2022-11-03 10:49:48";6.76
"Servidor-SPTECH";"ram";"ram_Usada";"GB";"2022-11-03 10:49:47";6.75
"Servidor-SPTECH";"ram";"ram_Usada";"GB";"2022-11-03 10:49:45";6.75
"Servidor-SPTECH";"ram";"ram_Usada";"GB";"2022-11-03 10:49:43";6.75
"Servidor-SPTECH";"ram";"ram_Usada";"GB";"2022-11-03 10:49:42";6.78
"Servidor-SPTECH";"ram";"ram_Usada";"GB";"2022-11-03 10:49:40";6.8
"Servidor-SPTECH";"ram";"ram_Usada";"GB";"2022-11-03 10:49:38";6.81
"Servidor-SPTECH";"ram";"ram_Usada";"GB";"2022-11-03 10:49:37";6.82
"Servidor-SPTECH";"ram";"ram_Usada";"GB";"2022-11-03 10:49:35";6.83
"Servidor-SPTECH";"ram";"ram_Usada";"GB";"2022-11-03 10:49:33";6.81
"Servidor-SPTECH";"ram";"ram_Usada";"GB";"2022-11-03 10:49:32";6.81
"Servidor-SPTECH";"ram";"ram_Usada";"GB";"2022-11-03 10:49:30";6.8
"Servidor-SPTECH";"ram";"ram_Usada";"GB";"2022-11-03 10:49:28";6.72
"Servidor-SPTECH";"ram";"ram_Usada";"GB";"2022-11-03 10:49:26";6.72
"Servidor-SPTECH";"ram";"ram_Usada";"GB";"2022-11-03 10:49:25";6.76
"Servidor-SPTECH";"ram";"ram_Usada";"GB";"2022-11-03 10:49:23";6.76
"Servidor-SPTECH";"ram";"ram_Usada";"GB";"2022-11-03 10:49:22";6.76
"Servidor-SPTECH";"ram";"ram_Usada";"GB";"2022-11-03 10:49:20";6.8
"Servidor-SPTECH";"ram";"ram_Usada";"GB";"2022-11-03 10:49:18";6.81
"Servidor-SPTECH";"ram";"ram_Usada";"GB";"2022-11-03 10:49:17";6.8
"Servidor-SPTECH";"ram";"ram_Usada";"GB";"2022-11-03 10:49:15";6.82
"Servidor-SPTECH";"ram";"ram_Usada";"GB";"2022-11-03 10:49:14";6.81
"Servidor-SPTECH";"ram";"ram_Usada";"GB";"2022-11-03 10:49:12";6.82
"Servidor-SPTECH";"ram";"ram_Usada";"GB";"2022-11-03 10:49:10";6.85
"Servidor-SPTECH";"ram";"ram_Usada";"GB";"2022-11-03 10:49:09";6.88
"Servidor-SPTECH";"ram";"ram_Usada";"GB";"2022-11-03 10:49:07";6.92
"Servidor-SPTECH";"ram";"ram_Usada";"GB";"2022-11-03 10:49:05";6.91
"Servidor-SPTECH";"ram";"ram_Usada";"GB";"2022-11-03 10:49:03";6.93
"Servidor-SPTECH";"ram";"ram_Usada";"GB";"2022-11-03 10:49:02";6.92
"Servidor-SPTECH";"ram";"ram_Usada";"GB";"2022-11-03 10:49:00";6.91
"Servidor-SPTECH";"ram";"ram_Usada";"GB";"2022-11-03 10:48:58";6.93
"Servidor-SPTECH";"ram";"ram_Usada";"GB";"2022-11-03 10:48:56";6.84
"Servidor-SPTECH";"ram";"ram_Usada";"GB";"2022-11-03 10:48:55";6.78
"Servidor-SPTECH";"ram";"ram_Usada";"GB";"2022-11-03 10:48:53";6.84
"Servidor-SPTECH";"ram";"ram_Usada";"GB";"2022-11-03 10:48:51";6.86
"Servidor-SPTECH";"ram";"ram_Usada";"GB";"2022-11-03 10:48:49";6.86
"Servidor-SPTECH";"ram";"ram_Usada";"GB";"2022-11-03 10:48:48";6.86
"Servidor-SPTECH";"ram";"ram_Usada";"GB";"2022-11-03 10:48:46";6.82
"Servidor-SPTECH";"ram";"ram_Usada";"GB";"2022-11-03 10:48:44";6.82
"Servidor-SPTECH";"ram";"ram_Usada";"GB";"2022-11-03 10:48:43";6.81
"Servidor-SPTECH";"ram";"ram_Usada";"GB";"2022-11-03 10:48:41";6.78
"Servidor-SPTECH";"ram";"ram_Usada";"GB";"2022-11-03 10:48:40";6.78
"Servidor-SPTECH";"ram";"ram_Usada";"GB";"2022-11-03 10:48:38";6.74
"Servidor-SPTECH";"ram";"ram_Usada";"GB";"2022-11-03 10:48:36";6.73
"Servidor-SPTECH";"ram";"ram_Usada";"GB";"2022-11-03 10:48:35";6.73
"Servidor-SPTECH";"ram";"ram_Usada";"GB";"2022-11-03 10:48:33";6.73
"Servidor-SPTECH";"ram";"ram_Usada";"GB";"2022-11-03 10:48:32";6.73
"Servidor-SPTECH";"ram";"ram_Usada";"GB";"2022-11-03 10:48:30";6.73
"Servidor-SPTECH";"ram";"ram_Usada";"GB";"2022-11-03 10:48:28";6.73
"Servidor-SPTECH";"ram";"ram_Usada";"GB";"2022-11-03 10:48:27";6.73
"Servidor-SPTECH";"ram";"ram_Usada";"GB";"2022-11-03 10:48:25";6.73
"Servidor-SPTECH";"ram";"ram_Usada";"GB";"2022-11-03 10:48:24";6.73
"Servidor-SPTECH";"ram";"ram_Usada";"GB";"2022-11-03 10:48:22";6.73
"Servidor-SPTECH";"ram";"ram_Usada";"GB";"2022-11-03 10:48:20";6.73
"Servidor-SPTECH";"ram";"ram_Usada";"GB";"2022-11-03 10:48:19";6.72
"Servidor-SPTECH";"ram";"ram_Usada";"GB";"2022-11-03 10:48:17";6.71
"Servidor-SPTECH";"ram";"ram_Usada";"GB";"2022-11-03 10:48:16";6.72
"Servidor-SPTECH";"ram";"ram_Usada";"GB";"2022-11-03 10:48:14";6.73
"Servidor-SPTECH";"ram";"ram_Usada";"GB";"2022-11-03 10:48:12";6.73
"Servidor-SPTECH";"ram";"ram_Usada";"GB";"2022-11-03 10:48:11";6.73
"Servidor-SPTECH";"ram";"ram_Usada";"GB";"2022-11-03 10:48:09";6.74
"Servidor-SPTECH";"ram";"ram_Usada";"GB";"2022-11-03 10:48:07";6.74
"Servidor-SPTECH";"ram";"ram_Usada";"GB";"2022-11-03 10:48:06";6.74
"Servidor-SPTECH";"ram";"ram_Usada";"GB";"2022-11-03 10:48:04";6.73
"Servidor-SPTECH";"ram";"ram_Usada";"GB";"2022-11-03 10:48:03";6.74
"Servidor-SPTECH";"ram";"ram_Usada";"GB";"2022-11-03 10:48:01";6.75
"Servidor-SPTECH";"ram";"ram_Usada";"GB";"2022-11-03 10:47:59";6.77
"Servidor-SPTECH";"ram";"ram_Usada";"GB";"2022-11-03 10:47:57";6.81
"Servidor-SPTECH";"ram";"ram_Usada";"GB";"2022-11-03 10:47:56";6.83
"Servidor-SPTECH";"ram";"ram_Usada";"GB";"2022-11-03 10:47:54";6.84
"Servidor-SPTECH";"ram";"ram_Usada";"GB";"2022-11-03 10:47:52";6.84
"Servidor-SPTECH";"ram";"ram_Usada";"GB";"2022-11-03 10:47:51";6.9
"Servidor-SPTECH";"ram";"ram_Usada";"GB";"2022-11-03 10:47:49";6.86
"Servidor-SPTECH";"ram";"ram_Usada";"GB";"2022-11-03 10:47:47";6.83
"Servidor-SPTECH";"ram";"ram_Usada";"GB";"2022-11-03 10:47:45";6.82
"Servidor-SPTECH";"ram";"ram_Usada";"GB";"2022-11-03 10:47:44";6.84
"Servidor-SPTECH";"ram";"ram_Usada";"GB";"2022-11-03 10:47:42";6.84
"Servidor-SPTECH";"ram";"ram_Usada";"GB";"2022-11-03 10:47:40";6.84
"Servidor-SPTECH";"ram";"ram_Usada";"GB";"2022-11-03 10:47:39";6.85
"Servidor-SPTECH";"ram";"ram_Usada";"GB";"2022-11-03 10:47:37";6.85
"Servidor-SPTECH";"ram";"ram_Usada";"GB";"2022-11-03 10:47:35";6.86
"Servidor-SPTECH";"ram";"ram_Usada";"GB";"2022-11-03 10:47:34";6.86
"Servidor-SPTECH";"ram";"ram_Usada";"GB";"2022-11-03 10:47:32";6.86
"Servidor-SPTECH";"ram";"ram_Usada";"GB";"2022-11-03 10:47:30";6.86
"Servidor-SPTECH";"ram";"ram_Usada";"GB";"2022-11-03 10:47:29";6.83
"Servidor-SPTECH";"ram";"ram_Usada";"GB";"2022-11-03 10:47:27";6.83
"Servidor-SPTECH";"ram";"ram_Usada";"GB";"2022-11-03 10:47:25";6.82
"Servidor-SPTECH";"ram";"ram_Usada";"GB";"2022-11-03 10:47:24";6.83
"Servidor-SPTECH";"ram";"ram_Usada";"GB";"2022-11-03 10:47:22";6.81
"Servidor-SPTECH";"ram";"ram_Usada";"GB";"2022-11-03 10:47:20";6.84
"Servidor-SPTECH";"ram";"ram_Usada";"GB";"2022-11-03 10:47:19";6.85
"Servidor-SPTECH";"ram";"ram_Usada";"GB";"2022-11-03 10:47:17";6.85
"Servidor-SPTECH";"ram";"ram_Usada";"GB";"2022-11-03 10:47:15";6.9
"Servidor-SPTECH";"ram";"ram_Usada";"GB";"2022-11-03 10:47:14";6.85
"Servidor-SPTECH";"ram";"ram_Usada";"GB";"2022-11-03 10:47:12";6.87
"Servidor-SPTECH";"ram";"ram_Usada";"GB";"2022-11-03 10:47:11";6.86
"Servidor-SPTECH";"ram";"ram_Usada";"GB";"2022-11-03 10:47:09";6.89
"Servidor-SPTECH";"ram";"ram_Usada";"GB";"2022-11-03 10:47:07";6.9
"Servidor-SPTECH";"ram";"ram_Usada";"GB";"2022-11-03 10:47:05";6.95
"Servidor-SPTECH";"ram";"ram_Usada";"GB";"2022-11-03 10:47:04";6.9
"Servidor-SPTECH";"ram";"ram_Usada";"GB";"2022-11-03 10:47:02";6.72
"Servidor-SPTECH";"ram";"ram_Usada";"GB";"2022-11-03 10:47:00";6.75
"Servidor-SPTECH";"ram";"ram_Usada";"GB";"2022-11-03 10:46:59";6.75
"Servidor-SPTECH";"ram";"ram_Usada";"GB";"2022-11-03 10:46:57";6.75
"Servidor-SPTECH";"ram";"ram_Usada";"GB";"2022-11-03 10:46:55";6.75
"Servidor-SPTECH";"ram";"ram_Usada";"GB";"2022-11-03 10:46:54";6.74
"Servidor-SPTECH";"ram";"ram_Usada";"GB";"2022-11-03 10:46:52";6.73
"Servidor-SPTECH";"ram";"ram_Usada";"GB";"2022-11-03 10:46:50";6.81
"Servidor-SPTECH";"ram";"ram_Usada";"GB";"2022-11-03 10:46:49";6.81
"Servidor-SPTECH";"ram";"ram_Usada";"GB";"2022-11-03 10:46:47";6.81
"Servidor-SPTECH";"ram";"ram_Usada";"GB";"2022-11-03 10:46:45";6.79
"Servidor-SPTECH";"ram";"ram_Usada";"GB";"2022-11-03 10:46:44";6.81
"Servidor-SPTECH";"ram";"ram_Usada";"GB";"2022-11-03 10:46:42";6.8
"Servidor-SPTECH";"ram";"ram_Usada";"GB";"2022-11-03 10:46:41";6.78
"Servidor-SPTECH";"ram";"ram_Usada";"GB";"2022-11-03 10:46:39";6.78
"Servidor-SPTECH";"ram";"ram_Usada";"GB";"2022-11-03 10:46:37";6.76
"Servidor-SPTECH";"ram";"ram_Usada";"GB";"2022-11-03 10:46:36";6.76
"Servidor-SPTECH";"ram";"ram_Usada";"GB";"2022-11-03 10:46:34";6.76
"Servidor-SPTECH";"ram";"ram_Usada";"GB";"2022-11-03 10:46:32";6.74
"Servidor-SPTECH";"ram";"ram_Usada";"GB";"2022-11-03 10:46:31";6.68
"Servidor-SPTECH";"ram";"ram_Usada";"GB";"2022-11-03 10:46:29";6.7
"Servidor-SPTECH";"ram";"ram_Usada";"GB";"2022-11-03 10:46:27";6.69
"Servidor-SPTECH";"ram";"ram_Usada";"GB";"2022-11-03 10:46:26";6.69
"Servidor-SPTECH";"ram";"ram_Usada";"GB";"2022-11-03 10:46:24";6.69
"Servidor-SPTECH";"ram";"ram_Usada";"GB";"2022-11-03 10:46:23";6.68
"Servidor-SPTECH";"ram";"ram_Usada";"GB";"2022-11-03 10:46:21";6.68
"Servidor-SPTECH";"ram";"ram_Usada";"GB";"2022-11-03 10:46:19";6.68
"Servidor-SPTECH";"ram";"ram_Usada";"GB";"2022-11-03 10:46:18";6.67
"Servidor-SPTECH";"ram";"ram_Usada";"GB";"2022-11-03 10:46:16";6.68
"Servidor-SPTECH";"ram";"ram_Usada";"GB";"2022-11-03 10:46:15";6.67
"Servidor-SPTECH";"ram";"ram_Usada";"GB";"2022-11-03 10:46:13";6.68
"Servidor-SPTECH";"ram";"ram_Usada";"GB";"2022-11-03 10:46:12";6.65
"Servidor-SPTECH";"ram";"ram_Usada";"GB";"2022-11-03 10:46:10";6.65
"Servidor-SPTECH";"ram";"ram_Usada";"GB";"2022-11-03 10:46:08";6.62
"Servidor-SPTECH";"ram";"ram_Usada";"GB";"2022-11-03 10:46:07";6.62
"Servidor-SPTECH";"ram";"ram_Usada";"GB";"2022-11-03 10:46:05";6.62
"Servidor-SPTECH";"ram";"ram_Usada";"GB";"2022-11-03 10:46:03";6.62
"Servidor-SPTECH";"ram";"ram_Usada";"GB";"2022-11-03 10:46:02";6.62
"Servidor-SPTECH";"ram";"ram_Usada";"GB";"2022-11-03 10:46:00";6.62
"Servidor-SPTECH";"ram";"ram_Usada";"GB";"2022-11-03 10:45:59";6.64
"Servidor-SPTECH";"ram";"ram_Usada";"GB";"2022-11-03 10:45:57";6.78
"Servidor-SPTECH";"ram";"ram_Usada";"GB";"2022-11-03 10:45:55";6.79
"Servidor-SPTECH";"ram";"ram_Usada";"GB";"2022-11-03 10:45:54";6.79
"Servidor-SPTECH";"ram";"ram_Usada";"GB";"2022-11-03 10:45:52";6.82
"Servidor-SPTECH";"ram";"ram_Usada";"GB";"2022-11-03 10:45:51";6.83
"Servidor-SPTECH";"ram";"ram_Usada";"GB";"2022-11-03 10:45:49";6.83
"Servidor-SPTECH";"ram";"ram_Usada";"GB";"2022-11-03 10:45:47";6.84
"Servidor-SPTECH";"ram";"ram_Usada";"GB";"2022-11-03 10:45:46";6.83
"Servidor-SPTECH";"ram";"ram_Usada";"GB";"2022-11-03 10:45:44";6.84
"Servidor-SPTECH";"ram";"ram_Usada";"GB";"2022-11-03 10:45:43";6.84
"Servidor-SPTECH";"ram";"ram_Usada";"GB";"2022-11-03 10:45:41";6.89
"Servidor-SPTECH";"ram";"ram_Usada";"GB";"2022-11-03 10:45:39";6.9
"Servidor-SPTECH";"ram";"ram_Usada";"GB";"2022-11-03 10:45:38";6.91
"Servidor-SPTECH";"ram";"ram_Usada";"GB";"2022-11-03 10:45:36";6.9
"Servidor-SPTECH";"ram";"ram_Usada";"GB";"2022-11-03 10:45:35";6.9
"Servidor-SPTECH";"ram";"ram_Usada";"GB";"2022-11-03 10:45:33";6.91
"Servidor-SPTECH";"ram";"ram_Usada";"GB";"2022-11-03 10:45:31";6.91
"Servidor-SPTECH";"ram";"ram_Usada";"GB";"2022-11-03 10:45:30";7.07
"Servidor-SPTECH";"ram";"ram_Usada";"GB";"2022-11-03 10:45:28";7.27
"Servidor-SPTECH";"ram";"ram_Usada";"GB";"2022-11-03 10:45:26";7.29
"Servidor-SPTECH";"ram";"ram_Usada";"GB";"2022-11-03 10:45:25";7.3
"Servidor-SPTECH";"ram";"ram_Usada";"GB";"2022-11-03 10:45:23";7.28
"Servidor-SPTECH";"ram";"ram_Usada";"GB";"2022-11-03 10:45:21";7.26
"Servidor-SPTECH";"ram";"ram_Usada";"GB";"2022-11-03 10:45:20";7.25
"Servidor-SPTECH";"ram";"ram_Usada";"GB";"2022-11-03 10:45:18";7.23
"Servidor-SPTECH";"ram";"ram_Usada";"GB";"2022-11-03 10:45:17";7.23
"Servidor-SPTECH";"ram";"ram_Usada";"GB";"2022-11-03 10:45:15";7.23
"Servidor-SPTECH";"ram";"ram_Usada";"GB";"2022-11-03 10:45:13";7.23
"Servidor-SPTECH";"ram";"ram_Usada";"GB";"2022-11-03 10:45:12";7.23
"Servidor-SPTECH";"ram";"ram_Usada";"GB";"2022-11-03 10:45:10";7.24
"Servidor-SPTECH";"ram";"ram_Usada";"GB";"2022-11-03 10:45:09";7.25
"Servidor-SPTECH";"ram";"ram_Usada";"GB";"2022-11-03 10:45:07";7.23
"Servidor-SPTECH";"ram";"ram_Usada";"GB";"2022-11-03 10:45:05";7.29
"Servidor-SPTECH";"ram";"ram_Usada";"GB";"2022-11-03 10:45:04";7.27
"Servidor-SPTECH";"ram";"ram_Usada";"GB";"2022-11-03 10:45:02";7.26
"Servidor-SPTECH";"ram";"ram_Usada";"GB";"2022-11-03 10:45:01";7.25
"Servidor-SPTECH";"ram";"ram_Usada";"GB";"2022-11-03 10:44:59";7.25
"Servidor-SPTECH";"ram";"ram_Usada";"GB";"2022-11-03 10:44:57";7.24
"Servidor-SPTECH";"ram";"ram_Usada";"GB";"2022-11-03 10:44:56";7.23
"Servidor-SPTECH";"ram";"ram_Usada";"GB";"2022-11-03 10:44:54";7.25
"Servidor-SPTECH";"ram";"ram_Usada";"GB";"2022-11-03 10:44:52";7.23
"Servidor-SPTECH";"ram";"ram_Usada";"GB";"2022-11-03 10:44:51";7.25
"Servidor-SPTECH";"ram";"ram_Usada";"GB";"2022-11-03 10:44:49";7.26
"Servidor-SPTECH";"ram";"ram_Usada";"GB";"2022-11-03 10:44:47";7.25
"Servidor-SPTECH";"ram";"ram_Usada";"GB";"2022-11-03 10:44:46";7.23
"Servidor-SPTECH";"ram";"ram_Usada";"GB";"2022-11-03 10:44:44";7.22
"Servidor-SPTECH";"ram";"ram_Usada";"GB";"2022-11-03 10:44:43";7.19
"Servidor-SPTECH";"ram";"ram_Usada";"GB";"2022-11-03 10:44:41";7.19
"Servidor-SPTECH";"ram";"ram_Usada";"GB";"2022-11-03 10:44:39";7.19
"Servidor-SPTECH";"ram";"ram_Usada";"GB";"2022-11-03 10:44:38";7.19
"Servidor-SPTECH";"ram";"ram_Usada";"GB";"2022-11-03 10:44:36";7.21
"Servidor-SPTECH";"ram";"ram_Usada";"GB";"2022-11-03 10:44:34";7.22
"Servidor-SPTECH";"ram";"ram_Usada";"GB";"2022-11-03 10:44:33";7.19
"Servidor-SPTECH";"ram";"ram_Usada";"GB";"2022-11-03 10:44:31";7.2
"Servidor-SPTECH";"ram";"ram_Usada";"GB";"2022-11-03 10:44:29";7.24
"Servidor-SPTECH";"ram";"ram_Usada";"GB";"2022-11-03 10:44:28";7.26
"Servidor-SPTECH";"ram";"ram_Usada";"GB";"2022-11-03 10:44:26";7.31
"Servidor-SPTECH";"ram";"ram_Usada";"GB";"2022-11-03 10:44:25";7.33
"Servidor-SPTECH";"ram";"ram_Usada";"GB";"2022-11-03 10:44:23";7.35
"Servidor-SPTECH";"ram";"ram_Usada";"GB";"2022-11-03 10:44:21";7.37
"Servidor-SPTECH";"ram";"ram_Usada";"GB";"2022-11-03 10:44:20";7.37
"Servidor-SPTECH";"ram";"ram_Usada";"GB";"2022-11-03 10:44:18";7.36
"Servidor-SPTECH";"ram";"ram_Usada";"GB";"2022-11-03 10:44:16";7.34
"Servidor-SPTECH";"ram";"ram_Usada";"GB";"2022-11-03 10:44:14";7.29
"Servidor-SPTECH";"ram";"ram_Usada";"GB";"2022-11-03 10:44:13";7.29
"Servidor-SPTECH";"ram";"ram_Usada";"GB";"2022-11-03 10:44:11";7.29
"Servidor-SPTECH";"ram";"ram_Usada";"GB";"2022-11-03 10:44:09";7.3
"Servidor-SPTECH";"ram";"ram_Usada";"GB";"2022-11-03 10:44:08";7.29
"Servidor-SPTECH";"ram";"ram_Usada";"GB";"2022-11-03 10:44:06";7.29
"Servidor-SPTECH";"ram";"ram_Usada";"GB";"2022-11-03 10:44:05";7.37
"Servidor-SPTECH";"ram";"ram_Usada";"GB";"2022-11-03 10:44:03";7.3
"Servidor-SPTECH";"ram";"ram_Usada";"GB";"2022-11-03 10:44:01";7.25
"Servidor-SPTECH";"ram";"ram_Usada";"GB";"2022-11-03 10:43:59";7.24
"Servidor-SPTECH";"ram";"ram_Usada";"GB";"2022-11-03 10:43:58";7.27
"Servidor-SPTECH";"ram";"ram_Usada";"GB";"2022-11-03 10:43:56";7.29
"Servidor-SPTECH";"ram";"ram_Usada";"GB";"2022-11-03 10:43:54";7.23
"Servidor-SPTECH";"ram";"ram_Usada";"GB";"2022-11-03 10:43:52";7.18
"Servidor-SPTECH";"ram";"ram_Usada";"GB";"2022-11-03 10:43:51";7.19
"Servidor-SPTECH";"ram";"ram_Usada";"GB";"2022-11-03 10:43:49";7.18
"Servidor-SPTECH";"ram";"ram_Usada";"GB";"2022-11-03 10:43:47";7.19
"Servidor-SPTECH";"ram";"ram_Usada";"GB";"2022-11-03 10:43:46";7.19
"Servidor-SPTECH";"ram";"ram_Usada";"GB";"2022-11-03 10:43:44";7.19
"Servidor-SPTECH";"ram";"ram_Usada";"GB";"2022-11-03 10:43:42";7.19
"Servidor-SPTECH";"ram";"ram_Usada";"GB";"2022-11-03 10:43:41";7.24
"Servidor-SPTECH";"ram";"ram_Usada";"GB";"2022-11-03 10:43:39";7.27
"Servidor-SPTECH";"ram";"ram_Usada";"GB";"2022-11-03 10:43:37";7.27
"Servidor-SPTECH";"ram";"ram_Usada";"GB";"2022-11-03 10:43:36";7.26
"Servidor-SPTECH";"ram";"ram_Usada";"GB";"2022-11-03 10:43:34";7.27
"Servidor-SPTECH";"ram";"ram_Usada";"GB";"2022-11-03 10:43:32";7.33
"Servidor-SPTECH";"ram";"ram_Usada";"GB";"2022-11-03 10:43:31";7.3
"Servidor-SPTECH";"ram";"ram_Usada";"GB";"2022-11-03 10:43:29";7.19
"Servidor-SPTECH";"ram";"ram_Usada";"GB";"2022-11-03 10:43:27";7.2
"Servidor-SPTECH";"ram";"ram_Usada";"GB";"2022-11-03 10:43:25";7.17
"Servidor-SPTECH";"ram";"ram_Usada";"GB";"2022-11-03 10:43:24";7.13
"Servidor-SPTECH";"ram";"ram_Usada";"GB";"2022-11-03 10:43:22";7.22
"Servidor-SPTECH";"ram";"ram_Usada";"GB";"2022-11-03 10:43:20";7.11
"Servidor-SPTECH";"ram";"ram_Usada";"GB";"2022-11-03 10:43:18";6.93
"Servidor-SPTECH";"ram";"ram_Usada";"GB";"2022-11-03 10:43:17";6.93
"Servidor-SPTECH";"ram";"ram_Usada";"GB";"2022-11-03 10:43:15";6.92
"Servidor-SPTECH";"ram";"ram_Usada";"GB";"2022-11-03 10:43:13";6.9
"Servidor-SPTECH";"ram";"ram_Usada";"GB";"2022-11-03 10:43:12";6.89
"Servidor-SPTECH";"ram";"ram_Usada";"GB";"2022-11-03 10:43:10";6.89
"Servidor-SPTECH";"ram";"ram_Usada";"GB";"2022-11-03 10:43:08";6.89
"Servidor-SPTECH";"ram";"ram_Usada";"GB";"2022-11-03 10:43:07";6.89
"Servidor-SPTECH";"ram";"ram_Usada";"GB";"2022-11-03 10:43:05";6.88
"Servidor-SPTECH";"ram";"ram_Usada";"GB";"2022-11-03 10:43:04";6.89
"Servidor-SPTECH";"ram";"ram_Usada";"GB";"2022-11-03 10:43:02";6.89
"Servidor-SPTECH";"ram";"ram_Usada";"GB";"2022-11-03 10:43:00";6.88
"Servidor-SPTECH";"ram";"ram_Usada";"GB";"2022-11-03 10:42:59";6.89
"Servidor-SPTECH";"ram";"ram_Usada";"GB";"2022-11-03 10:42:57";6.88
"Servidor-SPTECH";"ram";"ram_Usada";"GB";"2022-11-03 10:42:56";6.89
"Servidor-SPTECH";"ram";"ram_Usada";"GB";"2022-11-03 10:42:54";6.9
"Servidor-SPTECH";"ram";"ram_Usada";"GB";"2022-11-03 10:42:52";6.9
"Servidor-SPTECH";"ram";"ram_Usada";"GB";"2022-11-03 10:42:51";6.92
"Servidor-SPTECH";"ram";"ram_Usada";"GB";"2022-11-03 10:42:49";6.9
"Servidor-SPTECH";"ram";"ram_Usada";"GB";"2022-11-03 10:42:48";6.9
"Servidor-SPTECH";"ram";"ram_Usada";"GB";"2022-11-03 10:42:46";6.9
"Servidor-SPTECH";"ram";"ram_Usada";"GB";"2022-11-03 10:42:44";6.9
"Servidor-SPTECH";"ram";"ram_Usada";"GB";"2022-11-03 10:42:43";6.89
"Servidor-SPTECH";"ram";"ram_Usada";"GB";"2022-11-03 10:42:41";6.9
"Servidor-SPTECH";"ram";"ram_Usada";"GB";"2022-11-03 10:42:40";6.93
"Servidor-SPTECH";"ram";"ram_Usada";"GB";"2022-11-03 10:42:38";6.92
"Servidor-SPTECH";"ram";"ram_Usada";"GB";"2022-11-03 10:42:36";6.93
"Servidor-SPTECH";"ram";"ram_Usada";"GB";"2022-11-03 10:42:35";6.93
"Servidor-SPTECH";"ram";"ram_Usada";"GB";"2022-11-03 10:42:33";6.93
"Servidor-SPTECH";"ram";"ram_Usada";"GB";"2022-11-03 10:42:31";6.93
"Servidor-SPTECH";"ram";"ram_Usada";"GB";"2022-11-03 10:42:30";7.0
"Servidor-SPTECH";"ram";"ram_Usada";"GB";"2022-11-03 10:42:28";7.01
"Servidor-SPTECH";"ram";"ram_Usada";"GB";"2022-11-03 10:42:27";7.03
"Servidor-SPTECH";"ram";"ram_Usada";"GB";"2022-11-03 10:42:25";7.03
"Servidor-SPTECH";"ram";"ram_Usada";"GB";"2022-11-03 10:42:23";7.15
"Servidor-SPTECH";"ram";"ram_Usada";"GB";"2022-11-03 10:42:22";7.16
"Servidor-SPTECH";"ram";"ram_Usada";"GB";"2022-11-03 10:42:20";7.21
"Servidor-SPTECH";"ram";"ram_Usada";"GB";"2022-11-03 10:42:18";7.18
"Servidor-SPTECH";"ram";"ram_Usada";"GB";"2022-11-03 10:42:17";7.2
"Servidor-SPTECH";"ram";"ram_Usada";"GB";"2022-11-03 10:42:15";7.16
"Servidor-SPTECH";"ram";"ram_Usada";"GB";"2022-11-03 10:42:13";7.16
"Servidor-SPTECH";"ram";"ram_Usada";"GB";"2022-11-03 10:42:11";7.11
"Servidor-SPTECH";"ram";"ram_Usada";"GB";"2022-11-03 10:42:09";7.07
"Servidor-SPTECH";"ram";"ram_Usada";"GB";"2022-11-03 10:42:08";7.05
"Servidor-SPTECH";"ram";"ram_Usada";"GB";"2022-11-03 10:42:06";7.01
"Servidor-SPTECH";"ram";"ram_Usada";"GB";"2022-11-03 10:42:05";7.06
"Servidor-SPTECH";"ram";"ram_Usada";"GB";"2022-11-03 10:42:03";7.03
"Servidor-SPTECH";"ram";"ram_Usada";"GB";"2022-11-03 10:42:01";7.03
"Servidor-SPTECH";"ram";"ram_Usada";"GB";"2022-11-03 10:42:00";7.03
"Servidor-SPTECH";"ram";"ram_Usada";"GB";"2022-11-03 10:41:58";7.06
"Servidor-SPTECH";"ram";"ram_Usada";"GB";"2022-11-03 10:41:56";7.04
"Servidor-SPTECH";"ram";"ram_Usada";"GB";"2022-11-03 10:41:54";6.96
"Servidor-SPTECH";"ram";"ram_Usada";"GB";"2022-11-03 10:41:53";7.03
"Servidor-SPTECH";"ram";"ram_Usada";"GB";"2022-11-03 10:41:51";7.03
"Servidor-SPTECH";"ram";"ram_Usada";"GB";"2022-11-03 10:41:49";7.09
"Servidor-SPTECH";"ram";"ram_Usada";"GB";"2022-11-03 10:41:48";7.09
"Servidor-SPTECH";"ram";"ram_Usada";"GB";"2022-11-03 10:41:46";7.07
"Servidor-SPTECH";"ram";"ram_Usada";"GB";"2022-11-03 10:41:44";7.06
"Servidor-SPTECH";"ram";"ram_Usada";"GB";"2022-11-03 10:41:42";7.04
"Servidor-SPTECH";"ram";"ram_Usada";"GB";"2022-11-03 10:41:41";6.88
"Servidor-SPTECH";"ram";"ram_Usada";"GB";"2022-11-03 10:41:39";6.92
"Servidor-SPTECH";"ram";"ram_Usada";"GB";"2022-11-03 10:41:37";6.95
"Servidor-SPTECH";"ram";"ram_Usada";"GB";"2022-11-03 10:41:36";6.96
"Servidor-SPTECH";"ram";"ram_Usada";"GB";"2022-11-03 10:41:34";6.96
"Servidor-SPTECH";"ram";"ram_Usada";"GB";"2022-11-03 10:41:32";6.91
"Servidor-SPTECH";"ram";"ram_Usada";"GB";"2022-11-03 10:41:30";6.9
"Servidor-SPTECH";"ram";"ram_Usada";"GB";"2022-11-03 10:41:29";6.88
"Servidor-SPTECH";"ram";"ram_Usada";"GB";"2022-11-03 10:41:27";6.88
"Servidor-SPTECH";"ram";"ram_Usada";"GB";"2022-11-03 10:41:25";6.91
"Servidor-SPTECH";"ram";"ram_Usada";"GB";"2022-11-03 10:41:24";7.0
"Servidor-SPTECH";"ram";"ram_Usada";"GB";"2022-11-03 10:41:22";7.0
"Servidor-SPTECH";"ram";"ram_Usada";"GB";"2022-11-03 10:41:20";7.0
"Servidor-SPTECH";"ram";"ram_Usada";"GB";"2022-11-03 10:41:19";6.98
"Servidor-SPTECH";"ram";"ram_Usada";"GB";"2022-11-03 10:41:17";6.98
"Servidor-SPTECH";"ram";"ram_Usada";"GB";"2022-11-03 10:41:15";6.98
"Servidor-SPTECH";"ram";"ram_Usada";"GB";"2022-11-03 10:41:14";7.02
"Servidor-SPTECH";"ram";"ram_Usada";"GB";"2022-11-03 10:41:12";7.01
"Servidor-SPTECH";"ram";"ram_Usada";"GB";"2022-11-03 10:41:10";6.91
"Servidor-SPTECH";"ram";"ram_Usada";"GB";"2022-11-03 10:41:08";6.95
"Servidor-SPTECH";"ram";"ram_Usada";"GB";"2022-11-03 10:41:07";6.95
"Servidor-SPTECH";"ram";"ram_Usada";"GB";"2022-11-03 10:41:05";6.95
"Servidor-SPTECH";"ram";"ram_Usada";"GB";"2022-11-03 10:41:04";6.96
"Servidor-SPTECH";"ram";"ram_Usada";"GB";"2022-11-03 10:41:02";6.92
"Servidor-SPTECH";"ram";"ram_Usada";"GB";"2022-11-03 10:41:00";6.92
"Servidor-SPTECH";"ram";"ram_Usada";"GB";"2022-11-03 10:40:58";6.92
"Servidor-SPTECH";"ram";"ram_Usada";"GB";"2022-11-03 10:40:57";6.92
"Servidor-SPTECH";"ram";"ram_Usada";"GB";"2022-11-03 10:40:55";6.89
"Servidor-SPTECH";"ram";"ram_Usada";"GB";"2022-11-03 10:40:54";6.89
"Servidor-SPTECH";"ram";"ram_Usada";"GB";"2022-11-03 10:40:52";6.98
"Servidor-SPTECH";"ram";"ram_Usada";"GB";"2022-11-03 10:40:50";7.09
"Servidor-SPTECH";"ram";"ram_Usada";"GB";"2022-11-03 10:40:49";7.13
"Servidor-SPTECH";"ram";"ram_Usada";"GB";"2022-11-03 10:40:47";7.13
"Servidor-SPTECH";"ram";"ram_Usada";"GB";"2022-11-03 10:40:45";7.2
"Servidor-SPTECH";"ram";"ram_Usada";"GB";"2022-11-03 10:40:44";7.17
"Servidor-SPTECH";"ram";"ram_Usada";"GB";"2022-11-03 10:40:42";7.16
"Servidor-SPTECH";"ram";"ram_Usada";"GB";"2022-11-03 10:40:40";7.2
"Servidor-SPTECH";"ram";"ram_Usada";"GB";"2022-11-03 10:40:38";7.19
"Servidor-SPTECH";"ram";"ram_Usada";"GB";"2022-11-03 10:40:36";7.19
"Servidor-SPTECH";"ram";"ram_Usada";"GB";"2022-11-03 10:40:35";7.2
"Servidor-SPTECH";"ram";"ram_Usada";"GB";"2022-11-03 10:40:33";7.17
"Servidor-SPTECH";"ram";"ram_Usada";"GB";"2022-11-03 10:40:31";7.16
"Servidor-SPTECH";"ram";"ram_Usada";"GB";"2022-11-03 10:40:30";7.16
"Servidor-SPTECH";"ram";"ram_Usada";"GB";"2022-11-03 10:40:28";7.14
"Servidor-SPTECH";"ram";"ram_Usada";"GB";"2022-11-03 10:40:26";7.2
"Servidor-SPTECH";"ram";"ram_Usada";"GB";"2022-11-03 10:40:24";7.24
"Servidor-SPTECH";"ram";"ram_Usada";"GB";"2022-11-03 10:40:23";7.21
"Servidor-SPTECH";"ram";"ram_Usada";"GB";"2022-11-03 10:40:21";7.19
"Servidor-SPTECH";"ram";"ram_Usada";"GB";"2022-11-03 10:40:19";7.19
"Servidor-SPTECH";"ram";"ram_Usada";"GB";"2022-11-03 10:40:17";7.18
"Servidor-SPTECH";"ram";"ram_Usada";"GB";"2022-11-03 10:40:16";7.15
"Servidor-SPTECH";"ram";"ram_Usada";"GB";"2022-11-03 10:40:14";7.17
"Servidor-SPTECH";"ram";"ram_Usada";"GB";"2022-11-03 10:40:12";7.16
"Servidor-SPTECH";"ram";"ram_Usada";"GB";"2022-11-03 10:40:11";7.27
"Servidor-SPTECH";"ram";"ram_Usada";"GB";"2022-11-03 10:40:09";7.28
"Servidor-SPTECH";"ram";"ram_Usada";"GB";"2022-11-03 10:40:07";7.28
"Servidor-SPTECH";"ram";"ram_Usada";"GB";"2022-11-03 10:40:05";7.32
"Servidor-SPTECH";"ram";"ram_Usada";"GB";"2022-11-03 10:40:04";7.31
"Servidor-SPTECH";"ram";"ram_Usada";"GB";"2022-11-03 10:40:02";7.31
"Servidor-SPTECH";"ram";"ram_Usada";"GB";"2022-11-03 10:40:00";7.31
"Servidor-SPTECH";"ram";"ram_Usada";"GB";"2022-11-03 10:39:59";7.3
"Servidor-SPTECH";"ram";"ram_Usada";"GB";"2022-11-03 10:39:57";7.15
"Servidor-SPTECH";"ram";"ram_Usada";"GB";"2022-11-03 10:39:55";7.14
"Servidor-SPTECH";"ram";"ram_Usada";"GB";"2022-11-03 10:39:54";7.13
"Servidor-SPTECH";"ram";"ram_Usada";"GB";"2022-11-03 10:39:52";7.13
"Servidor-SPTECH";"ram";"ram_Usada";"GB";"2022-11-03 10:39:50";7.13
"Servidor-SPTECH";"ram";"ram_Usada";"GB";"2022-11-03 10:39:48";7.13
"Servidor-SPTECH";"ram";"ram_Usada";"GB";"2022-11-03 10:39:47";7.14
"Servidor-SPTECH";"ram";"ram_Usada";"GB";"2022-11-03 10:39:45";7.09
"Servidor-SPTECH";"ram";"ram_Usada";"GB";"2022-11-03 10:39:43";7.12
"Servidor-SPTECH";"ram";"ram_Usada";"GB";"2022-11-03 10:39:42";7.12
"Servidor-SPTECH";"ram";"ram_Usada";"GB";"2022-11-03 10:39:40";7.11
"Servidor-SPTECH";"ram";"ram_Usada";"GB";"2022-11-03 10:39:39";7.1
"Servidor-SPTECH";"ram";"ram_Usada";"GB";"2022-11-03 10:39:37";7.1
"Servidor-SPTECH";"ram";"ram_Usada";"GB";"2022-11-03 10:39:35";7.1
"Servidor-SPTECH";"ram";"ram_Usada";"GB";"2022-11-03 10:39:34";7.18
"Servidor-SPTECH";"ram";"ram_Usada";"GB";"2022-11-03 10:39:32";7.19
"Servidor-SPTECH";"ram";"ram_Usada";"GB";"2022-11-03 10:39:30";7.18
"Servidor-SPTECH";"ram";"ram_Usada";"GB";"2022-11-03 10:39:29";7.18
"Servidor-SPTECH";"ram";"ram_Usada";"GB";"2022-11-03 10:39:27";7.17
"Servidor-SPTECH";"ram";"ram_Usada";"GB";"2022-11-03 10:39:25";7.19
"Servidor-SPTECH";"ram";"ram_Usada";"GB";"2022-11-03 10:39:24";7.2
"Servidor-SPTECH";"ram";"ram_Usada";"GB";"2022-11-03 10:39:22";7.2
"Servidor-SPTECH";"ram";"ram_Usada";"GB";"2022-11-03 10:39:20";7.16
"Servidor-SPTECH";"ram";"ram_Usada";"GB";"2022-11-03 10:39:19";7.18
"Servidor-SPTECH";"ram";"ram_Usada";"GB";"2022-11-03 10:39:17";7.15
"Servidor-SPTECH";"ram";"ram_Usada";"GB";"2022-11-03 10:39:15";7.15
"Servidor-SPTECH";"ram";"ram_Usada";"GB";"2022-11-03 10:39:14";7.14
"Servidor-SPTECH";"ram";"ram_Usada";"GB";"2022-11-03 10:39:12";7.13
"Servidor-SPTECH";"ram";"ram_Usada";"GB";"2022-11-03 10:39:10";7.1
"Servidor-SPTECH";"ram";"ram_Usada";"GB";"2022-11-03 10:39:08";7.1
"Servidor-SPTECH";"ram";"ram_Usada";"GB";"2022-11-03 10:39:07";7.09
"Servidor-SPTECH";"ram";"ram_Usada";"GB";"2022-11-03 10:39:05";7.08
"Servidor-SPTECH";"ram";"ram_Usada";"GB";"2022-11-03 10:39:03";7.08
"Servidor-SPTECH";"ram";"ram_Usada";"GB";"2022-11-03 10:39:02";7.1
"Servidor-SPTECH";"ram";"ram_Usada";"GB";"2022-11-03 10:39:00";7.05
"Servidor-SPTECH";"ram";"ram_Usada";"GB";"2022-11-03 10:38:59";7.08
"Servidor-SPTECH";"ram";"ram_Usada";"GB";"2022-11-03 10:38:57";7.39
"Servidor-SPTECH";"ram";"ram_Usada";"GB";"2022-11-03 10:38:55";7.37
"Servidor-SPTECH";"ram";"ram_Usada";"GB";"2022-11-03 10:38:54";7.36
"Servidor-SPTECH";"ram";"ram_Usada";"GB";"2022-11-03 10:38:52";7.36
"Servidor-SPTECH";"ram";"ram_Usada";"GB";"2022-11-03 10:38:51";7.39
"Servidor-SPTECH";"ram";"ram_Usada";"GB";"2022-11-03 10:38:49";7.39
"Servidor-SPTECH";"ram";"ram_Usada";"GB";"2022-11-03 10:38:47";7.41
"Servidor-SPTECH";"ram";"ram_Usada";"GB";"2022-11-03 10:38:45";7.44
"Servidor-SPTECH";"ram";"ram_Usada";"GB";"2022-11-03 10:38:44";7.42
"Servidor-SPTECH";"ram";"ram_Usada";"GB";"2022-11-03 10:38:42";7.41
"Servidor-SPTECH";"ram";"ram_Usada";"GB";"2022-11-03 10:38:40";7.42
"Servidor-SPTECH";"ram";"ram_Usada";"GB";"2022-11-03 10:38:38";7.4
"Servidor-SPTECH";"ram";"ram_Usada";"GB";"2022-11-03 10:38:37";7.4
"Servidor-SPTECH";"ram";"ram_Usada";"GB";"2022-11-03 10:38:35";7.39
"Servidor-SPTECH";"ram";"ram_Usada";"GB";"2022-11-03 10:38:33";7.38
"Servidor-SPTECH";"ram";"ram_Usada";"GB";"2022-11-03 10:38:32";7.4
"Servidor-SPTECH";"ram";"ram_Usada";"GB";"2022-11-03 10:38:30";7.38
"Servidor-SPTECH";"ram";"ram_Usada";"GB";"2022-11-03 10:38:28";7.37
"Servidor-SPTECH";"ram";"ram_Usada";"GB";"2022-11-03 10:38:26";7.37
"Servidor-SPTECH";"ram";"ram_Usada";"GB";"2022-11-03 10:38:25";7.37
"Servidor-SPTECH";"ram";"ram_Usada";"GB";"2022-11-03 10:38:23";7.36
"Servidor-SPTECH";"ram";"ram_Usada";"GB";"2022-11-03 10:38:21";7.35
"Servidor-SPTECH";"ram";"ram_Usada";"GB";"2022-11-03 10:38:20";7.35
"Servidor-SPTECH";"ram";"ram_Usada";"GB";"2022-11-03 10:38:18";7.32
"Servidor-SPTECH";"ram";"ram_Usada";"GB";"2022-11-03 10:38:16";7.3
"Servidor-SPTECH";"ram";"ram_Usada";"GB";"2022-11-03 10:38:14";7.28
"Servidor-SPTECH";"ram";"ram_Usada";"GB";"2022-11-03 10:38:13";7.28
"Servidor-SPTECH";"ram";"ram_Usada";"GB";"2022-11-03 10:38:11";7.27
"Servidor-SPTECH";"ram";"ram_Usada";"GB";"2022-11-03 10:38:10";7.26
"Servidor-SPTECH";"ram";"ram_Usada";"GB";"2022-11-03 10:38:08";7.33
"Servidor-SPTECH";"ram";"ram_Usada";"GB";"2022-11-03 10:38:06";7.33
"Servidor-SPTECH";"ram";"ram_Usada";"GB";"2022-11-03 10:38:05";7.32
"Servidor-SPTECH";"ram";"ram_Usada";"GB";"2022-11-03 10:38:03";7.29
"Servidor-SPTECH";"ram";"ram_Usada";"GB";"2022-11-03 10:38:01";7.29
"Servidor-SPTECH";"ram";"ram_Usada";"GB";"2022-11-03 10:38:00";7.28
"Servidor-SPTECH";"ram";"ram_Usada";"GB";"2022-11-03 10:37:58";7.27
"Servidor-SPTECH";"ram";"ram_Usada";"GB";"2022-11-03 10:37:56";7.27
"Servidor-SPTECH";"ram";"ram_Usada";"GB";"2022-11-03 10:37:54";7.25
"Servidor-SPTECH";"ram";"ram_Usada";"GB";"2022-11-03 10:37:52";7.25
"Servidor-SPTECH";"ram";"ram_Usada";"GB";"2022-11-03 10:37:51";7.25
"Servidor-SPTECH";"ram";"ram_Usada";"GB";"2022-11-03 10:37:49";7.25
"Servidor-SPTECH";"ram";"ram_Usada";"GB";"2022-11-03 10:37:47";7.24
"Servidor-SPTECH";"ram";"ram_Usada";"GB";"2022-11-03 10:37:46";7.24
"Servidor-SPTECH";"ram";"ram_Usada";"GB";"2022-11-03 10:37:44";7.23
"Servidor-SPTECH";"ram";"ram_Usada";"GB";"2022-11-03 10:37:42";7.23
"Servidor-SPTECH";"ram";"ram_Usada";"GB";"2022-11-03 10:37:41";7.22
"Servidor-SPTECH";"ram";"ram_Usada";"GB";"2022-11-03 10:37:39";7.23
"Servidor-SPTECH";"ram";"ram_Usada";"GB";"2022-11-03 10:37:37";7.22
"Servidor-SPTECH";"ram";"ram_Usada";"GB";"2022-11-03 10:37:36";7.21
"Servidor-SPTECH";"ram";"ram_Usada";"GB";"2022-11-03 10:37:34";7.19
"Servidor-SPTECH";"ram";"ram_Usada";"GB";"2022-11-03 10:37:32";7.2
"Servidor-SPTECH";"ram";"ram_Usada";"GB";"2022-11-03 10:37:31";7.18
"Servidor-SPTECH";"ram";"ram_Usada";"GB";"2022-11-03 10:37:29";7.18
"Servidor-SPTECH";"ram";"ram_Usada";"GB";"2022-11-03 10:37:27";7.17
"Servidor-SPTECH";"ram";"ram_Usada";"GB";"2022-11-03 10:37:26";7.15
"Servidor-SPTECH";"ram";"ram_Usada";"GB";"2022-11-03 10:37:24";7.16
"Servidor-SPTECH";"ram";"ram_Usada";"GB";"2022-11-03 10:37:22";7.16
"Servidor-SPTECH";"ram";"ram_Usada";"GB";"2022-11-03 10:37:20";7.15
"Servidor-SPTECH";"ram";"ram_Usada";"GB";"2022-11-03 10:37:19";7.15
"Servidor-SPTECH";"ram";"ram_Usada";"GB";"2022-11-03 10:37:17";7.15
"Servidor-SPTECH";"ram";"ram_Usada";"GB";"2022-11-03 10:37:15";7.15
"Servidor-SPTECH";"ram";"ram_Usada";"GB";"2022-11-03 10:37:14";7.15
"Servidor-SPTECH";"ram";"ram_Usada";"GB";"2022-11-03 10:37:12";7.16
"Servidor-SPTECH";"ram";"ram_Usada";"GB";"2022-11-03 10:37:10";7.11
"Servidor-SPTECH";"ram";"ram_Usada";"GB";"2022-11-03 10:37:09";7.11
"Servidor-SPTECH";"ram";"ram_Usada";"GB";"2022-11-03 10:37:07";7.1
"Servidor-SPTECH";"ram";"ram_Usada";"GB";"2022-11-03 10:37:06";7.1
"Servidor-SPTECH";"ram";"ram_Usada";"GB";"2022-11-03 10:37:04";7.13
"Servidor-SPTECH";"ram";"ram_Usada";"GB";"2022-11-03 10:37:02";7.12
"Servidor-SPTECH";"ram";"ram_Usada";"GB";"2022-11-03 10:37:00";7.1
"Servidor-SPTECH";"ram";"ram_Usada";"GB";"2022-11-03 10:36:59";7.1
"Servidor-SPTECH";"ram";"ram_Usada";"GB";"2022-11-03 10:36:57";7.1
"Servidor-SPTECH";"ram";"ram_Usada";"GB";"2022-11-03 10:36:56";7.1
"Servidor-SPTECH";"ram";"ram_Usada";"GB";"2022-11-03 10:36:54";7.08
"Servidor-SPTECH";"ram";"ram_Usada";"GB";"2022-11-03 10:36:52";7.08
"Servidor-SPTECH";"ram";"ram_Usada";"GB";"2022-11-03 10:36:50";7.14
"Servidor-SPTECH";"ram";"ram_Usada";"GB";"2022-11-03 10:36:48";7.15
"Servidor-SPTECH";"ram";"ram_Usada";"GB";"2022-11-03 10:36:46";7.1
"Servidor-SPTECH";"ram";"ram_Usada";"GB";"2022-11-03 10:36:45";7.11
"Servidor-SPTECH";"ram";"ram_Usada";"GB";"2022-11-03 10:21:18";6.92
"Servidor-SPTECH";"ram";"ram_Usada";"GB";"2022-11-03 10:21:17";6.9
"Servidor-SPTECH";"ram";"ram_Usada";"GB";"2022-11-03 10:21:15";6.89
"Servidor-SPTECH";"ram";"ram_Usada";"GB";"2022-11-03 10:21:13";6.89
"Servidor-SPTECH";"ram";"ram_Usada";"GB";"2022-11-03 10:21:12";6.89
"Servidor-SPTECH";"ram";"ram_Usada";"GB";"2022-11-03 10:21:10";6.85
"Servidor-SPTECH";"ram";"ram_Usada";"GB";"2022-11-03 10:21:08";6.86
"Servidor-SPTECH";"ram";"ram_Usada";"GB";"2022-11-03 10:21:06";6.86
"Servidor-SPTECH";"ram";"ram_Usada";"GB";"2022-11-03 10:21:05";6.82
"Servidor-SPTECH";"ram";"ram_Usada";"GB";"2022-11-03 10:21:03";6.83
"Servidor-SPTECH";"ram";"ram_Usada";"GB";"2022-11-03 10:21:01";6.88
"Servidor-SPTECH";"ram";"ram_Usada";"GB";"2022-11-03 10:20:59";6.88
"Servidor-SPTECH";"ram";"ram_Usada";"GB";"2022-11-03 10:20:58";6.89
"Servidor-SPTECH";"ram";"ram_Usada";"GB";"2022-11-03 10:20:56";6.89
"Servidor-SPTECH";"ram";"ram_Usada";"GB";"2022-11-03 10:20:54";6.88
"Servidor-SPTECH";"ram";"ram_Usada";"GB";"2022-11-03 10:20:52";6.86
"Servidor-SPTECH";"ram";"ram_Usada";"GB";"2022-11-03 10:20:51";6.93
"Servidor-SPTECH";"ram";"ram_Usada";"GB";"2022-11-03 10:20:49";6.94
"Servidor-SPTECH";"ram";"ram_Usada";"GB";"2022-11-03 10:20:47";6.91
"Servidor-SPTECH";"ram";"ram_Usada";"GB";"2022-11-03 10:20:46";6.91
"Servidor-SPTECH";"ram";"ram_Usada";"GB";"2022-11-03 10:20:44";6.9
"Servidor-SPTECH";"ram";"ram_Usada";"GB";"2022-11-03 10:20:42";6.93
"Servidor-SPTECH";"ram";"ram_Usada";"GB";"2022-11-03 10:20:40";6.91
"Servidor-SPTECH";"ram";"ram_Usada";"GB";"2022-11-03 10:20:39";6.91
"Servidor-SPTECH";"ram";"ram_Usada";"GB";"2022-11-03 10:20:37";6.9
"Servidor-SPTECH";"ram";"ram_Usada";"GB";"2022-11-03 10:18:36";7.36
"Servidor-SPTECH";"ram";"ram_Usada";"GB";"2022-11-03 10:18:34";7.2
"Servidor-SPTECH";"ram";"ram_Usada";"GB";"2022-11-03 10:18:32";7.24
"Servidor-SPTECH";"ram";"ram_Usada";"GB";"2022-11-03 10:18:30";7.23
"Servidor-SPTECH";"ram";"ram_Usada";"GB";"2022-11-03 10:18:28";7.23
"Servidor-SPTECH";"ram";"ram_Usada";"GB";"2022-11-03 10:18:26";7.23
"Servidor-SPTECH";"ram";"ram_Usada";"GB";"2022-11-03 10:18:24";7.22
"Servidor-SPTECH";"ram";"ram_Usada";"GB";"2022-11-03 10:18:23";7.26
"Servidor-SPTECH";"ram";"ram_Usada";"GB";"2022-11-03 10:18:21";7.25
"Servidor-SPTECH";"ram";"ram_Usada";"GB";"2022-11-03 10:18:19";7.26
"Servidor-SPTECH";"ram";"ram_Usada";"GB";"2022-11-03 10:18:17";7.24
"Servidor-SPTECH";"ram";"ram_Usada";"GB";"2022-11-03 10:18:16";7.29
"Servidor-SPTECH";"ram";"ram_Usada";"GB";"2022-11-03 10:18:14";7.29
"Servidor-SPTECH";"ram";"ram_Usada";"GB";"2022-11-03 10:18:12";7.28
"Servidor-SPTECH";"ram";"ram_Usada";"GB";"2022-11-03 10:18:10";7.25
"Servidor-SPTECH";"ram";"ram_Usada";"GB";"2022-11-03 10:18:09";7.26
"Servidor-SPTECH";"ram";"ram_Usada";"GB";"2022-11-03 10:18:07";7.23
"Servidor-SPTECH";"ram";"ram_Usada";"GB";"2022-11-03 10:18:05";7.25
"Servidor-SPTECH";"ram";"ram_Usada";"GB";"2022-11-03 10:18:03";7.25
"Servidor-SPTECH";"ram";"ram_Usada";"GB";"2022-11-03 10:18:01";7.28
"Servidor-SPTECH";"ram";"ram_Usada";"GB";"2022-11-03 10:18:00";7.25
"Servidor-SPTECH";"ram";"ram_Usada";"GB";"2022-11-03 10:17:58";7.35
"Servidor-SPTECH";"ram";"ram_Usada";"GB";"2022-11-03 10:17:56";7.36
"Servidor-SPTECH";"ram";"ram_Usada";"GB";"2022-11-03 10:17:54";7.26
"Servidor-SPTECH";"ram";"ram_Usada";"GB";"2022-11-03 10:17:53";6.99
"Servidor-SPTECH";"ram";"ram_Usada";"GB";"2022-11-03 10:17:51";6.85
"Servidor-SPTECH";"ram";"ram_Usada";"GB";"2022-11-03 10:17:49";6.57
"Servidor-SPTECH";"ram";"ram_Usada";"GB";"2022-11-03 10:17:48";6.57
"Servidor-SPTECH";"ram";"ram_Usada";"GB";"2022-11-03 10:17:46";6.57
"Servidor-SPTECH";"ram";"ram_Usada";"GB";"2022-11-03 10:17:44";6.56
"Servidor-SPTECH";"ram";"ram_Usada";"GB";"2022-11-03 10:17:43";6.57
"Servidor-SPTECH";"ram";"ram_Usada";"GB";"2022-11-03 10:17:41";6.58
"Servidor-SPTECH";"ram";"ram_Usada";"GB";"2022-11-03 10:17:39";6.58
"Servidor-SPTECH";"ram";"ram_Usada";"GB";"2022-11-03 10:17:38";6.58
"Servidor-SPTECH";"ram";"ram_Usada";"GB";"2022-11-03 10:17:36";6.56
"Servidor-SPTECH";"ram";"ram_Usada";"GB";"2022-11-03 10:17:34";6.57
"Servidor-SPTECH";"ram";"ram_Usada";"GB";"2022-11-03 10:17:32";6.57
"Servidor-SPTECH";"ram";"ram_Usada";"GB";"2022-11-03 10:17:30";6.57
"Servidor-SPTECH";"ram";"ram_Usada";"GB";"2022-11-03 10:17:29";6.57
"Servidor-SPTECH";"ram";"ram_Usada";"GB";"2022-11-03 10:17:27";6.56
"Servidor-SPTECH";"ram";"ram_Usada";"GB";"2022-11-03 10:17:26";6.56
"Servidor-SPTECH";"ram";"ram_Usada";"GB";"2022-11-03 10:17:24";6.56
"Servidor-SPTECH";"ram";"ram_Usada";"GB";"2022-11-03 10:17:22";6.56
"Servidor-SPTECH";"ram";"ram_Usada";"GB";"2022-11-03 10:17:21";6.55
"Servidor-SPTECH";"ram";"ram_Usada";"GB";"2022-11-03 10:17:19";6.54
"Servidor-SPTECH";"ram";"ram_Usada";"GB";"2022-11-03 10:17:17";6.55
"Servidor-SPTECH";"ram";"ram_Usada";"GB";"2022-11-03 10:17:16";6.54
"Servidor-SPTECH";"ram";"ram_Usada";"GB";"2022-11-03 10:17:14";6.54
"Servidor-SPTECH";"ram";"ram_Usada";"GB";"2022-11-03 10:17:12";6.54
"Servidor-SPTECH";"ram";"ram_Usada";"GB";"2022-11-03 10:17:11";6.53
"Servidor-SPTECH";"ram";"ram_Usada";"GB";"2022-11-03 10:17:09";6.54
"Servidor-SPTECH";"ram";"ram_Usada";"GB";"2022-11-03 10:17:07";6.53
"Servidor-SPTECH";"ram";"ram_Usada";"GB";"2022-11-03 10:17:05";6.53
"Servidor-SPTECH";"ram";"ram_Usada";"GB";"2022-11-03 10:17:03";6.53
"Servidor-SPTECH";"ram";"ram_Usada";"GB";"2022-11-03 10:17:02";6.53
"Servidor-SPTECH";"ram";"ram_Usada";"GB";"2022-11-03 10:17:00";6.53
"Servidor-SPTECH";"ram";"ram_Usada";"GB";"2022-11-03 10:16:58";6.53
"Servidor-SPTECH";"ram";"ram_Usada";"GB";"2022-11-03 10:16:57";6.53
"Servidor-SPTECH";"ram";"ram_Usada";"GB";"2022-11-03 10:16:55";6.53
"Servidor-SPTECH";"ram";"ram_Usada";"GB";"2022-11-03 10:16:54";6.53
"Servidor-SPTECH";"ram";"ram_Usada";"GB";"2022-11-03 10:16:52";6.53
"Servidor-SPTECH";"ram";"ram_Usada";"GB";"2022-11-03 10:16:50";6.55
"Servidor-SPTECH";"ram";"ram_Usada";"GB";"2022-11-03 10:16:49";6.55
"Servidor-SPTECH";"ram";"ram_Usada";"GB";"2022-11-03 10:16:47";6.55
"Servidor-SPTECH";"ram";"ram_Usada";"GB";"2022-11-03 10:16:45";6.55
"Servidor-SPTECH";"ram";"ram_Usada";"GB";"2022-11-03 10:16:44";6.55
"Servidor-SPTECH";"ram";"ram_Usada";"GB";"2022-11-03 10:16:42";6.55
"Servidor-SPTECH";"ram";"ram_Usada";"GB";"2022-11-03 10:16:40";6.55
"Servidor-SPTECH";"ram";"ram_Usada";"GB";"2022-11-03 10:16:38";6.55
"Servidor-SPTECH";"ram";"ram_Usada";"GB";"2022-11-03 10:16:37";6.55
"Servidor-SPTECH";"ram";"ram_Usada";"GB";"2022-11-03 10:16:35";6.55
"Servidor-SPTECH";"ram";"ram_Usada";"GB";"2022-11-03 10:16:33";6.56
"Servidor-SPTECH";"ram";"ram_Usada";"GB";"2022-11-03 10:16:31";6.57
"Servidor-SPTECH";"ram";"ram_Usada";"GB";"2022-11-03 10:16:30";6.58
"Servidor-SPTECH";"ram";"ram_Usada";"GB";"2022-11-03 10:16:28";6.57
"Servidor-SPTECH";"ram";"ram_Usada";"GB";"2022-11-03 10:16:26";6.57
"Servidor-SPTECH";"ram";"ram_Usada";"GB";"2022-11-03 10:16:24";6.6
"Servidor-SPTECH";"ram";"ram_Usada";"GB";"2022-11-03 10:16:23";6.6
"Servidor-SPTECH";"ram";"ram_Usada";"GB";"2022-11-03 10:16:21";6.62
"Servidor-SPTECH";"ram";"ram_Usada";"GB";"2022-11-03 10:16:19";6.62
"Servidor-SPTECH";"ram";"ram_Usada";"GB";"2022-11-03 10:16:17";6.56
"Servidor-SPTECH";"ram";"ram_Usada";"GB";"2022-11-03 10:16:16";6.57
"Servidor-SPTECH";"ram";"ram_Usada";"GB";"2022-11-03 10:16:14";6.55
"Servidor-SPTECH";"ram";"ram_Usada";"GB";"2022-11-03 10:16:12";6.53
"Servidor-SPTECH";"ram";"ram_Usada";"GB";"2022-11-03 10:16:10";6.49
"Servidor-SPTECH";"ram";"ram_Usada";"GB";"2022-11-03 10:16:08";6.5
"Servidor-SPTECH";"ram";"ram_Usada";"GB";"2022-11-03 10:16:07";6.49
"Servidor-SPTECH";"ram";"ram_Usada";"GB";"2022-11-03 10:16:05";6.49
"Servidor-SPTECH";"ram";"ram_Usada";"GB";"2022-11-03 10:16:03";6.49
"Servidor-SPTECH";"ram";"ram_Usada";"GB";"2022-11-03 10:16:01";6.49
"Servidor-SPTECH";"ram";"ram_Usada";"GB";"2022-11-03 10:16:00";6.49
"Servidor-SPTECH";"ram";"ram_Usada";"GB";"2022-11-03 10:15:58";6.49
"Servidor-SPTECH";"ram";"ram_Usada";"GB";"2022-11-03 10:15:56";6.49
"Servidor-SPTECH";"ram";"ram_Usada";"GB";"2022-11-03 10:15:55";6.49
"Servidor-SPTECH";"ram";"ram_Usada";"GB";"2022-11-03 10:15:53";6.5
"Servidor-SPTECH";"ram";"ram_Usada";"GB";"2022-11-03 10:15:51";6.5
"Servidor-SPTECH";"ram";"ram_Usada";"GB";"2022-11-03 10:15:50";6.53
"Servidor-SPTECH";"ram";"ram_Usada";"GB";"2022-11-03 10:15:48";6.52
"Servidor-SPTECH";"ram";"ram_Usada";"GB";"2022-11-03 10:15:46";6.52
"Servidor-SPTECH";"ram";"ram_Usada";"GB";"2022-11-03 10:15:44";6.52
"Servidor-SPTECH";"ram";"ram_Usada";"GB";"2022-11-03 10:15:43";6.52
"Servidor-SPTECH";"ram";"ram_Usada";"GB";"2022-11-03 10:15:41";6.52
"Servidor-SPTECH";"ram";"ram_Usada";"GB";"2022-11-03 10:15:39";6.52
"Servidor-SPTECH";"ram";"ram_Usada";"GB";"2022-11-03 10:15:38";6.52
"Servidor-SPTECH";"ram";"ram_Usada";"GB";"2022-11-03 10:15:36";6.52
"Servidor-SPTECH";"ram";"ram_Usada";"GB";"2022-11-03 10:15:34";6.52
"Servidor-SPTECH";"ram";"ram_Usada";"GB";"2022-11-03 10:15:33";6.52
"Servidor-SPTECH";"ram";"ram_Usada";"GB";"2022-11-03 10:15:31";6.53
"Servidor-SPTECH";"ram";"ram_Usada";"GB";"2022-11-03 10:15:29";6.54
"Servidor-SPTECH";"ram";"ram_Usada";"GB";"2022-11-03 10:15:28";6.53
"Servidor-SPTECH";"ram";"ram_Usada";"GB";"2022-11-03 10:15:26";6.55
"Servidor-SPTECH";"ram";"ram_Usada";"GB";"2022-11-03 10:15:24";6.55
"Servidor-SPTECH";"ram";"ram_Usada";"GB";"2022-11-03 10:15:22";6.55
"Servidor-SPTECH";"ram";"ram_Usada";"GB";"2022-11-03 10:15:21";6.54
"Servidor-SPTECH";"ram";"ram_Usada";"GB";"2022-11-03 10:15:19";6.54
"Servidor-SPTECH";"ram";"ram_Usada";"GB";"2022-11-03 10:15:17";6.54
"Servidor-SPTECH";"ram";"ram_Usada";"GB";"2022-11-03 10:15:16";6.55
"Servidor-SPTECH";"ram";"ram_Usada";"GB";"2022-11-03 10:15:14";6.54
"Servidor-SPTECH";"ram";"ram_Usada";"GB";"2022-11-03 10:15:12";6.55
"Servidor-SPTECH";"ram";"ram_Usada";"GB";"2022-11-03 10:15:10";6.55
"Servidor-SPTECH";"ram";"ram_Usada";"GB";"2022-11-03 10:15:09";6.55
"Servidor-SPTECH";"ram";"ram_Usada";"GB";"2022-11-03 10:15:07";6.54
"Servidor-SPTECH";"ram";"ram_Usada";"GB";"2022-11-03 10:15:05";6.54
"Servidor-SPTECH";"ram";"ram_Usada";"GB";"2022-11-03 10:15:04";6.54
"Servidor-SPTECH";"ram";"ram_Usada";"GB";"2022-11-03 10:15:02";6.54
"Servidor-SPTECH";"ram";"ram_Usada";"GB";"2022-11-03 10:15:00";6.54
"Servidor-SPTECH";"ram";"ram_Usada";"GB";"2022-11-03 10:14:58";6.54
"Servidor-SPTECH";"ram";"ram_Usada";"GB";"2022-11-03 10:14:57";6.54
"Servidor-SPTECH";"ram";"ram_Usada";"GB";"2022-11-03 10:14:55";6.54
"Servidor-SPTECH";"ram";"ram_Usada";"GB";"2022-11-03 10:14:53";6.54
"Servidor-SPTECH";"ram";"ram_Usada";"GB";"2022-11-03 10:14:52";6.53
"Servidor-SPTECH";"ram";"ram_Usada";"GB";"2022-11-03 10:14:50";6.55
"Servidor-SPTECH";"ram";"ram_Usada";"GB";"2022-11-03 10:14:48";6.55
"Servidor-SPTECH";"ram";"ram_Usada";"GB";"2022-11-03 10:14:47";6.55
"Servidor-SPTECH";"ram";"ram_Usada";"GB";"2022-11-03 10:14:45";6.55
"Servidor-SPTECH";"ram";"ram_Usada";"GB";"2022-11-03 10:14:43";6.55
"Servidor-SPTECH";"ram";"ram_Usada";"GB";"2022-11-03 10:14:41";6.54
"Servidor-SPTECH";"ram";"ram_Usada";"GB";"2022-11-03 10:14:40";6.55
"Servidor-SPTECH";"ram";"ram_Usada";"GB";"2022-11-03 10:14:38";6.56
"Servidor-SPTECH";"ram";"ram_Usada";"GB";"2022-11-03 10:14:36";6.56
"Servidor-SPTECH";"ram";"ram_Usada";"GB";"2022-11-03 10:14:35";6.56
"Servidor-SPTECH";"ram";"ram_Usada";"GB";"2022-11-03 10:14:33";6.57
"Servidor-SPTECH";"ram";"ram_Usada";"GB";"2022-11-03 10:14:31";6.57
"Servidor-SPTECH";"ram";"ram_Usada";"GB";"2022-11-03 10:14:29";6.57
"Servidor-SPTECH";"ram";"ram_Usada";"GB";"2022-11-03 10:14:28";6.55
"Servidor-SPTECH";"ram";"ram_Usada";"GB";"2022-11-03 10:14:26";6.56
"Servidor-SPTECH";"ram";"ram_Usada";"GB";"2022-11-03 10:14:24";6.56
"Servidor-SPTECH";"ram";"ram_Usada";"GB";"2022-11-03 10:14:23";6.55
"Servidor-SPTECH";"ram";"ram_Usada";"GB";"2022-11-03 10:14:21";6.55
"Servidor-SPTECH";"ram";"ram_Usada";"GB";"2022-11-03 10:14:19";6.54
"Servidor-SPTECH";"ram";"ram_Usada";"GB";"2022-11-03 10:14:17";6.54
"Servidor-SPTECH";"ram";"ram_Usada";"GB";"2022-11-03 10:14:16";6.56
"Servidor-SPTECH";"ram";"ram_Usada";"GB";"2022-11-03 10:14:14";6.57
"Servidor-SPTECH";"ram";"ram_Usada";"GB";"2022-11-03 10:14:12";6.59
"Servidor-SPTECH";"ram";"ram_Usada";"GB";"2022-11-03 10:14:10";6.6
"Servidor-SPTECH";"ram";"ram_Usada";"GB";"2022-11-03 10:14:08";6.64
"Servidor-SPTECH";"ram";"ram_Usada";"GB";"2022-11-03 10:14:07";6.67
"Servidor-SPTECH";"ram";"ram_Usada";"GB";"2022-11-03 10:14:05";6.67
"Servidor-SPTECH";"ram";"ram_Usada";"GB";"2022-11-03 10:14:03";6.69
"Servidor-SPTECH";"ram";"ram_Usada";"GB";"2022-11-03 10:14:01";6.68
"Servidor-SPTECH";"ram";"ram_Usada";"GB";"2022-11-03 10:14:00";6.59
"Servidor-SPTECH";"ram";"ram_Usada";"GB";"2022-11-03 10:13:58";6.58
"Servidor-SPTECH";"ram";"ram_Usada";"GB";"2022-11-03 10:13:56";6.58
"Servidor-SPTECH";"ram";"ram_Usada";"GB";"2022-11-03 10:13:54";6.58
"Servidor-SPTECH";"ram";"ram_Usada";"GB";"2022-11-03 10:13:53";6.61
"Servidor-SPTECH";"ram";"ram_Usada";"GB";"2022-11-03 10:13:51";6.65
"Servidor-SPTECH";"ram";"ram_Usada";"GB";"2022-11-03 10:13:49";6.68
"Servidor-SPTECH";"ram";"ram_Usada";"GB";"2022-11-03 10:13:47";6.7
"Servidor-SPTECH";"ram";"ram_Usada";"GB";"2022-11-03 10:13:45";6.77
"Servidor-SPTECH";"ram";"ram_Usada";"GB";"2022-11-03 10:13:44";6.75
"Servidor-SPTECH";"ram";"ram_Usada";"GB";"2022-11-03 10:13:42";6.64
"Servidor-SPTECH";"ram";"ram_Usada";"GB";"2022-11-03 10:13:40";6.66
"Servidor-SPTECH";"ram";"ram_Usada";"GB";"2022-11-03 10:13:38";6.87
"Servidor-SPTECH";"ram";"ram_Usada";"GB";"2022-11-03 10:13:36";6.88
"Servidor-SPTECH";"ram";"ram_Usada";"GB";"2022-11-03 10:13:35";6.91
"Servidor-SPTECH";"ram";"ram_Usada";"GB";"2022-11-03 10:13:33";6.85
"Servidor-SPTECH";"ram";"ram_Usada";"GB";"2022-11-03 10:13:31";6.84
"Servidor-SPTECH";"ram";"ram_Usada";"GB";"2022-11-03 10:13:29";6.8
"Servidor-SPTECH";"ram";"ram_Usada";"GB";"2022-11-03 10:13:28";6.56
"Servidor-SPTECH";"ram";"ram_Usada";"GB";"2022-11-03 10:13:26";6.56
"Servidor-SPTECH";"ram";"ram_Usada";"GB";"2022-11-03 10:13:24";6.53
"Servidor-SPTECH";"ram";"ram_Usada";"GB";"2022-11-03 10:13:22";6.49
"Servidor-SPTECH";"ram";"ram_Usada";"GB";"2022-11-03 10:13:21";6.49
"Servidor-SPTECH";"ram";"ram_Usada";"GB";"2022-11-03 10:13:19";6.49
"Servidor-SPTECH";"ram";"ram_Usada";"GB";"2022-11-03 10:13:17";6.48
"Servidor-SPTECH";"ram";"ram_Usada";"GB";"2022-11-03 10:13:15";6.48
"Servidor-SPTECH";"ram";"ram_Usada";"GB";"2022-11-03 10:13:14";6.5
"Servidor-SPTECH";"ram";"ram_Usada";"GB";"2022-11-03 10:13:12";6.49
"Servidor-SPTECH";"ram";"ram_Usada";"GB";"2022-11-03 10:13:10";6.51
"Servidor-SPTECH";"ram";"ram_Usada";"GB";"2022-11-03 10:13:08";6.52
"Servidor-SPTECH";"ram";"ram_Usada";"GB";"2022-11-03 10:13:07";6.53
"Servidor-SPTECH";"ram";"ram_Usada";"GB";"2022-11-03 10:13:05";6.58
"Servidor-SPTECH";"ram";"ram_Usada";"GB";"2022-11-03 10:13:03";6.64
"Servidor-SPTECH";"ram";"ram_Usada";"GB";"2022-11-03 10:13:01";6.65
"Servidor-SPTECH";"ram";"ram_Usada";"GB";"2022-11-03 10:13:00";6.66
"Servidor-SPTECH";"ram";"ram_Usada";"GB";"2022-11-03 10:12:58";6.78
"Servidor-SPTECH";"ram";"ram_Usada";"GB";"2022-11-03 10:12:56";6.8
"Servidor-SPTECH";"ram";"ram_Usada";"GB";"2022-11-03 10:12:54";6.74
"Servidor-SPTECH";"ram";"ram_Usada";"GB";"2022-11-03 10:12:53";6.69
"Servidor-SPTECH";"ram";"ram_Usada";"GB";"2022-11-03 10:12:51";6.69
"Servidor-SPTECH";"ram";"ram_Usada";"GB";"2022-11-03 10:12:49";6.72
"Servidor-SPTECH";"ram";"ram_Usada";"GB";"2022-11-03 10:12:48";6.72
"Servidor-SPTECH";"ram";"ram_Usada";"GB";"2022-11-03 10:12:46";6.7
"Servidor-SPTECH";"ram";"ram_Usada";"GB";"2022-11-03 10:12:44";6.7
"Servidor-SPTECH";"ram";"ram_Usada";"GB";"2022-11-03 10:12:43";6.67
"Servidor-SPTECH";"ram";"ram_Usada";"GB";"2022-11-03 10:12:41";6.67
"Servidor-SPTECH";"ram";"ram_Usada";"GB";"2022-11-03 10:12:39";6.66
"Servidor-SPTECH";"ram";"ram_Usada";"GB";"2022-11-03 10:12:38";6.68
"Servidor-SPTECH";"ram";"ram_Usada";"GB";"2022-11-03 10:12:36";6.69
"Servidor-SPTECH";"ram";"ram_Usada";"GB";"2022-11-03 10:12:34";6.7
"Servidor-SPTECH";"ram";"ram_Usada";"GB";"2022-11-03 10:12:33";6.71
"Servidor-SPTECH";"ram";"ram_Usada";"GB";"2022-11-03 10:12:31";6.7
"Servidor-SPTECH";"ram";"ram_Usada";"GB";"2022-11-03 10:12:29";6.71
"Servidor-SPTECH";"ram";"ram_Usada";"GB";"2022-11-03 10:12:28";6.75
"Servidor-SPTECH";"ram";"ram_Usada";"GB";"2022-11-03 10:12:26";6.76
"Servidor-SPTECH";"ram";"ram_Usada";"GB";"2022-11-03 10:12:24";6.74
"Servidor-SPTECH";"ram";"ram_Usada";"GB";"2022-11-03 10:12:22";6.74
"Servidor-SPTECH";"ram";"ram_Usada";"GB";"2022-11-03 10:12:21";6.74
"Servidor-SPTECH";"ram";"ram_Usada";"GB";"2022-11-03 10:12:19";6.71
"Servidor-SPTECH";"ram";"ram_Usada";"GB";"2022-11-03 10:12:17";6.67
"Servidor-SPTECH";"ram";"ram_Usada";"GB";"2022-11-03 10:12:16";6.66
"Servidor-SPTECH";"ram";"ram_Usada";"GB";"2022-11-03 10:12:14";6.53
"Servidor-SPTECH";"ram";"ram_Usada";"GB";"2022-11-03 10:12:12";6.5
"Servidor-SPTECH";"ram";"ram_Usada";"GB";"2022-11-03 10:12:11";6.46
"Servidor-SPTECH";"ram";"ram_Usada";"GB";"2022-11-03 10:12:09";6.46
"Servidor-SPTECH";"ram";"ram_Usada";"GB";"2022-11-03 10:12:07";6.5
"Servidor-SPTECH";"ram";"ram_Usada";"GB";"2022-11-03 10:12:06";6.5
"Servidor-SPTECH";"ram";"ram_Usada";"GB";"2022-11-03 10:12:04";6.5
"Servidor-SPTECH";"ram";"ram_Usada";"GB";"2022-11-03 10:12:02";6.59
"Servidor-SPTECH";"ram";"ram_Usada";"GB";"2022-11-03 10:12:01";6.52
"Servidor-SPTECH";"ram";"ram_Usada";"GB";"2022-11-03 10:11:59";6.48
"Servidor-SPTECH";"ram";"ram_Usada";"GB";"2022-11-03 10:11:58";6.49
"Servidor-SPTECH";"ram";"ram_Usada";"GB";"2022-11-03 10:11:56";6.5
"Servidor-SPTECH";"ram";"ram_Usada";"GB";"2022-11-03 10:11:54";6.52
"Servidor-SPTECH";"ram";"ram_Usada";"GB";"2022-11-03 10:11:52";6.53
"Servidor-SPTECH";"ram";"ram_Usada";"GB";"2022-11-03 10:11:51";6.55
"Servidor-SPTECH";"ram";"ram_Usada";"GB";"2022-11-03 10:11:49";6.54
"Servidor-SPTECH";"ram";"ram_Usada";"GB";"2022-11-03 10:11:48";6.53
"Servidor-SPTECH";"ram";"ram_Usada";"GB";"2022-11-03 10:11:46";6.54
"Servidor-SPTECH";"ram";"ram_Usada";"GB";"2022-11-03 10:11:44";6.54
"Servidor-SPTECH";"ram";"ram_Usada";"GB";"2022-11-03 10:11:42";6.53
"Servidor-SPTECH";"ram";"ram_Usada";"GB";"2022-11-03 10:11:41";6.52
"Servidor-SPTECH";"ram";"ram_Usada";"GB";"2022-11-03 10:11:39";6.5
"Servidor-SPTECH";"ram";"ram_Usada";"GB";"2022-11-03 10:11:38";6.5
"Servidor-SPTECH";"ram";"ram_Usada";"GB";"2022-11-03 10:11:36";6.49
"Servidor-SPTECH";"ram";"ram_Usada";"GB";"2022-11-03 10:11:34";6.48
"Servidor-SPTECH";"ram";"ram_Usada";"GB";"2022-11-03 10:11:33";6.46
"Servidor-SPTECH";"ram";"ram_Usada";"GB";"2022-11-03 10:11:31";6.47
"Servidor-SPTECH";"ram";"ram_Usada";"GB";"2022-11-03 10:11:29";6.48
"Servidor-SPTECH";"ram";"ram_Usada";"GB";"2022-11-03 10:11:28";6.49
"Servidor-SPTECH";"ram";"ram_Usada";"GB";"2022-11-03 10:11:26";6.51
"Servidor-SPTECH";"ram";"ram_Usada";"GB";"2022-11-03 10:11:24";6.5
"Servidor-SPTECH";"ram";"ram_Usada";"GB";"2022-11-03 10:11:23";6.53
"Servidor-SPTECH";"ram";"ram_Usada";"GB";"2022-11-03 10:11:21";6.53
"Servidor-SPTECH";"ram";"ram_Usada";"GB";"2022-11-03 10:11:19";6.51
"Servidor-SPTECH";"ram";"ram_Usada";"GB";"2022-11-03 10:11:18";6.5
"Servidor-SPTECH";"ram";"ram_Usada";"GB";"2022-11-03 10:11:16";6.46
"Servidor-SPTECH";"ram";"ram_Usada";"GB";"2022-11-03 10:11:14";6.54
"Servidor-SPTECH";"ram";"ram_Usada";"GB";"2022-11-03 10:11:13";6.55
"Servidor-SPTECH";"ram";"ram_Usada";"GB";"2022-11-03 10:11:11";6.55
"Servidor-SPTECH";"ram";"ram_Usada";"GB";"2022-11-03 10:11:09";6.53
"Servidor-SPTECH";"ram";"ram_Usada";"GB";"2022-11-03 10:11:08";6.36
"Servidor-SPTECH";"ram";"ram_Usada";"GB";"2022-11-03 10:11:06";6.28
"Servidor-SPTECH";"ram";"ram_Usada";"GB";"2022-11-03 10:11:04";6.26
"Servidor-SPTECH";"ram";"ram_Usada";"GB";"2022-11-03 10:11:02";6.28
"Servidor-SPTECH";"ram";"ram_Usada";"GB";"2022-11-03 10:11:01";6.28
"Servidor-SPTECH";"ram";"ram_Usada";"GB";"2022-11-03 10:10:59";6.3
"Servidor-SPTECH";"ram";"ram_Usada";"GB";"2022-11-03 10:10:57";6.28
"Servidor-SPTECH";"ram";"ram_Usada";"GB";"2022-11-03 10:10:56";6.3
"Servidor-SPTECH";"ram";"ram_Usada";"GB";"2022-11-03 10:10:54";6.32
"Servidor-SPTECH";"ram";"ram_Usada";"GB";"2022-11-03 10:10:52";6.28
"Servidor-SPTECH";"ram";"ram_Usada";"GB";"2022-11-03 10:10:51";6.32
"Servidor-SPTECH";"ram";"ram_Usada";"GB";"2022-11-03 10:10:49";6.3
"Servidor-SPTECH";"ram";"ram_Usada";"GB";"2022-11-03 10:10:47";6.3
"Servidor-SPTECH";"ram";"ram_Usada";"GB";"2022-11-03 10:10:46";6.3
"Servidor-SPTECH";"ram";"ram_Usada";"GB";"2022-11-03 10:10:44";6.3
"Servidor-SPTECH";"ram";"ram_Usada";"GB";"2022-11-03 10:10:43";6.3
"Servidor-SPTECH";"ram";"ram_Usada";"GB";"2022-11-03 10:10:41";6.3
"Servidor-SPTECH";"ram";"ram_Usada";"GB";"2022-11-03 10:10:39";6.29
"Servidor-SPTECH";"ram";"ram_Usada";"GB";"2022-11-03 10:10:38";6.27
"Servidor-SPTECH";"ram";"ram_Usada";"GB";"2022-11-03 10:10:36";6.26
"Servidor-SPTECH";"ram";"ram_Usada";"GB";"2022-11-03 10:10:35";6.26
"Servidor-SPTECH";"ram";"ram_Usada";"GB";"2022-11-03 10:10:33";6.26
"Servidor-SPTECH";"ram";"ram_Usada";"GB";"2022-11-03 10:10:31";6.26
"Servidor-SPTECH";"ram";"ram_Usada";"GB";"2022-11-03 10:10:30";6.28
"Servidor-SPTECH";"ram";"ram_Usada";"GB";"2022-11-03 10:10:28";6.27
"Servidor-SPTECH";"ram";"ram_Usada";"GB";"2022-11-03 10:10:27";6.27
"Servidor-SPTECH";"ram";"ram_Usada";"GB";"2022-11-03 10:10:25";6.26
"Servidor-SPTECH";"ram";"ram_Usada";"GB";"2022-11-03 10:10:24";6.26
"Servidor-SPTECH";"ram";"ram_Usada";"GB";"2022-11-03 10:10:22";6.25
"Servidor-SPTECH";"ram";"ram_Usada";"GB";"2022-11-03 10:10:21";6.26
"Servidor-SPTECH";"ram";"ram_Usada";"GB";"2022-11-03 10:10:19";6.32
"Servidor-SPTECH";"ram";"ram_Usada";"GB";"2022-11-03 10:10:18";6.33
"Servidor-SPTECH";"ram";"ram_Usada";"GB";"2022-11-03 10:10:16";6.33
"Servidor-SPTECH";"ram";"ram_Usada";"GB";"2022-11-03 10:10:15";6.33
"Servidor-SPTECH";"ram";"ram_Usada";"GB";"2022-11-03 10:10:13";6.31
"Servidor-SPTECH";"ram";"ram_Usada";"GB";"2022-11-03 10:10:12";6.31
"Servidor-SPTECH";"ram";"ram_Usada";"GB";"2022-11-03 10:10:10";6.31
"Servidor-SPTECH";"ram";"ram_Usada";"GB";"2022-11-03 10:10:09";6.31
"Servidor-SPTECH";"ram";"ram_Usada";"GB";"2022-11-03 10:10:07";6.32
"Servidor-SPTECH";"ram";"ram_Usada";"GB";"2022-11-03 10:10:06";6.32
"Servidor-SPTECH";"ram";"ram_Usada";"GB";"2022-11-03 10:10:04";6.32
"Servidor-SPTECH";"ram";"ram_Usada";"GB";"2022-11-03 10:10:03";6.32
"Servidor-SPTECH";"ram";"ram_Usada";"GB";"2022-11-03 10:10:01";6.34
"Servidor-SPTECH";"ram";"ram_Usada";"GB";"2022-11-03 10:10:00";6.35
"Servidor-SPTECH";"ram";"ram_Usada";"GB";"2022-11-03 10:09:58";6.36
"Servidor-SPTECH";"ram";"ram_Usada";"GB";"2022-11-03 10:09:56";6.35
"Servidor-SPTECH";"ram";"ram_Usada";"GB";"2022-11-03 10:09:55";6.36
"Servidor-SPTECH";"ram";"ram_Usada";"GB";"2022-11-03 10:09:53";6.37
"Servidor-SPTECH";"ram";"ram_Usada";"GB";"2022-11-03 10:09:52";6.4
"Servidor-SPTECH";"ram";"ram_Usada";"GB";"2022-11-03 10:09:50";6.45
"Servidor-SPTECH";"ram";"ram_Usada";"GB";"2022-11-03 10:09:48";6.49
"Servidor-SPTECH";"ram";"ram_Usada";"GB";"2022-11-03 10:09:47";6.48
"Servidor-SPTECH";"ram";"ram_Usada";"GB";"2022-11-03 10:09:45";6.5
"Servidor-SPTECH";"ram";"ram_Usada";"GB";"2022-11-03 10:09:44";6.5
"Servidor-SPTECH";"ram";"ram_Usada";"GB";"2022-11-03 10:09:42";6.52
"Servidor-SPTECH";"ram";"ram_Usada";"GB";"2022-11-03 10:09:40";6.41
"Servidor-SPTECH";"ram";"ram_Usada";"GB";"2022-11-03 10:09:38";6.4
"Servidor-SPTECH";"ram";"ram_Usada";"GB";"2022-11-03 10:09:37";6.39
"Servidor-SPTECH";"ram";"ram_Usada";"GB";"2022-11-03 10:09:35";6.39
"Servidor-SPTECH";"ram";"ram_Usada";"GB";"2022-11-03 10:09:34";6.38
"Servidor-SPTECH";"ram";"ram_Usada";"GB";"2022-11-03 10:09:32";6.33
"Servidor-SPTECH";"ram";"ram_Usada";"GB";"2022-11-03 10:09:30";6.31
"Servidor-SPTECH";"ram";"ram_Usada";"GB";"2022-11-03 10:09:29";6.35
"Servidor-SPTECH";"ram";"ram_Usada";"GB";"2022-11-03 10:09:27";6.3
"Servidor-SPTECH";"ram";"ram_Usada";"GB";"2022-11-03 10:09:25";6.28
"Servidor-SPTECH";"ram";"ram_Usada";"GB";"2022-11-03 10:09:24";6.27
"Servidor-SPTECH";"ram";"ram_Usada";"GB";"2022-11-03 10:09:22";6.28
"Servidor-SPTECH";"ram";"ram_Usada";"GB";"2022-11-03 10:09:20";6.28
"Servidor-SPTECH";"ram";"ram_Usada";"GB";"2022-11-03 10:09:19";6.29
"Servidor-SPTECH";"ram";"ram_Usada";"GB";"2022-11-03 10:09:17";6.27
"Servidor-SPTECH";"ram";"ram_Usada";"GB";"2022-11-03 10:09:16";6.25
"Servidor-SPTECH";"ram";"ram_Usada";"GB";"2022-11-03 10:09:14";6.25
"Servidor-SPTECH";"ram";"ram_Usada";"GB";"2022-11-03 10:09:12";6.25
"Servidor-SPTECH";"ram";"ram_Usada";"GB";"2022-11-03 10:09:11";6.25
"Servidor-SPTECH";"ram";"ram_Usada";"GB";"2022-11-03 10:09:09";6.25
"Servidor-SPTECH";"ram";"ram_Usada";"GB";"2022-11-03 10:09:08";6.26
"Servidor-SPTECH";"ram";"ram_Usada";"GB";"2022-11-03 10:09:06";6.25
"Servidor-SPTECH";"ram";"ram_Usada";"GB";"2022-11-03 10:09:05";6.26
"Servidor-SPTECH";"ram";"ram_Usada";"GB";"2022-11-03 10:09:03";6.25
"Servidor-SPTECH";"ram";"ram_Usada";"GB";"2022-11-03 10:09:02";6.25
"Servidor-SPTECH";"ram";"ram_Usada";"GB";"2022-11-03 10:09:00";6.25
"Servidor-SPTECH";"ram";"ram_Usada";"GB";"2022-11-03 10:08:58";6.24
"Servidor-SPTECH";"ram";"ram_Usada";"GB";"2022-11-03 10:08:57";6.26
"Servidor-SPTECH";"ram";"ram_Usada";"GB";"2022-11-03 10:08:55";6.26
"Servidor-SPTECH";"ram";"ram_Usada";"GB";"2022-11-03 10:08:54";6.25
"Servidor-SPTECH";"ram";"ram_Usada";"GB";"2022-11-03 10:08:52";6.24
"Servidor-SPTECH";"ram";"ram_Usada";"GB";"2022-11-03 10:08:50";6.25
"Servidor-SPTECH";"ram";"ram_Usada";"GB";"2022-11-03 10:08:49";6.25
"Servidor-SPTECH";"ram";"ram_Usada";"GB";"2022-11-03 10:08:47";6.26
"Servidor-SPTECH";"ram";"ram_Usada";"GB";"2022-11-03 10:08:46";6.26
"Servidor-SPTECH";"ram";"ram_Usada";"GB";"2022-11-03 10:08:44";6.23
"Servidor-SPTECH";"ram";"ram_Usada";"GB";"2022-11-03 10:08:43";6.21
"Servidor-SPTECH";"ram";"ram_Usada";"GB";"2022-11-03 10:08:41";6.21
"Servidor-SPTECH";"ram";"ram_Usada";"GB";"2022-11-03 10:08:40";6.21
"Servidor-SPTECH";"ram";"ram_Usada";"GB";"2022-11-03 10:08:38";6.2
"Servidor-SPTECH";"ram";"ram_Usada";"GB";"2022-11-03 10:08:37";6.2
"Servidor-SPTECH";"ram";"ram_Usada";"GB";"2022-11-03 10:08:35";6.2
"Servidor-SPTECH";"ram";"ram_Usada";"GB";"2022-11-03 10:08:33";6.2
"Servidor-SPTECH";"ram";"ram_Usada";"GB";"2022-11-03 10:08:32";6.2
"Servidor-SPTECH";"ram";"ram_Usada";"GB";"2022-11-03 10:08:30";6.19
"Servidor-SPTECH";"ram";"ram_Usada";"GB";"2022-11-03 10:08:29";6.19
"Servidor-SPTECH";"ram";"ram_Usada";"GB";"2022-11-03 10:08:27";6.17
"Servidor-SPTECH";"ram";"ram_Usada";"GB";"2022-11-03 10:08:26";6.15
"Servidor-SPTECH";"ram";"ram_Usada";"GB";"2022-11-03 10:08:24";6.16
"Servidor-SPTECH";"ram";"ram_Usada";"GB";"2022-11-03 10:08:23";6.16
"Servidor-SPTECH";"ram";"ram_Usada";"GB";"2022-11-03 10:08:21";6.16
"Servidor-SPTECH";"ram";"ram_Usada";"GB";"2022-11-03 10:08:20";6.17
"Servidor-SPTECH";"ram";"ram_Usada";"GB";"2022-11-03 10:08:18";6.14
"Servidor-SPTECH";"ram";"ram_Usada";"GB";"2022-11-03 10:08:16";6.13
"Servidor-SPTECH";"ram";"ram_Usada";"GB";"2022-11-03 10:08:15";6.12
"Servidor-SPTECH";"ram";"ram_Usada";"GB";"2022-11-03 10:08:13";6.12
"Servidor-SPTECH";"ram";"ram_Usada";"GB";"2022-11-03 10:08:12";6.11
"Servidor-SPTECH";"ram";"ram_Usada";"GB";"2022-11-03 10:08:10";6.11
"Servidor-SPTECH";"ram";"ram_Usada";"GB";"2022-11-03 10:08:09";6.12
"Servidor-SPTECH";"ram";"ram_Usada";"GB";"2022-11-03 10:08:07";6.12
"Servidor-SPTECH";"ram";"ram_Usada";"GB";"2022-11-03 10:08:05";6.12
"Servidor-SPTECH";"ram";"ram_Usada";"GB";"2022-11-03 10:08:04";6.12
"Servidor-SPTECH";"ram";"ram_Usada";"GB";"2022-11-03 10:08:02";6.12
"Servidor-SPTECH";"ram";"ram_Usada";"GB";"2022-11-03 10:08:01";6.12
"Servidor-SPTECH";"ram";"ram_Usada";"GB";"2022-11-03 10:07:59";6.12
"Servidor-SPTECH";"ram";"ram_Usada";"GB";"2022-11-03 10:07:58";6.12
"Servidor-SPTECH";"ram";"ram_Usada";"GB";"2022-11-03 10:07:56";6.12
"Servidor-SPTECH";"ram";"ram_Usada";"GB";"2022-11-03 10:07:54";6.12
"Servidor-SPTECH";"ram";"ram_Usada";"GB";"2022-11-03 10:07:53";6.12
"Servidor-SPTECH";"ram";"ram_Usada";"GB";"2022-11-03 10:07:51";6.12
"Servidor-SPTECH";"ram";"ram_Usada";"GB";"2022-11-03 10:07:50";6.15
"Servidor-SPTECH";"ram";"ram_Usada";"GB";"2022-11-03 10:07:48";6.15
"Servidor-SPTECH";"ram";"ram_Usada";"GB";"2022-11-03 10:07:47";6.17
"Servidor-SPTECH";"ram";"ram_Usada";"GB";"2022-11-03 10:07:45";6.18
"Servidor-SPTECH";"ram";"ram_Usada";"GB";"2022-11-03 10:07:43";6.18
"Servidor-SPTECH";"ram";"ram_Usada";"GB";"2022-11-03 10:07:42";6.19
"Servidor-SPTECH";"ram";"ram_Usada";"GB";"2022-11-03 10:07:40";6.29
"Servidor-SPTECH";"ram";"ram_Usada";"GB";"2022-11-03 10:07:39";6.3
"Servidor-SPTECH";"ram";"ram_Usada";"GB";"2022-11-03 10:07:37";6.3
"Servidor-SPTECH";"ram";"ram_Usada";"GB";"2022-11-03 10:07:35";6.3
"Servidor-SPTECH";"ram";"ram_Usada";"GB";"2022-11-03 10:07:34";6.31
"Servidor-SPTECH";"ram";"ram_Usada";"GB";"2022-11-03 10:07:32";6.3
"Servidor-SPTECH";"ram";"ram_Usada";"GB";"2022-11-03 10:07:31";6.3
"Servidor-SPTECH";"ram";"ram_Usada";"GB";"2022-11-03 10:07:29";6.31
"Servidor-SPTECH";"ram";"ram_Usada";"GB";"2022-11-03 10:07:27";6.32
"Servidor-SPTECH";"ram";"ram_Usada";"GB";"2022-11-03 10:07:26";6.33
"Servidor-SPTECH";"ram";"ram_Usada";"GB";"2022-11-03 10:07:24";6.36
"Servidor-SPTECH";"ram";"ram_Usada";"GB";"2022-11-03 10:07:23";6.37
"Servidor-SPTECH";"ram";"ram_Usada";"GB";"2022-11-03 10:07:21";6.38
"Servidor-SPTECH";"ram";"ram_Usada";"GB";"2022-11-03 10:07:19";6.4
"Servidor-SPTECH";"ram";"ram_Usada";"GB";"2022-11-03 10:07:18";6.44
"Servidor-SPTECH";"ram";"ram_Usada";"GB";"2022-11-03 10:07:16";6.41
"Servidor-SPTECH";"ram";"ram_Usada";"GB";"2022-11-03 10:07:14";6.38
"Servidor-SPTECH";"ram";"ram_Usada";"GB";"2022-11-03 10:07:12";6.36
"Servidor-SPTECH";"ram";"ram_Usada";"GB";"2022-11-03 10:07:11";6.36
"Servidor-SPTECH";"ram";"ram_Usada";"GB";"2022-11-03 10:07:09";6.38
"Servidor-SPTECH";"ram";"ram_Usada";"GB";"2022-11-03 10:07:07";6.35
"Servidor-SPTECH";"ram";"ram_Usada";"GB";"2022-11-03 10:07:06";6.35
"Servidor-SPTECH";"ram";"ram_Usada";"GB";"2022-11-03 10:07:04";6.37
"Servidor-SPTECH";"ram";"ram_Usada";"GB";"2022-11-03 10:07:03";6.38
"Servidor-SPTECH";"ram";"ram_Usada";"GB";"2022-11-03 10:07:01";6.46
"Servidor-SPTECH";"ram";"ram_Usada";"GB";"2022-11-03 10:06:59";6.45
"Servidor-SPTECH";"ram";"ram_Usada";"GB";"2022-11-03 10:06:58";6.45
"Servidor-SPTECH";"ram";"ram_Usada";"GB";"2022-11-03 10:06:56";6.46
"Servidor-SPTECH";"ram";"ram_Usada";"GB";"2022-11-03 10:06:54";6.46
"Servidor-SPTECH";"ram";"ram_Usada";"GB";"2022-11-03 10:06:53";6.49
"Servidor-SPTECH";"ram";"ram_Usada";"GB";"2022-11-03 10:06:51";6.48
"Servidor-SPTECH";"ram";"ram_Usada";"GB";"2022-11-03 10:06:49";6.62
"Servidor-SPTECH";"ram";"ram_Usada";"GB";"2022-11-03 10:06:48";6.47
"Servidor-SPTECH";"ram";"ram_Usada";"GB";"2022-11-03 10:06:46";6.5
"Servidor-SPTECH";"ram";"ram_Usada";"GB";"2022-11-03 10:06:44";6.51
"Servidor-SPTECH";"ram";"ram_Usada";"GB";"2022-11-03 10:06:42";6.52
"Servidor-SPTECH";"ram";"ram_Usada";"GB";"2022-11-03 10:06:41";6.52
"Servidor-SPTECH";"ram";"ram_Usada";"GB";"2022-11-03 10:06:39";6.56
"Servidor-SPTECH";"ram";"ram_Usada";"GB";"2022-11-03 10:06:37";7.05
"Servidor-SPTECH";"ram";"ram_Usada";"GB";"2022-11-03 10:06:36";6.62
"Servidor-SPTECH";"ram";"ram_Usada";"GB";"2022-11-03 10:06:34";6.58
"Servidor-SPTECH";"ram";"ram_Usada";"GB";"2022-11-03 10:06:32";6.58
"Servidor-SPTECH";"ram";"ram_Usada";"GB";"2022-11-03 10:06:30";6.52
"Servidor-SPTECH";"ram";"ram_Usada";"GB";"2022-11-03 10:06:29";6.54
"Servidor-SPTECH";"ram";"ram_Usada";"GB";"2022-11-03 10:06:27";6.57
"Servidor-SPTECH";"ram";"ram_Usada";"GB";"2022-11-03 10:06:25";6.48
"Servidor-SPTECH";"ram";"ram_Usada";"GB";"2022-11-03 10:06:24";6.46
"Servidor-SPTECH";"ram";"ram_Usada";"GB";"2022-11-03 10:06:22";6.48
"Servidor-SPTECH";"ram";"ram_Usada";"GB";"2022-11-03 10:06:21";6.49
"Servidor-SPTECH";"ram";"ram_Usada";"GB";"2022-11-03 10:06:19";6.49
"Servidor-SPTECH";"ram";"ram_Usada";"GB";"2022-11-03 10:06:18";6.48
"Servidor-SPTECH";"ram";"ram_Usada";"GB";"2022-11-03 10:06:16";6.5
"Servidor-SPTECH";"ram";"ram_Usada";"GB";"2022-11-03 10:06:15";6.47
"Servidor-SPTECH";"ram";"ram_Usada";"GB";"2022-11-03 10:06:13";6.47
"Servidor-SPTECH";"ram";"ram_Usada";"GB";"2022-11-03 10:06:11";6.47
"Servidor-SPTECH";"ram";"ram_Usada";"GB";"2022-11-03 10:06:10";6.47
"Servidor-SPTECH";"ram";"ram_Usada";"GB";"2022-11-03 10:06:08";6.49
"Servidor-SPTECH";"ram";"ram_Usada";"GB";"2022-11-03 10:06:07";6.47
"Servidor-SPTECH";"ram";"ram_Usada";"GB";"2022-11-03 10:06:05";6.47
"Servidor-SPTECH";"ram";"ram_Usada";"GB";"2022-11-03 10:06:04";6.49
"Servidor-SPTECH";"ram";"ram_Usada";"GB";"2022-11-03 10:06:02";6.48
"Servidor-SPTECH";"ram";"ram_Usada";"GB";"2022-11-03 10:06:01";6.62
"Servidor-SPTECH";"ram";"ram_Usada";"GB";"2022-11-03 10:05:59";6.5
"Servidor-SPTECH";"ram";"ram_Usada";"GB";"2022-11-03 10:05:57";6.51
"Servidor-SPTECH";"ram";"ram_Usada";"GB";"2022-11-03 10:05:56";6.49
"Servidor-SPTECH";"ram";"ram_Usada";"GB";"2022-11-03 10:05:54";6.49
"Servidor-SPTECH";"ram";"ram_Usada";"GB";"2022-11-03 10:05:53";6.52
"Servidor-SPTECH";"ram";"ram_Usada";"GB";"2022-11-03 10:05:51";6.53
"Servidor-SPTECH";"ram";"ram_Usada";"GB";"2022-11-03 10:05:50";6.63
"Servidor-SPTECH";"ram";"ram_Usada";"GB";"2022-11-03 10:05:48";6.63
"Servidor-SPTECH";"ram";"ram_Usada";"GB";"2022-11-03 10:05:46";6.67
"Servidor-SPTECH";"ram";"ram_Usada";"GB";"2022-11-03 10:05:45";6.7
"Servidor-SPTECH";"ram";"ram_Usada";"GB";"2022-11-03 10:05:43";6.75
"Servidor-SPTECH";"ram";"ram_Usada";"GB";"2022-11-03 10:05:41";6.72
"Servidor-SPTECH";"ram";"ram_Usada";"GB";"2022-11-03 10:05:39";6.72
"Servidor-SPTECH";"ram";"ram_Usada";"GB";"2022-11-03 10:05:38";6.69
"Servidor-SPTECH";"ram";"ram_Usada";"GB";"2022-11-03 10:05:36";6.67
"Servidor-SPTECH";"ram";"ram_Usada";"GB";"2022-11-03 10:05:34";6.69
"Servidor-SPTECH";"ram";"ram_Usada";"GB";"2022-11-03 10:05:33";6.7
"Servidor-SPTECH";"ram";"ram_Usada";"GB";"2022-11-03 10:05:31";6.7
"Servidor-SPTECH";"ram";"ram_Usada";"GB";"2022-11-03 10:05:29";6.71
"Servidor-SPTECH";"ram";"ram_Usada";"GB";"2022-11-03 10:05:27";6.72
"Servidor-SPTECH";"ram";"ram_Usada";"GB";"2022-11-03 10:05:26";6.6
"Servidor-SPTECH";"ram";"ram_Usada";"GB";"2022-11-03 10:05:24";6.62
"Servidor-SPTECH";"ram";"ram_Usada";"GB";"2022-11-03 10:05:22";6.64
"Servidor-SPTECH";"ram";"ram_Usada";"GB";"2022-11-03 10:05:21";6.59
"Servidor-SPTECH";"ram";"ram_Usada";"GB";"2022-11-03 10:05:19";6.69
"Servidor-SPTECH";"ram";"ram_Usada";"GB";"2022-11-03 10:05:17";6.77
"Servidor-SPTECH";"ram";"ram_Usada";"GB";"2022-11-03 10:05:16";6.75
"Servidor-SPTECH";"ram";"ram_Usada";"GB";"2022-11-03 10:05:14";6.75
"Servidor-SPTECH";"ram";"ram_Usada";"GB";"2022-11-03 10:05:12";6.74
"Servidor-SPTECH";"ram";"ram_Usada";"GB";"2022-11-03 10:05:10";6.74
"Servidor-SPTECH";"ram";"ram_Usada";"GB";"2022-11-03 10:05:08";6.73
"Servidor-SPTECH";"ram";"ram_Usada";"GB";"2022-11-03 10:05:06";6.73
"Servidor-SPTECH";"ram";"ram_Usada";"GB";"2022-11-03 10:05:05";6.73
"Servidor-SPTECH";"ram";"ram_Usada";"GB";"2022-11-03 10:05:03";6.74
"Servidor-SPTECH";"ram";"ram_Usada";"GB";"2022-11-03 10:05:01";6.71
"Servidor-SPTECH";"ram";"ram_Usada";"GB";"2022-11-03 10:05:00";6.74
"Servidor-SPTECH";"ram";"ram_Usada";"GB";"2022-11-03 10:04:58";6.64
"Servidor-SPTECH";"ram";"ram_Usada";"GB";"2022-11-03 10:04:56";6.68
"Servidor-SPTECH";"ram";"ram_Usada";"GB";"2022-11-03 10:04:55";6.69
"Servidor-SPTECH";"ram";"ram_Usada";"GB";"2022-11-03 10:04:53";6.73
"Servidor-SPTECH";"ram";"ram_Usada";"GB";"2022-11-03 10:04:51";6.72
"Servidor-SPTECH";"ram";"ram_Usada";"GB";"2022-11-03 10:04:50";6.7
"Servidor-SPTECH";"ram";"ram_Usada";"GB";"2022-11-03 10:04:48";6.7
"Servidor-SPTECH";"ram";"ram_Usada";"GB";"2022-11-03 10:04:46";6.73
"Servidor-SPTECH";"ram";"ram_Usada";"GB";"2022-11-03 10:04:44";6.74
"Servidor-SPTECH";"ram";"ram_Usada";"GB";"2022-11-03 10:04:42";6.74
"Servidor-SPTECH";"ram";"ram_Usada";"GB";"2022-11-03 10:04:41";6.76
"Servidor-SPTECH";"ram";"ram_Usada";"GB";"2022-11-03 10:04:39";6.75
"Servidor-SPTECH";"ram";"ram_Usada";"GB";"2022-11-03 10:04:37";6.76
"Servidor-SPTECH";"ram";"ram_Usada";"GB";"2022-11-03 10:04:35";6.78
"Servidor-SPTECH";"ram";"ram_Usada";"GB";"2022-11-03 10:04:34";6.75
"Servidor-SPTECH";"ram";"ram_Usada";"GB";"2022-11-03 10:04:32";6.82
"Servidor-SPTECH";"ram";"ram_Usada";"GB";"2022-11-03 10:04:30";6.82
"Servidor-SPTECH";"ram";"ram_Usada";"GB";"2022-11-03 10:04:28";6.84
"Servidor-SPTECH";"ram";"ram_Usada";"GB";"2022-11-03 10:04:27";6.86
"Servidor-SPTECH";"ram";"ram_Usada";"GB";"2022-11-03 10:04:25";6.79
"Servidor-SPTECH";"ram";"ram_Usada";"GB";"2022-11-03 10:04:23";6.68
"Servidor-SPTECH";"ram";"ram_Usada";"GB";"2022-11-03 10:04:21";6.66
"Servidor-SPTECH";"ram";"ram_Usada";"GB";"2022-11-03 10:04:20";6.66
"Servidor-SPTECH";"ram";"ram_Usada";"GB";"2022-11-03 10:04:18";6.64
"Servidor-SPTECH";"ram";"ram_Usada";"GB";"2022-11-03 10:04:17";6.6
"Servidor-SPTECH";"ram";"ram_Usada";"GB";"2022-11-03 10:04:15";6.55
"Servidor-SPTECH";"ram";"ram_Usada";"GB";"2022-11-03 10:04:13";6.57
"Servidor-SPTECH";"ram";"ram_Usada";"GB";"2022-11-03 10:04:11";6.49
"Servidor-SPTECH";"ram";"ram_Usada";"GB";"2022-11-03 10:04:10";6.48
"Servidor-SPTECH";"ram";"ram_Usada";"GB";"2022-11-03 10:04:08";6.49
"Servidor-SPTECH";"ram";"ram_Usada";"GB";"2022-11-03 10:04:06";6.5
"Servidor-SPTECH";"ram";"ram_Usada";"GB";"2022-11-03 10:04:04";6.67
"Servidor-SPTECH";"ram";"ram_Usada";"GB";"2022-11-03 10:04:03";6.71
"Servidor-SPTECH";"ram";"ram_Usada";"GB";"2022-11-03 10:04:01";6.73
"Servidor-SPTECH";"ram";"ram_Usada";"GB";"2022-11-03 10:03:59";6.73
"Servidor-SPTECH";"ram";"ram_Usada";"GB";"2022-11-03 10:03:58";6.64
"Servidor-SPTECH";"ram";"ram_Usada";"GB";"2022-11-03 10:03:56";6.58
"Servidor-SPTECH";"ram";"ram_Usada";"GB";"2022-11-03 10:03:54";6.58
"Servidor-SPTECH";"ram";"ram_Usada";"GB";"2022-11-03 10:03:52";6.56
"Servidor-SPTECH";"ram";"ram_Usada";"GB";"2022-11-03 10:03:51";6.56
"Servidor-SPTECH";"ram";"ram_Usada";"GB";"2022-11-03 10:03:49";6.57
"Servidor-SPTECH";"ram";"ram_Usada";"GB";"2022-11-03 10:03:47";6.56
"Servidor-SPTECH";"ram";"ram_Usada";"GB";"2022-11-03 10:03:45";6.56
"Servidor-SPTECH";"ram";"ram_Usada";"GB";"2022-11-03 10:03:43";6.56
"Servidor-SPTECH";"ram";"ram_Usada";"GB";"2022-11-03 10:03:41";6.58
"Servidor-SPTECH";"ram";"ram_Usada";"GB";"2022-11-03 10:03:39";6.58
"Servidor-SPTECH";"ram";"ram_Usada";"GB";"2022-11-03 10:03:37";6.56
"Servidor-SPTECH";"ram";"ram_Usada";"GB";"2022-11-03 10:03:36";6.55
"Servidor-SPTECH";"ram";"ram_Usada";"GB";"2022-11-03 10:03:34";6.55
"Servidor-SPTECH";"ram";"ram_Usada";"GB";"2022-11-03 10:03:32";6.51
"Servidor-SPTECH";"ram";"ram_Usada";"GB";"2022-11-03 10:03:30";6.5
"Servidor-SPTECH";"ram";"ram_Usada";"GB";"2022-11-03 10:03:29";6.45
"Servidor-SPTECH";"ram";"ram_Usada";"GB";"2022-11-03 10:03:27";6.47
"Servidor-SPTECH";"ram";"ram_Usada";"GB";"2022-11-03 10:03:25";6.41
"Servidor-SPTECH";"ram";"ram_Usada";"GB";"2022-11-03 10:03:24";6.42
"Servidor-SPTECH";"ram";"ram_Usada";"GB";"2022-11-03 10:03:22";6.42
"Servidor-SPTECH";"ram";"ram_Usada";"GB";"2022-11-03 10:03:20";6.42
"Servidor-SPTECH";"ram";"ram_Usada";"GB";"2022-11-03 10:03:18";6.41
"Servidor-SPTECH";"ram";"ram_Usada";"GB";"2022-11-03 10:03:17";6.41
"Servidor-SPTECH";"ram";"ram_Usada";"GB";"2022-11-03 10:03:15";6.41
"Servidor-SPTECH";"ram";"ram_Usada";"GB";"2022-11-03 10:03:13";6.44
"Servidor-SPTECH";"ram";"ram_Usada";"GB";"2022-11-03 10:03:12";6.44
"Servidor-SPTECH";"ram";"ram_Usada";"GB";"2022-11-03 10:03:10";6.57
"Servidor-SPTECH";"ram";"ram_Usada";"GB";"2022-11-03 10:03:08";6.66
"Servidor-SPTECH";"ram";"ram_Usada";"GB";"2022-11-03 10:03:06";6.58
"Servidor-SPTECH";"ram";"ram_Usada";"GB";"2022-11-03 10:03:04";6.56
"Servidor-SPTECH";"ram";"ram_Usada";"GB";"2022-11-03 10:03:03";6.53
"Servidor-SPTECH";"ram";"ram_Usada";"GB";"2022-11-03 10:03:01";6.54
"Servidor-SPTECH";"ram";"ram_Usada";"GB";"2022-11-03 10:02:59";6.55
"Servidor-SPTECH";"ram";"ram_Usada";"GB";"2022-11-03 10:02:58";6.53
"Servidor-SPTECH";"ram";"ram_Usada";"GB";"2022-11-03 10:02:56";6.53
"Servidor-SPTECH";"ram";"ram_Usada";"GB";"2022-11-03 10:02:54";6.54
"Servidor-SPTECH";"ram";"ram_Usada";"GB";"2022-11-03 10:02:52";6.56
"Servidor-SPTECH";"ram";"ram_Usada";"GB";"2022-11-03 10:02:51";6.59
"Servidor-SPTECH";"ram";"ram_Usada";"GB";"2022-11-03 10:02:49";6.45
"Servidor-SPTECH";"ram";"ram_Usada";"GB";"2022-11-03 10:02:47";6.46
"Servidor-SPTECH";"ram";"ram_Usada";"GB";"2022-11-03 10:02:45";6.44
"Servidor-SPTECH";"ram";"ram_Usada";"GB";"2022-11-03 10:02:44";6.37
"Servidor-SPTECH";"ram";"ram_Usada";"GB";"2022-11-03 10:02:42";6.32
"Servidor-SPTECH";"ram";"ram_Usada";"GB";"2022-11-03 10:02:41";6.47
"Servidor-SPTECH";"ram";"ram_Usada";"GB";"2022-11-03 10:02:39";6.62
"Servidor-SPTECH";"ram";"ram_Usada";"GB";"2022-11-03 10:02:37";6.9
"Servidor-SPTECH";"ram";"ram_Usada";"GB";"2022-11-03 10:02:35";6.64
"Servidor-SPTECH";"ram";"ram_Usada";"GB";"2022-11-03 10:02:34";6.62
"Servidor-SPTECH";"ram";"ram_Usada";"GB";"2022-11-03 10:02:32";6.64
"Servidor-SPTECH";"ram";"ram_Usada";"GB";"2022-11-03 10:02:30";6.64
"Servidor-SPTECH";"ram";"ram_Usada";"GB";"2022-11-03 10:02:28";6.64
"Servidor-SPTECH";"ram";"ram_Usada";"GB";"2022-11-03 10:02:27";6.64
"Servidor-SPTECH";"ram";"ram_Usada";"GB";"2022-11-03 10:02:25";6.66
"Servidor-SPTECH";"ram";"ram_Usada";"GB";"2022-11-03 10:02:23";6.66
"Servidor-SPTECH";"ram";"ram_Usada";"GB";"2022-11-03 10:02:22";6.7
"Servidor-SPTECH";"ram";"ram_Usada";"GB";"2022-11-03 10:02:20";6.7
"Servidor-SPTECH";"ram";"ram_Usada";"GB";"2022-11-03 10:02:18";6.71
"Servidor-SPTECH";"ram";"ram_Usada";"GB";"2022-11-03 10:02:17";6.7
"Servidor-SPTECH";"ram";"ram_Usada";"GB";"2022-11-03 10:02:15";6.71
"Servidor-SPTECH";"ram";"ram_Usada";"GB";"2022-11-03 10:02:13";6.71
"Servidor-SPTECH";"ram";"ram_Usada";"GB";"2022-11-03 10:02:11";6.71
"Servidor-SPTECH";"ram";"ram_Usada";"GB";"2022-11-03 10:02:10";6.71
"Servidor-SPTECH";"ram";"ram_Usada";"GB";"2022-11-03 10:02:08";6.71
"Servidor-SPTECH";"ram";"ram_Usada";"GB";"2022-11-03 10:02:06";6.73
"Servidor-SPTECH";"ram";"ram_Usada";"GB";"2022-11-03 10:02:04";6.73
"Servidor-SPTECH";"ram";"ram_Usada";"GB";"2022-11-03 10:02:03";6.73
"Servidor-SPTECH";"ram";"ram_Usada";"GB";"2022-11-03 10:02:01";6.74
"Servidor-SPTECH";"ram";"ram_Usada";"GB";"2022-11-03 10:01:59";6.69
"Servidor-SPTECH";"ram";"ram_Usada";"GB";"2022-11-03 10:01:57";6.69
"Servidor-SPTECH";"ram";"ram_Usada";"GB";"2022-11-03 10:01:56";6.68
"Servidor-SPTECH";"ram";"ram_Usada";"GB";"2022-11-03 10:01:54";6.72
"Servidor-SPTECH";"ram";"ram_Usada";"GB";"2022-11-03 10:01:52";6.7
"Servidor-SPTECH";"ram";"ram_Usada";"GB";"2022-11-03 10:01:50";6.73
"Servidor-SPTECH";"ram";"ram_Usada";"GB";"2022-11-03 10:01:48";6.76
"Servidor-SPTECH";"ram";"ram_Usada";"GB";"2022-11-03 10:01:47";6.73
"Servidor-SPTECH";"ram";"ram_Usada";"GB";"2022-11-03 10:01:45";6.71
"Servidor-SPTECH";"ram";"ram_Usada";"GB";"2022-11-03 10:01:43";6.73
"Servidor-SPTECH";"ram";"ram_Usada";"GB";"2022-11-03 10:01:41";6.72
"Servidor-SPTECH";"ram";"ram_Usada";"GB";"2022-11-03 10:01:39";6.75
"Servidor-SPTECH";"ram";"ram_Usada";"GB";"2022-11-03 10:01:38";6.79
"Servidor-SPTECH";"ram";"ram_Usada";"GB";"2022-11-03 10:01:36";6.74
"Servidor-SPTECH";"ram";"ram_Usada";"GB";"2022-11-03 10:01:34";6.71
"Servidor-SPTECH";"ram";"ram_Usada";"GB";"2022-11-03 10:01:32";6.79
"Servidor-SPTECH";"ram";"ram_Usada";"GB";"2022-11-03 10:01:30";6.76
"Servidor-SPTECH";"ram";"ram_Usada";"GB";"2022-11-03 10:01:29";6.73
"Servidor-SPTECH";"ram";"ram_Usada";"GB";"2022-11-03 10:01:27";6.63
"Servidor-SPTECH";"ram";"ram_Usada";"GB";"2022-11-03 10:01:25";6.63
"Servidor-SPTECH";"ram";"ram_Usada";"GB";"2022-11-03 10:01:24";6.6
"Servidor-SPTECH";"ram";"ram_Usada";"GB";"2022-11-03 10:01:22";6.66
"Servidor-SPTECH";"ram";"ram_Usada";"GB";"2022-11-03 10:01:20";6.47
"Servidor-SPTECH";"ram";"ram_Usada";"GB";"2022-11-03 10:01:18";6.42
"Servidor-SPTECH";"ram";"ram_Usada";"GB";"2022-11-03 10:01:16";6.43
"Servidor-SPTECH";"ram";"ram_Usada";"GB";"2022-11-03 10:01:15";6.42
"Servidor-SPTECH";"ram";"ram_Usada";"GB";"2022-11-03 10:01:13";6.41
"Servidor-SPTECH";"ram";"ram_Usada";"GB";"2022-11-03 10:01:11";6.48
"Servidor-SPTECH";"ram";"ram_Usada";"GB";"2022-11-03 10:01:10";6.33
"Servidor-SPTECH";"ram";"ram_Usada";"GB";"2022-11-03 10:01:08";6.34
"Servidor-SPTECH";"ram";"ram_Usada";"GB";"2022-11-03 10:01:06";6.39
"Servidor-SPTECH";"ram";"ram_Usada";"GB";"2022-11-03 10:01:04";6.38
"Servidor-SPTECH";"ram";"ram_Usada";"GB";"2022-11-03 10:01:03";6.38
"Servidor-SPTECH";"ram";"ram_Usada";"GB";"2022-11-03 10:01:01";6.39
"Servidor-SPTECH";"ram";"ram_Usada";"GB";"2022-11-03 10:00:59";6.39
"Servidor-SPTECH";"ram";"ram_Usada";"GB";"2022-11-03 10:00:57";6.38
"Servidor-SPTECH";"ram";"ram_Usada";"GB";"2022-11-03 10:00:56";6.37
"Servidor-SPTECH";"ram";"ram_Usada";"GB";"2022-11-03 10:00:54";6.39
"Servidor-SPTECH";"ram";"ram_Usada";"GB";"2022-11-03 10:00:52";6.33
"Servidor-SPTECH";"ram";"ram_Usada";"GB";"2022-11-03 10:00:50";6.52
"Servidor-SPTECH";"ram";"ram_Usada";"GB";"2022-11-03 10:00:49";6.52
"Servidor-SPTECH";"ram";"ram_Usada";"GB";"2022-11-03 10:00:47";6.5
"Servidor-SPTECH";"ram";"ram_Usada";"GB";"2022-11-03 10:00:45";6.56
"Servidor-SPTECH";"ram";"ram_Usada";"GB";"2022-11-03 10:00:43";6.56
"Servidor-SPTECH";"ram";"ram_Usada";"GB";"2022-11-03 10:00:42";6.56
"Servidor-SPTECH";"ram";"ram_Usada";"GB";"2022-11-03 10:00:40";6.55
"Servidor-SPTECH";"ram";"ram_Usada";"GB";"2022-11-03 10:00:38";6.55
"Servidor-SPTECH";"ram";"ram_Usada";"GB";"2022-11-03 10:00:36";6.54
"Servidor-SPTECH";"ram";"ram_Usada";"GB";"2022-11-03 10:00:34";6.54
"Servidor-SPTECH";"ram";"ram_Usada";"GB";"2022-11-03 10:00:33";6.54
"Servidor-SPTECH";"ram";"ram_Usada";"GB";"2022-11-03 10:00:31";6.53
"Servidor-SPTECH";"ram";"ram_Usada";"GB";"2022-11-03 10:00:29";6.54
"Servidor-SPTECH";"ram";"ram_Usada";"GB";"2022-11-03 10:00:27";6.54
"Servidor-SPTECH";"ram";"ram_Usada";"GB";"2022-11-03 10:00:25";6.54
"Servidor-SPTECH";"ram";"ram_Usada";"GB";"2022-11-03 10:00:24";6.54
"Servidor-SPTECH";"ram";"ram_Usada";"GB";"2022-11-03 10:00:22";6.54
"Servidor-SPTECH";"ram";"ram_Usada";"GB";"2022-11-03 10:00:20";6.54
"Servidor-SPTECH";"ram";"ram_Usada";"GB";"2022-11-03 10:00:18";6.57
"Servidor-SPTECH";"ram";"ram_Usada";"GB";"2022-11-03 10:00:17";6.78
"Servidor-SPTECH";"ram";"ram_Usada";"GB";"2022-11-03 10:00:15";6.79
"Servidor-SPTECH";"ram";"ram_Usada";"GB";"2022-11-03 10:00:13";6.81
"Servidor-SPTECH";"ram";"ram_Usada";"GB";"2022-11-03 10:00:12";6.82
"Servidor-SPTECH";"ram";"ram_Usada";"GB";"2022-11-03 10:00:10";6.81
"Servidor-SPTECH";"ram";"ram_Usada";"GB";"2022-11-03 10:00:08";6.9
"Servidor-SPTECH";"ram";"ram_Usada";"GB";"2022-11-03 10:00:06";6.88
"Servidor-SPTECH";"ram";"ram_Usada";"GB";"2022-11-03 10:00:04";6.88
"Servidor-SPTECH";"ram";"ram_Usada";"GB";"2022-11-03 10:00:03";6.88
"Servidor-SPTECH";"ram";"ram_Usada";"GB";"2022-11-03 10:00:01";6.92
"Servidor-SPTECH";"ram";"ram_Usada";"GB";"2022-11-03 09:59:59";6.94
"Servidor-SPTECH";"ram";"ram_Usada";"GB";"2022-11-03 09:59:57";6.91
"Servidor-SPTECH";"ram";"ram_Usada";"GB";"2022-11-03 09:59:56";6.87
"Servidor-SPTECH";"ram";"ram_Usada";"GB";"2022-11-03 09:59:54";6.88
"Servidor-SPTECH";"ram";"ram_Usada";"GB";"2022-11-03 09:59:52";6.86
"Servidor-SPTECH";"ram";"ram_Usada";"GB";"2022-11-03 09:59:51";6.83
"Servidor-SPTECH";"ram";"ram_Usada";"GB";"2022-11-03 09:59:49";6.8
"Servidor-SPTECH";"ram";"ram_Usada";"GB";"2022-11-03 09:59:47";6.79
"Servidor-SPTECH";"ram";"ram_Usada";"GB";"2022-11-03 09:59:45";6.81
"Servidor-SPTECH";"ram";"ram_Usada";"GB";"2022-11-03 09:59:43";6.82
"Servidor-SPTECH";"ram";"ram_Usada";"GB";"2022-11-03 09:59:41";6.84
"Servidor-SPTECH";"ram";"ram_Usada";"GB";"2022-11-03 09:59:40";6.85
"Servidor-SPTECH";"ram";"ram_Usada";"GB";"2022-11-03 09:59:38";6.83
"Servidor-SPTECH";"ram";"ram_Usada";"GB";"2022-11-03 09:59:36";6.71
"Servidor-SPTECH";"ram";"ram_Usada";"GB";"2022-11-03 09:59:34";6.74
"Servidor-SPTECH";"ram";"ram_Usada";"GB";"2022-11-03 09:59:32";6.69
"Servidor-SPTECH";"ram";"ram_Usada";"GB";"2022-11-03 09:59:31";6.73
"Servidor-SPTECH";"ram";"ram_Usada";"GB";"2022-11-03 09:59:29";6.73
"Servidor-SPTECH";"ram";"ram_Usada";"GB";"2022-11-03 09:59:27";6.73
"Servidor-SPTECH";"ram";"ram_Usada";"GB";"2022-11-03 09:59:25";6.71
"Servidor-SPTECH";"ram";"ram_Usada";"GB";"2022-11-03 09:59:23";6.71
"Servidor-SPTECH";"ram";"ram_Usada";"GB";"2022-11-03 09:59:22";6.69
"Servidor-SPTECH";"ram";"ram_Usada";"GB";"2022-11-03 09:59:20";6.7
"Servidor-SPTECH";"ram";"ram_Usada";"GB";"2022-11-03 09:59:18";6.67
"Servidor-SPTECH";"ram";"ram_Usada";"GB";"2022-11-03 09:59:16";6.67
"Servidor-SPTECH";"ram";"ram_Usada";"GB";"2022-11-03 09:59:15";6.68
"Servidor-SPTECH";"ram";"ram_Usada";"GB";"2022-11-03 09:59:13";6.69
"Servidor-SPTECH";"ram";"ram_Usada";"GB";"2022-11-03 09:59:11";6.65
"Servidor-SPTECH";"ram";"ram_Usada";"GB";"2022-11-03 09:59:09";6.65
"Servidor-SPTECH";"ram";"ram_Usada";"GB";"2022-11-03 09:59:08";6.63
"Servidor-SPTECH";"ram";"ram_Usada";"GB";"2022-11-03 09:59:06";6.76
"Servidor-SPTECH";"ram";"ram_Usada";"GB";"2022-11-03 09:59:04";6.8
"Servidor-SPTECH";"ram";"ram_Usada";"GB";"2022-11-03 09:59:02";6.79
"Servidor-SPTECH";"ram";"ram_Usada";"GB";"2022-11-03 09:59:01";6.79
"Servidor-SPTECH";"ram";"ram_Usada";"GB";"2022-11-03 09:58:59";6.8
"Servidor-SPTECH";"ram";"ram_Usada";"GB";"2022-11-03 09:58:57";6.8
"Servidor-SPTECH";"ram";"ram_Usada";"GB";"2022-11-03 09:58:55";6.85
"Servidor-SPTECH";"ram";"ram_Usada";"GB";"2022-11-03 09:58:54";6.84
"Servidor-SPTECH";"ram";"ram_Usada";"GB";"2022-11-03 09:58:52";6.85
"Servidor-SPTECH";"ram";"ram_Usada";"GB";"2022-11-03 09:58:50";6.82
"Servidor-SPTECH";"ram";"ram_Usada";"GB";"2022-11-03 09:58:48";6.85
"Servidor-SPTECH";"ram";"ram_Usada";"GB";"2022-11-03 09:58:46";6.92
"Servidor-SPTECH";"ram";"ram_Usada";"GB";"2022-11-03 09:58:44";6.93
"Servidor-SPTECH";"ram";"ram_Usada";"GB";"2022-11-03 09:58:43";6.64
"Servidor-SPTECH";"ram";"ram_Usada";"GB";"2022-11-03 09:58:41";6.64
"Servidor-SPTECH";"ram";"ram_Usada";"GB";"2022-11-03 09:58:39";6.64
"Servidor-SPTECH";"ram";"ram_Usada";"GB";"2022-11-03 09:58:37";6.64
"Servidor-SPTECH";"ram";"ram_Usada";"GB";"2022-11-03 09:58:35";6.6
"Servidor-SPTECH";"ram";"ram_Usada";"GB";"2022-11-03 09:58:34";6.6
"Servidor-SPTECH";"ram";"ram_Usada";"GB";"2022-11-03 09:58:32";6.6
"Servidor-SPTECH";"ram";"ram_Usada";"GB";"2022-11-03 09:58:30";6.6
"Servidor-SPTECH";"ram";"ram_Usada";"GB";"2022-11-03 09:58:28";6.6
"Servidor-SPTECH";"ram";"ram_Usada";"GB";"2022-11-03 09:58:27";6.59
"Servidor-SPTECH";"ram";"ram_Usada";"GB";"2022-11-03 09:58:25";6.6
"Servidor-SPTECH";"ram";"ram_Usada";"GB";"2022-11-03 09:58:23";6.59
"Servidor-SPTECH";"ram";"ram_Usada";"GB";"2022-11-03 09:58:22";6.59
"Servidor-SPTECH";"ram";"ram_Usada";"GB";"2022-11-03 09:58:20";6.59
"Servidor-SPTECH";"ram";"ram_Usada";"GB";"2022-11-03 09:58:18";6.58
"Servidor-SPTECH";"ram";"ram_Usada";"GB";"2022-11-03 09:58:16";6.58
"Servidor-SPTECH";"ram";"ram_Usada";"GB";"2022-11-03 09:58:15";6.58
"Servidor-SPTECH";"ram";"ram_Usada";"GB";"2022-11-03 09:58:13";6.58
"Servidor-SPTECH";"ram";"ram_Usada";"GB";"2022-11-03 09:58:11";6.57
"Servidor-SPTECH";"ram";"ram_Usada";"GB";"2022-11-03 09:58:10";6.57
"Servidor-SPTECH";"ram";"ram_Usada";"GB";"2022-11-03 09:58:08";6.57
"Servidor-SPTECH";"ram";"ram_Usada";"GB";"2022-11-03 09:58:06";6.57
"Servidor-SPTECH";"ram";"ram_Usada";"GB";"2022-11-03 09:58:05";6.57
"Servidor-SPTECH";"ram";"ram_Usada";"GB";"2022-11-03 09:58:03";6.64
"Servidor-SPTECH";"ram";"ram_Usada";"GB";"2022-11-03 09:58:01";6.63
"Servidor-SPTECH";"ram";"ram_Usada";"GB";"2022-11-03 09:57:59";6.64
"Servidor-SPTECH";"ram";"ram_Usada";"GB";"2022-11-03 09:57:58";6.64
"Servidor-SPTECH";"ram";"ram_Usada";"GB";"2022-11-03 09:57:56";6.65
"Servidor-SPTECH";"ram";"ram_Usada";"GB";"2022-11-03 09:57:54";6.64
"Servidor-SPTECH";"ram";"ram_Usada";"GB";"2022-11-03 09:57:53";6.64
"Servidor-SPTECH";"ram";"ram_Usada";"GB";"2022-11-03 09:57:51";6.67
"Servidor-SPTECH";"ram";"ram_Usada";"GB";"2022-11-03 09:57:49";6.67
"Servidor-SPTECH";"ram";"ram_Usada";"GB";"2022-11-03 09:57:48";6.69
"Servidor-SPTECH";"ram";"ram_Usada";"GB";"2022-11-03 09:57:46";6.7
"Servidor-SPTECH";"ram";"ram_Usada";"GB";"2022-11-03 09:57:44";6.72
"Servidor-SPTECH";"ram";"ram_Usada";"GB";"2022-11-03 09:57:43";6.72
"Servidor-SPTECH";"ram";"ram_Usada";"GB";"2022-11-03 09:57:41";6.73
"Servidor-SPTECH";"ram";"ram_Usada";"GB";"2022-11-03 09:57:39";6.75
"Servidor-SPTECH";"ram";"ram_Usada";"GB";"2022-11-03 09:57:37";6.69
"Servidor-SPTECH";"ram";"ram_Usada";"GB";"2022-11-03 09:57:35";6.68
"Servidor-SPTECH";"ram";"ram_Usada";"GB";"2022-11-03 09:57:34";6.66
"Servidor-SPTECH";"ram";"ram_Usada";"GB";"2022-11-03 09:57:32";6.69
"Servidor-SPTECH";"ram";"ram_Usada";"GB";"2022-11-03 09:57:30";6.69
"Servidor-SPTECH";"ram";"ram_Usada";"GB";"2022-11-03 09:57:28";6.68
"Servidor-SPTECH";"ram";"ram_Usada";"GB";"2022-11-03 09:57:27";6.69
"Servidor-SPTECH";"ram";"ram_Usada";"GB";"2022-11-03 09:57:25";6.68
"Servidor-SPTECH";"ram";"ram_Usada";"GB";"2022-11-03 09:57:23";6.69
"Servidor-SPTECH";"ram";"ram_Usada";"GB";"2022-11-03 09:57:21";6.71
"Servidor-SPTECH";"ram";"ram_Usada";"GB";"2022-11-03 09:57:19";6.7
"Servidor-SPTECH";"ram";"ram_Usada";"GB";"2022-11-03 09:57:18";6.69
"Servidor-SPTECH";"ram";"ram_Usada";"GB";"2022-11-03 09:57:16";6.69
"Servidor-SPTECH";"ram";"ram_Usada";"GB";"2022-11-03 09:57:14";6.68
"Servidor-SPTECH";"ram";"ram_Usada";"GB";"2022-11-03 09:57:12";6.68
"Servidor-SPTECH";"ram";"ram_Usada";"GB";"2022-11-03 09:57:10";6.68
"Servidor-SPTECH";"ram";"ram_Usada";"GB";"2022-11-03 09:57:09";6.67
"Servidor-SPTECH";"ram";"ram_Usada";"GB";"2022-11-03 09:57:07";6.61
"Servidor-SPTECH";"ram";"ram_Usada";"GB";"2022-11-03 09:57:05";6.86
"Servidor-SPTECH";"ram";"ram_Usada";"GB";"2022-11-03 09:57:03";6.86
"Servidor-SPTECH";"ram";"ram_Usada";"GB";"2022-11-03 09:57:01";7.42
"Servidor-SPTECH";"ram";"ram_Usada";"GB";"2022-11-03 09:56:59";7.43
"Servidor-SPTECH";"ram";"ram_Usada";"GB";"2022-11-03 09:56:58";7.36
"Servidor-SPTECH";"ram";"ram_Usada";"GB";"2022-11-03 09:56:56";7.36
"Servidor-SPTECH";"ram";"ram_Usada";"GB";"2022-11-03 09:56:54";7.35
"Servidor-SPTECH";"ram";"ram_Usada";"GB";"2022-11-03 09:56:52";7.36
"Servidor-SPTECH";"ram";"ram_Usada";"GB";"2022-11-03 09:56:50";7.39
"Servidor-SPTECH";"ram";"ram_Usada";"GB";"2022-11-03 09:56:48";7.41
"Servidor-SPTECH";"ram";"ram_Usada";"GB";"2022-11-03 09:56:46";7.43
"Servidor-SPTECH";"ram";"ram_Usada";"GB";"2022-11-03 09:56:45";7.46
"Servidor-SPTECH";"ram";"ram_Usada";"GB";"2022-11-03 09:56:43";7.23
"Servidor-SPTECH";"ram";"ram_Usada";"GB";"2022-11-03 09:56:41";7.01
"Servidor-SPTECH";"ram";"ram_Usada";"GB";"2022-11-03 09:56:39";7.01
"Servidor-SPTECH";"ram";"ram_Usada";"GB";"2022-11-03 09:56:37";7.48
"Servidor-SPTECH";"ram";"ram_Usada";"GB";"2022-11-03 09:56:36";7.55
"Servidor-SPTECH";"ram";"ram_Usada";"GB";"2022-11-03 09:56:34";7.42
"Servidor-SPTECH";"ram";"ram_Usada";"GB";"2022-11-03 09:56:32";7.22
"Servidor-SPTECH";"ram";"ram_Usada";"GB";"2022-11-03 09:56:30";7.09
"Servidor-SPTECH";"ram";"ram_Usada";"GB";"2022-11-03 09:56:28";7.07
"Servidor-SPTECH";"ram";"ram_Usada";"GB";"2022-11-03 09:56:26";7.18
"Servidor-SPTECH";"ram";"ram_Usada";"GB";"2022-11-03 09:56:24";7.14
"Servidor-SPTECH";"ram";"ram_Usada";"GB";"2022-11-03 09:56:22";7.12
"Servidor-SPTECH";"ram";"ram_Usada";"GB";"2022-11-03 09:56:21";7.11
"Servidor-SPTECH";"ram";"ram_Usada";"GB";"2022-11-03 09:56:19";6.99
"Servidor-SPTECH";"ram";"ram_Usada";"GB";"2022-11-03 09:56:17";6.99
"Servidor-SPTECH";"ram";"ram_Usada";"GB";"2022-11-03 09:56:15";7.11
"Servidor-SPTECH";"ram";"ram_Usada";"GB";"2022-11-03 09:56:14";7.12
"Servidor-SPTECH";"ram";"ram_Usada";"GB";"2022-11-03 09:56:12";7.06
"Servidor-SPTECH";"ram";"ram_Usada";"GB";"2022-11-03 09:56:10";6.94
"Servidor-SPTECH";"ram";"ram_Usada";"GB";"2022-11-03 09:56:08";6.94
"Servidor-SPTECH";"ram";"ram_Usada";"GB";"2022-11-03 09:56:06";6.96
"Servidor-SPTECH";"ram";"ram_Usada";"GB";"2022-11-03 09:56:04";6.99
"Servidor-SPTECH";"ram";"ram_Usada";"GB";"2022-11-03 09:56:03";6.89
"Servidor-SPTECH";"ram";"ram_Usada";"GB";"2022-11-03 09:56:01";6.77
"Servidor-SPTECH";"ram";"ram_Usada";"GB";"2022-11-03 09:55:59";6.77
"Servidor-SPTECH";"ram";"ram_Usada";"GB";"2022-11-03 09:55:57";6.78
"Servidor-SPTECH";"ram";"ram_Usada";"GB";"2022-11-03 09:55:55";6.76
"Servidor-SPTECH";"ram";"ram_Usada";"GB";"2022-11-03 09:55:54";6.76
"Servidor-SPTECH";"ram";"ram_Usada";"GB";"2022-11-03 09:55:52";6.76
"Servidor-SPTECH";"ram";"ram_Usada";"GB";"2022-11-03 09:55:50";6.73
"Servidor-SPTECH";"ram";"ram_Usada";"GB";"2022-11-03 09:55:48";6.67
"Servidor-SPTECH";"ram";"ram_Usada";"GB";"2022-11-03 09:55:46";6.7
"Servidor-SPTECH";"ram";"ram_Usada";"GB";"2022-11-03 09:55:44";6.71
"Servidor-SPTECH";"ram";"ram_Usada";"GB";"2022-11-03 09:55:43";6.71
"Servidor-SPTECH";"ram";"ram_Usada";"GB";"2022-11-03 09:55:41";6.72
"Servidor-SPTECH";"ram";"ram_Usada";"GB";"2022-11-03 09:55:39";6.74
"Servidor-SPTECH";"ram";"ram_Usada";"GB";"2022-11-03 09:55:37";6.66
"Servidor-SPTECH";"ram";"ram_Usada";"GB";"2022-11-03 09:55:35";6.69
"Servidor-SPTECH";"ram";"ram_Usada";"GB";"2022-11-03 09:55:34";6.67
"Servidor-SPTECH";"ram";"ram_Usada";"GB";"2022-11-03 09:55:32";6.67
"Servidor-SPTECH";"ram";"ram_Usada";"GB";"2022-11-03 09:55:30";6.67
"Servidor-SPTECH";"ram";"ram_Usada";"GB";"2022-11-03 09:55:28";6.68
"Servidor-SPTECH";"ram";"ram_Usada";"GB";"2022-11-03 09:55:26";6.69
"Servidor-SPTECH";"ram";"ram_Usada";"GB";"2022-11-03 09:55:24";6.67
"Servidor-SPTECH";"ram";"ram_Usada";"GB";"2022-11-03 09:55:22";6.67
"Servidor-SPTECH";"ram";"ram_Usada";"GB";"2022-11-03 09:55:20";6.67
"Servidor-SPTECH";"ram";"ram_Usada";"GB";"2022-11-03 09:55:19";6.68
"Servidor-SPTECH";"ram";"ram_Usada";"GB";"2022-11-03 09:55:17";6.7
"Servidor-SPTECH";"ram";"ram_Usada";"GB";"2022-11-03 09:55:15";6.75
"Servidor-SPTECH";"ram";"ram_Usada";"GB";"2022-11-03 09:55:13";6.77
"Servidor-SPTECH";"ram";"ram_Usada";"GB";"2022-11-03 09:55:11";6.78
"Servidor-SPTECH";"ram";"ram_Usada";"GB";"2022-11-03 09:55:09";6.73
"Servidor-SPTECH";"ram";"ram_Usada";"GB";"2022-11-03 09:55:08";6.7
"Servidor-SPTECH";"ram";"ram_Usada";"GB";"2022-11-03 09:55:06";6.74
"Servidor-SPTECH";"ram";"ram_Usada";"GB";"2022-11-03 09:55:04";6.72
"Servidor-SPTECH";"ram";"ram_Usada";"GB";"2022-11-03 09:55:02";6.73
"Servidor-SPTECH";"ram";"ram_Usada";"GB";"2022-11-03 09:55:00";6.72
"Servidor-SPTECH";"ram";"ram_Usada";"GB";"2022-11-03 09:54:59";6.77
"Servidor-SPTECH";"ram";"ram_Usada";"GB";"2022-11-03 09:54:57";6.99
"Servidor-SPTECH";"ram";"ram_Usada";"GB";"2022-11-03 09:54:55";6.93
"Servidor-SPTECH";"ram";"ram_Usada";"GB";"2022-11-03 09:54:53";6.94
"Servidor-SPTECH";"ram";"ram_Usada";"GB";"2022-11-03 09:54:51";6.93
"Servidor-SPTECH";"ram";"ram_Usada";"GB";"2022-11-03 09:54:49";6.94
"Servidor-SPTECH";"ram";"ram_Usada";"GB";"2022-11-03 09:54:48";6.94
"Servidor-SPTECH";"ram";"ram_Usada";"GB";"2022-11-03 09:54:46";6.95
"Servidor-SPTECH";"ram";"ram_Usada";"GB";"2022-11-03 09:54:44";6.94
"Servidor-SPTECH";"ram";"ram_Usada";"GB";"2022-11-03 09:54:43";6.92
"Servidor-SPTECH";"ram";"ram_Usada";"GB";"2022-11-03 09:54:41";6.95
"Servidor-SPTECH";"ram";"ram_Usada";"GB";"2022-11-03 09:54:39";6.92
"Servidor-SPTECH";"ram";"ram_Usada";"GB";"2022-11-03 09:54:37";6.89
"Servidor-SPTECH";"ram";"ram_Usada";"GB";"2022-11-03 09:54:35";6.9
"Servidor-SPTECH";"ram";"ram_Usada";"GB";"2022-11-03 09:54:33";6.87
"Servidor-SPTECH";"ram";"ram_Usada";"GB";"2022-11-03 09:54:32";6.83
"Servidor-SPTECH";"ram";"ram_Usada";"GB";"2022-11-03 09:54:30";6.75
"Servidor-SPTECH";"ram";"ram_Usada";"GB";"2022-11-03 09:54:28";6.77
"Servidor-SPTECH";"ram";"ram_Usada";"GB";"2022-11-03 09:54:26";6.77
"Servidor-SPTECH";"ram";"ram_Usada";"GB";"2022-11-03 09:54:24";6.76
"Servidor-SPTECH";"ram";"ram_Usada";"GB";"2022-11-07 13:41:21";6.35
"Servidor-SPTECH";"ram";"ram_Usada";"GB";"2022-11-07 13:41:19";6.36
"Servidor-SPTECH";"ram";"ram_Usada";"GB";"2022-11-07 13:41:18";6.35
"Servidor-SPTECH";"ram";"ram_Usada";"GB";"2022-11-07 13:41:16";6.35
"Servidor-SPTECH";"ram";"ram_Usada";"GB";"2022-11-07 13:41:15";6.35
"Servidor-SPTECH";"ram";"ram_Usada";"GB";"2022-11-07 13:41:13";6.35
"Servidor-SPTECH";"ram";"ram_Usada";"GB";"2022-11-07 13:41:11";6.34
"Servidor-SPTECH";"ram";"ram_Usada";"GB";"2022-11-07 13:41:10";6.35
"Servidor-SPTECH";"ram";"ram_Usada";"GB";"2022-11-07 13:41:08";6.34
"Servidor-SPTECH";"ram";"ram_Usada";"GB";"2022-11-07 13:41:07";6.35
"Servidor-SPTECH";"ram";"ram_Usada";"GB";"2022-11-07 13:41:05";6.34
"Servidor-SPTECH";"ram";"ram_Usada";"GB";"2022-11-07 13:41:04";6.32
"Servidor-SPTECH";"ram";"ram_Usada";"GB";"2022-11-07 13:41:02";6.39
"Servidor-SPTECH";"ram";"ram_Usada";"GB";"2022-11-07 13:41:01";6.39
"Servidor-SPTECH";"ram";"ram_Usada";"GB";"2022-11-07 13:40:59";6.42
"Servidor-SPTECH";"ram";"ram_Usada";"GB";"2022-11-07 13:40:57";6.43
"Servidor-SPTECH";"ram";"ram_Usada";"GB";"2022-11-07 13:40:56";6.57
"Servidor-SPTECH";"ram";"ram_Usada";"GB";"2022-11-07 13:40:54";6.59
"Servidor-SPTECH";"ram";"ram_Usada";"GB";"2022-11-07 13:40:53";6.71
"Servidor-SPTECH";"ram";"ram_Usada";"GB";"2022-11-07 13:40:51";6.68
"Servidor-SPTECH";"ram";"ram_Usada";"GB";"2022-11-07 13:40:50";6.74
"Servidor-SPTECH";"ram";"ram_Usada";"GB";"2022-11-07 13:40:48";6.76
"Servidor-SPTECH";"ram";"ram_Usada";"GB";"2022-11-07 13:40:47";6.64
"Servidor-SPTECH";"ram";"ram_Usada";"GB";"2022-11-07 13:40:45";6.85
"Servidor-SPTECH";"ram";"ram_Usada";"GB";"2022-11-07 13:40:43";6.92
"Servidor-SPTECH";"ram";"ram_Usada";"GB";"2022-11-07 13:40:42";6.79
"Servidor-SPTECH";"ram";"ram_Usada";"GB";"2022-11-07 13:40:40";6.84
"Servidor-SPTECH";"ram";"ram_Usada";"GB";"2022-11-07 13:40:39";6.91
"Servidor-SPTECH";"ram";"ram_Usada";"GB";"2022-11-07 13:40:37";6.77
"Servidor-SPTECH";"ram";"ram_Usada";"GB";"2022-11-07 13:40:35";6.75
"Servidor-SPTECH";"ram";"ram_Usada";"GB";"2022-11-07 13:40:33";6.4
"Servidor-SPTECH";"ram";"ram_Usada";"GB";"2022-11-07 13:40:32";6.43
"Servidor-SPTECH";"ram";"ram_Usada";"GB";"2022-11-07 13:40:30";6.44
"Servidor-SPTECH";"ram";"ram_Usada";"GB";"2022-11-07 13:40:29";6.45
"Servidor-SPTECH";"ram";"ram_Usada";"GB";"2022-11-07 13:40:27";6.4
"Servidor-SPTECH";"ram";"ram_Usada";"GB";"2022-11-07 13:40:26";6.37
"Servidor-SPTECH";"ram";"ram_Usada";"GB";"2022-11-07 13:40:24";6.43
"Servidor-SPTECH";"ram";"ram_Usada";"GB";"2022-11-07 13:40:22";6.42
"Servidor-SPTECH";"ram";"ram_Usada";"GB";"2022-11-07 13:40:21";6.32
"Servidor-SPTECH";"ram";"ram_Usada";"GB";"2022-11-07 13:40:19";6.43
"Servidor-SPTECH";"ram";"ram_Usada";"GB";"2022-11-07 13:40:17";6.38
"Servidor-SPTECH";"ram";"ram_Usada";"GB";"2022-11-07 13:40:16";6.38
"Servidor-SPTECH";"ram";"ram_Usada";"GB";"2022-11-07 13:40:14";6.39
"Servidor-SPTECH";"ram";"ram_Usada";"GB";"2022-11-07 13:40:13";6.36
"Servidor-SPTECH";"ram";"ram_Usada";"GB";"2022-11-07 13:40:11";6.29
"Servidor-SPTECH";"ram";"ram_Usada";"GB";"2022-11-07 13:40:10";6.29
"Servidor-SPTECH";"ram";"ram_Usada";"GB";"2022-11-07 13:40:08";6.35
"Servidor-SPTECH";"ram";"ram_Usada";"GB";"2022-11-07 13:40:06";6.33
"Servidor-SPTECH";"ram";"ram_Usada";"GB";"2022-11-07 13:40:05";6.35
"Servidor-SPTECH";"ram";"ram_Usada";"GB";"2022-11-07 13:40:03";6.4
"Servidor-SPTECH";"ram";"ram_Usada";"GB";"2022-11-07 13:40:02";6.45
"Servidor-SPTECH";"ram";"ram_Usada";"GB";"2022-11-07 13:40:00";6.45
"Servidor-SPTECH";"ram";"ram_Usada";"GB";"2022-11-07 13:39:59";6.44
"Servidor-SPTECH";"ram";"ram_Usada";"GB";"2022-11-07 13:39:57";6.41
"Servidor-SPTECH";"ram";"ram_Usada";"GB";"2022-11-07 13:39:56";6.47
"Servidor-SPTECH";"ram";"ram_Usada";"GB";"2022-11-07 13:39:54";6.48
"Servidor-SPTECH";"ram";"ram_Usada";"GB";"2022-11-07 13:39:53";6.48
"Servidor-SPTECH";"ram";"ram_Usada";"GB";"2022-11-07 13:39:51";6.45
"Servidor-SPTECH";"ram";"ram_Usada";"GB";"2022-11-07 13:39:49";6.47
"Servidor-SPTECH";"ram";"ram_Usada";"GB";"2022-11-07 13:39:48";6.46
"Servidor-SPTECH";"ram";"ram_Usada";"GB";"2022-11-07 13:39:46";6.45
"Servidor-SPTECH";"ram";"ram_Usada";"GB";"2022-11-07 13:39:45";6.46
"Servidor-SPTECH";"ram";"ram_Usada";"GB";"2022-11-07 13:39:43";6.47
"Servidor-SPTECH";"ram";"ram_Usada";"GB";"2022-11-07 13:39:42";6.48
"Servidor-SPTECH";"ram";"ram_Usada";"GB";"2022-11-07 13:39:40";6.47
"Servidor-SPTECH";"ram";"ram_Usada";"GB";"2022-11-07 13:39:39";6.42
"Servidor-SPTECH";"ram";"ram_Usada";"GB";"2022-11-07 13:39:37";6.42
"Servidor-SPTECH";"ram";"ram_Usada";"GB";"2022-11-07 13:39:36";6.41
"Servidor-SPTECH";"ram";"ram_Usada";"GB";"2022-11-07 13:39:34";6.42
"Servidor-SPTECH";"ram";"ram_Usada";"GB";"2022-11-07 13:39:32";6.41
"Servidor-SPTECH";"ram";"ram_Usada";"GB";"2022-11-07 13:39:31";6.41
"Servidor-SPTECH";"ram";"ram_Usada";"GB";"2022-11-07 13:39:29";6.39
"Servidor-SPTECH";"ram";"ram_Usada";"GB";"2022-11-07 13:39:28";6.41
"Servidor-SPTECH";"ram";"ram_Usada";"GB";"2022-11-07 13:39:26";6.37
"Servidor-SPTECH";"ram";"ram_Usada";"GB";"2022-11-07 13:39:25";6.37
"Servidor-SPTECH";"ram";"ram_Usada";"GB";"2022-11-07 13:39:23";6.36
"Servidor-SPTECH";"ram";"ram_Usada";"GB";"2022-11-07 13:39:22";6.35
"Servidor-SPTECH";"ram";"ram_Usada";"GB";"2022-11-07 13:39:20";6.36
"Servidor-SPTECH";"ram";"ram_Usada";"GB";"2022-11-07 13:39:19";6.4
"Servidor-SPTECH";"ram";"ram_Usada";"GB";"2022-11-07 13:39:17";6.39
"Servidor-SPTECH";"ram";"ram_Usada";"GB";"2022-11-07 13:39:16";6.39
"Servidor-SPTECH";"ram";"ram_Usada";"GB";"2022-11-07 13:39:14";6.39
"Servidor-SPTECH";"ram";"ram_Usada";"GB";"2022-11-07 13:39:12";6.4
"Servidor-SPTECH";"ram";"ram_Usada";"GB";"2022-11-07 13:39:11";6.4
"Servidor-SPTECH";"ram";"ram_Usada";"GB";"2022-11-07 13:39:09";6.4
"Servidor-SPTECH";"ram";"ram_Usada";"GB";"2022-11-07 13:39:08";6.41
"Servidor-SPTECH";"ram";"ram_Usada";"GB";"2022-11-07 13:39:06";6.4
"Servidor-SPTECH";"ram";"ram_Usada";"GB";"2022-11-07 13:39:05";6.47
"Servidor-SPTECH";"ram";"ram_Usada";"GB";"2022-11-07 13:39:03";6.54
"Servidor-SPTECH";"ram";"ram_Usada";"GB";"2022-11-07 13:39:02";6.63
"Servidor-SPTECH";"ram";"ram_Usada";"GB";"2022-11-07 13:39:00";6.62
"Servidor-SPTECH";"ram";"ram_Usada";"GB";"2022-11-07 13:38:59";6.64
"Servidor-SPTECH";"ram";"ram_Usada";"GB";"2022-11-07 13:38:57";6.66
"Servidor-SPTECH";"ram";"ram_Usada";"GB";"2022-11-07 13:38:55";6.66
"Servidor-SPTECH";"ram";"ram_Usada";"GB";"2022-11-07 13:38:54";6.66
"Servidor-SPTECH";"ram";"ram_Usada";"GB";"2022-11-07 13:38:52";6.66
"Servidor-SPTECH";"ram";"ram_Usada";"GB";"2022-11-07 13:38:51";6.66
"Servidor-SPTECH";"ram";"ram_Usada";"GB";"2022-11-07 13:38:49";6.66
"Servidor-SPTECH";"ram";"ram_Usada";"GB";"2022-11-07 13:38:48";6.66
"Servidor-SPTECH";"ram";"ram_Usada";"GB";"2022-11-07 13:38:46";6.66
"Servidor-SPTECH";"ram";"ram_Usada";"GB";"2022-11-07 13:38:44";6.66
"Servidor-SPTECH";"ram";"ram_Usada";"GB";"2022-11-07 13:38:43";6.66
"Servidor-SPTECH";"ram";"ram_Usada";"GB";"2022-11-07 13:38:41";6.66
"Servidor-SPTECH";"ram";"ram_Usada";"GB";"2022-11-07 13:38:40";6.66
"Servidor-SPTECH";"ram";"ram_Usada";"GB";"2022-11-07 13:38:38";6.66
"Servidor-SPTECH";"ram";"ram_Usada";"GB";"2022-11-07 13:38:37";6.66
"Servidor-SPTECH";"ram";"ram_Usada";"GB";"2022-11-07 13:38:35";6.66
"Servidor-SPTECH";"ram";"ram_Usada";"GB";"2022-11-07 13:38:34";6.68
"Servidor-SPTECH";"ram";"ram_Usada";"GB";"2022-11-07 13:38:32";6.68
"Servidor-SPTECH";"ram";"ram_Usada";"GB";"2022-11-07 13:38:30";6.68
"Servidor-SPTECH";"ram";"ram_Usada";"GB";"2022-11-07 13:38:29";6.69
"Servidor-SPTECH";"ram";"ram_Usada";"GB";"2022-11-07 13:38:27";6.64
"Servidor-SPTECH";"ram";"ram_Usada";"GB";"2022-11-07 13:38:26";6.64
"Servidor-SPTECH";"ram";"ram_Usada";"GB";"2022-11-07 13:38:24";6.31
"Servidor-SPTECH";"ram";"ram_Usada";"GB";"2022-11-07 13:38:23";6.33
"Servidor-SPTECH";"ram";"ram_Usada";"GB";"2022-11-07 13:38:21";6.34
"Servidor-SPTECH";"ram";"ram_Usada";"GB";"2022-11-07 13:38:20";6.34
"Servidor-SPTECH";"ram";"ram_Usada";"GB";"2022-11-07 13:38:18";6.31
"Servidor-SPTECH";"ram";"ram_Usada";"GB";"2022-11-07 13:38:17";6.34
"Servidor-SPTECH";"ram";"ram_Usada";"GB";"2022-11-07 13:38:15";6.34
"Servidor-SPTECH";"ram";"ram_Usada";"GB";"2022-11-07 13:38:14";6.34
"Servidor-SPTECH";"ram";"ram_Usada";"GB";"2022-11-07 13:38:12";6.34
"Servidor-SPTECH";"ram";"ram_Usada";"GB";"2022-11-07 13:38:10";6.34
"Servidor-SPTECH";"ram";"ram_Usada";"GB";"2022-11-07 13:38:09";6.35
"Servidor-SPTECH";"ram";"ram_Usada";"GB";"2022-11-07 13:38:07";6.37
"Servidor-SPTECH";"ram";"ram_Usada";"GB";"2022-11-07 13:38:06";6.37
"Servidor-SPTECH";"ram";"ram_Usada";"GB";"2022-11-07 13:38:04";6.34
"Servidor-SPTECH";"ram";"ram_Usada";"GB";"2022-11-07 13:38:03";6.34
"Servidor-SPTECH";"ram";"ram_Usada";"GB";"2022-11-07 13:38:01";6.46
"Servidor-SPTECH";"ram";"ram_Usada";"GB";"2022-11-07 13:38:00";6.44
"Servidor-SPTECH";"ram";"ram_Usada";"GB";"2022-11-07 13:37:58";6.45
"Servidor-SPTECH";"ram";"ram_Usada";"GB";"2022-11-07 13:37:57";6.44
"Servidor-SPTECH";"ram";"ram_Usada";"GB";"2022-11-07 13:37:55";6.44
"Servidor-SPTECH";"ram";"ram_Usada";"GB";"2022-11-07 13:37:54";6.46
"Servidor-SPTECH";"ram";"ram_Usada";"GB";"2022-11-07 13:37:52";6.45
"Servidor-SPTECH";"ram";"ram_Usada";"GB";"2022-11-07 13:37:50";6.47
"Servidor-SPTECH";"ram";"ram_Usada";"GB";"2022-11-07 13:37:49";6.47
"Servidor-SPTECH";"ram";"ram_Usada";"GB";"2022-11-07 13:37:47";6.46
"Servidor-SPTECH";"ram";"ram_Usada";"GB";"2022-11-07 13:37:46";6.46
"Servidor-SPTECH";"ram";"ram_Usada";"GB";"2022-11-07 13:37:44";6.43
"Servidor-SPTECH";"ram";"ram_Usada";"GB";"2022-11-07 13:37:43";6.45
"Servidor-SPTECH";"ram";"ram_Usada";"GB";"2022-11-07 13:37:41";6.46
"Servidor-SPTECH";"ram";"ram_Usada";"GB";"2022-11-07 13:37:40";6.54
"Servidor-SPTECH";"ram";"ram_Usada";"GB";"2022-11-07 13:37:38";6.54
"Servidor-SPTECH";"ram";"ram_Usada";"GB";"2022-11-07 13:37:36";6.54
"Servidor-SPTECH";"ram";"ram_Usada";"GB";"2022-11-07 13:37:35";6.55
"Servidor-SPTECH";"ram";"ram_Usada";"GB";"2022-11-07 13:37:33";6.55
"Servidor-SPTECH";"ram";"ram_Usada";"GB";"2022-11-07 13:37:32";6.57
"Servidor-SPTECH";"ram";"ram_Usada";"GB";"2022-11-07 13:37:30";6.56
"Servidor-SPTECH";"ram";"ram_Usada";"GB";"2022-11-07 13:37:29";6.55
"Servidor-SPTECH";"ram";"ram_Usada";"GB";"2022-11-07 13:37:27";6.54
"Servidor-SPTECH";"ram";"ram_Usada";"GB";"2022-11-07 13:37:26";6.45
"Servidor-SPTECH";"ram";"ram_Usada";"GB";"2022-11-07 13:37:24";6.48
"Servidor-SPTECH";"ram";"ram_Usada";"GB";"2022-11-07 13:37:23";6.46
"Servidor-SPTECH";"ram";"ram_Usada";"GB";"2022-11-07 13:37:21";6.45
"Servidor-SPTECH";"ram";"ram_Usada";"GB";"2022-11-07 13:37:20";6.46
"Servidor-SPTECH";"ram";"ram_Usada";"GB";"2022-11-07 13:37:18";6.46
"Servidor-SPTECH";"ram";"ram_Usada";"GB";"2022-11-07 13:37:17";6.44
"Servidor-SPTECH";"ram";"ram_Usada";"GB";"2022-11-07 13:37:15";6.39
"Servidor-SPTECH";"ram";"ram_Usada";"GB";"2022-11-07 13:37:14";6.4
"Servidor-SPTECH";"ram";"ram_Usada";"GB";"2022-11-07 13:37:12";6.37
"Servidor-SPTECH";"ram";"ram_Usada";"GB";"2022-11-07 13:37:11";6.39
"Servidor-SPTECH";"ram";"ram_Usada";"GB";"2022-11-07 13:37:09";6.39
"Servidor-SPTECH";"ram";"ram_Usada";"GB";"2022-11-07 13:37:07";6.48
"Servidor-SPTECH";"ram";"ram_Usada";"GB";"2022-11-07 13:37:06";6.43
"Servidor-SPTECH";"ram";"ram_Usada";"GB";"2022-11-07 13:37:04";6.48
"Servidor-SPTECH";"ram";"ram_Usada";"GB";"2022-11-07 13:37:03";6.48
"Servidor-SPTECH";"ram";"ram_Usada";"GB";"2022-11-07 13:37:01";6.5
"Servidor-SPTECH";"ram";"ram_Usada";"GB";"2022-11-07 13:37:00";6.48
"Servidor-SPTECH";"ram";"ram_Usada";"GB";"2022-11-07 13:36:58";6.52
"Servidor-SPTECH";"ram";"ram_Usada";"GB";"2022-11-07 13:36:57";6.52
"Servidor-SPTECH";"ram";"ram_Usada";"GB";"2022-11-07 13:36:55";6.47
"Servidor-SPTECH";"ram";"ram_Usada";"GB";"2022-11-07 13:36:54";6.46
"Servidor-SPTECH";"ram";"ram_Usada";"GB";"2022-11-07 13:36:52";6.47
"Servidor-SPTECH";"ram";"ram_Usada";"GB";"2022-11-07 13:36:51";6.46
"Servidor-SPTECH";"ram";"ram_Usada";"GB";"2022-11-07 13:36:49";6.49
"Servidor-SPTECH";"ram";"ram_Usada";"GB";"2022-11-07 13:36:48";6.46
"Servidor-SPTECH";"ram";"ram_Usada";"GB";"2022-11-07 13:36:46";6.64
"Servidor-SPTECH";"ram";"ram_Usada";"GB";"2022-11-07 13:36:45";6.64
"Servidor-SPTECH";"ram";"ram_Usada";"GB";"2022-11-07 13:36:43";6.67
"Servidor-SPTECH";"ram";"ram_Usada";"GB";"2022-11-07 13:36:42";6.64
"Servidor-SPTECH";"ram";"ram_Usada";"GB";"2022-11-07 13:36:40";6.67
"Servidor-SPTECH";"ram";"ram_Usada";"GB";"2022-11-07 13:36:39";6.74
"Servidor-SPTECH";"ram";"ram_Usada";"GB";"2022-11-07 13:36:37";6.69
"Servidor-SPTECH";"ram";"ram_Usada";"GB";"2022-11-07 13:36:35";6.67
"Servidor-SPTECH";"ram";"ram_Usada";"GB";"2022-11-07 13:36:34";6.87
"Servidor-SPTECH";"ram";"ram_Usada";"GB";"2022-11-07 13:36:32";6.68
"Servidor-SPTECH";"ram";"ram_Usada";"GB";"2022-11-07 13:36:31";6.68
"Servidor-SPTECH";"ram";"ram_Usada";"GB";"2022-11-07 13:36:29";6.68
"Servidor-SPTECH";"ram";"ram_Usada";"GB";"2022-11-07 13:36:28";6.62
"Servidor-SPTECH";"ram";"ram_Usada";"GB";"2022-11-07 13:36:26";6.62
"Servidor-SPTECH";"ram";"ram_Usada";"GB";"2022-11-07 13:36:24";6.62
"Servidor-SPTECH";"ram";"ram_Usada";"GB";"2022-11-07 13:36:22";6.62
"Servidor-SPTECH";"ram";"ram_Usada";"GB";"2022-11-07 13:36:21";6.6
"Servidor-SPTECH";"ram";"ram_Usada";"GB";"2022-11-07 13:36:19";6.6
"Servidor-SPTECH";"ram";"ram_Usada";"GB";"2022-11-07 13:36:17";6.61
"Servidor-SPTECH";"ram";"ram_Usada";"GB";"2022-11-07 13:36:16";6.61
"Servidor-SPTECH";"ram";"ram_Usada";"GB";"2022-11-07 13:36:14";6.61
"Servidor-SPTECH";"ram";"ram_Usada";"GB";"2022-11-07 13:36:13";6.66
"Servidor-SPTECH";"ram";"ram_Usada";"GB";"2022-11-07 13:36:11";6.65
"Servidor-SPTECH";"ram";"ram_Usada";"GB";"2022-11-07 13:36:09";6.64
"Servidor-SPTECH";"ram";"ram_Usada";"GB";"2022-11-07 13:36:07";6.64
"Servidor-SPTECH";"ram";"ram_Usada";"GB";"2022-11-07 13:36:06";6.64
"Servidor-SPTECH";"ram";"ram_Usada";"GB";"2022-11-07 13:36:04";6.64
"Servidor-SPTECH";"ram";"ram_Usada";"GB";"2022-11-07 13:36:02";6.67
"Servidor-SPTECH";"ram";"ram_Usada";"GB";"2022-11-07 13:36:01";6.71
"Servidor-SPTECH";"ram";"ram_Usada";"GB";"2022-11-07 13:35:59";6.73
"Servidor-SPTECH";"ram";"ram_Usada";"GB";"2022-11-07 13:35:58";6.74
"Servidor-SPTECH";"ram";"ram_Usada";"GB";"2022-11-07 13:35:56";6.74
"Servidor-SPTECH";"ram";"ram_Usada";"GB";"2022-11-07 13:35:54";6.74
"Servidor-SPTECH";"ram";"ram_Usada";"GB";"2022-11-07 13:35:52";6.75
"Servidor-SPTECH";"ram";"ram_Usada";"GB";"2022-11-07 13:35:51";6.47
"Servidor-SPTECH";"ram";"ram_Usada";"GB";"2022-11-07 13:35:49";6.46
"Servidor-SPTECH";"ram";"ram_Usada";"GB";"2022-11-07 13:35:47";6.43
"Servidor-SPTECH";"ram";"ram_Usada";"GB";"2022-11-07 13:35:46";6.48
"Servidor-SPTECH";"ram";"ram_Usada";"GB";"2022-11-07 13:35:44";6.48
"Servidor-SPTECH";"ram";"ram_Usada";"GB";"2022-11-07 13:35:43";6.46
"Servidor-SPTECH";"ram";"ram_Usada";"GB";"2022-11-07 13:35:41";6.47
"Servidor-SPTECH";"ram";"ram_Usada";"GB";"2022-11-07 13:35:39";6.38
"Servidor-SPTECH";"ram";"ram_Usada";"GB";"2022-11-07 13:35:38";6.41
"Servidor-SPTECH";"ram";"ram_Usada";"GB";"2022-11-07 13:35:36";6.42
"Servidor-SPTECH";"ram";"ram_Usada";"GB";"2022-11-07 13:35:34";6.45
"Servidor-SPTECH";"ram";"ram_Usada";"GB";"2022-11-07 13:35:33";6.52
"Servidor-SPTECH";"ram";"ram_Usada";"GB";"2022-11-07 13:35:31";6.53
"Servidor-SPTECH";"ram";"ram_Usada";"GB";"2022-11-07 13:35:30";6.51
"Servidor-SPTECH";"ram";"ram_Usada";"GB";"2022-11-07 13:35:28";6.54
"Servidor-SPTECH";"ram";"ram_Usada";"GB";"2022-11-07 13:35:26";6.55
"Servidor-SPTECH";"ram";"ram_Usada";"GB";"2022-11-07 13:35:25";6.56
"Servidor-SPTECH";"ram";"ram_Usada";"GB";"2022-11-07 13:35:23";6.57
"Servidor-SPTECH";"ram";"ram_Usada";"GB";"2022-11-07 13:35:22";6.6
"Servidor-SPTECH";"ram";"ram_Usada";"GB";"2022-11-07 13:35:20";6.55
"Servidor-SPTECH";"ram";"ram_Usada";"GB";"2022-11-07 13:35:18";6.58
"Servidor-SPTECH";"ram";"ram_Usada";"GB";"2022-11-07 13:35:17";6.44
"Servidor-SPTECH";"ram";"ram_Usada";"GB";"2022-11-07 13:35:15";6.42
"Servidor-SPTECH";"ram";"ram_Usada";"GB";"2022-11-07 13:35:13";6.42
"Servidor-SPTECH";"ram";"ram_Usada";"GB";"2022-11-07 13:35:12";6.42
"Servidor-SPTECH";"ram";"ram_Usada";"GB";"2022-11-07 13:35:10";6.42
"Servidor-SPTECH";"ram";"ram_Usada";"GB";"2022-11-07 13:35:09";6.47
"Servidor-SPTECH";"ram";"ram_Usada";"GB";"2022-11-07 13:35:07";6.46
"Servidor-SPTECH";"ram";"ram_Usada";"GB";"2022-11-07 13:35:05";6.42
"Servidor-SPTECH";"ram";"ram_Usada";"GB";"2022-11-07 13:35:04";6.44
"Servidor-SPTECH";"ram";"ram_Usada";"GB";"2022-11-07 13:35:02";6.54
"Servidor-SPTECH";"ram";"ram_Usada";"GB";"2022-11-07 13:35:01";6.55
"Servidor-SPTECH";"ram";"ram_Usada";"GB";"2022-11-07 13:34:59";6.55
"Servidor-SPTECH";"ram";"ram_Usada";"GB";"2022-11-07 13:34:58";6.57
"Servidor-SPTECH";"ram";"ram_Usada";"GB";"2022-11-07 13:34:56";6.55
"Servidor-SPTECH";"ram";"ram_Usada";"GB";"2022-11-07 13:34:54";6.61
"Servidor-SPTECH";"ram";"ram_Usada";"GB";"2022-11-07 13:34:53";6.63
"Servidor-SPTECH";"ram";"ram_Usada";"GB";"2022-11-07 13:34:51";6.64
"Servidor-SPTECH";"ram";"ram_Usada";"GB";"2022-11-07 13:34:49";6.65
"Servidor-SPTECH";"ram";"ram_Usada";"GB";"2022-11-07 13:34:48";6.62
"Servidor-SPTECH";"ram";"ram_Usada";"GB";"2022-11-07 13:34:46";6.59
"Servidor-SPTECH";"ram";"ram_Usada";"GB";"2022-11-07 13:34:44";6.63
"Servidor-SPTECH";"ram";"ram_Usada";"GB";"2022-11-07 13:34:42";6.65
"Servidor-SPTECH";"ram";"ram_Usada";"GB";"2022-11-07 13:34:41";6.58
"Servidor-SPTECH";"ram";"ram_Usada";"GB";"2022-11-07 13:34:39";6.59
"Servidor-SPTECH";"ram";"ram_Usada";"GB";"2022-11-07 13:34:37";6.53
"Servidor-SPTECH";"ram";"ram_Usada";"GB";"2022-11-07 13:34:36";6.49
"Servidor-SPTECH";"ram";"ram_Usada";"GB";"2022-11-07 13:34:34";6.47
"Servidor-SPTECH";"ram";"ram_Usada";"GB";"2022-11-07 13:34:32";6.51
"Servidor-SPTECH";"ram";"ram_Usada";"GB";"2022-11-07 13:34:31";6.49
"Servidor-SPTECH";"ram";"ram_Usada";"GB";"2022-11-07 13:34:29";6.5
"Servidor-SPTECH";"ram";"ram_Usada";"GB";"2022-11-07 13:34:27";6.5
"Servidor-SPTECH";"ram";"ram_Usada";"GB";"2022-11-07 13:34:26";6.49
"Servidor-SPTECH";"ram";"ram_Usada";"GB";"2022-11-07 13:34:24";6.53
"Servidor-SPTECH";"ram";"ram_Usada";"GB";"2022-11-07 13:34:23";6.58
"Servidor-SPTECH";"ram";"ram_Usada";"GB";"2022-11-07 13:34:21";6.61
"Servidor-SPTECH";"ram";"ram_Usada";"GB";"2022-11-07 13:34:19";6.61
"Servidor-SPTECH";"ram";"ram_Usada";"GB";"2022-11-07 13:34:18";6.62
"Servidor-SPTECH";"ram";"ram_Usada";"GB";"2022-11-07 13:34:16";6.63
"Servidor-SPTECH";"ram";"ram_Usada";"GB";"2022-11-07 13:34:15";6.59
"Servidor-SPTECH";"ram";"ram_Usada";"GB";"2022-11-07 13:34:13";6.55
"Servidor-SPTECH";"ram";"ram_Usada";"GB";"2022-11-07 13:34:11";6.42
"Servidor-SPTECH";"ram";"ram_Usada";"GB";"2022-11-07 13:34:09";6.45
"Servidor-SPTECH";"ram";"ram_Usada";"GB";"2022-11-07 13:34:08";6.45
"Servidor-SPTECH";"ram";"ram_Usada";"GB";"2022-11-07 13:34:06";6.46
"Servidor-SPTECH";"ram";"ram_Usada";"GB";"2022-11-07 13:34:04";6.45
"Servidor-SPTECH";"ram";"ram_Usada";"GB";"2022-11-07 13:34:02";6.48
"Servidor-SPTECH";"ram";"ram_Usada";"GB";"2022-11-07 13:34:00";6.47
"Servidor-SPTECH";"ram";"ram_Usada";"GB";"2022-11-07 13:33:59";6.42
"Servidor-SPTECH";"ram";"ram_Usada";"GB";"2022-11-07 13:33:57";6.44
"Servidor-SPTECH";"ram";"ram_Usada";"GB";"2022-11-07 13:33:56";6.44
"Servidor-SPTECH";"ram";"ram_Usada";"GB";"2022-11-07 13:33:54";6.44
"Servidor-SPTECH";"ram";"ram_Usada";"GB";"2022-11-07 13:33:52";6.44
"Servidor-SPTECH";"ram";"ram_Usada";"GB";"2022-11-07 13:33:51";6.47
"Servidor-SPTECH";"ram";"ram_Usada";"GB";"2022-11-07 13:33:49";6.47
"Servidor-SPTECH";"ram";"ram_Usada";"GB";"2022-11-07 13:33:47";6.44
"Servidor-SPTECH";"ram";"ram_Usada";"GB";"2022-11-07 13:33:46";6.48
"Servidor-SPTECH";"ram";"ram_Usada";"GB";"2022-11-07 13:33:44";6.48
"Servidor-SPTECH";"ram";"ram_Usada";"GB";"2022-11-07 13:33:42";6.55
"Servidor-SPTECH";"ram";"ram_Usada";"GB";"2022-11-07 13:33:41";6.6
"Servidor-SPTECH";"ram";"ram_Usada";"GB";"2022-11-07 13:33:39";6.63
"Servidor-SPTECH";"ram";"ram_Usada";"GB";"2022-11-07 13:33:37";6.63
"Servidor-SPTECH";"ram";"ram_Usada";"GB";"2022-11-07 13:33:36";6.64
"Servidor-SPTECH";"ram";"ram_Usada";"GB";"2022-11-07 13:33:34";6.63
"Servidor-SPTECH";"ram";"ram_Usada";"GB";"2022-11-07 13:33:32";6.61
"Servidor-SPTECH";"ram";"ram_Usada";"GB";"2022-11-07 13:33:31";6.6
"Servidor-SPTECH";"ram";"ram_Usada";"GB";"2022-11-07 13:33:29";6.56
"Servidor-SPTECH";"ram";"ram_Usada";"GB";"2022-11-07 13:33:27";6.53
"Servidor-SPTECH";"ram";"ram_Usada";"GB";"2022-11-07 13:33:25";6.54
"Servidor-SPTECH";"ram";"ram_Usada";"GB";"2022-11-07 13:33:23";6.53
"Servidor-SPTECH";"ram";"ram_Usada";"GB";"2022-11-07 13:33:22";6.51
"Servidor-SPTECH";"ram";"ram_Usada";"GB";"2022-11-07 13:33:20";6.52
"Servidor-SPTECH";"ram";"ram_Usada";"GB";"2022-11-07 13:33:18";6.51
"Servidor-SPTECH";"ram";"ram_Usada";"GB";"2022-11-07 13:33:17";6.57
"Servidor-SPTECH";"ram";"ram_Usada";"GB";"2022-11-07 13:33:15";6.6
"Servidor-SPTECH";"ram";"ram_Usada";"GB";"2022-11-07 13:33:13";6.61
"Servidor-SPTECH";"ram";"ram_Usada";"GB";"2022-11-07 13:33:12";6.6
"Servidor-SPTECH";"ram";"ram_Usada";"GB";"2022-11-07 13:33:10";6.59
"Servidor-SPTECH";"ram";"ram_Usada";"GB";"2022-11-07 13:33:08";6.52
"Servidor-SPTECH";"ram";"ram_Usada";"GB";"2022-11-07 13:33:06";6.49
"Servidor-SPTECH";"ram";"ram_Usada";"GB";"2022-11-07 13:33:05";6.47
"Servidor-SPTECH";"ram";"ram_Usada";"GB";"2022-11-07 13:33:03";6.44
"Servidor-SPTECH";"ram";"ram_Usada";"GB";"2022-11-07 13:33:01";6.47
"Servidor-SPTECH";"ram";"ram_Usada";"GB";"2022-11-07 13:32:59";6.52
"Servidor-SPTECH";"ram";"ram_Usada";"GB";"2022-11-07 13:32:58";6.53
"Servidor-SPTECH";"ram";"ram_Usada";"GB";"2022-11-07 13:32:56";6.52
"Servidor-SPTECH";"ram";"ram_Usada";"GB";"2022-11-07 13:32:55";6.55
"Servidor-SPTECH";"ram";"ram_Usada";"GB";"2022-11-07 13:32:53";6.57
"Servidor-SPTECH";"ram";"ram_Usada";"GB";"2022-11-07 13:32:51";6.6
"Servidor-SPTECH";"ram";"ram_Usada";"GB";"2022-11-07 13:32:50";6.62
"Servidor-SPTECH";"ram";"ram_Usada";"GB";"2022-11-07 13:32:48";6.66
"Servidor-SPTECH";"ram";"ram_Usada";"GB";"2022-11-07 13:32:47";6.67
"Servidor-SPTECH";"ram";"ram_Usada";"GB";"2022-11-07 13:32:45";6.68
"Servidor-SPTECH";"ram";"ram_Usada";"GB";"2022-11-07 13:32:43";6.64
"Servidor-SPTECH";"ram";"ram_Usada";"GB";"2022-11-07 13:32:42";6.64
"Servidor-SPTECH";"ram";"ram_Usada";"GB";"2022-11-07 13:32:40";6.66
"Servidor-SPTECH";"ram";"ram_Usada";"GB";"2022-11-07 13:32:38";6.66
"Servidor-SPTECH";"ram";"ram_Usada";"GB";"2022-11-07 13:32:37";6.61
"Servidor-SPTECH";"ram";"ram_Usada";"GB";"2022-11-07 13:32:35";6.61
"Servidor-SPTECH";"ram";"ram_Usada";"GB";"2022-11-07 13:32:33";6.52
"Servidor-SPTECH";"ram";"ram_Usada";"GB";"2022-11-07 13:32:31";6.49
"Servidor-SPTECH";"ram";"ram_Usada";"GB";"2022-11-07 13:32:30";6.47
"Servidor-SPTECH";"ram";"ram_Usada";"GB";"2022-11-07 13:32:28";6.48
"Servidor-SPTECH";"ram";"ram_Usada";"GB";"2022-11-07 13:32:26";6.48
"Servidor-SPTECH";"ram";"ram_Usada";"GB";"2022-11-07 13:32:25";6.48
"Servidor-SPTECH";"ram";"ram_Usada";"GB";"2022-11-07 13:32:23";6.48
"Servidor-SPTECH";"ram";"ram_Usada";"GB";"2022-11-07 13:32:22";6.48
"Servidor-SPTECH";"ram";"ram_Usada";"GB";"2022-11-07 13:32:20";6.48
"Servidor-SPTECH";"ram";"ram_Usada";"GB";"2022-11-07 13:32:18";6.48
"Servidor-SPTECH";"ram";"ram_Usada";"GB";"2022-11-07 13:32:17";6.47
"Servidor-SPTECH";"ram";"ram_Usada";"GB";"2022-11-07 13:32:15";6.5
"Servidor-SPTECH";"ram";"ram_Usada";"GB";"2022-11-07 13:32:13";6.47
"Servidor-SPTECH";"ram";"ram_Usada";"GB";"2022-11-07 13:32:12";6.48
"Servidor-SPTECH";"ram";"ram_Usada";"GB";"2022-11-07 13:32:10";6.49
"Servidor-SPTECH";"ram";"ram_Usada";"GB";"2022-11-07 13:32:09";6.48
"Servidor-SPTECH";"ram";"ram_Usada";"GB";"2022-11-07 13:32:07";6.48
"Servidor-SPTECH";"ram";"ram_Usada";"GB";"2022-11-07 13:32:05";6.44
"Servidor-SPTECH";"ram";"ram_Usada";"GB";"2022-11-07 13:32:04";6.44
"Servidor-SPTECH";"ram";"ram_Usada";"GB";"2022-11-07 13:32:02";6.44
"Servidor-SPTECH";"ram";"ram_Usada";"GB";"2022-11-07 13:32:00";6.47
"Servidor-SPTECH";"ram";"ram_Usada";"GB";"2022-11-07 13:31:59";6.48
"Servidor-SPTECH";"ram";"ram_Usada";"GB";"2022-11-07 13:31:57";6.5
"Servidor-SPTECH";"ram";"ram_Usada";"GB";"2022-11-07 13:31:55";6.53
"Servidor-SPTECH";"ram";"ram_Usada";"GB";"2022-11-07 13:31:54";6.58
"Servidor-SPTECH";"ram";"ram_Usada";"GB";"2022-11-07 13:31:52";6.6
"Servidor-SPTECH";"ram";"ram_Usada";"GB";"2022-11-07 13:31:51";6.64
"Servidor-SPTECH";"ram";"ram_Usada";"GB";"2022-11-07 13:31:49";6.65
"Servidor-SPTECH";"ram";"ram_Usada";"GB";"2022-11-07 13:31:47";6.66
"Servidor-SPTECH";"ram";"ram_Usada";"GB";"2022-11-07 13:31:46";6.67
"Servidor-SPTECH";"ram";"ram_Usada";"GB";"2022-11-07 13:31:44";6.68
"Servidor-SPTECH";"ram";"ram_Usada";"GB";"2022-11-07 13:31:42";6.72
"Servidor-SPTECH";"ram";"ram_Usada";"GB";"2022-11-07 13:31:41";6.73
"Servidor-SPTECH";"ram";"ram_Usada";"GB";"2022-11-07 13:31:39";6.74
"Servidor-SPTECH";"ram";"ram_Usada";"GB";"2022-11-07 13:31:37";6.73
"Servidor-SPTECH";"ram";"ram_Usada";"GB";"2022-11-07 13:31:36";6.7
"Servidor-SPTECH";"ram";"ram_Usada";"GB";"2022-11-07 13:31:34";6.72
"Servidor-SPTECH";"ram";"ram_Usada";"GB";"2022-11-07 13:31:32";6.7
"Servidor-SPTECH";"ram";"ram_Usada";"GB";"2022-11-07 13:31:31";6.71
"Servidor-SPTECH";"ram";"ram_Usada";"GB";"2022-11-07 13:31:29";6.73
"Servidor-SPTECH";"ram";"ram_Usada";"GB";"2022-11-07 13:31:27";6.75
"Servidor-SPTECH";"ram";"ram_Usada";"GB";"2022-11-07 13:31:26";6.76
"Servidor-SPTECH";"ram";"ram_Usada";"GB";"2022-11-07 13:31:24";6.7
"Servidor-SPTECH";"ram";"ram_Usada";"GB";"2022-11-07 13:31:22";6.61
"Servidor-SPTECH";"ram";"ram_Usada";"GB";"2022-11-07 13:31:21";6.55
"Servidor-SPTECH";"ram";"ram_Usada";"GB";"2022-11-07 13:31:19";6.54
"Servidor-SPTECH";"ram";"ram_Usada";"GB";"2022-11-07 13:31:17";6.53
"Servidor-SPTECH";"ram";"ram_Usada";"GB";"2022-11-07 13:31:16";6.51
"Servidor-SPTECH";"ram";"ram_Usada";"GB";"2022-11-07 13:31:14";6.51
"Servidor-SPTECH";"ram";"ram_Usada";"GB";"2022-11-07 13:31:13";6.48
"Servidor-SPTECH";"ram";"ram_Usada";"GB";"2022-11-07 13:31:11";6.48
"Servidor-SPTECH";"ram";"ram_Usada";"GB";"2022-11-07 13:31:09";6.48
"Servidor-SPTECH";"ram";"ram_Usada";"GB";"2022-11-07 13:31:08";6.48
"Servidor-SPTECH";"ram";"ram_Usada";"GB";"2022-11-07 13:31:06";6.48
"Servidor-SPTECH";"ram";"ram_Usada";"GB";"2022-11-07 13:31:04";6.44
"Servidor-SPTECH";"ram";"ram_Usada";"GB";"2022-11-07 13:31:03";6.44
"Servidor-SPTECH";"ram";"ram_Usada";"GB";"2022-11-07 13:31:01";6.47
"Servidor-SPTECH";"ram";"ram_Usada";"GB";"2022-11-07 13:31:00";6.46
"Servidor-SPTECH";"ram";"ram_Usada";"GB";"2022-11-07 13:30:58";6.47
"Servidor-SPTECH";"ram";"ram_Usada";"GB";"2022-11-07 13:30:56";6.45
"Servidor-SPTECH";"ram";"ram_Usada";"GB";"2022-11-07 13:30:54";6.42
"Servidor-SPTECH";"ram";"ram_Usada";"GB";"2022-11-07 13:30:53";6.39
"Servidor-SPTECH";"ram";"ram_Usada";"GB";"2022-11-07 13:30:51";6.38
"Servidor-SPTECH";"ram";"ram_Usada";"GB";"2022-11-07 13:30:49";6.39
"Servidor-SPTECH";"ram";"ram_Usada";"GB";"2022-11-07 13:30:48";6.39
"Servidor-SPTECH";"ram";"ram_Usada";"GB";"2022-11-07 13:30:46";6.38
"Servidor-SPTECH";"ram";"ram_Usada";"GB";"2022-11-07 13:30:45";6.39
"Servidor-SPTECH";"ram";"ram_Usada";"GB";"2022-11-07 13:30:43";6.42
"Servidor-SPTECH";"ram";"ram_Usada";"GB";"2022-11-07 13:30:41";6.42
"Servidor-SPTECH";"ram";"ram_Usada";"GB";"2022-11-07 13:30:40";6.43
"Servidor-SPTECH";"ram";"ram_Usada";"GB";"2022-11-07 13:30:38";6.43
"Servidor-SPTECH";"ram";"ram_Usada";"GB";"2022-11-07 13:30:37";6.43
"Servidor-SPTECH";"ram";"ram_Usada";"GB";"2022-11-07 13:30:35";6.47
"Servidor-SPTECH";"ram";"ram_Usada";"GB";"2022-11-07 13:30:34";6.5
"Servidor-SPTECH";"ram";"ram_Usada";"GB";"2022-11-07 13:30:32";6.46
"Servidor-SPTECH";"ram";"ram_Usada";"GB";"2022-11-07 13:30:30";6.51
"Servidor-SPTECH";"ram";"ram_Usada";"GB";"2022-11-07 13:30:29";6.52
"Servidor-SPTECH";"ram";"ram_Usada";"GB";"2022-11-07 13:30:27";6.54
"Servidor-SPTECH";"ram";"ram_Usada";"GB";"2022-11-07 13:30:26";6.55
"Servidor-SPTECH";"ram";"ram_Usada";"GB";"2022-11-07 13:30:24";6.52
"Servidor-SPTECH";"ram";"ram_Usada";"GB";"2022-11-07 13:30:22";6.51
"Servidor-SPTECH";"ram";"ram_Usada";"GB";"2022-11-07 13:30:21";6.51
"Servidor-SPTECH";"ram";"ram_Usada";"GB";"2022-11-07 13:30:19";6.48
"Servidor-SPTECH";"ram";"ram_Usada";"GB";"2022-11-07 13:30:17";6.37
"Servidor-SPTECH";"ram";"ram_Usada";"GB";"2022-11-07 13:30:15";6.35
"Servidor-SPTECH";"ram";"ram_Usada";"GB";"2022-11-07 13:30:14";6.32
"Servidor-SPTECH";"ram";"ram_Usada";"GB";"2022-11-07 13:30:12";6.35
"Servidor-SPTECH";"ram";"ram_Usada";"GB";"2022-11-07 13:30:10";6.33
"Servidor-SPTECH";"ram";"ram_Usada";"GB";"2022-11-07 13:30:09";6.35
"Servidor-SPTECH";"ram";"ram_Usada";"GB";"2022-11-07 13:30:07";6.38
"Servidor-SPTECH";"ram";"ram_Usada";"GB";"2022-11-07 13:30:05";6.4
"Servidor-SPTECH";"ram";"ram_Usada";"GB";"2022-11-07 13:30:04";6.4
"Servidor-SPTECH";"ram";"ram_Usada";"GB";"2022-11-07 13:30:02";6.44
"Servidor-SPTECH";"ram";"ram_Usada";"GB";"2022-11-07 13:30:01";6.42
"Servidor-SPTECH";"ram";"ram_Usada";"GB";"2022-11-07 13:29:59";6.42
"Servidor-SPTECH";"ram";"ram_Usada";"GB";"2022-11-07 13:29:57";6.42
"Servidor-SPTECH";"ram";"ram_Usada";"GB";"2022-11-07 13:29:56";6.45
"Servidor-SPTECH";"ram";"ram_Usada";"GB";"2022-11-07 13:29:54";6.54
"Servidor-SPTECH";"ram";"ram_Usada";"GB";"2022-11-07 13:29:52";6.55
"Servidor-SPTECH";"ram";"ram_Usada";"GB";"2022-11-07 13:29:51";6.59
"Servidor-SPTECH";"ram";"ram_Usada";"GB";"2022-11-07 13:29:49";6.62
"Servidor-SPTECH";"ram";"ram_Usada";"GB";"2022-11-07 13:29:48";6.63
"Servidor-SPTECH";"ram";"ram_Usada";"GB";"2022-11-07 13:29:46";6.62
"Servidor-SPTECH";"ram";"ram_Usada";"GB";"2022-11-07 13:29:44";6.6
"Servidor-SPTECH";"ram";"ram_Usada";"GB";"2022-11-07 13:29:43";6.61
"Servidor-SPTECH";"ram";"ram_Usada";"GB";"2022-11-07 13:29:41";6.49
"Servidor-SPTECH";"ram";"ram_Usada";"GB";"2022-11-07 13:29:39";6.54
"Servidor-SPTECH";"ram";"ram_Usada";"GB";"2022-11-07 13:29:37";6.54
"Servidor-SPTECH";"ram";"ram_Usada";"GB";"2022-11-07 13:29:35";6.56
"Servidor-SPTECH";"ram";"ram_Usada";"GB";"2022-11-07 13:29:34";6.56
"Servidor-SPTECH";"ram";"ram_Usada";"GB";"2022-11-07 13:29:32";6.55
"Servidor-SPTECH";"ram";"ram_Usada";"GB";"2022-11-07 13:29:30";6.52
"Servidor-SPTECH";"ram";"ram_Usada";"GB";"2022-11-07 13:29:28";6.44
"Servidor-SPTECH";"ram";"ram_Usada";"GB";"2022-11-07 13:29:27";6.43
"Servidor-SPTECH";"ram";"ram_Usada";"GB";"2022-11-07 13:29:25";6.43
"Servidor-SPTECH";"ram";"ram_Usada";"GB";"2022-11-07 13:29:23";6.43
"Servidor-SPTECH";"ram";"ram_Usada";"GB";"2022-11-07 13:29:21";6.4
"Servidor-SPTECH";"ram";"ram_Usada";"GB";"2022-11-07 13:29:20";6.41
"Servidor-SPTECH";"ram";"ram_Usada";"GB";"2022-11-07 13:29:18";6.42
"Servidor-SPTECH";"ram";"ram_Usada";"GB";"2022-11-07 13:29:17";6.42
"Servidor-SPTECH";"ram";"ram_Usada";"GB";"2022-11-07 13:29:15";6.43
"Servidor-SPTECH";"ram";"ram_Usada";"GB";"2022-11-07 13:29:13";6.43
"Servidor-SPTECH";"ram";"ram_Usada";"GB";"2022-11-07 13:29:12";6.44
"Servidor-SPTECH";"ram";"ram_Usada";"GB";"2022-11-07 13:29:10";6.45
"Servidor-SPTECH";"ram";"ram_Usada";"GB";"2022-11-07 13:29:08";6.46
"Servidor-SPTECH";"ram";"ram_Usada";"GB";"2022-11-07 13:29:06";6.44
"Servidor-SPTECH";"ram";"ram_Usada";"GB";"2022-11-07 13:29:05";6.45
"Servidor-SPTECH";"ram";"ram_Usada";"GB";"2022-11-07 13:29:03";6.46
"Servidor-SPTECH";"ram";"ram_Usada";"GB";"2022-11-07 13:29:01";6.53
"Servidor-SPTECH";"ram";"ram_Usada";"GB";"2022-11-07 13:28:59";6.56
"Servidor-SPTECH";"ram";"ram_Usada";"GB";"2022-11-07 13:28:58";6.57
"Servidor-SPTECH";"ram";"ram_Usada";"GB";"2022-11-07 13:28:56";6.57
"Servidor-SPTECH";"ram";"ram_Usada";"GB";"2022-11-07 13:28:54";6.57
"Servidor-SPTECH";"ram";"ram_Usada";"GB";"2022-11-07 13:28:52";6.55
"Servidor-SPTECH";"ram";"ram_Usada";"GB";"2022-11-07 13:28:51";6.51
"Servidor-SPTECH";"ram";"ram_Usada";"GB";"2022-11-07 13:28:49";6.5
"Servidor-SPTECH";"ram";"ram_Usada";"GB";"2022-11-07 13:28:47";6.4
"Servidor-SPTECH";"ram";"ram_Usada";"GB";"2022-11-07 13:28:45";6.42
"Servidor-SPTECH";"ram";"ram_Usada";"GB";"2022-11-07 13:28:44";6.42
"Servidor-SPTECH";"ram";"ram_Usada";"GB";"2022-11-07 13:28:42";6.41
"Servidor-SPTECH";"ram";"ram_Usada";"GB";"2022-11-07 13:28:40";6.49
"Servidor-SPTECH";"ram";"ram_Usada";"GB";"2022-11-07 13:28:39";6.48
"Servidor-SPTECH";"ram";"ram_Usada";"GB";"2022-11-07 13:28:37";6.51
"Servidor-SPTECH";"ram";"ram_Usada";"GB";"2022-11-07 13:28:35";6.51
"Servidor-SPTECH";"ram";"ram_Usada";"GB";"2022-11-07 13:28:34";6.51
"Servidor-SPTECH";"ram";"ram_Usada";"GB";"2022-11-07 13:28:32";6.53
"Servidor-SPTECH";"ram";"ram_Usada";"GB";"2022-11-07 13:28:30";6.52
"Servidor-SPTECH";"ram";"ram_Usada";"GB";"2022-11-07 13:28:28";6.53
"Servidor-SPTECH";"ram";"ram_Usada";"GB";"2022-11-07 13:28:27";6.53
"Servidor-SPTECH";"ram";"ram_Usada";"GB";"2022-11-07 13:28:25";6.49
"Servidor-SPTECH";"ram";"ram_Usada";"GB";"2022-11-07 13:28:23";6.4
"Servidor-SPTECH";"ram";"ram_Usada";"GB";"2022-11-07 13:28:21";6.41
"Servidor-SPTECH";"ram";"ram_Usada";"GB";"2022-11-07 13:28:20";6.41
"Servidor-SPTECH";"ram";"ram_Usada";"GB";"2022-11-07 13:28:18";6.41
"Servidor-SPTECH";"ram";"ram_Usada";"GB";"2022-11-07 13:28:16";6.49
"Servidor-SPTECH";"ram";"ram_Usada";"GB";"2022-11-07 13:28:15";6.48
"Servidor-SPTECH";"ram";"ram_Usada";"GB";"2022-11-07 13:28:13";6.48
"Servidor-SPTECH";"ram";"ram_Usada";"GB";"2022-11-07 13:28:11";6.48
"Servidor-SPTECH";"ram";"ram_Usada";"GB";"2022-11-07 13:28:10";6.47
"Servidor-SPTECH";"ram";"ram_Usada";"GB";"2022-11-07 13:28:08";6.46
"Servidor-SPTECH";"ram";"ram_Usada";"GB";"2022-11-07 13:28:06";6.47
"Servidor-SPTECH";"ram";"ram_Usada";"GB";"2022-11-07 13:28:04";6.43
"Servidor-SPTECH";"ram";"ram_Usada";"GB";"2022-11-07 13:28:03";6.46
"Servidor-SPTECH";"ram";"ram_Usada";"GB";"2022-11-07 13:28:01";6.49
"Servidor-SPTECH";"ram";"ram_Usada";"GB";"2022-11-07 13:27:59";6.48
"Servidor-SPTECH";"ram";"ram_Usada";"GB";"2022-11-07 13:27:58";6.48
"Servidor-SPTECH";"ram";"ram_Usada";"GB";"2022-11-07 13:27:56";6.45
"Servidor-SPTECH";"ram";"ram_Usada";"GB";"2022-11-07 13:27:55";6.46
"Servidor-SPTECH";"ram";"ram_Usada";"GB";"2022-11-07 13:27:53";6.46
"Servidor-SPTECH";"ram";"ram_Usada";"GB";"2022-11-07 13:27:51";6.45
"Servidor-SPTECH";"ram";"ram_Usada";"GB";"2022-11-07 13:27:50";6.45
"Servidor-SPTECH";"ram";"ram_Usada";"GB";"2022-11-07 13:27:48";6.45
"Servidor-SPTECH";"ram";"ram_Usada";"GB";"2022-11-07 13:27:47";6.46
"Servidor-SPTECH";"ram";"ram_Usada";"GB";"2022-11-07 13:27:45";6.49
"Servidor-SPTECH";"ram";"ram_Usada";"GB";"2022-11-07 13:27:43";6.48
"Servidor-SPTECH";"ram";"ram_Usada";"GB";"2022-11-07 13:27:42";6.48
"Servidor-SPTECH";"ram";"ram_Usada";"GB";"2022-11-07 13:27:40";6.48
"Servidor-SPTECH";"ram";"ram_Usada";"GB";"2022-11-07 13:27:39";6.48
"Servidor-SPTECH";"ram";"ram_Usada";"GB";"2022-11-07 13:27:37";6.46
"Servidor-SPTECH";"ram";"ram_Usada";"GB";"2022-11-07 13:27:35";6.5
"Servidor-SPTECH";"ram";"ram_Usada";"GB";"2022-11-07 13:27:34";6.51
"Servidor-SPTECH";"ram";"ram_Usada";"GB";"2022-11-07 13:27:32";6.5
"Servidor-SPTECH";"ram";"ram_Usada";"GB";"2022-11-07 13:27:30";6.5
"Servidor-SPTECH";"ram";"ram_Usada";"GB";"2022-11-07 13:27:29";6.49
"Servidor-SPTECH";"ram";"ram_Usada";"GB";"2022-11-07 13:27:27";6.5
"Servidor-SPTECH";"ram";"ram_Usada";"GB";"2022-11-07 13:27:26";6.49
"Servidor-SPTECH";"ram";"ram_Usada";"GB";"2022-11-07 13:27:24";6.49
"Servidor-SPTECH";"ram";"ram_Usada";"GB";"2022-11-07 13:27:22";6.48
"Servidor-SPTECH";"ram";"ram_Usada";"GB";"2022-11-07 13:27:20";6.47
"Servidor-SPTECH";"ram";"ram_Usada";"GB";"2022-11-07 13:27:18";6.5
"Servidor-SPTECH";"ram";"ram_Usada";"GB";"2022-11-07 13:27:16";6.47
"Servidor-SPTECH";"ram";"ram_Usada";"GB";"2022-11-07 13:27:15";6.47
"Servidor-SPTECH";"ram";"ram_Usada";"GB";"2022-11-07 13:27:13";6.47
"Servidor-SPTECH";"ram";"ram_Usada";"GB";"2022-11-07 13:27:12";6.53
"Servidor-SPTECH";"ram";"ram_Usada";"GB";"2022-11-07 13:27:10";6.53
"Servidor-SPTECH";"ram";"ram_Usada";"GB";"2022-11-07 13:27:08";6.53
"Servidor-SPTECH";"ram";"ram_Usada";"GB";"2022-11-07 13:27:07";6.55
"Servidor-SPTECH";"ram";"ram_Usada";"GB";"2022-11-07 13:27:05";6.6
"Servidor-SPTECH";"ram";"ram_Usada";"GB";"2022-11-07 13:27:04";6.6
"Servidor-SPTECH";"ram";"ram_Usada";"GB";"2022-11-07 13:27:02";6.64
"Servidor-SPTECH";"ram";"ram_Usada";"GB";"2022-11-07 13:27:01";6.65
"Servidor-SPTECH";"ram";"ram_Usada";"GB";"2022-11-07 13:26:59";6.64
"Servidor-SPTECH";"ram";"ram_Usada";"GB";"2022-11-07 13:26:57";6.64
"Servidor-SPTECH";"ram";"ram_Usada";"GB";"2022-11-07 13:26:55";6.59
"Servidor-SPTECH";"ram";"ram_Usada";"GB";"2022-11-07 13:26:54";6.54
"Servidor-SPTECH";"ram";"ram_Usada";"GB";"2022-11-07 13:26:52";6.58
"Servidor-SPTECH";"ram";"ram_Usada";"GB";"2022-11-07 13:26:50";6.61
"Servidor-SPTECH";"ram";"ram_Usada";"GB";"2022-11-07 13:26:48";6.61
"Servidor-SPTECH";"ram";"ram_Usada";"GB";"2022-11-07 13:26:47";6.62
"Servidor-SPTECH";"ram";"ram_Usada";"GB";"2022-11-07 13:26:45";6.61
"Servidor-SPTECH";"ram";"ram_Usada";"GB";"2022-11-07 13:26:43";6.57
"Servidor-SPTECH";"ram";"ram_Usada";"GB";"2022-11-07 13:26:41";6.6
"Servidor-SPTECH";"ram";"ram_Usada";"GB";"2022-11-07 13:26:40";6.6
"Servidor-SPTECH";"ram";"ram_Usada";"GB";"2022-11-07 13:26:38";6.59
"Servidor-SPTECH";"ram";"ram_Usada";"GB";"2022-11-07 13:26:36";6.49
"Servidor-SPTECH";"ram";"ram_Usada";"GB";"2022-11-07 13:26:35";6.47
"Servidor-SPTECH";"ram";"ram_Usada";"GB";"2022-11-07 13:26:33";6.49
"Servidor-SPTECH";"ram";"ram_Usada";"GB";"2022-11-07 13:26:31";6.5
"Servidor-SPTECH";"ram";"ram_Usada";"GB";"2022-11-07 13:26:30";6.5
"Servidor-SPTECH";"ram";"ram_Usada";"GB";"2022-11-07 13:26:28";6.52
"Servidor-SPTECH";"ram";"ram_Usada";"GB";"2022-11-07 13:26:26";6.52
"Servidor-SPTECH";"ram";"ram_Usada";"GB";"2022-11-07 13:26:25";6.46
"Servidor-SPTECH";"ram";"ram_Usada";"GB";"2022-11-07 13:26:23";6.59
"Servidor-SPTECH";"ram";"ram_Usada";"GB";"2022-11-07 13:26:21";6.58
"Servidor-SPTECH";"ram";"ram_Usada";"GB";"2022-11-07 13:26:19";6.57
"Servidor-SPTECH";"ram";"ram_Usada";"GB";"2022-11-07 13:26:17";6.57
"Servidor-SPTECH";"ram";"ram_Usada";"GB";"2022-11-07 13:26:15";6.54
"Servidor-SPTECH";"ram";"ram_Usada";"GB";"2022-11-07 13:26:13";6.45
"Servidor-SPTECH";"ram";"ram_Usada";"GB";"2022-11-07 13:26:11";6.48
"Servidor-SPTECH";"ram";"ram_Usada";"GB";"2022-11-07 13:26:10";6.48
"Servidor-SPTECH";"ram";"ram_Usada";"GB";"2022-11-07 13:26:08";6.48
"Servidor-SPTECH";"ram";"ram_Usada";"GB";"2022-11-07 13:26:07";6.48
"Servidor-SPTECH";"ram";"ram_Usada";"GB";"2022-11-07 13:26:05";6.52
"Servidor-SPTECH";"ram";"ram_Usada";"GB";"2022-11-07 13:26:04";6.53
"Servidor-SPTECH";"ram";"ram_Usada";"GB";"2022-11-07 13:26:02";6.58
"Servidor-SPTECH";"ram";"ram_Usada";"GB";"2022-11-07 13:26:00";6.57
"Servidor-SPTECH";"ram";"ram_Usada";"GB";"2022-11-07 13:25:59";6.6
"Servidor-SPTECH";"ram";"ram_Usada";"GB";"2022-11-07 13:25:57";6.68
"Servidor-SPTECH";"ram";"ram_Usada";"GB";"2022-11-07 13:25:55";6.62
"Servidor-SPTECH";"ram";"ram_Usada";"GB";"2022-11-07 13:25:53";6.62
"Servidor-SPTECH";"ram";"ram_Usada";"GB";"2022-11-07 13:25:51";6.6
"Servidor-SPTECH";"ram";"ram_Usada";"GB";"2022-11-07 13:25:49";6.51
"Servidor-SPTECH";"ram";"ram_Usada";"GB";"2022-11-07 13:25:48";6.5
"Servidor-SPTECH";"ram";"ram_Usada";"GB";"2022-11-07 13:25:46";6.46
"Servidor-SPTECH";"ram";"ram_Usada";"GB";"2022-11-07 13:25:44";6.47
"Servidor-SPTECH";"ram";"ram_Usada";"GB";"2022-11-07 13:25:43";6.42
"Servidor-SPTECH";"ram";"ram_Usada";"GB";"2022-11-07 13:25:41";6.44
"Servidor-SPTECH";"ram";"ram_Usada";"GB";"2022-11-07 13:25:39";6.45
"Servidor-SPTECH";"ram";"ram_Usada";"GB";"2022-11-07 13:25:38";6.44
"Servidor-SPTECH";"ram";"ram_Usada";"GB";"2022-11-07 13:25:36";6.44
"Servidor-SPTECH";"ram";"ram_Usada";"GB";"2022-11-07 13:25:35";6.44
"Servidor-SPTECH";"ram";"ram_Usada";"GB";"2022-11-07 13:25:33";6.44
"Servidor-SPTECH";"ram";"ram_Usada";"GB";"2022-11-07 13:25:31";6.43
"Servidor-SPTECH";"ram";"ram_Usada";"GB";"2022-11-07 13:25:29";6.45
"Servidor-SPTECH";"ram";"ram_Usada";"GB";"2022-11-07 13:25:27";6.41
"Servidor-SPTECH";"ram";"ram_Usada";"GB";"2022-11-07 13:25:26";6.38
"Servidor-SPTECH";"ram";"ram_Usada";"GB";"2022-11-07 13:25:24";6.42
"Servidor-SPTECH";"ram";"ram_Usada";"GB";"2022-11-07 13:25:23";6.42
"Servidor-SPTECH";"ram";"ram_Usada";"GB";"2022-11-07 13:25:21";6.43
"Servidor-SPTECH";"ram";"ram_Usada";"GB";"2022-11-07 13:25:19";6.42
"Servidor-SPTECH";"ram";"ram_Usada";"GB";"2022-11-07 13:25:18";6.43
"Servidor-SPTECH";"ram";"ram_Usada";"GB";"2022-11-07 13:25:16";6.43
"Servidor-SPTECH";"ram";"ram_Usada";"GB";"2022-11-07 13:25:15";6.44
"Servidor-SPTECH";"ram";"ram_Usada";"GB";"2022-11-07 13:25:13";6.45
"Servidor-SPTECH";"ram";"ram_Usada";"GB";"2022-11-07 13:25:12";6.45
"Servidor-SPTECH";"ram";"ram_Usada";"GB";"2022-11-07 13:25:10";6.44
"Servidor-SPTECH";"ram";"ram_Usada";"GB";"2022-11-07 13:25:09";6.41
"Servidor-SPTECH";"ram";"ram_Usada";"GB";"2022-11-07 13:25:07";6.41
"Servidor-SPTECH";"ram";"ram_Usada";"GB";"2022-11-07 13:25:05";6.4
"Servidor-SPTECH";"ram";"ram_Usada";"GB";"2022-11-07 13:25:04";6.37
"Servidor-SPTECH";"ram";"ram_Usada";"GB";"2022-11-07 13:25:02";6.39
"Servidor-SPTECH";"ram";"ram_Usada";"GB";"2022-11-07 13:25:00";6.36
"Servidor-SPTECH";"ram";"ram_Usada";"GB";"2022-11-07 13:24:59";6.39
"Servidor-SPTECH";"ram";"ram_Usada";"GB";"2022-11-07 13:24:57";6.39
"Servidor-SPTECH";"ram";"ram_Usada";"GB";"2022-11-07 13:24:56";6.39
"Servidor-SPTECH";"ram";"ram_Usada";"GB";"2022-11-07 13:24:54";6.39
"Servidor-SPTECH";"ram";"ram_Usada";"GB";"2022-11-07 13:24:53";6.39
"Servidor-SPTECH";"ram";"ram_Usada";"GB";"2022-11-07 13:24:51";6.4
"Servidor-SPTECH";"ram";"ram_Usada";"GB";"2022-11-07 13:24:50";6.41
"Servidor-SPTECH";"ram";"ram_Usada";"GB";"2022-11-07 13:24:48";6.41
"Servidor-SPTECH";"ram";"ram_Usada";"GB";"2022-11-07 13:24:46";6.41
"Servidor-SPTECH";"ram";"ram_Usada";"GB";"2022-11-07 13:24:45";6.41
"Servidor-SPTECH";"ram";"ram_Usada";"GB";"2022-11-07 13:24:43";6.4
"Servidor-SPTECH";"ram";"ram_Usada";"GB";"2022-11-07 13:24:42";6.38
"Servidor-SPTECH";"ram";"ram_Usada";"GB";"2022-11-07 13:24:40";6.38
"Servidor-SPTECH";"ram";"ram_Usada";"GB";"2022-11-07 13:24:38";6.38
"Servidor-SPTECH";"ram";"ram_Usada";"GB";"2022-11-07 13:24:37";6.35
"Servidor-SPTECH";"ram";"ram_Usada";"GB";"2022-11-07 13:24:35";6.38
"Servidor-SPTECH";"ram";"ram_Usada";"GB";"2022-11-07 13:24:33";6.38
"Servidor-SPTECH";"ram";"ram_Usada";"GB";"2022-11-07 13:24:32";6.38
"Servidor-SPTECH";"ram";"ram_Usada";"GB";"2022-11-07 13:24:30";6.39
"Servidor-SPTECH";"ram";"ram_Usada";"GB";"2022-11-07 13:24:28";6.41
"Servidor-SPTECH";"ram";"ram_Usada";"GB";"2022-11-07 13:24:27";6.41
"Servidor-SPTECH";"ram";"ram_Usada";"GB";"2022-11-07 13:24:25";6.42
"Servidor-SPTECH";"ram";"ram_Usada";"GB";"2022-11-07 13:24:24";6.41
"Servidor-SPTECH";"ram";"ram_Usada";"GB";"2022-11-07 13:24:22";6.41
"Servidor-SPTECH";"ram";"ram_Usada";"GB";"2022-11-07 13:24:20";6.42
"Servidor-SPTECH";"ram";"ram_Usada";"GB";"2022-11-07 13:24:19";6.4
"Servidor-SPTECH";"ram";"ram_Usada";"GB";"2022-11-07 13:24:17";6.42
"Servidor-SPTECH";"ram";"ram_Usada";"GB";"2022-11-07 13:24:16";6.42
"Servidor-SPTECH";"ram";"ram_Usada";"GB";"2022-11-07 13:24:14";6.46
"Servidor-SPTECH";"ram";"ram_Usada";"GB";"2022-11-07 13:24:12";6.45
"Servidor-SPTECH";"ram";"ram_Usada";"GB";"2022-11-07 13:24:11";6.46
"Servidor-SPTECH";"ram";"ram_Usada";"GB";"2022-11-07 13:24:09";6.51
"Servidor-SPTECH";"ram";"ram_Usada";"GB";"2022-11-07 13:24:08";6.49
"Servidor-SPTECH";"ram";"ram_Usada";"GB";"2022-11-07 13:24:06";6.46
"Servidor-SPTECH";"ram";"ram_Usada";"GB";"2022-11-07 13:24:04";6.48
"Servidor-SPTECH";"ram";"ram_Usada";"GB";"2022-11-07 13:24:02";6.49
"Servidor-SPTECH";"ram";"ram_Usada";"GB";"2022-11-07 13:24:01";6.42
"Servidor-SPTECH";"ram";"ram_Usada";"GB";"2022-11-07 13:23:59";6.39
"Servidor-SPTECH";"ram";"ram_Usada";"GB";"2022-11-07 13:23:58";6.39
"Servidor-SPTECH";"ram";"ram_Usada";"GB";"2022-11-07 13:23:56";6.43
"Servidor-SPTECH";"ram";"ram_Usada";"GB";"2022-11-07 13:23:54";6.39
"Servidor-SPTECH";"ram";"ram_Usada";"GB";"2022-11-07 13:23:53";6.43
"Servidor-SPTECH";"ram";"ram_Usada";"GB";"2022-11-07 13:23:51";6.43
"Servidor-SPTECH";"ram";"ram_Usada";"GB";"2022-11-07 13:23:50";6.43
"Servidor-SPTECH";"ram";"ram_Usada";"GB";"2022-11-07 13:23:48";6.4
"Servidor-SPTECH";"ram";"ram_Usada";"GB";"2022-11-07 13:23:46";6.44
"Servidor-SPTECH";"ram";"ram_Usada";"GB";"2022-11-07 13:23:45";6.47
"Servidor-SPTECH";"ram";"ram_Usada";"GB";"2022-11-07 13:23:43";6.47
"Servidor-SPTECH";"ram";"ram_Usada";"GB";"2022-11-07 13:23:42";6.47
"Servidor-SPTECH";"ram";"ram_Usada";"GB";"2022-11-07 13:23:40";6.5
"Servidor-SPTECH";"ram";"ram_Usada";"GB";"2022-11-07 13:23:38";6.51
"Servidor-SPTECH";"ram";"ram_Usada";"GB";"2022-11-07 13:23:37";6.54
"Servidor-SPTECH";"ram";"ram_Usada";"GB";"2022-11-07 13:23:35";6.6
"Servidor-SPTECH";"ram";"ram_Usada";"GB";"2022-11-07 13:23:33";6.59
"Servidor-SPTECH";"ram";"ram_Usada";"GB";"2022-11-07 13:23:31";6.61
"Servidor-SPTECH";"ram";"ram_Usada";"GB";"2022-11-07 13:23:29";6.6
"Servidor-SPTECH";"ram";"ram_Usada";"GB";"2022-11-07 13:23:27";6.58
"Servidor-SPTECH";"ram";"ram_Usada";"GB";"2022-11-07 13:23:25";6.54
"Servidor-SPTECH";"ram";"ram_Usada";"GB";"2022-11-07 13:23:23";6.46
"Servidor-SPTECH";"ram";"ram_Usada";"GB";"2022-11-07 13:23:22";6.45
"Servidor-SPTECH";"ram";"ram_Usada";"GB";"2022-11-07 13:23:20";6.46
"Servidor-SPTECH";"ram";"ram_Usada";"GB";"2022-11-07 13:23:18";6.4
"Servidor-SPTECH";"ram";"ram_Usada";"GB";"2022-11-07 13:23:17";6.44
"Servidor-SPTECH";"ram";"ram_Usada";"GB";"2022-11-07 13:23:15";6.44
"Servidor-SPTECH";"ram";"ram_Usada";"GB";"2022-11-07 13:23:13";6.44
"Servidor-SPTECH";"ram";"ram_Usada";"GB";"2022-11-07 13:23:12";6.45
"Servidor-SPTECH";"ram";"ram_Usada";"GB";"2022-11-07 13:23:10";6.43
"Servidor-SPTECH";"ram";"ram_Usada";"GB";"2022-11-07 13:23:08";6.45
"Servidor-SPTECH";"ram";"ram_Usada";"GB";"2022-11-07 13:23:06";6.43
"Servidor-SPTECH";"ram";"ram_Usada";"GB";"2022-11-07 13:23:05";6.48
"Servidor-SPTECH";"ram";"ram_Usada";"GB";"2022-11-07 13:23:03";6.46
"Servidor-SPTECH";"ram";"ram_Usada";"GB";"2022-11-07 13:23:01";6.49
"Servidor-SPTECH";"ram";"ram_Usada";"GB";"2022-11-07 13:23:00";6.52
"Servidor-SPTECH";"ram";"ram_Usada";"GB";"2022-11-07 13:22:58";6.5
"Servidor-SPTECH";"ram";"ram_Usada";"GB";"2022-11-07 13:22:56";6.48
"Servidor-SPTECH";"ram";"ram_Usada";"GB";"2022-11-07 13:22:55";6.5
"Servidor-SPTECH";"ram";"ram_Usada";"GB";"2022-11-07 13:22:53";6.5
"Servidor-SPTECH";"ram";"ram_Usada";"GB";"2022-11-07 13:22:52";6.5
"Servidor-SPTECH";"ram";"ram_Usada";"GB";"2022-11-07 13:22:50";6.5
"Servidor-SPTECH";"ram";"ram_Usada";"GB";"2022-11-07 13:22:48";6.51
"Servidor-SPTECH";"ram";"ram_Usada";"GB";"2022-11-07 13:22:47";6.55
"Servidor-SPTECH";"ram";"ram_Usada";"GB";"2022-11-07 13:22:45";6.55
"Servidor-SPTECH";"ram";"ram_Usada";"GB";"2022-11-07 13:22:43";6.54
"Servidor-SPTECH";"ram";"ram_Usada";"GB";"2022-11-07 13:22:42";6.46
"Servidor-SPTECH";"ram";"ram_Usada";"GB";"2022-11-07 13:22:40";6.53
"Servidor-SPTECH";"ram";"ram_Usada";"GB";"2022-11-07 13:22:38";6.54
"Servidor-SPTECH";"ram";"ram_Usada";"GB";"2022-11-07 13:22:37";6.6
"Servidor-SPTECH";"ram";"ram_Usada";"GB";"2022-11-07 13:22:35";6.63
"Servidor-SPTECH";"ram";"ram_Usada";"GB";"2022-11-07 13:22:33";6.59
"Servidor-SPTECH";"ram";"ram_Usada";"GB";"2022-11-07 13:22:32";6.56
"Servidor-SPTECH";"ram";"ram_Usada";"GB";"2022-11-07 13:22:30";6.42
"Servidor-SPTECH";"ram";"ram_Usada";"GB";"2022-11-07 13:22:28";6.53
"Servidor-SPTECH";"ram";"ram_Usada";"GB";"2022-11-07 13:22:26";6.54
"Servidor-SPTECH";"ram";"ram_Usada";"GB";"2022-11-07 13:22:23";6.53
"Servidor-SPTECH";"ram";"ram_Usada";"GB";"2022-11-07 13:22:21";6.53
"Servidor-SPTECH";"ram";"ram_Usada";"GB";"2022-11-07 13:22:19";6.52
"Servidor-SPTECH";"ram";"ram_Usada";"GB";"2022-11-07 13:22:17";6.48
"Servidor-SPTECH";"ram";"ram_Usada";"GB";"2022-11-07 13:22:14";6.5
"Servidor-SPTECH";"ram";"ram_Usada";"GB";"2022-11-07 13:22:12";6.46
"Servidor-SPTECH";"ram";"ram_Usada";"GB";"2022-11-07 13:22:11";6.5
"Servidor-SPTECH";"ram";"ram_Usada";"GB";"2022-11-07 13:22:09";6.52
"Servidor-SPTECH";"ram";"ram_Usada";"GB";"2022-11-07 13:22:07";6.55
"Servidor-SPTECH";"ram";"ram_Usada";"GB";"2022-11-07 13:22:05";6.57
"Servidor-SPTECH";"ram";"ram_Usada";"GB";"2022-11-07 13:22:02";6.57
"Servidor-SPTECH";"ram";"ram_Usada";"GB";"2022-11-07 13:22:01";6.59
"Servidor-SPTECH";"ram";"ram_Usada";"GB";"2022-11-07 13:21:59";6.61
"Servidor-SPTECH";"ram";"ram_Usada";"GB";"2022-11-07 13:21:57";6.65
"Servidor-SPTECH";"ram";"ram_Usada";"GB";"2022-11-07 13:21:55";6.66
"Servidor-SPTECH";"ram";"ram_Usada";"GB";"2022-11-07 13:21:52";6.64
"Servidor-SPTECH";"ram";"ram_Usada";"GB";"2022-11-07 13:21:50";6.61
"Servidor-SPTECH";"ram";"ram_Usada";"GB";"2022-11-07 13:21:49";6.56
"Servidor-SPTECH";"ram";"ram_Usada";"GB";"2022-11-07 13:21:47";6.54
"Servidor-SPTECH";"ram";"ram_Usada";"GB";"2022-11-07 13:21:45";6.57
"Servidor-SPTECH";"ram";"ram_Usada";"GB";"2022-11-07 13:21:43";6.57
"Servidor-SPTECH";"ram";"ram_Usada";"GB";"2022-11-07 13:21:42";6.56
"Servidor-SPTECH";"ram";"ram_Usada";"GB";"2022-11-07 13:21:39";6.57
"Servidor-SPTECH";"ram";"ram_Usada";"GB";"2022-11-07 13:21:37";6.56
"Servidor-SPTECH";"ram";"ram_Usada";"GB";"2022-11-07 13:21:36";6.5
"Servidor-SPTECH";"ram";"ram_Usada";"GB";"2022-11-07 13:21:34";6.43
"Servidor-SPTECH";"ram";"ram_Usada";"GB";"2022-11-07 13:21:32";6.42
"Servidor-SPTECH";"ram";"ram_Usada";"GB";"2022-11-07 13:21:31";6.46
"Servidor-SPTECH";"ram";"ram_Usada";"GB";"2022-11-07 13:21:29";6.46
"Servidor-SPTECH";"ram";"ram_Usada";"GB";"2022-11-07 13:21:27";6.44
"Servidor-SPTECH";"ram";"ram_Usada";"GB";"2022-11-07 13:21:26";6.45
"Servidor-SPTECH";"ram";"ram_Usada";"GB";"2022-11-07 13:21:24";6.42
"Servidor-SPTECH";"ram";"ram_Usada";"GB";"2022-11-07 13:21:22";6.45
"Servidor-SPTECH";"ram";"ram_Usada";"GB";"2022-11-07 13:21:21";6.46
"Servidor-SPTECH";"ram";"ram_Usada";"GB";"2022-11-07 13:21:19";6.47
"Servidor-SPTECH";"ram";"ram_Usada";"GB";"2022-11-07 13:21:18";6.44
"Servidor-SPTECH";"ram";"ram_Usada";"GB";"2022-11-07 13:21:16";6.47
"Servidor-SPTECH";"ram";"ram_Usada";"GB";"2022-11-07 13:21:14";6.47
"Servidor-SPTECH";"ram";"ram_Usada";"GB";"2022-11-07 13:21:13";6.43
"Servidor-SPTECH";"ram";"ram_Usada";"GB";"2022-11-07 13:21:11";6.45
"Servidor-SPTECH";"ram";"ram_Usada";"GB";"2022-11-07 13:21:10";6.49
"Servidor-SPTECH";"ram";"ram_Usada";"GB";"2022-11-07 13:21:08";6.48
"Servidor-SPTECH";"ram";"ram_Usada";"GB";"2022-11-07 13:21:06";6.5
"Servidor-SPTECH";"ram";"ram_Usada";"GB";"2022-11-07 13:21:05";6.5
"Servidor-SPTECH";"ram";"ram_Usada";"GB";"2022-11-07 13:21:03";6.5
"Servidor-SPTECH";"ram";"ram_Usada";"GB";"2022-11-07 13:21:02";6.52
"Servidor-SPTECH";"ram";"ram_Usada";"GB";"2022-11-07 13:21:00";6.5
"Servidor-SPTECH";"ram";"ram_Usada";"GB";"2022-11-07 13:20:58";6.52
"Servidor-SPTECH";"ram";"ram_Usada";"GB";"2022-11-07 13:20:57";6.53
"Servidor-SPTECH";"ram";"ram_Usada";"GB";"2022-11-07 13:20:55";6.55
"Servidor-SPTECH";"ram";"ram_Usada";"GB";"2022-11-07 13:20:54";6.45
"Servidor-SPTECH";"ram";"ram_Usada";"GB";"2022-11-07 13:20:52";6.46
"Servidor-SPTECH";"ram";"ram_Usada";"GB";"2022-11-07 13:20:50";6.45
"Servidor-SPTECH";"ram";"ram_Usada";"GB";"2022-11-07 13:20:49";6.45
"Servidor-SPTECH";"ram";"ram_Usada";"GB";"2022-11-07 13:20:47";6.45
"Servidor-SPTECH";"ram";"ram_Usada";"GB";"2022-11-07 13:20:45";6.52
"Servidor-SPTECH";"ram";"ram_Usada";"GB";"2022-11-07 13:20:43";6.54
"Servidor-SPTECH";"ram";"ram_Usada";"GB";"2022-11-07 13:20:42";6.53
"Servidor-SPTECH";"ram";"ram_Usada";"GB";"2022-11-07 13:20:40";6.55
"Servidor-SPTECH";"ram";"ram_Usada";"GB";"2022-11-07 13:20:38";6.56
"Servidor-SPTECH";"ram";"ram_Usada";"GB";"2022-11-07 13:20:37";6.54
"Servidor-SPTECH";"ram";"ram_Usada";"GB";"2022-11-07 13:20:35";6.55
"Servidor-SPTECH";"ram";"ram_Usada";"GB";"2022-11-07 13:20:34";6.57
"Servidor-SPTECH";"ram";"ram_Usada";"GB";"2022-11-07 13:20:32";6.57
"Servidor-SPTECH";"ram";"ram_Usada";"GB";"2022-11-07 13:20:31";6.54
"Servidor-SPTECH";"ram";"ram_Usada";"GB";"2022-11-07 13:20:29";6.5
"Servidor-SPTECH";"ram";"ram_Usada";"GB";"2022-11-07 13:20:27";6.51
"Servidor-SPTECH";"ram";"ram_Usada";"GB";"2022-11-07 13:20:26";6.51
"Servidor-SPTECH";"ram";"ram_Usada";"GB";"2022-11-07 13:20:24";6.53
"Servidor-SPTECH";"ram";"ram_Usada";"GB";"2022-11-07 13:20:22";6.46
"Servidor-SPTECH";"ram";"ram_Usada";"GB";"2022-11-07 13:20:20";6.42
"Servidor-SPTECH";"ram";"ram_Usada";"GB";"2022-11-07 13:20:18";6.4
"Servidor-SPTECH";"ram";"ram_Usada";"GB";"2022-11-07 13:20:16";6.42
"Servidor-SPTECH";"ram";"ram_Usada";"GB";"2022-11-07 13:20:13";6.41
"Servidor-SPTECH";"ram";"ram_Usada";"GB";"2022-11-07 13:20:12";6.36
"Servidor-SPTECH";"ram";"ram_Usada";"GB";"2022-11-07 13:20:09";6.4
"Servidor-SPTECH";"ram";"ram_Usada";"GB";"2022-11-07 13:20:07";6.38
"Servidor-SPTECH";"ram";"ram_Usada";"GB";"2022-11-07 13:20:05";6.38
"Servidor-SPTECH";"ram";"ram_Usada";"GB";"2022-11-07 13:20:03";6.4
"Servidor-SPTECH";"ram";"ram_Usada";"GB";"2022-11-07 13:20:01";6.4
"Servidor-SPTECH";"ram";"ram_Usada";"GB";"2022-11-07 13:19:59";6.41
"Servidor-SPTECH";"ram";"ram_Usada";"GB";"2022-11-07 13:19:56";6.42
"Servidor-SPTECH";"ram";"ram_Usada";"GB";"2022-11-07 13:19:54";6.42
"Servidor-SPTECH";"ram";"ram_Usada";"GB";"2022-11-07 13:19:52";6.44
"Servidor-SPTECH";"ram";"ram_Usada";"GB";"2022-11-07 13:19:50";6.45
"Servidor-SPTECH";"ram";"ram_Usada";"GB";"2022-11-07 13:19:48";6.43
"Servidor-SPTECH";"ram";"ram_Usada";"GB";"2022-11-07 13:19:46";6.49
"Servidor-SPTECH";"ram";"ram_Usada";"GB";"2022-11-07 13:19:44";6.48
"Servidor-SPTECH";"ram";"ram_Usada";"GB";"2022-11-07 13:19:41";6.48
"Servidor-SPTECH";"ram";"ram_Usada";"GB";"2022-11-07 13:19:39";6.48
"Servidor-SPTECH";"ram";"ram_Usada";"GB";"2022-11-07 13:19:37";6.47
"Servidor-SPTECH";"ram";"ram_Usada";"GB";"2022-11-07 13:19:34";6.48
"Servidor-SPTECH";"ram";"ram_Usada";"GB";"2022-11-07 13:19:32";6.43
"Servidor-SPTECH";"ram";"ram_Usada";"GB";"2022-11-07 13:19:30";6.46
"Servidor-SPTECH";"ram";"ram_Usada";"GB";"2022-11-07 13:19:28";6.44
"Servidor-SPTECH";"ram";"ram_Usada";"GB";"2022-11-07 13:19:26";6.44
"Servidor-SPTECH";"ram";"ram_Usada";"GB";"2022-11-07 13:19:23";6.45
"Servidor-SPTECH";"ram";"ram_Usada";"GB";"2022-11-07 13:19:21";6.45
"Servidor-SPTECH";"ram";"ram_Usada";"GB";"2022-11-07 13:19:19";6.47
"Servidor-SPTECH";"ram";"ram_Usada";"GB";"2022-11-07 13:19:17";6.56
"Servidor-SPTECH";"ram";"ram_Usada";"GB";"2022-11-07 13:19:15";6.57
"Servidor-SPTECH";"ram";"ram_Usada";"GB";"2022-11-07 13:19:13";6.59
"Servidor-SPTECH";"ram";"ram_Usada";"GB";"2022-11-07 13:19:11";6.56
"Servidor-SPTECH";"ram";"ram_Usada";"GB";"2022-11-07 13:19:09";6.59
"Servidor-SPTECH";"ram";"ram_Usada";"GB";"2022-11-07 13:19:07";6.56
"Servidor-SPTECH";"ram";"ram_Usada";"GB";"2022-11-07 13:19:05";6.52
"Servidor-SPTECH";"ram";"ram_Usada";"GB";"2022-11-07 13:19:04";6.53
"Servidor-SPTECH";"ram";"ram_Usada";"GB";"2022-11-07 13:19:02";6.55
"Servidor-SPTECH";"ram";"ram_Usada";"GB";"2022-11-07 13:19:00";6.61
"Servidor-SPTECH";"ram";"ram_Usada";"GB";"2022-11-07 13:18:59";6.48
"Servidor-SPTECH";"ram";"ram_Usada";"GB";"2022-11-07 13:18:57";6.5
"Servidor-SPTECH";"ram";"ram_Usada";"GB";"2022-11-07 13:18:55";6.52
"Servidor-SPTECH";"ram";"ram_Usada";"GB";"2022-11-07 13:18:53";6.54
"Servidor-SPTECH";"ram";"ram_Usada";"GB";"2022-11-07 13:18:52";6.62
"Servidor-SPTECH";"ram";"ram_Usada";"GB";"2022-11-07 13:18:50";6.61
"Servidor-SPTECH";"ram";"ram_Usada";"GB";"2022-11-07 13:18:48";6.56
"Servidor-SPTECH";"ram";"ram_Usada";"GB";"2022-11-07 13:18:47";6.5
"Servidor-SPTECH";"ram";"ram_Usada";"GB";"2022-11-07 13:18:44";6.49
"Servidor-SPTECH";"ram";"ram_Usada";"GB";"2022-11-07 13:18:42";6.48
"Servidor-SPTECH";"ram";"ram_Usada";"GB";"2022-11-07 13:18:40";6.45
"Servidor-SPTECH";"ram";"ram_Usada";"GB";"2022-11-07 13:18:38";6.47
"Servidor-SPTECH";"ram";"ram_Usada";"GB";"2022-11-07 13:18:36";6.44
"Servidor-SPTECH";"ram";"ram_Usada";"GB";"2022-11-07 13:18:33";6.45
"Servidor-SPTECH";"ram";"ram_Usada";"GB";"2022-11-07 13:18:31";6.41
"Servidor-SPTECH";"ram";"ram_Usada";"GB";"2022-11-07 13:18:29";6.4
"Servidor-SPTECH";"ram";"ram_Usada";"GB";"2022-11-07 13:18:27";6.39
"Servidor-SPTECH";"ram";"ram_Usada";"GB";"2022-11-07 13:18:24";6.4
"Servidor-SPTECH";"ram";"ram_Usada";"GB";"2022-11-07 13:18:22";6.43
"Servidor-SPTECH";"ram";"ram_Usada";"GB";"2022-11-07 13:18:19";6.35
"Servidor-SPTECH";"ram";"ram_Usada";"GB";"2022-11-07 13:18:17";6.33
"Servidor-SPTECH";"ram";"ram_Usada";"GB";"2022-11-07 13:18:15";6.38
"Servidor-SPTECH";"ram";"ram_Usada";"GB";"2022-11-07 13:18:13";6.37
"Servidor-SPTECH";"ram";"ram_Usada";"GB";"2022-11-07 13:18:11";6.35
"Servidor-SPTECH";"ram";"ram_Usada";"GB";"2022-11-07 13:18:08";6.33
"Servidor-SPTECH";"ram";"ram_Usada";"GB";"2022-11-07 13:18:06";6.36
"Servidor-SPTECH";"ram";"ram_Usada";"GB";"2022-11-07 13:18:04";6.39
"Servidor-SPTECH";"ram";"ram_Usada";"GB";"2022-11-07 13:18:02";6.64
"Servidor-SPTECH";"ram";"ram_Usada";"GB";"2022-11-07 13:18:00";6.69
"Servidor-SPTECH";"ram";"ram_Usada";"GB";"2022-11-07 13:17:58";6.66
"Servidor-SPTECH";"ram";"ram_Usada";"GB";"2022-11-07 13:17:56";6.65
"Servidor-SPTECH";"ram";"ram_Usada";"GB";"2022-11-07 13:17:54";6.63
"Servidor-SPTECH";"ram";"ram_Usada";"GB";"2022-11-07 13:17:52";6.65
"Servidor-SPTECH";"ram";"ram_Usada";"GB";"2022-11-07 13:17:50";6.65
"Servidor-SPTECH";"ram";"ram_Usada";"GB";"2022-11-07 13:17:48";6.63
"Servidor-SPTECH";"ram";"ram_Usada";"GB";"2022-11-07 13:17:46";6.62
"Servidor-SPTECH";"ram";"ram_Usada";"GB";"2022-11-07 13:17:44";6.7
"Servidor-SPTECH";"ram";"ram_Usada";"GB";"2022-11-07 13:17:42";6.77
"Servidor-SPTECH";"ram";"ram_Usada";"GB";"2022-11-07 13:17:40";6.77
"Servidor-SPTECH";"ram";"ram_Usada";"GB";"2022-11-07 13:17:38";6.82
"Servidor-SPTECH";"ram";"ram_Usada";"GB";"2022-11-07 13:17:36";6.81
"Servidor-SPTECH";"ram";"ram_Usada";"GB";"2022-11-07 13:17:34";6.8
"Servidor-SPTECH";"ram";"ram_Usada";"GB";"2022-11-07 13:17:32";6.77
"Servidor-SPTECH";"ram";"ram_Usada";"GB";"2022-11-07 13:17:30";6.67
"Servidor-SPTECH";"ram";"ram_Usada";"GB";"2022-11-07 13:17:29";6.64
"Servidor-SPTECH";"ram";"ram_Usada";"GB";"2022-11-07 13:17:27";6.65
"Servidor-SPTECH";"ram";"ram_Usada";"GB";"2022-11-07 13:17:25";6.66
"Servidor-SPTECH";"ram";"ram_Usada";"GB";"2022-11-07 13:17:24";6.52
"Servidor-SPTECH";"ram";"ram_Usada";"GB";"2022-11-07 13:17:22";6.56
"Servidor-SPTECH";"ram";"ram_Usada";"GB";"2022-11-07 13:17:20";6.54
"Servidor-SPTECH";"ram";"ram_Usada";"GB";"2022-11-07 13:17:19";6.56
"Servidor-SPTECH";"ram";"ram_Usada";"GB";"2022-11-07 13:17:17";6.57
"Servidor-SPTECH";"ram";"ram_Usada";"GB";"2022-11-07 13:17:15";6.56
"Servidor-SPTECH";"ram";"ram_Usada";"GB";"2022-11-07 13:17:13";6.55
"Servidor-SPTECH";"ram";"ram_Usada";"GB";"2022-11-07 13:17:12";6.55
"Servidor-SPTECH";"ram";"ram_Usada";"GB";"2022-11-07 13:17:10";6.55
"Servidor-SPTECH";"ram";"ram_Usada";"GB";"2022-11-07 13:17:09";6.55
"Servidor-SPTECH";"ram";"ram_Usada";"GB";"2022-11-07 13:17:07";6.6
"Servidor-SPTECH";"ram";"ram_Usada";"GB";"2022-11-07 13:17:06";6.6
"Servidor-SPTECH";"ram";"ram_Usada";"GB";"2022-11-07 13:17:04";6.6
"Servidor-SPTECH";"ram";"ram_Usada";"GB";"2022-11-07 13:17:02";6.6
"Servidor-SPTECH";"ram";"ram_Usada";"GB";"2022-11-07 13:17:01";6.64
"Servidor-SPTECH";"ram";"ram_Usada";"GB";"2022-11-07 13:16:59";6.63
"Servidor-SPTECH";"ram";"ram_Usada";"GB";"2022-11-07 13:16:57";6.63
"Servidor-SPTECH";"ram";"ram_Usada";"GB";"2022-11-07 13:16:56";6.62
"Servidor-SPTECH";"ram";"ram_Usada";"GB";"2022-11-07 13:16:54";6.62
"Servidor-SPTECH";"ram";"ram_Usada";"GB";"2022-11-07 13:16:53";6.63
"Servidor-SPTECH";"ram";"ram_Usada";"GB";"2022-11-07 13:16:51";6.62
"Servidor-SPTECH";"ram";"ram_Usada";"GB";"2022-11-07 13:16:50";6.59
"Servidor-SPTECH";"ram";"ram_Usada";"GB";"2022-11-07 13:16:48";6.61
"Servidor-SPTECH";"ram";"ram_Usada";"GB";"2022-11-07 13:16:46";6.6
"Servidor-SPTECH";"ram";"ram_Usada";"GB";"2022-11-07 13:16:45";6.61
"Servidor-SPTECH";"ram";"ram_Usada";"GB";"2022-11-07 13:16:43";6.56
"Servidor-SPTECH";"ram";"ram_Usada";"GB";"2022-11-07 13:16:41";6.56
"Servidor-SPTECH";"ram";"ram_Usada";"GB";"2022-11-07 13:16:40";6.64
"Servidor-SPTECH";"ram";"ram_Usada";"GB";"2022-11-07 13:16:38";6.64
"Servidor-SPTECH";"ram";"ram_Usada";"GB";"2022-11-07 13:16:37";6.65
"Servidor-SPTECH";"ram";"ram_Usada";"GB";"2022-11-07 13:16:35";6.73
"Servidor-SPTECH";"ram";"ram_Usada";"GB";"2022-11-07 13:16:33";6.71
"Servidor-SPTECH";"ram";"ram_Usada";"GB";"2022-11-07 13:16:32";6.76
"Servidor-SPTECH";"ram";"ram_Usada";"GB";"2022-11-07 13:16:30";6.75
"Servidor-SPTECH";"ram";"ram_Usada";"GB";"2022-11-07 13:16:29";6.74
"Servidor-SPTECH";"ram";"ram_Usada";"GB";"2022-11-07 13:16:27";6.76
"Servidor-SPTECH";"ram";"ram_Usada";"GB";"2022-11-07 13:16:25";6.75
"Servidor-SPTECH";"ram";"ram_Usada";"GB";"2022-11-07 13:16:23";6.79
"Servidor-SPTECH";"ram";"ram_Usada";"GB";"2022-11-07 13:16:21";6.78
"Servidor-SPTECH";"ram";"ram_Usada";"GB";"2022-11-07 13:16:19";6.79
"Servidor-SPTECH";"ram";"ram_Usada";"GB";"2022-11-07 13:16:18";6.75
"Servidor-SPTECH";"ram";"ram_Usada";"GB";"2022-11-07 13:16:16";6.68
"Servidor-SPTECH";"ram";"ram_Usada";"GB";"2022-11-07 13:16:14";6.6
"Servidor-SPTECH";"ram";"ram_Usada";"GB";"2022-11-07 13:16:13";6.62
"Servidor-SPTECH";"ram";"ram_Usada";"GB";"2022-11-07 13:16:11";6.63
"Servidor-SPTECH";"ram";"ram_Usada";"GB";"2022-11-07 13:16:09";6.64
"Servidor-SPTECH";"ram";"ram_Usada";"GB";"2022-11-07 13:16:08";6.63
"Servidor-SPTECH";"ram";"ram_Usada";"GB";"2022-11-07 13:16:06";6.65
"Servidor-SPTECH";"ram";"ram_Usada";"GB";"2022-11-07 13:16:05";6.63
"Servidor-SPTECH";"ram";"ram_Usada";"GB";"2022-11-07 13:16:03";6.59
"Servidor-SPTECH";"ram";"ram_Usada";"GB";"2022-11-07 13:16:02";6.62
"Servidor-SPTECH";"ram";"ram_Usada";"GB";"2022-11-07 13:16:00";6.63
"Servidor-SPTECH";"ram";"ram_Usada";"GB";"2022-11-07 13:15:58";6.62
"Servidor-SPTECH";"ram";"ram_Usada";"GB";"2022-11-07 13:15:57";6.62
"Servidor-SPTECH";"ram";"ram_Usada";"GB";"2022-11-07 13:15:55";6.63
"Servidor-SPTECH";"ram";"ram_Usada";"GB";"2022-11-07 13:15:54";6.6
"Servidor-SPTECH";"ram";"ram_Usada";"GB";"2022-11-07 13:15:52";6.61
"Servidor-SPTECH";"ram";"ram_Usada";"GB";"2022-11-07 13:15:50";6.58
"Servidor-SPTECH";"ram";"ram_Usada";"GB";"2022-11-07 13:15:49";6.58
"Servidor-SPTECH";"ram";"ram_Usada";"GB";"2022-11-07 13:15:47";6.57
"Servidor-SPTECH";"ram";"ram_Usada";"GB";"2022-11-07 13:15:46";6.57
"Servidor-SPTECH";"ram";"ram_Usada";"GB";"2022-11-07 13:15:44";6.58
"Servidor-SPTECH";"ram";"ram_Usada";"GB";"2022-11-07 13:15:42";6.57
"Servidor-SPTECH";"ram";"ram_Usada";"GB";"2022-11-07 13:15:41";6.57
"Servidor-SPTECH";"ram";"ram_Usada";"GB";"2022-11-07 13:15:39";6.58
"Servidor-SPTECH";"ram";"ram_Usada";"GB";"2022-11-07 13:15:38";6.56
"Servidor-SPTECH";"ram";"ram_Usada";"GB";"2022-11-07 13:15:36";6.61
"Servidor-SPTECH";"ram";"ram_Usada";"GB";"2022-11-07 13:15:35";6.67
"Servidor-SPTECH";"ram";"ram_Usada";"GB";"2022-11-07 13:15:33";6.85
"Servidor-SPTECH";"ram";"ram_Usada";"GB";"2022-11-07 13:15:31";6.87
"Servidor-SPTECH";"ram";"ram_Usada";"GB";"2022-11-07 13:15:30";6.9
"Servidor-SPTECH";"ram";"ram_Usada";"GB";"2022-11-07 13:15:28";6.97
"Servidor-SPTECH";"ram";"ram_Usada";"GB";"2022-11-07 13:15:27";6.99
"Servidor-SPTECH";"ram";"ram_Usada";"GB";"2022-11-07 13:15:25";6.89
"Servidor-SPTECH";"ram";"ram_Usada";"GB";"2022-11-07 13:15:23";6.89
"Servidor-SPTECH";"ram";"ram_Usada";"GB";"2022-11-07 13:15:21";6.91
"Servidor-SPTECH";"ram";"ram_Usada";"GB";"2022-11-07 13:15:20";6.84
"Servidor-SPTECH";"ram";"ram_Usada";"GB";"2022-11-07 13:15:18";6.81
"Servidor-SPTECH";"ram";"ram_Usada";"GB";"2022-11-07 13:15:17";6.53
"Servidor-SPTECH";"ram";"ram_Usada";"GB";"2022-11-07 13:15:15";6.55
"Servidor-SPTECH";"ram";"ram_Usada";"GB";"2022-11-07 13:15:14";6.56
"Servidor-SPTECH";"ram";"ram_Usada";"GB";"2022-11-07 13:15:12";6.56
"Servidor-SPTECH";"ram";"ram_Usada";"GB";"2022-11-07 13:15:11";6.56
"Servidor-SPTECH";"ram";"ram_Usada";"GB";"2022-11-07 13:15:09";6.48
"Servidor-SPTECH";"ram";"ram_Usada";"GB";"2022-11-07 13:15:07";6.47
"Servidor-SPTECH";"ram";"ram_Usada";"GB";"2022-11-07 13:15:05";6.47
"Servidor-SPTECH";"ram";"ram_Usada";"GB";"2022-11-07 13:15:04";6.48
"Servidor-SPTECH";"ram";"ram_Usada";"GB";"2022-11-07 13:15:02";6.5
"Servidor-SPTECH";"ram";"ram_Usada";"GB";"2022-11-07 13:15:00";6.51
"Servidor-SPTECH";"ram";"ram_Usada";"GB";"2022-11-07 13:14:59";6.52
"Servidor-SPTECH";"ram";"ram_Usada";"GB";"2022-11-07 13:14:57";6.51
"Servidor-SPTECH";"ram";"ram_Usada";"GB";"2022-11-07 13:14:55";6.51
"Servidor-SPTECH";"ram";"ram_Usada";"GB";"2022-11-07 13:14:54";6.52
"Servidor-SPTECH";"ram";"ram_Usada";"GB";"2022-11-07 13:14:52";6.51
"Servidor-SPTECH";"ram";"ram_Usada";"GB";"2022-11-07 13:14:51";6.51
"Servidor-SPTECH";"ram";"ram_Usada";"GB";"2022-11-07 13:14:49";6.5
"Servidor-SPTECH";"ram";"ram_Usada";"GB";"2022-11-07 13:14:47";6.52
"Servidor-SPTECH";"ram";"ram_Usada";"GB";"2022-11-07 13:14:46";6.55
"Servidor-SPTECH";"ram";"ram_Usada";"GB";"2022-11-07 13:14:44";6.55
"Servidor-SPTECH";"ram";"ram_Usada";"GB";"2022-11-07 13:14:42";6.62
"Servidor-SPTECH";"ram";"ram_Usada";"GB";"2022-11-07 13:14:41";6.72
"Servidor-SPTECH";"ram";"ram_Usada";"GB";"2022-11-07 13:14:39";6.72
"Servidor-SPTECH";"ram";"ram_Usada";"GB";"2022-11-07 13:14:38";6.71
"Servidor-SPTECH";"ram";"ram_Usada";"GB";"2022-11-07 13:14:36";6.7
"Servidor-SPTECH";"ram";"ram_Usada";"GB";"2022-11-07 13:14:34";6.7
"Servidor-SPTECH";"ram";"ram_Usada";"GB";"2022-11-07 13:14:33";6.67
"Servidor-SPTECH";"ram";"ram_Usada";"GB";"2022-11-07 13:14:31";6.68
"Servidor-SPTECH";"ram";"ram_Usada";"GB";"2022-11-07 13:14:29";6.71
"Servidor-SPTECH";"ram";"ram_Usada";"GB";"2022-11-07 13:14:28";6.71
"Servidor-SPTECH";"ram";"ram_Usada";"GB";"2022-11-07 13:14:26";6.68
"Servidor-SPTECH";"ram";"ram_Usada";"GB";"2022-11-07 13:14:25";6.71
"Servidor-SPTECH";"ram";"ram_Usada";"GB";"2022-11-07 13:14:23";6.78
"Servidor-SPTECH";"ram";"ram_Usada";"GB";"2022-11-07 13:14:21";6.77
"Servidor-SPTECH";"ram";"ram_Usada";"GB";"2022-11-07 13:14:20";6.68
"Servidor-SPTECH";"ram";"ram_Usada";"GB";"2022-11-07 13:14:18";6.69
"Servidor-SPTECH";"ram";"ram_Usada";"GB";"2022-11-07 13:14:16";6.69
"Servidor-SPTECH";"ram";"ram_Usada";"GB";"2022-11-07 13:14:14";6.69
"Servidor-SPTECH";"ram";"ram_Usada";"GB";"2022-11-07 13:14:12";6.67
"Servidor-SPTECH";"ram";"ram_Usada";"GB";"2022-11-07 13:14:10";6.68
"Servidor-SPTECH";"ram";"ram_Usada";"GB";"2022-11-07 13:14:09";6.64
"Servidor-SPTECH";"ram";"ram_Usada";"GB";"2022-11-07 13:14:07";6.57
"Servidor-SPTECH";"ram";"ram_Usada";"GB";"2022-11-07 13:14:05";6.61
"Servidor-SPTECH";"ram";"ram_Usada";"GB";"2022-11-07 13:14:03";6.68
"Servidor-SPTECH";"ram";"ram_Usada";"GB";"2022-11-07 13:14:02";6.68
"Servidor-SPTECH";"ram";"ram_Usada";"GB";"2022-11-07 13:14:00";6.72
"Servidor-SPTECH";"ram";"ram_Usada";"GB";"2022-11-07 13:13:58";6.71
"Servidor-SPTECH";"ram";"ram_Usada";"GB";"2022-11-07 13:13:56";6.69
"Servidor-SPTECH";"ram";"ram_Usada";"GB";"2022-11-07 13:13:54";6.68
"Servidor-SPTECH";"ram";"ram_Usada";"GB";"2022-11-07 13:13:52";6.63
"Servidor-SPTECH";"ram";"ram_Usada";"GB";"2022-11-07 13:13:51";6.52
"Servidor-SPTECH";"ram";"ram_Usada";"GB";"2022-11-07 13:13:49";6.57
"Servidor-SPTECH";"ram";"ram_Usada";"GB";"2022-11-07 13:13:47";6.55
"Servidor-SPTECH";"ram";"ram_Usada";"GB";"2022-11-07 13:13:45";6.59
"Servidor-SPTECH";"ram";"ram_Usada";"GB";"2022-11-07 13:13:44";6.59
"Servidor-SPTECH";"ram";"ram_Usada";"GB";"2022-11-07 13:13:42";6.61
"Servidor-SPTECH";"ram";"ram_Usada";"GB";"2022-11-07 13:13:40";6.61
"Servidor-SPTECH";"ram";"ram_Usada";"GB";"2022-11-07 13:13:39";6.6
"Servidor-SPTECH";"ram";"ram_Usada";"GB";"2022-11-07 13:13:37";6.69
"Servidor-SPTECH";"ram";"ram_Usada";"GB";"2022-11-07 13:13:36";6.79
"Servidor-SPTECH";"ram";"ram_Usada";"GB";"2022-11-07 13:13:34";6.77
"Servidor-SPTECH";"ram";"ram_Usada";"GB";"2022-11-07 13:13:32";6.71
"Servidor-SPTECH";"ram";"ram_Usada";"GB";"2022-11-07 13:13:31";6.72
"Servidor-SPTECH";"ram";"ram_Usada";"GB";"2022-11-07 13:13:29";6.73
"Servidor-SPTECH";"ram";"ram_Usada";"GB";"2022-11-07 13:13:27";6.73
"Servidor-SPTECH";"ram";"ram_Usada";"GB";"2022-11-07 13:13:25";6.71
"Servidor-SPTECH";"ram";"ram_Usada";"GB";"2022-11-07 13:13:23";6.68
"Servidor-SPTECH";"ram";"ram_Usada";"GB";"2022-11-07 13:13:21";6.66
"Servidor-SPTECH";"ram";"ram_Usada";"GB";"2022-11-07 13:13:19";6.58
"Servidor-SPTECH";"ram";"ram_Usada";"GB";"2022-11-07 13:13:18";6.57
"Servidor-SPTECH";"ram";"ram_Usada";"GB";"2022-11-07 13:13:16";6.53
"Servidor-SPTECH";"ram";"ram_Usada";"GB";"2022-11-07 13:13:15";6.52
"Servidor-SPTECH";"ram";"ram_Usada";"GB";"2022-11-07 13:13:13";6.5
"Servidor-SPTECH";"ram";"ram_Usada";"GB";"2022-11-07 13:13:11";6.5
"Servidor-SPTECH";"ram";"ram_Usada";"GB";"2022-11-07 13:13:10";6.5
"Servidor-SPTECH";"ram";"ram_Usada";"GB";"2022-11-07 13:13:08";6.49
"Servidor-SPTECH";"ram";"ram_Usada";"GB";"2022-11-07 13:13:07";6.51
"Servidor-SPTECH";"ram";"ram_Usada";"GB";"2022-11-07 13:13:05";6.54
"Servidor-SPTECH";"ram";"ram_Usada";"GB";"2022-11-07 13:13:03";6.52
"Servidor-SPTECH";"ram";"ram_Usada";"GB";"2022-11-07 13:13:01";6.51
"Servidor-SPTECH";"ram";"ram_Usada";"GB";"2022-11-07 13:13:00";6.54
"Servidor-SPTECH";"ram";"ram_Usada";"GB";"2022-11-07 13:12:58";6.56
"Servidor-SPTECH";"ram";"ram_Usada";"GB";"2022-11-07 13:12:56";6.52
"Servidor-SPTECH";"ram";"ram_Usada";"GB";"2022-11-07 13:12:55";6.56
"Servidor-SPTECH";"ram";"ram_Usada";"GB";"2022-11-07 13:12:53";6.59
"Servidor-SPTECH";"ram";"ram_Usada";"GB";"2022-11-07 13:12:51";6.59
"Servidor-SPTECH";"ram";"ram_Usada";"GB";"2022-11-07 13:12:50";6.59
"Servidor-SPTECH";"ram";"ram_Usada";"GB";"2022-11-07 13:12:48";6.59
"Servidor-SPTECH";"ram";"ram_Usada";"GB";"2022-11-07 13:12:47";6.59
"Servidor-SPTECH";"ram";"ram_Usada";"GB";"2022-11-07 13:12:45";6.59
"Servidor-SPTECH";"ram";"ram_Usada";"GB";"2022-11-07 13:12:43";6.57
"Servidor-SPTECH";"ram";"ram_Usada";"GB";"2022-11-07 13:12:42";6.57
"Servidor-SPTECH";"ram";"ram_Usada";"GB";"2022-11-07 13:12:40";6.57
"Servidor-SPTECH";"ram";"ram_Usada";"GB";"2022-11-07 13:12:38";6.55
"Servidor-SPTECH";"ram";"ram_Usada";"GB";"2022-11-07 13:12:37";6.51
"Servidor-SPTECH";"ram";"ram_Usada";"GB";"2022-11-07 13:12:35";6.51
"Servidor-SPTECH";"ram";"ram_Usada";"GB";"2022-11-07 13:12:33";6.51
"Servidor-SPTECH";"ram";"ram_Usada";"GB";"2022-11-07 13:12:32";6.49
"Servidor-SPTECH";"ram";"ram_Usada";"GB";"2022-11-07 13:12:30";6.53
"Servidor-SPTECH";"ram";"ram_Usada";"GB";"2022-11-07 13:12:29";6.54
"Servidor-SPTECH";"ram";"ram_Usada";"GB";"2022-11-07 13:12:27";6.56
"Servidor-SPTECH";"ram";"ram_Usada";"GB";"2022-11-07 13:12:25";6.55
"Servidor-SPTECH";"ram";"ram_Usada";"GB";"2022-11-07 13:12:24";6.6
"Servidor-SPTECH";"ram";"ram_Usada";"GB";"2022-11-07 13:12:22";6.63
"Servidor-SPTECH";"ram";"ram_Usada";"GB";"2022-11-07 13:12:20";6.63
"Servidor-SPTECH";"ram";"ram_Usada";"GB";"2022-11-07 13:12:19";6.63
"Servidor-SPTECH";"ram";"ram_Usada";"GB";"2022-11-07 13:12:17";6.54
"Servidor-SPTECH";"ram";"ram_Usada";"GB";"2022-11-07 13:12:15";6.45
"Servidor-SPTECH";"ram";"ram_Usada";"GB";"2022-11-07 13:12:14";6.45
"Servidor-SPTECH";"ram";"ram_Usada";"GB";"2022-11-07 13:12:12";6.45
"Servidor-SPTECH";"ram";"ram_Usada";"GB";"2022-11-07 13:12:10";6.44
"Servidor-SPTECH";"ram";"ram_Usada";"GB";"2022-11-07 13:12:08";6.51
"Servidor-SPTECH";"ram";"ram_Usada";"GB";"2022-11-07 13:12:07";6.53
"Servidor-SPTECH";"ram";"ram_Usada";"GB";"2022-11-07 13:12:05";6.51
"Servidor-SPTECH";"ram";"ram_Usada";"GB";"2022-11-07 13:12:03";6.52
"Servidor-SPTECH";"ram";"ram_Usada";"GB";"2022-11-07 13:12:02";6.54
"Servidor-SPTECH";"ram";"ram_Usada";"GB";"2022-11-07 13:12:00";6.54
"Servidor-SPTECH";"ram";"ram_Usada";"GB";"2022-11-07 13:11:58";6.54
"Servidor-SPTECH";"ram";"ram_Usada";"GB";"2022-11-07 13:11:56";6.59
"Servidor-SPTECH";"ram";"ram_Usada";"GB";"2022-11-07 13:11:54";6.61
"Servidor-SPTECH";"ram";"ram_Usada";"GB";"2022-11-07 13:11:52";6.62
"Servidor-SPTECH";"ram";"ram_Usada";"GB";"2022-11-07 13:11:51";6.61
"Servidor-SPTECH";"ram";"ram_Usada";"GB";"2022-11-07 13:11:49";6.81
"Servidor-SPTECH";"ram";"ram_Usada";"GB";"2022-11-07 13:11:47";6.72
"Servidor-SPTECH";"ram";"ram_Usada";"GB";"2022-11-07 13:11:46";6.7
"Servidor-SPTECH";"ram";"ram_Usada";"GB";"2022-11-07 13:11:44";6.62
"Servidor-SPTECH";"ram";"ram_Usada";"GB";"2022-11-07 13:11:42";6.66
"Servidor-SPTECH";"ram";"ram_Usada";"GB";"2022-11-07 13:11:41";6.68
"Servidor-SPTECH";"ram";"ram_Usada";"GB";"2022-11-07 13:11:39";6.66
"Servidor-SPTECH";"ram";"ram_Usada";"GB";"2022-11-07 13:11:37";6.68
"Servidor-SPTECH";"ram";"ram_Usada";"GB";"2022-11-07 13:11:36";6.67
"Servidor-SPTECH";"ram";"ram_Usada";"GB";"2022-11-07 13:11:34";6.68
"Servidor-SPTECH";"ram";"ram_Usada";"GB";"2022-11-07 13:11:32";6.73
"Servidor-SPTECH";"ram";"ram_Usada";"GB";"2022-11-07 13:11:31";6.7
"Servidor-SPTECH";"ram";"ram_Usada";"GB";"2022-11-07 13:11:29";6.69
"Servidor-SPTECH";"ram";"ram_Usada";"GB";"2022-11-07 13:11:28";6.73
"Servidor-SPTECH";"ram";"ram_Usada";"GB";"2022-11-07 13:11:26";6.73
"Servidor-SPTECH";"ram";"ram_Usada";"GB";"2022-11-07 13:11:24";6.75
"Servidor-SPTECH";"ram";"ram_Usada";"GB";"2022-11-07 13:11:23";6.75
"Servidor-SPTECH";"ram";"ram_Usada";"GB";"2022-11-07 13:11:21";6.75
"Servidor-SPTECH";"ram";"ram_Usada";"GB";"2022-11-07 13:11:20";6.65
"Servidor-SPTECH";"ram";"ram_Usada";"GB";"2022-11-07 13:11:18";6.66
"Servidor-SPTECH";"ram";"ram_Usada";"GB";"2022-11-07 13:11:16";6.67
"Servidor-SPTECH";"ram";"ram_Usada";"GB";"2022-11-07 13:11:15";6.64
"Servidor-SPTECH";"ram";"ram_Usada";"GB";"2022-11-07 13:11:13";6.64
"Servidor-SPTECH";"ram";"ram_Usada";"GB";"2022-11-07 13:11:12";6.63
"Servidor-SPTECH";"ram";"ram_Usada";"GB";"2022-11-07 13:11:10";6.63
"Servidor-SPTECH";"ram";"ram_Usada";"GB";"2022-11-07 13:11:08";6.63
"Servidor-SPTECH";"ram";"ram_Usada";"GB";"2022-11-07 13:11:07";6.64
"Servidor-SPTECH";"ram";"ram_Usada";"GB";"2022-11-07 13:11:05";6.64
"Servidor-SPTECH";"ram";"ram_Usada";"GB";"2022-11-07 13:11:03";6.64
"Servidor-SPTECH";"ram";"ram_Usada";"GB";"2022-11-07 13:11:02";6.66
"Servidor-SPTECH";"ram";"ram_Usada";"GB";"2022-11-07 13:11:00";6.63
"Servidor-SPTECH";"ram";"ram_Usada";"GB";"2022-11-07 13:10:59";6.64
"Servidor-SPTECH";"ram";"ram_Usada";"GB";"2022-11-07 13:10:57";6.64
"Servidor-SPTECH";"ram";"ram_Usada";"GB";"2022-11-07 13:10:55";6.65
"Servidor-SPTECH";"ram";"ram_Usada";"GB";"2022-11-07 13:10:54";6.65
"Servidor-SPTECH";"ram";"ram_Usada";"GB";"2022-11-07 13:10:52";6.63
"Servidor-SPTECH";"ram";"ram_Usada";"GB";"2022-11-07 13:10:51";6.62
"Servidor-SPTECH";"ram";"ram_Usada";"GB";"2022-11-07 13:10:49";6.58
"Servidor-SPTECH";"ram";"ram_Usada";"GB";"2022-11-07 13:10:47";6.6
"Servidor-SPTECH";"ram";"ram_Usada";"GB";"2022-11-07 13:10:45";6.58
"Servidor-SPTECH";"ram";"ram_Usada";"GB";"2022-11-07 13:10:44";6.56
"Servidor-SPTECH";"ram";"ram_Usada";"GB";"2022-11-07 13:10:42";6.56
"Servidor-SPTECH";"ram";"ram_Usada";"GB";"2022-11-07 13:10:40";6.56
"Servidor-SPTECH";"ram";"ram_Usada";"GB";"2022-11-07 13:10:39";6.57
"Servidor-SPTECH";"ram";"ram_Usada";"GB";"2022-11-07 13:10:37";6.57
"Servidor-SPTECH";"ram";"ram_Usada";"GB";"2022-11-07 13:10:36";6.58
"Servidor-SPTECH";"ram";"ram_Usada";"GB";"2022-11-07 13:10:34";6.57
"Servidor-SPTECH";"ram";"ram_Usada";"GB";"2022-11-07 13:10:32";6.57
"Servidor-SPTECH";"ram";"ram_Usada";"GB";"2022-11-07 13:10:31";6.53
"Servidor-SPTECH";"ram";"ram_Usada";"GB";"2022-11-07 13:10:29";6.57
"Servidor-SPTECH";"ram";"ram_Usada";"GB";"2022-11-07 13:10:27";6.57
"Servidor-SPTECH";"ram";"ram_Usada";"GB";"2022-11-07 13:10:26";6.58
"Servidor-SPTECH";"ram";"ram_Usada";"GB";"2022-11-07 13:10:24";6.68
"Servidor-SPTECH";"ram";"ram_Usada";"GB";"2022-11-07 13:10:23";6.69
"Servidor-SPTECH";"ram";"ram_Usada";"GB";"2022-11-07 13:10:21";6.71
"Servidor-SPTECH";"ram";"ram_Usada";"GB";"2022-11-07 13:10:20";6.71
"Servidor-SPTECH";"ram";"ram_Usada";"GB";"2022-11-07 13:10:18";6.71
"Servidor-SPTECH";"ram";"ram_Usada";"GB";"2022-11-07 13:10:16";6.72
"Servidor-SPTECH";"ram";"ram_Usada";"GB";"2022-11-07 13:10:15";6.7
"Servidor-SPTECH";"ram";"ram_Usada";"GB";"2022-11-07 13:10:13";6.68
"Servidor-SPTECH";"ram";"ram_Usada";"GB";"2022-11-07 13:10:12";6.69
"Servidor-SPTECH";"ram";"ram_Usada";"GB";"2022-11-07 13:10:10";6.68
"Servidor-SPTECH";"ram";"ram_Usada";"GB";"2022-11-07 13:10:08";6.61
"Servidor-SPTECH";"ram";"ram_Usada";"GB";"2022-11-07 13:10:07";6.52
"Servidor-SPTECH";"ram";"ram_Usada";"GB";"2022-11-07 13:10:05";6.59
"Servidor-SPTECH";"ram";"ram_Usada";"GB";"2022-11-07 13:10:03";6.59
"Servidor-SPTECH";"ram";"ram_Usada";"GB";"2022-11-07 13:10:01";6.62
"Servidor-SPTECH";"ram";"ram_Usada";"GB";"2022-11-07 13:10:00";6.62
"Servidor-SPTECH";"ram";"ram_Usada";"GB";"2022-11-07 13:09:58";6.63
"Servidor-SPTECH";"ram";"ram_Usada";"GB";"2022-11-07 13:09:57";6.63
"Servidor-SPTECH";"ram";"ram_Usada";"GB";"2022-11-07 13:09:55";6.67
"Servidor-SPTECH";"ram";"ram_Usada";"GB";"2022-11-07 13:09:53";6.69
"Servidor-SPTECH";"ram";"ram_Usada";"GB";"2022-11-07 13:09:52";6.68
"Servidor-SPTECH";"ram";"ram_Usada";"GB";"2022-11-07 13:09:50";6.68
"Servidor-SPTECH";"ram";"ram_Usada";"GB";"2022-11-07 13:09:49";6.64
"Servidor-SPTECH";"ram";"ram_Usada";"GB";"2022-11-07 13:09:47";6.68
"Servidor-SPTECH";"ram";"ram_Usada";"GB";"2022-11-07 13:09:45";6.68
"Servidor-SPTECH";"ram";"ram_Usada";"GB";"2022-11-07 13:09:44";6.68
"Servidor-SPTECH";"ram";"ram_Usada";"GB";"2022-11-07 13:09:42";6.67
"Servidor-SPTECH";"ram";"ram_Usada";"GB";"2022-11-07 13:09:41";6.68
"Servidor-SPTECH";"ram";"ram_Usada";"GB";"2022-11-07 13:09:39";6.64
"Servidor-SPTECH";"ram";"ram_Usada";"GB";"2022-11-07 13:09:37";6.59
"Servidor-SPTECH";"ram";"ram_Usada";"GB";"2022-11-07 13:09:36";6.57
"Servidor-SPTECH";"ram";"ram_Usada";"GB";"2022-11-07 13:09:34";6.56
"Servidor-SPTECH";"ram";"ram_Usada";"GB";"2022-11-07 13:09:32";6.56
"Servidor-SPTECH";"ram";"ram_Usada";"GB";"2022-11-07 13:09:31";6.57
"Servidor-SPTECH";"ram";"ram_Usada";"GB";"2022-11-07 13:09:29";6.57
"Servidor-SPTECH";"ram";"ram_Usada";"GB";"2022-11-07 13:09:28";6.56
"Servidor-SPTECH";"ram";"ram_Usada";"GB";"2022-11-07 13:09:26";6.57
"Servidor-SPTECH";"ram";"ram_Usada";"GB";"2022-11-07 13:09:25";6.53
"Servidor-SPTECH";"ram";"ram_Usada";"GB";"2022-11-07 13:09:23";6.55
"Servidor-SPTECH";"ram";"ram_Usada";"GB";"2022-11-07 13:09:21";6.55
"Servidor-SPTECH";"ram";"ram_Usada";"GB";"2022-11-07 13:09:20";6.54
"Servidor-SPTECH";"ram";"ram_Usada";"GB";"2022-11-07 13:09:18";6.54
"Servidor-SPTECH";"ram";"ram_Usada";"GB";"2022-11-07 13:09:17";6.54
"Servidor-SPTECH";"ram";"ram_Usada";"GB";"2022-11-07 13:09:15";6.53
"Servidor-SPTECH";"ram";"ram_Usada";"GB";"2022-11-07 13:09:13";6.53
"Servidor-SPTECH";"ram";"ram_Usada";"GB";"2022-11-07 13:09:12";6.53
"Servidor-SPTECH";"ram";"ram_Usada";"GB";"2022-11-07 13:09:10";6.53
"Servidor-SPTECH";"ram";"ram_Usada";"GB";"2022-11-07 13:09:09";6.57
"Servidor-SPTECH";"ram";"ram_Usada";"GB";"2022-11-07 13:09:07";6.59
"Servidor-SPTECH";"ram";"ram_Usada";"GB";"2022-11-07 13:09:05";6.58
"Servidor-SPTECH";"ram";"ram_Usada";"GB";"2022-11-07 13:09:04";6.58
"Servidor-SPTECH";"ram";"ram_Usada";"GB";"2022-11-07 13:09:02";6.67
"Servidor-SPTECH";"ram";"ram_Usada";"GB";"2022-11-07 13:09:00";6.65
"Servidor-SPTECH";"ram";"ram_Usada";"GB";"2022-11-07 13:08:58";6.78
"Servidor-SPTECH";"ram";"ram_Usada";"GB";"2022-11-07 13:08:57";6.77
"Servidor-SPTECH";"ram";"ram_Usada";"GB";"2022-11-07 13:08:55";6.78
"Servidor-SPTECH";"ram";"ram_Usada";"GB";"2022-11-07 13:08:54";6.78
"Servidor-SPTECH";"ram";"ram_Usada";"GB";"2022-11-07 13:08:52";6.77
"Servidor-SPTECH";"ram";"ram_Usada";"GB";"2022-11-07 13:08:51";6.75
"Servidor-SPTECH";"ram";"ram_Usada";"GB";"2022-11-07 13:08:49";6.75
"Servidor-SPTECH";"ram";"ram_Usada";"GB";"2022-11-07 13:08:47";6.74
"Servidor-SPTECH";"ram";"ram_Usada";"GB";"2022-11-07 13:08:46";6.74
"Servidor-SPTECH";"ram";"ram_Usada";"GB";"2022-11-07 13:08:44";6.73
"Servidor-SPTECH";"ram";"ram_Usada";"GB";"2022-11-07 13:08:42";6.73
"Servidor-SPTECH";"ram";"ram_Usada";"GB";"2022-11-07 13:08:41";6.73
"Servidor-SPTECH";"ram";"ram_Usada";"GB";"2022-11-07 13:08:39";6.73
"Servidor-SPTECH";"ram";"ram_Usada";"GB";"2022-11-07 13:08:37";6.72
"Servidor-SPTECH";"ram";"ram_Usada";"GB";"2022-11-07 13:08:36";6.72
"Servidor-SPTECH";"ram";"ram_Usada";"GB";"2022-11-07 13:08:34";6.71
"Servidor-SPTECH";"ram";"ram_Usada";"GB";"2022-11-07 13:08:33";6.7
"Servidor-SPTECH";"ram";"ram_Usada";"GB";"2022-11-07 13:08:31";6.71
"Servidor-SPTECH";"ram";"ram_Usada";"GB";"2022-11-07 13:08:29";6.7
"Servidor-SPTECH";"ram";"ram_Usada";"GB";"2022-11-07 13:08:28";6.66
"Servidor-SPTECH";"ram";"ram_Usada";"GB";"2022-11-07 13:08:26";6.67
"Servidor-SPTECH";"ram";"ram_Usada";"GB";"2022-11-07 13:08:24";6.63
"Servidor-SPTECH";"ram";"ram_Usada";"GB";"2022-11-07 13:08:23";6.66
"Servidor-SPTECH";"ram";"ram_Usada";"GB";"2022-11-07 13:08:21";6.67
"Servidor-SPTECH";"ram";"ram_Usada";"GB";"2022-11-07 13:08:19";6.71
"Servidor-SPTECH";"ram";"ram_Usada";"GB";"2022-11-07 13:08:18";6.71
"Servidor-SPTECH";"ram";"ram_Usada";"GB";"2022-11-07 13:08:16";6.7
"Servidor-SPTECH";"ram";"ram_Usada";"GB";"2022-11-07 13:08:14";6.69
"Servidor-SPTECH";"ram";"ram_Usada";"GB";"2022-11-07 13:08:13";6.66
"Servidor-SPTECH";"ram";"ram_Usada";"GB";"2022-11-07 13:08:11";6.7
"Servidor-SPTECH";"ram";"ram_Usada";"GB";"2022-11-07 13:08:09";6.7
"Servidor-SPTECH";"ram";"ram_Usada";"GB";"2022-11-07 13:08:07";6.74
"Servidor-SPTECH";"ram";"ram_Usada";"GB";"2022-11-07 13:08:06";6.74
"Servidor-SPTECH";"ram";"ram_Usada";"GB";"2022-11-07 13:08:04";6.68
"Servidor-SPTECH";"ram";"ram_Usada";"GB";"2022-11-07 13:08:02";6.54
"Servidor-SPTECH";"ram";"ram_Usada";"GB";"2022-11-07 13:08:00";6.51
"Servidor-SPTECH";"ram";"ram_Usada";"GB";"2022-11-07 13:07:59";6.54
"Servidor-SPTECH";"ram";"ram_Usada";"GB";"2022-11-07 13:07:57";6.53
"Servidor-SPTECH";"ram";"ram_Usada";"GB";"2022-11-07 13:07:55";6.53
"Servidor-SPTECH";"ram";"ram_Usada";"GB";"2022-11-07 13:07:54";6.5
"Servidor-SPTECH";"ram";"ram_Usada";"GB";"2022-11-07 13:07:52";6.54
"Servidor-SPTECH";"ram";"ram_Usada";"GB";"2022-11-07 13:07:51";6.55
"Servidor-SPTECH";"ram";"ram_Usada";"GB";"2022-11-07 13:07:49";6.55
"Servidor-SPTECH";"ram";"ram_Usada";"GB";"2022-11-07 13:07:48";6.56
"Servidor-SPTECH";"ram";"ram_Usada";"GB";"2022-11-07 13:07:46";6.56
"Servidor-SPTECH";"ram";"ram_Usada";"GB";"2022-11-07 13:07:44";6.54
"Servidor-SPTECH";"ram";"ram_Usada";"GB";"2022-11-07 13:07:43";6.54
"Servidor-SPTECH";"ram";"ram_Usada";"GB";"2022-11-07 13:07:41";6.52
"Servidor-SPTECH";"ram";"ram_Usada";"GB";"2022-11-07 13:07:39";6.52
"Servidor-SPTECH";"ram";"ram_Usada";"GB";"2022-11-07 13:07:38";6.51
"Servidor-SPTECH";"ram";"ram_Usada";"GB";"2022-11-07 13:07:36";6.44
"Servidor-SPTECH";"ram";"ram_Usada";"GB";"2022-11-07 13:07:35";6.47
"Servidor-SPTECH";"ram";"ram_Usada";"GB";"2022-11-07 13:07:33";6.47
"Servidor-SPTECH";"ram";"ram_Usada";"GB";"2022-11-07 13:07:31";6.47
"Servidor-SPTECH";"ram";"ram_Usada";"GB";"2022-11-07 13:07:30";6.45
"Servidor-SPTECH";"ram";"ram_Usada";"GB";"2022-11-07 13:07:28";6.45
"Servidor-SPTECH";"ram";"ram_Usada";"GB";"2022-11-07 13:07:26";6.43
"Servidor-SPTECH";"ram";"ram_Usada";"GB";"2022-11-07 13:07:25";6.4
"Servidor-SPTECH";"ram";"ram_Usada";"GB";"2022-11-07 13:07:23";6.43
"Servidor-SPTECH";"ram";"ram_Usada";"GB";"2022-11-07 13:07:21";6.43
"Servidor-SPTECH";"ram";"ram_Usada";"GB";"2022-11-07 13:07:20";6.44
"Servidor-SPTECH";"ram";"ram_Usada";"GB";"2022-11-07 13:07:18";6.43
"Servidor-SPTECH";"ram";"ram_Usada";"GB";"2022-11-07 13:07:17";6.49
"Servidor-SPTECH";"ram";"ram_Usada";"GB";"2022-11-07 13:07:15";6.49
"Servidor-SPTECH";"ram";"ram_Usada";"GB";"2022-11-07 13:07:13";6.49
"Servidor-SPTECH";"ram";"ram_Usada";"GB";"2022-11-07 13:07:12";6.46
"Servidor-SPTECH";"ram";"ram_Usada";"GB";"2022-11-07 13:07:10";6.5
"Servidor-SPTECH";"ram";"ram_Usada";"GB";"2022-11-07 13:07:09";6.5
"Servidor-SPTECH";"ram";"ram_Usada";"GB";"2022-11-07 13:07:07";6.47
"Servidor-SPTECH";"ram";"ram_Usada";"GB";"2022-11-07 13:07:05";6.48
"Servidor-SPTECH";"ram";"ram_Usada";"GB";"2022-11-07 13:07:04";6.48
"Servidor-SPTECH";"ram";"ram_Usada";"GB";"2022-11-07 13:07:02";6.47
"Servidor-SPTECH";"ram";"ram_Usada";"GB";"2022-11-07 13:07:01";6.5
"Servidor-SPTECH";"ram";"ram_Usada";"GB";"2022-11-07 13:06:59";6.5
"Servidor-SPTECH";"ram";"ram_Usada";"GB";"2022-11-07 13:06:57";6.48
"Servidor-SPTECH";"ram";"ram_Usada";"GB";"2022-11-07 13:06:56";6.48
"Servidor-SPTECH";"ram";"ram_Usada";"GB";"2022-11-07 13:06:54";6.44
"Servidor-SPTECH";"ram";"ram_Usada";"GB";"2022-11-07 13:06:53";6.45
"Servidor-SPTECH";"ram";"ram_Usada";"GB";"2022-11-07 13:06:51";6.45
"Servidor-SPTECH";"ram";"ram_Usada";"GB";"2022-11-07 13:06:49";6.47
"Servidor-SPTECH";"ram";"ram_Usada";"GB";"2022-11-07 13:06:48";6.43
"Servidor-SPTECH";"ram";"ram_Usada";"GB";"2022-11-07 13:06:46";6.47
"Servidor-SPTECH";"ram";"ram_Usada";"GB";"2022-11-07 13:06:45";6.45
"Servidor-SPTECH";"ram";"ram_Usada";"GB";"2022-11-07 13:06:43";6.54
"Servidor-SPTECH";"ram";"ram_Usada";"GB";"2022-11-07 13:06:41";6.55
"Servidor-SPTECH";"ram";"ram_Usada";"GB";"2022-11-07 13:06:40";6.58
"Servidor-SPTECH";"ram";"ram_Usada";"GB";"2022-11-07 13:06:38";6.55
"Servidor-SPTECH";"ram";"ram_Usada";"GB";"2022-11-07 13:06:37";6.56
"Servidor-SPTECH";"ram";"ram_Usada";"GB";"2022-11-07 13:06:35";6.57
"Servidor-SPTECH";"ram";"ram_Usada";"GB";"2022-11-07 13:06:33";6.59
"Servidor-SPTECH";"ram";"ram_Usada";"GB";"2022-11-07 13:06:32";6.58
"Servidor-SPTECH";"ram";"ram_Usada";"GB";"2022-11-07 13:06:30";6.58
"Servidor-SPTECH";"ram";"ram_Usada";"GB";"2022-11-07 13:06:29";6.58
"Servidor-SPTECH";"ram";"ram_Usada";"GB";"2022-11-07 13:06:27";6.55
"Servidor-SPTECH";"ram";"ram_Usada";"GB";"2022-11-07 13:06:26";6.56
"Servidor-SPTECH";"ram";"ram_Usada";"GB";"2022-11-07 13:06:24";6.51
"Servidor-SPTECH";"ram";"ram_Usada";"GB";"2022-11-07 13:06:22";6.48
"Servidor-SPTECH";"ram";"ram_Usada";"GB";"2022-11-07 13:06:21";6.53
"Servidor-SPTECH";"ram";"ram_Usada";"GB";"2022-11-07 13:06:19";6.55
"Servidor-SPTECH";"ram";"ram_Usada";"GB";"2022-11-07 13:06:18";6.48
"Servidor-SPTECH";"ram";"ram_Usada";"GB";"2022-11-07 13:06:16";6.41
"Servidor-SPTECH";"ram";"ram_Usada";"GB";"2022-11-07 13:06:14";6.39
"Servidor-SPTECH";"ram";"ram_Usada";"GB";"2022-11-07 13:06:13";6.38
"Servidor-SPTECH";"ram";"ram_Usada";"GB";"2022-11-07 13:06:11";6.39
"Servidor-SPTECH";"ram";"ram_Usada";"GB";"2022-11-07 13:06:09";6.38
"Servidor-SPTECH";"ram";"ram_Usada";"GB";"2022-11-07 13:06:08";6.39
"Servidor-SPTECH";"ram";"ram_Usada";"GB";"2022-11-07 13:06:06";6.37
"Servidor-SPTECH";"ram";"ram_Usada";"GB";"2022-11-07 13:06:05";6.38
"Servidor-SPTECH";"ram";"ram_Usada";"GB";"2022-11-07 13:06:03";6.37
"Servidor-SPTECH";"ram";"ram_Usada";"GB";"2022-11-07 13:06:01";6.41
"Servidor-SPTECH";"ram";"ram_Usada";"GB";"2022-11-07 13:06:00";6.38
"Servidor-SPTECH";"ram";"ram_Usada";"GB";"2022-11-07 13:05:58";6.4
"Servidor-SPTECH";"ram";"ram_Usada";"GB";"2022-11-07 13:05:57";6.4
"Servidor-SPTECH";"ram";"ram_Usada";"GB";"2022-11-07 13:05:55";6.42
"Servidor-SPTECH";"ram";"ram_Usada";"GB";"2022-11-07 13:05:53";6.38
"Servidor-SPTECH";"ram";"ram_Usada";"GB";"2022-11-07 13:05:52";6.41
"Servidor-SPTECH";"ram";"ram_Usada";"GB";"2022-11-07 13:05:50";6.41
"Servidor-SPTECH";"ram";"ram_Usada";"GB";"2022-11-07 13:05:49";6.42
"Servidor-SPTECH";"ram";"ram_Usada";"GB";"2022-11-07 13:05:47";6.41
"Servidor-SPTECH";"ram";"ram_Usada";"GB";"2022-11-07 13:05:46";6.51
"Servidor-SPTECH";"ram";"ram_Usada";"GB";"2022-11-07 13:05:44";6.52
"Servidor-SPTECH";"ram";"ram_Usada";"GB";"2022-11-07 13:05:43";6.55
"Servidor-SPTECH";"ram";"ram_Usada";"GB";"2022-11-07 13:05:41";6.56
"Servidor-SPTECH";"ram";"ram_Usada";"GB";"2022-11-07 13:05:39";6.58
"Servidor-SPTECH";"ram";"ram_Usada";"GB";"2022-11-07 13:05:38";6.64
"Servidor-SPTECH";"ram";"ram_Usada";"GB";"2022-11-07 13:05:36";6.56
"Servidor-SPTECH";"ram";"ram_Usada";"GB";"2022-11-07 13:05:34";6.51
"Servidor-SPTECH";"ram";"ram_Usada";"GB";"2022-11-07 13:05:32";6.54
"Servidor-SPTECH";"ram";"ram_Usada";"GB";"2022-11-07 13:05:31";6.51
"Servidor-SPTECH";"ram";"ram_Usada";"GB";"2022-11-07 13:05:29";6.38
"Servidor-SPTECH";"ram";"ram_Usada";"GB";"2022-11-07 13:05:27";6.38
"Servidor-SPTECH";"ram";"ram_Usada";"GB";"2022-11-07 13:05:26";6.38
"Servidor-SPTECH";"ram";"ram_Usada";"GB";"2022-11-07 13:05:24";6.37
"Servidor-SPTECH";"ram";"ram_Usada";"GB";"2022-11-07 13:05:23";6.37
"Servidor-SPTECH";"ram";"ram_Usada";"GB";"2022-11-07 13:05:21";6.38
"Servidor-SPTECH";"ram";"ram_Usada";"GB";"2022-11-07 13:05:19";6.45
"Servidor-SPTECH";"ram";"ram_Usada";"GB";"2022-11-07 13:05:18";6.41
"Servidor-SPTECH";"ram";"ram_Usada";"GB";"2022-11-07 13:05:16";6.47
"Servidor-SPTECH";"ram";"ram_Usada";"GB";"2022-11-07 13:05:14";6.49
"Servidor-SPTECH";"ram";"ram_Usada";"GB";"2022-11-07 13:05:13";6.49
"Servidor-SPTECH";"ram";"ram_Usada";"GB";"2022-11-07 13:05:11";6.48
"Servidor-SPTECH";"ram";"ram_Usada";"GB";"2022-11-07 13:05:10";6.57
"Servidor-SPTECH";"ram";"ram_Usada";"GB";"2022-11-07 13:05:08";6.6
"Servidor-SPTECH";"ram";"ram_Usada";"GB";"2022-11-07 13:05:06";6.61
"Servidor-SPTECH";"ram";"ram_Usada";"GB";"2022-11-07 13:05:05";6.61
"Servidor-SPTECH";"ram";"ram_Usada";"GB";"2022-11-07 13:05:03";6.69
"Servidor-SPTECH";"ram";"ram_Usada";"GB";"2022-11-07 13:05:01";6.69
"Servidor-SPTECH";"ram";"ram_Usada";"GB";"2022-11-07 13:05:00";6.62
"Servidor-SPTECH";"ram";"ram_Usada";"GB";"2022-11-07 13:04:58";6.6
"Servidor-SPTECH";"ram";"ram_Usada";"GB";"2022-11-07 13:04:57";6.59
"Servidor-SPTECH";"ram";"ram_Usada";"GB";"2022-11-07 13:04:55";6.56
"Servidor-SPTECH";"ram";"ram_Usada";"GB";"2022-11-07 13:04:53";6.44
"Servidor-SPTECH";"ram";"ram_Usada";"GB";"2022-11-07 13:04:52";6.46
"Servidor-SPTECH";"ram";"ram_Usada";"GB";"2022-11-07 13:04:50";6.45
"Servidor-SPTECH";"ram";"ram_Usada";"GB";"2022-11-07 13:04:48";6.44
"Servidor-SPTECH";"ram";"ram_Usada";"GB";"2022-11-07 13:04:46";6.44
"Servidor-SPTECH";"ram";"ram_Usada";"GB";"2022-11-07 13:04:45";6.45
"Servidor-SPTECH";"ram";"ram_Usada";"GB";"2022-11-07 13:04:43";6.44
"Servidor-SPTECH";"ram";"ram_Usada";"GB";"2022-11-07 13:04:41";6.4
"Servidor-SPTECH";"ram";"ram_Usada";"GB";"2022-11-07 13:04:39";6.41
"Servidor-SPTECH";"ram";"ram_Usada";"GB";"2022-11-07 13:04:38";6.4
"Servidor-SPTECH";"ram";"ram_Usada";"GB";"2022-11-07 13:04:36";6.48
"Servidor-SPTECH";"ram";"ram_Usada";"GB";"2022-11-07 13:04:35";6.48
"Servidor-SPTECH";"ram";"ram_Usada";"GB";"2022-11-07 13:04:33";6.51
"Servidor-SPTECH";"ram";"ram_Usada";"GB";"2022-11-07 13:04:31";6.51
"Servidor-SPTECH";"ram";"ram_Usada";"GB";"2022-11-07 13:04:30";6.48
"Servidor-SPTECH";"ram";"ram_Usada";"GB";"2022-11-07 13:04:28";6.52
"Servidor-SPTECH";"ram";"ram_Usada";"GB";"2022-11-07 13:04:27";6.53
"Servidor-SPTECH";"ram";"ram_Usada";"GB";"2022-11-07 13:04:25";6.51
"Servidor-SPTECH";"ram";"ram_Usada";"GB";"2022-11-07 13:04:23";6.46
"Servidor-SPTECH";"ram";"ram_Usada";"GB";"2022-11-07 13:04:22";6.49
"Servidor-SPTECH";"ram";"ram_Usada";"GB";"2022-11-07 13:04:20";6.44
"Servidor-SPTECH";"ram";"ram_Usada";"GB";"2022-11-07 13:04:19";6.45
"Servidor-SPTECH";"ram";"ram_Usada";"GB";"2022-11-07 13:04:17";6.45
"Servidor-SPTECH";"ram";"ram_Usada";"GB";"2022-11-07 13:04:15";6.41
"Servidor-SPTECH";"ram";"ram_Usada";"GB";"2022-11-07 13:04:13";6.41
"Servidor-SPTECH";"ram";"ram_Usada";"GB";"2022-11-07 13:04:12";6.38
"Servidor-SPTECH";"ram";"ram_Usada";"GB";"2022-11-07 13:04:10";6.41
"Servidor-SPTECH";"ram";"ram_Usada";"GB";"2022-11-07 13:04:08";6.42
"Servidor-SPTECH";"ram";"ram_Usada";"GB";"2022-11-07 13:04:07";6.42
"Servidor-SPTECH";"ram";"ram_Usada";"GB";"2022-11-07 13:04:05";6.49
"Servidor-SPTECH";"ram";"ram_Usada";"GB";"2022-11-07 13:04:04";6.55
"Servidor-SPTECH";"ram";"ram_Usada";"GB";"2022-11-07 13:04:02";6.58
"Servidor-SPTECH";"ram";"ram_Usada";"GB";"2022-11-07 13:04:00";6.61
"Servidor-SPTECH";"ram";"ram_Usada";"GB";"2022-11-07 13:03:59";6.62
"Servidor-SPTECH";"ram";"ram_Usada";"GB";"2022-11-07 13:03:57";6.71
"Servidor-SPTECH";"ram";"ram_Usada";"GB";"2022-11-07 13:03:55";6.68
"Servidor-SPTECH";"ram";"ram_Usada";"GB";"2022-11-07 13:03:53";6.63
"Servidor-SPTECH";"ram";"ram_Usada";"GB";"2022-11-07 13:03:52";6.55
"Servidor-SPTECH";"ram";"ram_Usada";"GB";"2022-11-07 13:03:50";6.5
"Servidor-SPTECH";"ram";"ram_Usada";"GB";"2022-11-07 13:03:49";6.5
"Servidor-SPTECH";"ram";"ram_Usada";"GB";"2022-11-07 13:03:47";6.47
"Servidor-SPTECH";"ram";"ram_Usada";"GB";"2022-11-07 13:03:45";6.49
"Servidor-SPTECH";"ram";"ram_Usada";"GB";"2022-11-07 13:03:44";6.48
"Servidor-SPTECH";"ram";"ram_Usada";"GB";"2022-11-07 13:03:42";6.46
"Servidor-SPTECH";"ram";"ram_Usada";"GB";"2022-11-07 13:03:40";6.43
"Servidor-SPTECH";"ram";"ram_Usada";"GB";"2022-11-07 13:03:39";6.47
"Servidor-SPTECH";"ram";"ram_Usada";"GB";"2022-11-07 13:03:37";6.46
"Servidor-SPTECH";"ram";"ram_Usada";"GB";"2022-11-07 13:03:35";6.42
"Servidor-SPTECH";"ram";"ram_Usada";"GB";"2022-11-07 13:03:34";6.46
"Servidor-SPTECH";"ram";"ram_Usada";"GB";"2022-11-07 13:03:32";6.53
"Servidor-SPTECH";"ram";"ram_Usada";"GB";"2022-11-07 13:03:31";6.56
"Servidor-SPTECH";"ram";"ram_Usada";"GB";"2022-11-07 13:03:29";6.52
"Servidor-SPTECH";"ram";"ram_Usada";"GB";"2022-11-07 13:03:27";6.57
"Servidor-SPTECH";"ram";"ram_Usada";"GB";"2022-11-07 13:03:26";6.56
"Servidor-SPTECH";"ram";"ram_Usada";"GB";"2022-11-07 13:03:24";6.63
"Servidor-SPTECH";"ram";"ram_Usada";"GB";"2022-11-07 13:03:22";6.55
"Servidor-SPTECH";"ram";"ram_Usada";"GB";"2022-11-07 13:03:20";6.44
"Servidor-SPTECH";"ram";"ram_Usada";"GB";"2022-11-07 13:03:19";6.45
"Servidor-SPTECH";"ram";"ram_Usada";"GB";"2022-11-07 13:03:17";6.43
"Servidor-SPTECH";"ram";"ram_Usada";"GB";"2022-11-07 13:03:16";6.45
"Servidor-SPTECH";"ram";"ram_Usada";"GB";"2022-11-07 13:03:14";6.47
"Servidor-SPTECH";"ram";"ram_Usada";"GB";"2022-11-07 13:03:12";6.48
"Servidor-SPTECH";"ram";"ram_Usada";"GB";"2022-11-07 13:03:10";6.51
"Servidor-SPTECH";"ram";"ram_Usada";"GB";"2022-11-07 13:03:09";6.52
"Servidor-SPTECH";"ram";"ram_Usada";"GB";"2022-11-07 13:03:07";6.53
"Servidor-SPTECH";"ram";"ram_Usada";"GB";"2022-11-07 13:03:06";6.54
"Servidor-SPTECH";"ram";"ram_Usada";"GB";"2022-11-07 13:03:04";6.54
"Servidor-SPTECH";"ram";"ram_Usada";"GB";"2022-11-07 13:03:03";6.58
"Servidor-SPTECH";"ram";"ram_Usada";"GB";"2022-11-07 13:03:01";6.5
"Servidor-SPTECH";"ram";"ram_Usada";"GB";"2022-11-07 13:02:59";6.48
"Servidor-SPTECH";"ram";"ram_Usada";"GB";"2022-11-07 13:02:57";6.5
"Servidor-SPTECH";"ram";"ram_Usada";"GB";"2022-11-07 13:02:56";6.48
"Servidor-SPTECH";"ram";"ram_Usada";"GB";"2022-11-07 13:02:54";6.47
"Servidor-SPTECH";"ram";"ram_Usada";"GB";"2022-11-07 13:02:52";6.52
"Servidor-SPTECH";"ram";"ram_Usada";"GB";"2022-11-07 13:02:51";6.52
"Servidor-SPTECH";"ram";"ram_Usada";"GB";"2022-11-07 13:02:49";6.52
"Servidor-SPTECH";"ram";"ram_Usada";"GB";"2022-11-07 13:02:48";6.56
"Servidor-SPTECH";"ram";"ram_Usada";"GB";"2022-11-07 13:02:46";6.56
"Servidor-SPTECH";"ram";"ram_Usada";"GB";"2022-11-07 13:02:44";6.56
"Servidor-SPTECH";"ram";"ram_Usada";"GB";"2022-11-07 13:02:43";6.54
"Servidor-SPTECH";"ram";"ram_Usada";"GB";"2022-11-07 13:02:41";6.51
"Servidor-SPTECH";"ram";"ram_Usada";"GB";"2022-11-07 13:02:40";6.54
"Servidor-SPTECH";"ram";"ram_Usada";"GB";"2022-11-07 13:02:38";6.53
"Servidor-SPTECH";"ram";"ram_Usada";"GB";"2022-11-07 13:02:36";6.53
"Servidor-SPTECH";"ram";"ram_Usada";"GB";"2022-11-07 13:02:34";6.4
"Servidor-SPTECH";"ram";"ram_Usada";"GB";"2022-11-07 13:02:33";6.42
"Servidor-SPTECH";"ram";"ram_Usada";"GB";"2022-11-07 13:02:31";6.42
"Servidor-SPTECH";"ram";"ram_Usada";"GB";"2022-11-07 13:02:30";6.41
"Servidor-SPTECH";"ram";"ram_Usada";"GB";"2022-11-07 13:02:28";6.41
"Servidor-SPTECH";"ram";"ram_Usada";"GB";"2022-11-07 13:02:27";6.42
"Servidor-SPTECH";"ram";"ram_Usada";"GB";"2022-11-07 13:02:25";6.42
"Servidor-SPTECH";"ram";"ram_Usada";"GB";"2022-11-07 13:02:23";6.44
"Servidor-SPTECH";"ram";"ram_Usada";"GB";"2022-11-07 13:02:22";6.45
"Servidor-SPTECH";"ram";"ram_Usada";"GB";"2022-11-07 13:02:20";6.44
"Servidor-SPTECH";"ram";"ram_Usada";"GB";"2022-11-07 13:02:19";6.43
"Servidor-SPTECH";"ram";"ram_Usada";"GB";"2022-11-07 13:02:17";6.4
"Servidor-SPTECH";"ram";"ram_Usada";"GB";"2022-11-07 13:02:15";6.43
"Servidor-SPTECH";"ram";"ram_Usada";"GB";"2022-11-07 13:02:14";6.47
"Servidor-SPTECH";"ram";"ram_Usada";"GB";"2022-11-07 13:02:12";6.46
"Servidor-SPTECH";"ram";"ram_Usada";"GB";"2022-11-07 13:02:11";6.45
"Servidor-SPTECH";"ram";"ram_Usada";"GB";"2022-11-07 13:02:09";6.52
"Servidor-SPTECH";"ram";"ram_Usada";"GB";"2022-11-07 13:02:07";6.53
"Servidor-SPTECH";"ram";"ram_Usada";"GB";"2022-11-07 13:02:06";6.54
"Servidor-SPTECH";"ram";"ram_Usada";"GB";"2022-11-07 13:02:04";6.53
"Servidor-SPTECH";"ram";"ram_Usada";"GB";"2022-11-07 13:02:02";6.55
"Servidor-SPTECH";"ram";"ram_Usada";"GB";"2022-11-07 13:02:01";6.55
"Servidor-SPTECH";"ram";"ram_Usada";"GB";"2022-11-07 13:01:59";6.5
"Servidor-SPTECH";"ram";"ram_Usada";"GB";"2022-11-07 13:01:57";6.52
"Servidor-SPTECH";"ram";"ram_Usada";"GB";"2022-11-07 13:01:56";6.44
"Servidor-SPTECH";"ram";"ram_Usada";"GB";"2022-11-07 13:01:54";6.42
"Servidor-SPTECH";"ram";"ram_Usada";"GB";"2022-11-07 13:01:52";6.5
"Servidor-SPTECH";"ram";"ram_Usada";"GB";"2022-11-07 13:01:50";6.55
"Servidor-SPTECH";"ram";"ram_Usada";"GB";"2022-11-07 13:01:49";6.55
"Servidor-SPTECH";"ram";"ram_Usada";"GB";"2022-11-07 13:01:47";6.56
"Servidor-SPTECH";"ram";"ram_Usada";"GB";"2022-11-07 13:01:46";6.58
"Servidor-SPTECH";"ram";"ram_Usada";"GB";"2022-11-07 13:01:44";6.6
"Servidor-SPTECH";"ram";"ram_Usada";"GB";"2022-11-07 13:01:42";6.51
"Servidor-SPTECH";"ram";"ram_Usada";"GB";"2022-11-07 13:01:41";6.45
"Servidor-SPTECH";"ram";"ram_Usada";"GB";"2022-11-07 13:01:39";6.47
"Servidor-SPTECH";"ram";"ram_Usada";"GB";"2022-11-07 13:01:37";6.5
"Servidor-SPTECH";"ram";"ram_Usada";"GB";"2022-11-07 13:01:35";6.51
"Servidor-SPTECH";"ram";"ram_Usada";"GB";"2022-11-07 13:01:34";6.5
"Servidor-SPTECH";"ram";"ram_Usada";"GB";"2022-11-07 13:01:32";6.51
"Servidor-SPTECH";"ram";"ram_Usada";"GB";"2022-11-07 13:01:30";6.54
"Servidor-SPTECH";"ram";"ram_Usada";"GB";"2022-11-07 13:01:29";6.48
"Servidor-SPTECH";"ram";"ram_Usada";"GB";"2022-11-07 13:01:27";6.47
"Servidor-SPTECH";"ram";"ram_Usada";"GB";"2022-11-07 13:01:25";6.39
"Servidor-SPTECH";"ram";"ram_Usada";"GB";"2022-11-07 13:01:24";6.48
"Servidor-SPTECH";"ram";"ram_Usada";"GB";"2022-11-07 13:01:22";6.49
"Servidor-SPTECH";"ram";"ram_Usada";"GB";"2022-11-07 13:01:20";6.42
"Servidor-SPTECH";"ram";"ram_Usada";"GB";"2022-11-07 13:01:18";6.41
"Servidor-SPTECH";"ram";"ram_Usada";"GB";"2022-11-07 13:01:17";6.4
"Servidor-SPTECH";"ram";"ram_Usada";"GB";"2022-11-07 13:01:15";6.4
"Servidor-SPTECH";"ram";"ram_Usada";"GB";"2022-11-07 13:01:14";6.4
"Servidor-SPTECH";"ram";"ram_Usada";"GB";"2022-11-07 13:01:12";6.34
"Servidor-SPTECH";"ram";"ram_Usada";"GB";"2022-11-07 13:01:10";6.35
"Servidor-SPTECH";"ram";"ram_Usada";"GB";"2022-11-07 13:01:09";6.35
"Servidor-SPTECH";"ram";"ram_Usada";"GB";"2022-11-07 13:01:07";6.33
"Servidor-SPTECH";"ram";"ram_Usada";"GB";"2022-11-07 13:01:05";6.34
"Servidor-SPTECH";"ram";"ram_Usada";"GB";"2022-11-07 13:01:04";6.36
"Servidor-SPTECH";"ram";"ram_Usada";"GB";"2022-11-07 13:01:02";6.41
"Servidor-SPTECH";"ram";"ram_Usada";"GB";"2022-11-07 13:01:00";6.39
"Servidor-SPTECH";"ram";"ram_Usada";"GB";"2022-11-07 13:00:58";6.33
"Servidor-SPTECH";"ram";"ram_Usada";"GB";"2022-11-07 13:00:57";6.35
"Servidor-SPTECH";"ram";"ram_Usada";"GB";"2022-11-07 13:00:55";6.36
"Servidor-SPTECH";"ram";"ram_Usada";"GB";"2022-11-07 13:00:54";6.37
"Servidor-SPTECH";"ram";"ram_Usada";"GB";"2022-11-07 13:00:52";6.37
"Servidor-SPTECH";"ram";"ram_Usada";"GB";"2022-11-07 13:00:50";6.39
"Servidor-SPTECH";"ram";"ram_Usada";"GB";"2022-11-07 13:00:49";6.4
"Servidor-SPTECH";"ram";"ram_Usada";"GB";"2022-11-07 13:00:47";6.33
"Servidor-SPTECH";"ram";"ram_Usada";"GB";"2022-11-07 13:00:46";6.36
"Servidor-SPTECH";"ram";"ram_Usada";"GB";"2022-11-07 13:00:44";6.34
"Servidor-SPTECH";"ram";"ram_Usada";"GB";"2022-11-07 13:00:42";6.32
"Servidor-SPTECH";"ram";"ram_Usada";"GB";"2022-11-07 13:00:40";6.28
"Servidor-SPTECH";"ram";"ram_Usada";"GB";"2022-11-07 13:00:39";6.3
"Servidor-SPTECH";"ram";"ram_Usada";"GB";"2022-11-07 13:00:37";6.3
"Servidor-SPTECH";"ram";"ram_Usada";"GB";"2022-11-07 13:00:35";6.31
"Servidor-SPTECH";"ram";"ram_Usada";"GB";"2022-11-07 13:00:34";6.31
"Servidor-SPTECH";"ram";"ram_Usada";"GB";"2022-11-07 13:00:32";6.3
"Servidor-SPTECH";"ram";"ram_Usada";"GB";"2022-11-07 13:00:31";6.31
"Servidor-SPTECH";"ram";"ram_Usada";"GB";"2022-11-07 13:00:29";6.3
"Servidor-SPTECH";"ram";"ram_Usada";"GB";"2022-11-07 13:00:27";6.3
"Servidor-SPTECH";"ram";"ram_Usada";"GB";"2022-11-07 13:00:26";6.3
"Servidor-SPTECH";"ram";"ram_Usada";"GB";"2022-11-07 13:00:24";6.29
"Servidor-SPTECH";"ram";"ram_Usada";"GB";"2022-11-07 13:00:22";6.29
"Servidor-SPTECH";"ram";"ram_Usada";"GB";"2022-11-07 13:00:21";6.26
"Servidor-SPTECH";"ram";"ram_Usada";"GB";"2022-11-07 13:00:19";6.23
"Servidor-SPTECH";"ram";"ram_Usada";"GB";"2022-11-07 13:00:18";6.23
"Servidor-SPTECH";"ram";"ram_Usada";"GB";"2022-11-07 13:00:16";6.2
"Servidor-SPTECH";"ram";"ram_Usada";"GB";"2022-11-07 13:00:14";6.2
"Servidor-SPTECH";"ram";"ram_Usada";"GB";"2022-11-07 13:00:13";6.21
"Servidor-SPTECH";"ram";"ram_Usada";"GB";"2022-11-07 13:00:11";6.2
"Servidor-SPTECH";"ram";"ram_Usada";"GB";"2022-11-07 13:00:10";6.2
"Servidor-SPTECH";"ram";"ram_Usada";"GB";"2022-11-07 13:00:08";6.19
"Servidor-SPTECH";"ram";"ram_Usada";"GB";"2022-11-07 13:00:06";6.22
"Servidor-SPTECH";"ram";"ram_Usada";"GB";"2022-11-07 13:00:05";6.3
"Servidor-SPTECH";"ram";"ram_Usada";"GB";"2022-11-07 13:00:03";6.3
"Servidor-SPTECH";"ram";"ram_Usada";"GB";"2022-11-07 13:00:02";6.38
"Servidor-SPTECH";"ram";"ram_Usada";"GB";"2022-11-07 13:00:00";6.38
"Servidor-SPTECH";"ram";"ram_Usada";"GB";"2022-11-07 12:59:59";6.38
"Servidor-SPTECH";"ram";"ram_Usada";"GB";"2022-11-07 12:59:57";6.39
"Servidor-SPTECH";"ram";"ram_Usada";"GB";"2022-11-07 12:59:55";6.39
"Servidor-SPTECH";"ram";"ram_Usada";"GB";"2022-11-07 12:59:54";6.38
"Servidor-SPTECH";"ram";"ram_Usada";"GB";"2022-11-07 12:59:52";6.36
"Servidor-SPTECH";"ram";"ram_Usada";"GB";"2022-11-07 12:59:50";6.36
"Servidor-SPTECH";"ram";"ram_Usada";"GB";"2022-11-07 12:59:49";6.32
"Servidor-SPTECH";"ram";"ram_Usada";"GB";"2022-11-07 12:59:47";6.32
"Servidor-SPTECH";"ram";"ram_Usada";"GB";"2022-11-07 12:59:46";6.32
"Servidor-SPTECH";"ram";"ram_Usada";"GB";"2022-11-07 12:59:44";6.32
"Servidor-SPTECH";"ram";"ram_Usada";"GB";"2022-11-07 12:59:42";6.32
"Servidor-SPTECH";"ram";"ram_Usada";"GB";"2022-11-07 12:59:41";6.32
"Servidor-SPTECH";"ram";"ram_Usada";"GB";"2022-11-07 12:59:39";6.3
"Servidor-SPTECH";"ram";"ram_Usada";"GB";"2022-11-07 12:59:37";6.29
"Servidor-SPTECH";"ram";"ram_Usada";"GB";"2022-11-07 12:59:35";6.29
"Servidor-SPTECH";"ram";"ram_Usada";"GB";"2022-11-07 12:59:34";6.3
"Servidor-SPTECH";"ram";"ram_Usada";"GB";"2022-11-07 12:59:32";6.31
"Servidor-SPTECH";"ram";"ram_Usada";"GB";"2022-11-07 12:59:30";6.31
"Servidor-SPTECH";"ram";"ram_Usada";"GB";"2022-11-07 12:59:29";6.29
"Servidor-SPTECH";"ram";"ram_Usada";"GB";"2022-11-07 12:59:27";6.31
"Servidor-SPTECH";"ram";"ram_Usada";"GB";"2022-11-07 12:59:25";6.33
"Servidor-SPTECH";"ram";"ram_Usada";"GB";"2022-11-07 12:59:24";6.34
"Servidor-SPTECH";"ram";"ram_Usada";"GB";"2022-11-07 12:59:22";6.35
"Servidor-SPTECH";"ram";"ram_Usada";"GB";"2022-11-07 12:59:20";6.33
"Servidor-SPTECH";"ram";"ram_Usada";"GB";"2022-11-07 12:59:19";6.33
"Servidor-SPTECH";"ram";"ram_Usada";"GB";"2022-11-07 12:59:17";6.34
"Servidor-SPTECH";"ram";"ram_Usada";"GB";"2022-11-07 12:59:15";6.32
"Servidor-SPTECH";"ram";"ram_Usada";"GB";"2022-11-07 12:59:13";6.21
"Servidor-SPTECH";"ram";"ram_Usada";"GB";"2022-11-07 12:59:12";6.16
"Servidor-SPTECH";"ram";"ram_Usada";"GB";"2022-11-07 12:59:10";6.16
"Servidor-SPTECH";"ram";"ram_Usada";"GB";"2022-11-07 12:59:09";6.16
"Servidor-SPTECH";"ram";"ram_Usada";"GB";"2022-11-07 12:59:07";6.16
"Servidor-SPTECH";"ram";"ram_Usada";"GB";"2022-11-07 12:59:05";6.15
"Servidor-SPTECH";"ram";"ram_Usada";"GB";"2022-11-07 12:59:04";6.15
"Servidor-SPTECH";"ram";"ram_Usada";"GB";"2022-11-07 12:59:02";6.19
"Servidor-SPTECH";"ram";"ram_Usada";"GB";"2022-11-07 12:59:00";6.19
"Servidor-SPTECH";"ram";"ram_Usada";"GB";"2022-11-07 12:58:59";6.18
"Servidor-SPTECH";"ram";"ram_Usada";"GB";"2022-11-07 12:58:57";6.18
"Servidor-SPTECH";"ram";"ram_Usada";"GB";"2022-11-07 12:58:55";6.18
"Servidor-SPTECH";"ram";"ram_Usada";"GB";"2022-11-07 12:58:54";6.18
"Servidor-SPTECH";"ram";"ram_Usada";"GB";"2022-11-07 12:58:52";6.18
"Servidor-SPTECH";"ram";"ram_Usada";"GB";"2022-11-07 12:58:51";6.17
"Servidor-SPTECH";"ram";"ram_Usada";"GB";"2022-11-07 12:58:49";6.18
"Servidor-SPTECH";"ram";"ram_Usada";"GB";"2022-11-07 12:58:47";6.17
"Servidor-SPTECH";"ram";"ram_Usada";"GB";"2022-11-07 12:58:46";6.18
"Servidor-SPTECH";"ram";"ram_Usada";"GB";"2022-11-07 12:58:44";6.17
"Servidor-SPTECH";"ram";"ram_Usada";"GB";"2022-11-07 12:58:43";6.17
"Servidor-SPTECH";"ram";"ram_Usada";"GB";"2022-11-07 12:58:41";6.18
"Servidor-SPTECH";"ram";"ram_Usada";"GB";"2022-11-07 12:58:39";6.17
"Servidor-SPTECH";"ram";"ram_Usada";"GB";"2022-11-07 12:58:38";6.14
"Servidor-SPTECH";"ram";"ram_Usada";"GB";"2022-11-07 12:58:36";6.17
"Servidor-SPTECH";"ram";"ram_Usada";"GB";"2022-11-07 12:58:34";6.17
"Servidor-SPTECH";"ram";"ram_Usada";"GB";"2022-11-07 12:58:33";6.16
"Servidor-SPTECH";"ram";"ram_Usada";"GB";"2022-11-07 12:58:31";6.16
"Servidor-SPTECH";"ram";"ram_Usada";"GB";"2022-11-07 12:58:29";6.17
"Servidor-SPTECH";"ram";"ram_Usada";"GB";"2022-11-07 12:58:28";6.16
"Servidor-SPTECH";"ram";"ram_Usada";"GB";"2022-11-07 12:58:26";6.17
"Servidor-SPTECH";"ram";"ram_Usada";"GB";"2022-11-07 12:58:25";6.16
"Servidor-SPTECH";"ram";"ram_Usada";"GB";"2022-11-07 12:58:23";6.17
"Servidor-SPTECH";"ram";"ram_Usada";"GB";"2022-11-07 12:58:22";6.17
"Servidor-SPTECH";"ram";"ram_Usada";"GB";"2022-11-07 12:58:20";6.17
"Servidor-SPTECH";"ram";"ram_Usada";"GB";"2022-11-07 12:58:18";6.17
"Servidor-SPTECH";"ram";"ram_Usada";"GB";"2022-11-07 12:58:16";6.16
"Servidor-SPTECH";"ram";"ram_Usada";"GB";"2022-11-07 12:58:15";6.17
"Servidor-SPTECH";"ram";"ram_Usada";"GB";"2022-11-07 12:58:13";6.18
"Servidor-SPTECH";"ram";"ram_Usada";"GB";"2022-11-07 12:58:12";6.17
"Servidor-SPTECH";"ram";"ram_Usada";"GB";"2022-11-07 12:58:10";6.17
"Servidor-SPTECH";"ram";"ram_Usada";"GB";"2022-11-07 12:58:08";6.15
"Servidor-SPTECH";"ram";"ram_Usada";"GB";"2022-11-07 12:58:07";6.18
"Servidor-SPTECH";"ram";"ram_Usada";"GB";"2022-11-07 12:58:05";6.19
"Servidor-SPTECH";"ram";"ram_Usada";"GB";"2022-11-07 12:58:03";6.19
"Servidor-SPTECH";"ram";"ram_Usada";"GB";"2022-11-07 12:58:02";6.18
"Servidor-SPTECH";"ram";"ram_Usada";"GB";"2022-11-07 12:58:00";6.23
"Servidor-SPTECH";"ram";"ram_Usada";"GB";"2022-11-07 12:57:58";6.24
"Servidor-SPTECH";"ram";"ram_Usada";"GB";"2022-11-07 12:57:57";6.24
"Servidor-SPTECH";"ram";"ram_Usada";"GB";"2022-11-07 12:57:55";6.24
"Servidor-SPTECH";"ram";"ram_Usada";"GB";"2022-11-07 12:57:53";6.24
"Servidor-SPTECH";"ram";"ram_Usada";"GB";"2022-11-07 12:57:52";6.24
"Servidor-SPTECH";"ram";"ram_Usada";"GB";"2022-11-07 12:57:50";6.24
"Servidor-SPTECH";"ram";"ram_Usada";"GB";"2022-11-07 12:57:48";6.24
"Servidor-SPTECH";"ram";"ram_Usada";"GB";"2022-11-07 12:57:47";6.24
"Servidor-SPTECH";"ram";"ram_Usada";"GB";"2022-11-07 12:57:45";6.27
"Servidor-SPTECH";"ram";"ram_Usada";"GB";"2022-11-07 12:57:43";6.24
"Servidor-SPTECH";"ram";"ram_Usada";"GB";"2022-11-07 12:57:42";6.27
"Servidor-SPTECH";"ram";"ram_Usada";"GB";"2022-11-07 12:57:40";6.27
"Servidor-SPTECH";"ram";"ram_Usada";"GB";"2022-11-07 12:57:39";6.28
"Servidor-SPTECH";"ram";"ram_Usada";"GB";"2022-11-07 12:57:37";6.28
"Servidor-SPTECH";"ram";"ram_Usada";"GB";"2022-11-07 12:57:36";6.31
"Servidor-SPTECH";"ram";"ram_Usada";"GB";"2022-11-07 12:57:34";6.34
"Servidor-SPTECH";"ram";"ram_Usada";"GB";"2022-11-07 12:57:32";6.34
"Servidor-SPTECH";"ram";"ram_Usada";"GB";"2022-11-07 12:57:31";6.34
"Servidor-SPTECH";"ram";"ram_Usada";"GB";"2022-11-07 12:57:29";6.33
"Servidor-SPTECH";"ram";"ram_Usada";"GB";"2022-11-07 12:57:27";6.19
"Servidor-SPTECH";"ram";"ram_Usada";"GB";"2022-11-07 12:57:25";6.16
"Servidor-SPTECH";"ram";"ram_Usada";"GB";"2022-11-07 12:57:24";6.18
"Servidor-SPTECH";"ram";"ram_Usada";"GB";"2022-11-07 12:57:22";6.16
"Servidor-SPTECH";"ram";"ram_Usada";"GB";"2022-11-07 12:57:20";6.16
"Servidor-SPTECH";"ram";"ram_Usada";"GB";"2022-11-07 12:57:19";6.18
"Servidor-SPTECH";"ram";"ram_Usada";"GB";"2022-11-07 12:57:17";6.22
"Servidor-SPTECH";"ram";"ram_Usada";"GB";"2022-11-07 12:57:16";6.21
"Servidor-SPTECH";"ram";"ram_Usada";"GB";"2022-11-07 12:57:14";6.22
"Servidor-SPTECH";"ram";"ram_Usada";"GB";"2022-11-07 12:57:13";6.23
"Servidor-SPTECH";"ram";"ram_Usada";"GB";"2022-11-07 12:57:11";6.24
"Servidor-SPTECH";"ram";"ram_Usada";"GB";"2022-11-07 12:57:10";6.23
"Servidor-SPTECH";"ram";"ram_Usada";"GB";"2022-11-07 12:57:08";6.23
"Servidor-SPTECH";"ram";"ram_Usada";"GB";"2022-11-07 12:57:06";6.23
"Servidor-SPTECH";"ram";"ram_Usada";"GB";"2022-11-07 12:57:05";6.23
"Servidor-SPTECH";"ram";"ram_Usada";"GB";"2022-11-07 12:57:03";6.24
"Servidor-SPTECH";"ram";"ram_Usada";"GB";"2022-11-07 12:57:02";6.24
"Servidor-SPTECH";"ram";"ram_Usada";"GB";"2022-11-07 12:57:00";6.17
"Servidor-SPTECH";"ram";"ram_Usada";"GB";"2022-11-07 12:56:58";6.18
"Servidor-SPTECH";"ram";"ram_Usada";"GB";"2022-11-07 12:56:57";6.19
"Servidor-SPTECH";"ram";"ram_Usada";"GB";"2022-11-07 12:56:55";6.19
"Servidor-SPTECH";"ram";"ram_Usada";"GB";"2022-11-07 12:56:53";6.19
"Servidor-SPTECH";"ram";"ram_Usada";"GB";"2022-11-07 12:56:51";6.17
"Servidor-SPTECH";"ram";"ram_Usada";"GB";"2022-11-07 12:56:50";6.15
"Servidor-SPTECH";"ram";"ram_Usada";"GB";"2022-11-07 12:56:48";6.16
"Servidor-SPTECH";"ram";"ram_Usada";"GB";"2022-11-07 12:56:47";6.15
"Servidor-SPTECH";"ram";"ram_Usada";"GB";"2022-11-07 12:56:45";6.17
"Servidor-SPTECH";"ram";"ram_Usada";"GB";"2022-11-07 12:56:43";6.18
"Servidor-SPTECH";"ram";"ram_Usada";"GB";"2022-11-07 12:56:42";6.19
"Servidor-SPTECH";"ram";"ram_Usada";"GB";"2022-11-07 12:56:40";6.19
"Servidor-SPTECH";"ram";"ram_Usada";"GB";"2022-11-07 12:56:39";6.19
"Servidor-SPTECH";"ram";"ram_Usada";"GB";"2022-11-07 12:56:37";6.14
"Servidor-SPTECH";"ram";"ram_Usada";"GB";"2022-11-07 12:56:36";6.16
"Servidor-SPTECH";"ram";"ram_Usada";"GB";"2022-11-07 12:56:34";6.16
"Servidor-SPTECH";"ram";"ram_Usada";"GB";"2022-11-07 12:56:32";6.17
"Servidor-SPTECH";"ram";"ram_Usada";"GB";"2022-11-07 12:56:31";6.26
"Servidor-SPTECH";"ram";"ram_Usada";"GB";"2022-11-07 12:56:29";6.29
"Servidor-SPTECH";"ram";"ram_Usada";"GB";"2022-11-07 12:56:28";6.33
"Servidor-SPTECH";"ram";"ram_Usada";"GB";"2022-11-07 12:56:26";6.34
"Servidor-SPTECH";"ram";"ram_Usada";"GB";"2022-11-07 12:56:25";6.35
"Servidor-SPTECH";"ram";"ram_Usada";"GB";"2022-11-07 12:56:23";6.35
"Servidor-SPTECH";"ram";"ram_Usada";"GB";"2022-11-07 12:56:21";6.34
"Servidor-SPTECH";"ram";"ram_Usada";"GB";"2022-11-07 12:56:20";6.32
"Servidor-SPTECH";"ram";"ram_Usada";"GB";"2022-11-07 12:56:18";6.29
"Servidor-SPTECH";"ram";"ram_Usada";"GB";"2022-11-07 12:56:17";6.29
"Servidor-SPTECH";"ram";"ram_Usada";"GB";"2022-11-07 12:56:15";6.3
"Servidor-SPTECH";"ram";"ram_Usada";"GB";"2022-11-07 12:56:13";6.31
"Servidor-SPTECH";"ram";"ram_Usada";"GB";"2022-11-07 12:56:12";6.32
"Servidor-SPTECH";"ram";"ram_Usada";"GB";"2022-11-07 12:56:10";6.27
"Servidor-SPTECH";"ram";"ram_Usada";"GB";"2022-11-07 12:56:08";6.3
"Servidor-SPTECH";"ram";"ram_Usada";"GB";"2022-11-07 12:56:06";6.3
"Servidor-SPTECH";"ram";"ram_Usada";"GB";"2022-11-07 12:56:05";6.28
"Servidor-SPTECH";"ram";"ram_Usada";"GB";"2022-11-07 12:56:03";6.2
"Servidor-SPTECH";"ram";"ram_Usada";"GB";"2022-11-07 12:56:01";6.31
"Servidor-SPTECH";"ram";"ram_Usada";"GB";"2022-11-07 12:56:00";6.3
"Servidor-SPTECH";"ram";"ram_Usada";"GB";"2022-11-07 12:55:58";6.29
"Servidor-SPTECH";"ram";"ram_Usada";"GB";"2022-11-07 12:55:56";6.22
"Servidor-SPTECH";"ram";"ram_Usada";"GB";"2022-11-07 12:55:55";6.21
"Servidor-SPTECH";"ram";"ram_Usada";"GB";"2022-11-07 12:55:53";6.24
"Servidor-SPTECH";"ram";"ram_Usada";"GB";"2022-11-07 12:55:51";6.24
"Servidor-SPTECH";"ram";"ram_Usada";"GB";"2022-11-07 12:55:50";6.27
"Servidor-SPTECH";"ram";"ram_Usada";"GB";"2022-11-07 12:55:48";6.27
"Servidor-SPTECH";"ram";"ram_Usada";"GB";"2022-11-07 12:55:46";6.27
"Servidor-SPTECH";"ram";"ram_Usada";"GB";"2022-11-07 12:55:45";6.26
"Servidor-SPTECH";"ram";"ram_Usada";"GB";"2022-11-07 12:55:43";6.23
"Servidor-SPTECH";"ram";"ram_Usada";"GB";"2022-11-07 12:55:42";6.29
"Servidor-SPTECH";"ram";"ram_Usada";"GB";"2022-11-07 12:55:40";6.27
"Servidor-SPTECH";"ram";"ram_Usada";"GB";"2022-11-07 12:55:38";6.29
"Servidor-SPTECH";"ram";"ram_Usada";"GB";"2022-11-07 12:55:37";6.27
"Servidor-SPTECH";"ram";"ram_Usada";"GB";"2022-11-07 12:55:35";6.26
"Servidor-SPTECH";"ram";"ram_Usada";"GB";"2022-11-07 12:55:34";6.26
"Servidor-SPTECH";"ram";"ram_Usada";"GB";"2022-11-07 12:55:32";6.29
"Servidor-SPTECH";"ram";"ram_Usada";"GB";"2022-11-07 12:55:30";6.34
"Servidor-SPTECH";"ram";"ram_Usada";"GB";"2022-11-07 12:55:29";6.34
"Servidor-SPTECH";"ram";"ram_Usada";"GB";"2022-11-07 12:55:27";6.33
"Servidor-SPTECH";"ram";"ram_Usada";"GB";"2022-11-07 12:55:25";6.27
"Servidor-SPTECH";"ram";"ram_Usada";"GB";"2022-11-07 12:55:24";6.22
"Servidor-SPTECH";"ram";"ram_Usada";"GB";"2022-11-07 12:55:22";6.22
"Servidor-SPTECH";"ram";"ram_Usada";"GB";"2022-11-07 12:55:20";6.23
"Servidor-SPTECH";"ram";"ram_Usada";"GB";"2022-11-07 12:55:18";6.21
"Servidor-SPTECH";"ram";"ram_Usada";"GB";"2022-11-07 12:55:17";6.22
"Servidor-SPTECH";"ram";"ram_Usada";"GB";"2022-11-07 12:55:15";6.23
"Servidor-SPTECH";"ram";"ram_Usada";"GB";"2022-11-07 12:55:14";6.25
"Servidor-SPTECH";"ram";"ram_Usada";"GB";"2022-11-07 12:55:12";6.25
"Servidor-SPTECH";"ram";"ram_Usada";"GB";"2022-11-07 12:55:10";6.25
"Servidor-SPTECH";"ram";"ram_Usada";"GB";"2022-11-07 12:55:09";6.24
"Servidor-SPTECH";"ram";"ram_Usada";"GB";"2022-11-07 12:55:07";6.19
"Servidor-SPTECH";"ram";"ram_Usada";"GB";"2022-11-07 12:55:06";6.21
"Servidor-SPTECH";"ram";"ram_Usada";"GB";"2022-11-07 12:55:04";6.21
"Servidor-SPTECH";"ram";"ram_Usada";"GB";"2022-11-07 12:55:02";6.23
"Servidor-SPTECH";"ram";"ram_Usada";"GB";"2022-11-07 12:55:01";6.24
"Servidor-SPTECH";"ram";"ram_Usada";"GB";"2022-11-07 12:54:59";6.27
"Servidor-SPTECH";"ram";"ram_Usada";"GB";"2022-11-07 12:54:58";6.26
"Servidor-SPTECH";"ram";"ram_Usada";"GB";"2022-11-07 12:54:56";6.25
"Servidor-SPTECH";"ram";"ram_Usada";"GB";"2022-11-07 12:54:54";6.25
"Servidor-SPTECH";"ram";"ram_Usada";"GB";"2022-11-07 12:54:53";6.22
"Servidor-SPTECH";"ram";"ram_Usada";"GB";"2022-11-07 12:54:51";6.22
"Servidor-SPTECH";"ram";"ram_Usada";"GB";"2022-11-07 12:54:50";6.23
"Servidor-SPTECH";"ram";"ram_Usada";"GB";"2022-11-07 12:54:48";6.23
"Servidor-SPTECH";"ram";"ram_Usada";"GB";"2022-11-07 12:54:47";6.22
"Servidor-SPTECH";"ram";"ram_Usada";"GB";"2022-11-07 12:54:45";6.23
"Servidor-SPTECH";"ram";"ram_Usada";"GB";"2022-11-07 12:54:43";6.16
"Servidor-SPTECH";"ram";"ram_Usada";"GB";"2022-11-07 12:54:42";6.21
"Servidor-SPTECH";"ram";"ram_Usada";"GB";"2022-11-07 12:54:40";6.21
"Servidor-SPTECH";"ram";"ram_Usada";"GB";"2022-11-07 12:54:39";6.2
"Servidor-SPTECH";"ram";"ram_Usada";"GB";"2022-11-07 12:54:37";6.19
"Servidor-SPTECH";"ram";"ram_Usada";"GB";"2022-11-07 12:54:36";6.2
"Servidor-SPTECH";"ram";"ram_Usada";"GB";"2022-11-07 12:54:34";6.2
"Servidor-SPTECH";"ram";"ram_Usada";"GB";"2022-11-07 12:54:33";6.22
"Servidor-SPTECH";"ram";"ram_Usada";"GB";"2022-11-07 12:54:31";6.21
"Servidor-SPTECH";"ram";"ram_Usada";"GB";"2022-11-07 12:54:29";6.24
"Servidor-SPTECH";"ram";"ram_Usada";"GB";"2022-11-07 12:54:27";6.23
"Servidor-SPTECH";"ram";"ram_Usada";"GB";"2022-11-07 12:54:26";6.24
"Servidor-SPTECH";"ram";"ram_Usada";"GB";"2022-11-07 12:54:24";6.24
"Servidor-SPTECH";"ram";"ram_Usada";"GB";"2022-11-07 12:54:23";6.24
"Servidor-SPTECH";"ram";"ram_Usada";"GB";"2022-11-07 12:54:21";6.24
"Servidor-SPTECH";"ram";"ram_Usada";"GB";"2022-11-07 12:54:19";6.24
"Servidor-SPTECH";"ram";"ram_Usada";"GB";"2022-11-07 12:54:18";6.23
"Servidor-SPTECH";"ram";"ram_Usada";"GB";"2022-11-07 12:54:16";6.23
"Servidor-SPTECH";"ram";"ram_Usada";"GB";"2022-11-07 12:54:15";6.23
"Servidor-SPTECH";"ram";"ram_Usada";"GB";"2022-11-07 12:54:13";6.2
"Servidor-SPTECH";"ram";"ram_Usada";"GB";"2022-11-07 12:54:11";6.21
"Servidor-SPTECH";"ram";"ram_Usada";"GB";"2022-11-07 12:54:10";6.21
"Servidor-SPTECH";"ram";"ram_Usada";"GB";"2022-11-07 12:54:08";6.21
"Servidor-SPTECH";"ram";"ram_Usada";"GB";"2022-11-07 12:54:07";6.17
"Servidor-SPTECH";"ram";"ram_Usada";"GB";"2022-11-07 12:54:05";6.18
"Servidor-SPTECH";"ram";"ram_Usada";"GB";"2022-11-07 12:54:03";6.18
"Servidor-SPTECH";"ram";"ram_Usada";"GB";"2022-11-07 12:54:02";6.28
"Servidor-SPTECH";"ram";"ram_Usada";"GB";"2022-11-07 12:54:00";6.25
"Servidor-SPTECH";"ram";"ram_Usada";"GB";"2022-11-07 12:53:58";6.28
"Servidor-SPTECH";"ram";"ram_Usada";"GB";"2022-11-07 12:53:57";6.29
"Servidor-SPTECH";"ram";"ram_Usada";"GB";"2022-11-07 12:53:55";6.29
"Servidor-SPTECH";"ram";"ram_Usada";"GB";"2022-11-07 12:53:53";6.29
"Servidor-SPTECH";"ram";"ram_Usada";"GB";"2022-11-07 12:53:52";6.28
"Servidor-SPTECH";"ram";"ram_Usada";"GB";"2022-11-07 12:53:50";6.28
"Servidor-SPTECH";"ram";"ram_Usada";"GB";"2022-11-07 12:53:49";6.27
"Servidor-SPTECH";"ram";"ram_Usada";"GB";"2022-11-07 12:53:47";6.3
"Servidor-SPTECH";"ram";"ram_Usada";"GB";"2022-11-07 12:53:45";6.29
"Servidor-SPTECH";"ram";"ram_Usada";"GB";"2022-11-07 12:53:44";6.27
"Servidor-SPTECH";"ram";"ram_Usada";"GB";"2022-11-07 12:53:42";6.28
"Servidor-SPTECH";"ram";"ram_Usada";"GB";"2022-11-07 12:53:40";6.26
"Servidor-SPTECH";"ram";"ram_Usada";"GB";"2022-11-07 12:53:39";6.25
"Servidor-SPTECH";"ram";"ram_Usada";"GB";"2022-11-07 12:53:37";6.24
"Servidor-SPTECH";"ram";"ram_Usada";"GB";"2022-11-07 12:53:35";6.23
"Servidor-SPTECH";"ram";"ram_Usada";"GB";"2022-11-07 12:53:34";6.24
"Servidor-SPTECH";"ram";"ram_Usada";"GB";"2022-11-07 12:53:32";6.29
"Servidor-SPTECH";"ram";"ram_Usada";"GB";"2022-11-07 12:53:30";6.26
"Servidor-SPTECH";"ram";"ram_Usada";"GB";"2022-11-07 12:53:29";6.3
"Servidor-SPTECH";"ram";"ram_Usada";"GB";"2022-11-07 12:53:27";6.3
"Servidor-SPTECH";"ram";"ram_Usada";"GB";"2022-11-07 12:53:26";6.29
"Servidor-SPTECH";"ram";"ram_Usada";"GB";"2022-11-07 12:53:24";6.28
"Servidor-SPTECH";"ram";"ram_Usada";"GB";"2022-11-07 12:53:22";6.28
"Servidor-SPTECH";"ram";"ram_Usada";"GB";"2022-11-07 12:53:21";6.28
"Servidor-SPTECH";"ram";"ram_Usada";"GB";"2022-11-07 12:53:19";6.27
"Servidor-SPTECH";"ram";"ram_Usada";"GB";"2022-11-07 12:53:17";6.24
"Servidor-SPTECH";"ram";"ram_Usada";"GB";"2022-11-07 12:53:16";6.24
"Servidor-SPTECH";"ram";"ram_Usada";"GB";"2022-11-07 12:53:14";6.26
"Servidor-SPTECH";"ram";"ram_Usada";"GB";"2022-11-07 12:53:13";6.23
"Servidor-SPTECH";"ram";"ram_Usada";"GB";"2022-11-07 12:53:11";6.25
"Servidor-SPTECH";"ram";"ram_Usada";"GB";"2022-11-07 12:53:09";6.24
"Servidor-SPTECH";"ram";"ram_Usada";"GB";"2022-11-07 12:53:08";6.24
"Servidor-SPTECH";"ram";"ram_Usada";"GB";"2022-11-07 12:53:06";6.26
"Servidor-SPTECH";"ram";"ram_Usada";"GB";"2022-11-07 12:53:04";6.26
"Servidor-SPTECH";"ram";"ram_Usada";"GB";"2022-11-07 12:53:03";6.27
"Servidor-SPTECH";"ram";"ram_Usada";"GB";"2022-11-07 12:53:01";6.29
"Servidor-SPTECH";"ram";"ram_Usada";"GB";"2022-11-07 12:52:59";6.29
"Servidor-SPTECH";"ram";"ram_Usada";"GB";"2022-11-07 12:52:58";6.28
"Servidor-SPTECH";"ram";"ram_Usada";"GB";"2022-11-07 12:52:56";6.27
"Servidor-SPTECH";"ram";"ram_Usada";"GB";"2022-11-07 12:52:54";6.23
"Servidor-SPTECH";"ram";"ram_Usada";"GB";"2022-11-07 12:52:53";6.26
"Servidor-SPTECH";"ram";"ram_Usada";"GB";"2022-11-07 12:52:51";6.25
"Servidor-SPTECH";"ram";"ram_Usada";"GB";"2022-11-07 12:52:50";6.24
"Servidor-SPTECH";"ram";"ram_Usada";"GB";"2022-11-07 12:52:48";6.22
"Servidor-SPTECH";"ram";"ram_Usada";"GB";"2022-11-07 12:52:47";6.25
"Servidor-SPTECH";"ram";"ram_Usada";"GB";"2022-11-07 12:52:45";6.29
"Servidor-SPTECH";"ram";"ram_Usada";"GB";"2022-11-07 12:52:43";6.29
"Servidor-SPTECH";"ram";"ram_Usada";"GB";"2022-11-07 12:52:42";6.3
"Servidor-SPTECH";"ram";"ram_Usada";"GB";"2022-11-07 12:52:40";6.29
"Servidor-SPTECH";"ram";"ram_Usada";"GB";"2022-11-07 12:52:39";6.29
"Servidor-SPTECH";"ram";"ram_Usada";"GB";"2022-11-07 12:52:37";6.28
"Servidor-SPTECH";"ram";"ram_Usada";"GB";"2022-11-07 12:52:35";6.28
"Servidor-SPTECH";"ram";"ram_Usada";"GB";"2022-11-07 12:52:34";6.3
"Servidor-SPTECH";"ram";"ram_Usada";"GB";"2022-11-07 12:52:32";6.3
"Servidor-SPTECH";"ram";"ram_Usada";"GB";"2022-11-07 12:52:31";6.27
"Servidor-SPTECH";"ram";"ram_Usada";"GB";"2022-11-07 12:52:29";6.27
"Servidor-SPTECH";"ram";"ram_Usada";"GB";"2022-11-07 12:52:27";6.25
"Servidor-SPTECH";"ram";"ram_Usada";"GB";"2022-11-07 12:52:26";6.25
"Servidor-SPTECH";"ram";"ram_Usada";"GB";"2022-11-07 12:52:24";6.26
"Servidor-SPTECH";"ram";"ram_Usada";"GB";"2022-11-07 12:52:22";6.26
"Servidor-SPTECH";"ram";"ram_Usada";"GB";"2022-11-07 12:52:21";6.31
"Servidor-SPTECH";"ram";"ram_Usada";"GB";"2022-11-07 12:52:19";6.3
"Servidor-SPTECH";"ram";"ram_Usada";"GB";"2022-11-07 12:52:17";6.32
"Servidor-SPTECH";"ram";"ram_Usada";"GB";"2022-11-07 12:52:16";6.32
"Servidor-SPTECH";"ram";"ram_Usada";"GB";"2022-11-07 12:52:14";6.32
"Servidor-SPTECH";"ram";"ram_Usada";"GB";"2022-11-07 12:52:13";6.29
"Servidor-SPTECH";"ram";"ram_Usada";"GB";"2022-11-07 12:52:11";6.32
"Servidor-SPTECH";"ram";"ram_Usada";"GB";"2022-11-07 12:52:09";6.3
"Servidor-SPTECH";"ram";"ram_Usada";"GB";"2022-11-07 12:52:08";6.36
"Servidor-SPTECH";"ram";"ram_Usada";"GB";"2022-11-07 12:52:06";6.31
"Servidor-SPTECH";"ram";"ram_Usada";"GB";"2022-11-07 12:52:05";6.3
"Servidor-SPTECH";"ram";"ram_Usada";"GB";"2022-11-07 12:52:03";6.3
"Servidor-SPTECH";"ram";"ram_Usada";"GB";"2022-11-07 12:52:01";6.33
"Servidor-SPTECH";"ram";"ram_Usada";"GB";"2022-11-07 12:52:00";6.33
"Servidor-SPTECH";"ram";"ram_Usada";"GB";"2022-11-07 12:51:58";6.33
"Servidor-SPTECH";"ram";"ram_Usada";"GB";"2022-11-07 12:51:56";6.31
"Servidor-SPTECH";"ram";"ram_Usada";"GB";"2022-11-07 12:51:55";6.31
"Servidor-SPTECH";"ram";"ram_Usada";"GB";"2022-11-07 12:51:53";6.31
"Servidor-SPTECH";"ram";"ram_Usada";"GB";"2022-11-07 12:51:52";6.32
"Servidor-SPTECH";"ram";"ram_Usada";"GB";"2022-11-07 12:51:50";6.31
"Servidor-SPTECH";"ram";"ram_Usada";"GB";"2022-11-07 12:51:49";6.32
"Servidor-SPTECH";"ram";"ram_Usada";"GB";"2022-11-07 12:51:47";6.31
"Servidor-SPTECH";"ram";"ram_Usada";"GB";"2022-11-07 12:51:46";6.3
"Servidor-SPTECH";"ram";"ram_Usada";"GB";"2022-11-07 12:51:44";6.32
"Servidor-SPTECH";"ram";"ram_Usada";"GB";"2022-11-07 12:51:42";6.25
"Servidor-SPTECH";"ram";"ram_Usada";"GB";"2022-11-07 12:51:41";6.29
"Servidor-SPTECH";"ram";"ram_Usada";"GB";"2022-11-07 12:51:39";6.29
"Servidor-SPTECH";"ram";"ram_Usada";"GB";"2022-11-07 12:51:38";6.3
"Servidor-SPTECH";"ram";"ram_Usada";"GB";"2022-11-07 12:51:36";6.27
"Servidor-SPTECH";"ram";"ram_Usada";"GB";"2022-11-07 12:51:34";6.29
"Servidor-SPTECH";"ram";"ram_Usada";"GB";"2022-11-07 12:51:33";6.28
"Servidor-SPTECH";"ram";"ram_Usada";"GB";"2022-11-07 12:51:31";6.28
"Servidor-SPTECH";"ram";"ram_Usada";"GB";"2022-11-07 12:51:30";6.27
"Servidor-SPTECH";"ram";"ram_Usada";"GB";"2022-11-07 12:51:28";6.26
"Servidor-SPTECH";"ram";"ram_Usada";"GB";"2022-11-07 12:51:26";6.25
"Servidor-SPTECH";"ram";"ram_Usada";"GB";"2022-11-07 12:51:24";6.2
"Servidor-SPTECH";"ram";"ram_Usada";"GB";"2022-11-07 12:51:23";6.22
"Servidor-SPTECH";"ram";"ram_Usada";"GB";"2022-11-07 12:51:21";6.21
"Servidor-SPTECH";"ram";"ram_Usada";"GB";"2022-11-07 12:51:19";6.2
"Servidor-SPTECH";"ram";"ram_Usada";"GB";"2022-11-07 12:51:18";6.16
"Servidor-SPTECH";"ram";"ram_Usada";"GB";"2022-11-07 12:51:16";6.19
"Servidor-SPTECH";"ram";"ram_Usada";"GB";"2022-11-07 12:51:15";6.19
"Servidor-SPTECH";"ram";"ram_Usada";"GB";"2022-11-07 12:51:13";6.19
"Servidor-SPTECH";"ram";"ram_Usada";"GB";"2022-11-07 12:51:11";6.19
"Servidor-SPTECH";"ram";"ram_Usada";"GB";"2022-11-07 12:51:10";6.19
"Servidor-SPTECH";"ram";"ram_Usada";"GB";"2022-11-07 12:51:08";6.25
"Servidor-SPTECH";"ram";"ram_Usada";"GB";"2022-11-07 12:51:06";6.23
"Servidor-SPTECH";"ram";"ram_Usada";"GB";"2022-11-07 12:51:05";6.27
"Servidor-SPTECH";"ram";"ram_Usada";"GB";"2022-11-07 12:51:03";6.28
"Servidor-SPTECH";"ram";"ram_Usada";"GB";"2022-11-07 12:51:02";6.33
"Servidor-SPTECH";"ram";"ram_Usada";"GB";"2022-11-07 12:51:00";6.31
"Servidor-SPTECH";"ram";"ram_Usada";"GB";"2022-11-07 12:50:58";6.34
"Servidor-SPTECH";"ram";"ram_Usada";"GB";"2022-11-07 12:50:56";6.31
"Servidor-SPTECH";"ram";"ram_Usada";"GB";"2022-11-07 12:50:55";6.26
"Servidor-SPTECH";"ram";"ram_Usada";"GB";"2022-11-07 12:50:53";6.18
"Servidor-SPTECH";"ram";"ram_Usada";"GB";"2022-11-07 12:50:52";6.11
"Servidor-SPTECH";"ram";"ram_Usada";"GB";"2022-11-07 12:50:50";6.11
"Servidor-SPTECH";"ram";"ram_Usada";"GB";"2022-11-07 12:50:48";6.08
"Servidor-SPTECH";"ram";"ram_Usada";"GB";"2022-11-07 12:50:47";6.12
"Servidor-SPTECH";"ram";"ram_Usada";"GB";"2022-11-07 12:50:45";6.11
"Servidor-SPTECH";"ram";"ram_Usada";"GB";"2022-11-07 12:50:43";6.11
"Servidor-SPTECH";"ram";"ram_Usada";"GB";"2022-11-07 12:50:42";6.09
"Servidor-SPTECH";"ram";"ram_Usada";"GB";"2022-11-07 12:50:40";6.12
"Servidor-SPTECH";"ram";"ram_Usada";"GB";"2022-11-07 12:50:39";6.1
"Servidor-SPTECH";"ram";"ram_Usada";"GB";"2022-11-07 12:50:37";6.1
"Servidor-SPTECH";"ram";"ram_Usada";"GB";"2022-11-07 12:50:35";6.09
"Servidor-SPTECH";"ram";"ram_Usada";"GB";"2022-11-07 12:50:34";6.09
"Servidor-SPTECH";"ram";"ram_Usada";"GB";"2022-11-07 12:50:32";6.09
"Servidor-SPTECH";"ram";"ram_Usada";"GB";"2022-11-07 12:50:31";6.1
"Servidor-SPTECH";"ram";"ram_Usada";"GB";"2022-11-07 12:50:29";6.09
"Servidor-SPTECH";"ram";"ram_Usada";"GB";"2022-11-07 12:50:27";6.1
"Servidor-SPTECH";"ram";"ram_Usada";"GB";"2022-11-07 12:50:26";6.09
"Servidor-SPTECH";"ram";"ram_Usada";"GB";"2022-11-07 12:50:24";6.07
"Servidor-SPTECH";"ram";"ram_Usada";"GB";"2022-11-07 12:50:22";6.09
"Servidor-SPTECH";"ram";"ram_Usada";"GB";"2022-11-07 12:50:21";6.09
"Servidor-SPTECH";"ram";"ram_Usada";"GB";"2022-11-07 12:50:19";6.09
"Servidor-SPTECH";"ram";"ram_Usada";"GB";"2022-11-07 12:50:18";6.06
"Servidor-SPTECH";"ram";"ram_Usada";"GB";"2022-11-07 12:50:16";6.1
"Servidor-SPTECH";"ram";"ram_Usada";"GB";"2022-11-07 12:50:14";6.1
"Servidor-SPTECH";"ram";"ram_Usada";"GB";"2022-11-07 12:50:13";6.1
"Servidor-SPTECH";"ram";"ram_Usada";"GB";"2022-11-07 12:50:11";6.1
"Servidor-SPTECH";"ram";"ram_Usada";"GB";"2022-11-07 12:50:09";6.1
"Servidor-SPTECH";"ram";"ram_Usada";"GB";"2022-11-07 12:50:08";6.1
"Servidor-SPTECH";"ram";"ram_Usada";"GB";"2022-11-07 12:50:06";6.07
"Servidor-SPTECH";"ram";"ram_Usada";"GB";"2022-11-07 12:50:04";6.1
"Servidor-SPTECH";"ram";"ram_Usada";"GB";"2022-11-07 12:50:03";6.09
"Servidor-SPTECH";"ram";"ram_Usada";"GB";"2022-11-07 12:50:01";6.11
"Servidor-SPTECH";"ram";"ram_Usada";"GB";"2022-11-07 12:50:00";6.09
"Servidor-SPTECH";"ram";"ram_Usada";"GB";"2022-11-07 12:49:58";6.11
"Servidor-SPTECH";"ram";"ram_Usada";"GB";"2022-11-07 12:49:56";6.11
"Servidor-SPTECH";"ram";"ram_Usada";"GB";"2022-11-07 12:49:55";6.11
"Servidor-SPTECH";"ram";"ram_Usada";"GB";"2022-11-07 12:49:53";6.11
"Servidor-SPTECH";"ram";"ram_Usada";"GB";"2022-11-07 12:49:51";6.11
"Servidor-SPTECH";"ram";"ram_Usada";"GB";"2022-11-07 12:49:50";6.11
"Servidor-SPTECH";"ram";"ram_Usada";"GB";"2022-11-07 12:49:48";6.08
"Servidor-SPTECH";"ram";"ram_Usada";"GB";"2022-11-07 12:49:47";6.11
"Servidor-SPTECH";"ram";"ram_Usada";"GB";"2022-11-07 12:49:45";6.11
"Servidor-SPTECH";"ram";"ram_Usada";"GB";"2022-11-07 12:49:43";6.11
"Servidor-SPTECH";"ram";"ram_Usada";"GB";"2022-11-07 12:49:42";6.08
"Servidor-SPTECH";"ram";"ram_Usada";"GB";"2022-11-07 12:49:40";6.11
"Servidor-SPTECH";"ram";"ram_Usada";"GB";"2022-11-07 12:49:38";6.12
"Servidor-SPTECH";"ram";"ram_Usada";"GB";"2022-11-07 12:49:37";6.12
"Servidor-SPTECH";"ram";"ram_Usada";"GB";"2022-11-07 12:49:35";6.12
"Servidor-SPTECH";"ram";"ram_Usada";"GB";"2022-11-07 12:49:34";6.14
"Servidor-SPTECH";"ram";"ram_Usada";"GB";"2022-11-07 12:49:32";6.14
"Servidor-SPTECH";"ram";"ram_Usada";"GB";"2022-11-07 12:49:30";6.16
"Servidor-SPTECH";"ram";"ram_Usada";"GB";"2022-11-07 12:49:29";6.16
"Servidor-SPTECH";"ram";"ram_Usada";"GB";"2022-11-07 12:49:27";6.17
"Servidor-SPTECH";"ram";"ram_Usada";"GB";"2022-11-07 12:49:26";6.17
"Servidor-SPTECH";"ram";"ram_Usada";"GB";"2022-11-07 12:49:24";6.1
"Servidor-SPTECH";"ram";"ram_Usada";"GB";"2022-11-07 12:49:22";6.13
"Servidor-SPTECH";"ram";"ram_Usada";"GB";"2022-11-07 12:49:21";6.14
"Servidor-SPTECH";"ram";"ram_Usada";"GB";"2022-11-07 12:49:19";6.14
"Servidor-SPTECH";"ram";"ram_Usada";"GB";"2022-11-07 12:49:18";6.15
"Servidor-SPTECH";"ram";"ram_Usada";"GB";"2022-11-07 12:49:16";6.17
"Servidor-SPTECH";"ram";"ram_Usada";"GB";"2022-11-07 12:49:14";6.17
"Servidor-SPTECH";"ram";"ram_Usada";"GB";"2022-11-07 12:49:12";6.2
"Servidor-SPTECH";"ram";"ram_Usada";"GB";"2022-11-07 12:49:11";6.22
"Servidor-SPTECH";"ram";"ram_Usada";"GB";"2022-11-07 12:49:09";6.23
"Servidor-SPTECH";"ram";"ram_Usada";"GB";"2022-11-07 12:49:08";6.16
"Servidor-SPTECH";"ram";"ram_Usada";"GB";"2022-11-07 12:49:06";6.13
"Servidor-SPTECH";"ram";"ram_Usada";"GB";"2022-11-07 12:49:04";6.11
"Servidor-SPTECH";"ram";"ram_Usada";"GB";"2022-11-07 12:49:02";6.11
"Servidor-SPTECH";"ram";"ram_Usada";"GB";"2022-11-07 12:49:01";6.14
"Servidor-SPTECH";"ram";"ram_Usada";"GB";"2022-11-07 12:48:59";6.05
"Servidor-SPTECH";"ram";"ram_Usada";"GB";"2022-11-07 12:48:57";6.05
"Servidor-SPTECH";"ram";"ram_Usada";"GB";"2022-11-07 12:48:56";6.05
"Servidor-SPTECH";"ram";"ram_Usada";"GB";"2022-11-07 12:48:54";6.05
"Servidor-SPTECH";"ram";"ram_Usada";"GB";"2022-11-07 12:48:52";6.05
"Servidor-SPTECH";"ram";"ram_Usada";"GB";"2022-11-07 12:48:51";6.05
"Servidor-SPTECH";"ram";"ram_Usada";"GB";"2022-11-07 12:48:49";6.05
"Servidor-SPTECH";"ram";"ram_Usada";"GB";"2022-11-07 12:48:47";6.05
"Servidor-SPTECH";"ram";"ram_Usada";"GB";"2022-11-07 12:48:46";6.05
"Servidor-SPTECH";"ram";"ram_Usada";"GB";"2022-11-07 12:48:44";6.05
"Servidor-SPTECH";"ram";"ram_Usada";"GB";"2022-11-07 12:48:43";6.05
"Servidor-SPTECH";"ram";"ram_Usada";"GB";"2022-11-07 12:48:41";6.05
"Servidor-SPTECH";"ram";"ram_Usada";"GB";"2022-11-07 12:48:39";6.05
"Servidor-SPTECH";"ram";"ram_Usada";"GB";"2022-11-07 12:48:38";6.05
"Servidor-SPTECH";"ram";"ram_Usada";"GB";"2022-11-07 12:48:36";6.04
"Servidor-SPTECH";"ram";"ram_Usada";"GB";"2022-11-07 12:48:35";6.05
"Servidor-SPTECH";"ram";"ram_Usada";"GB";"2022-11-07 12:48:33";6.04
"Servidor-SPTECH";"ram";"ram_Usada";"GB";"2022-11-07 12:48:31";6.04
"Servidor-SPTECH";"ram";"ram_Usada";"GB";"2022-11-07 12:48:30";6.04
"Servidor-SPTECH";"ram";"ram_Usada";"GB";"2022-11-07 12:48:28";6.04
"Servidor-SPTECH";"ram";"ram_Usada";"GB";"2022-11-07 12:48:26";6.04
"Servidor-SPTECH";"ram";"ram_Usada";"GB";"2022-11-07 12:48:25";6.04
"Servidor-SPTECH";"ram";"ram_Usada";"GB";"2022-11-07 12:48:23";6.04
"Servidor-SPTECH";"ram";"ram_Usada";"GB";"2022-11-07 12:48:22";6.05
"Servidor-SPTECH";"ram";"ram_Usada";"GB";"2022-11-07 12:48:20";6.04
"Servidor-SPTECH";"ram";"ram_Usada";"GB";"2022-11-07 12:48:18";6.04
"Servidor-SPTECH";"ram";"ram_Usada";"GB";"2022-11-07 12:48:17";6.04
"Servidor-SPTECH";"ram";"ram_Usada";"GB";"2022-11-07 12:48:15";6.04
"Servidor-SPTECH";"ram";"ram_Usada";"GB";"2022-11-07 12:48:13";6.03
"Servidor-SPTECH";"ram";"ram_Usada";"GB";"2022-11-07 12:48:12";6.04
"Servidor-SPTECH";"ram";"ram_Usada";"GB";"2022-11-07 12:48:10";6.03
"Servidor-SPTECH";"ram";"ram_Usada";"GB";"2022-11-07 12:48:09";6.04
"Servidor-SPTECH";"ram";"ram_Usada";"GB";"2022-11-07 12:48:07";6.05
"Servidor-SPTECH";"ram";"ram_Usada";"GB";"2022-11-07 12:48:05";6.04
"Servidor-SPTECH";"ram";"ram_Usada";"GB";"2022-11-07 12:48:04";6.03
"Servidor-SPTECH";"ram";"ram_Usada";"GB";"2022-11-07 12:48:02";6.05
"Servidor-SPTECH";"ram";"ram_Usada";"GB";"2022-11-07 12:48:00";6.11
"Servidor-SPTECH";"ram";"ram_Usada";"GB";"2022-11-07 12:47:59";6.23
"Servidor-SPTECH";"ram";"ram_Usada";"GB";"2022-11-07 12:47:57";6.28
"Servidor-SPTECH";"ram";"ram_Usada";"GB";"2022-11-07 12:47:56";6.29
"Servidor-SPTECH";"ram";"ram_Usada";"GB";"2022-11-07 12:47:54";6.3
"Servidor-SPTECH";"ram";"ram_Usada";"GB";"2022-11-07 12:47:52";6.31
"Servidor-SPTECH";"ram";"ram_Usada";"GB";"2022-11-07 12:47:51";6.29
"Servidor-SPTECH";"ram";"ram_Usada";"GB";"2022-11-07 12:47:49";6.32
"Servidor-SPTECH";"ram";"ram_Usada";"GB";"2022-11-07 12:47:47";6.32
"Servidor-SPTECH";"ram";"ram_Usada";"GB";"2022-11-07 12:47:46";6.33
"Servidor-SPTECH";"ram";"ram_Usada";"GB";"2022-11-07 12:47:44";6.31
"Servidor-SPTECH";"ram";"ram_Usada";"GB";"2022-11-07 12:47:43";6.31
"Servidor-SPTECH";"ram";"ram_Usada";"GB";"2022-11-07 12:47:41";6.31
"Servidor-SPTECH";"ram";"ram_Usada";"GB";"2022-11-07 12:47:39";6.31
"Servidor-SPTECH";"ram";"ram_Usada";"GB";"2022-11-07 12:47:38";6.31
"Servidor-SPTECH";"ram";"ram_Usada";"GB";"2022-11-07 12:47:36";6.32
"Servidor-SPTECH";"ram";"ram_Usada";"GB";"2022-11-07 12:47:34";6.31
"Servidor-SPTECH";"ram";"ram_Usada";"GB";"2022-11-07 12:47:33";6.31
"Servidor-SPTECH";"ram";"ram_Usada";"GB";"2022-11-07 12:47:31";6.31
"Servidor-SPTECH";"ram";"ram_Usada";"GB";"2022-11-07 12:47:29";6.31
"Servidor-SPTECH";"ram";"ram_Usada";"GB";"2022-11-07 12:47:28";6.31
"Servidor-SPTECH";"ram";"ram_Usada";"GB";"2022-11-07 12:47:26";6.3
"Servidor-SPTECH";"ram";"ram_Usada";"GB";"2022-11-07 12:47:25";6.31
"Servidor-SPTECH";"ram";"ram_Usada";"GB";"2022-11-07 12:47:23";6.3
"Servidor-SPTECH";"ram";"ram_Usada";"GB";"2022-11-07 12:47:21";6.31
"Servidor-SPTECH";"ram";"ram_Usada";"GB";"2022-11-07 12:47:20";6.3
"Servidor-SPTECH";"ram";"ram_Usada";"GB";"2022-11-07 12:47:18";6.3
"Servidor-SPTECH";"ram";"ram_Usada";"GB";"2022-11-07 12:47:16";6.3
"Servidor-SPTECH";"ram";"ram_Usada";"GB";"2022-11-07 12:47:15";6.31
"Servidor-SPTECH";"ram";"ram_Usada";"GB";"2022-11-07 12:47:13";6.32
"Servidor-SPTECH";"ram";"ram_Usada";"GB";"2022-11-07 12:47:12";6.33
"Servidor-SPTECH";"ram";"ram_Usada";"GB";"2022-11-07 12:47:10";6.32
"Servidor-SPTECH";"ram";"ram_Usada";"GB";"2022-11-07 12:47:08";6.33
"Servidor-SPTECH";"ram";"ram_Usada";"GB";"2022-11-07 12:47:07";6.33
"Servidor-SPTECH";"ram";"ram_Usada";"GB";"2022-11-07 12:47:05";6.32
"Servidor-SPTECH";"ram";"ram_Usada";"GB";"2022-11-07 12:47:04";6.34
"Servidor-SPTECH";"ram";"ram_Usada";"GB";"2022-11-07 12:47:02";6.36
"Servidor-SPTECH";"ram";"ram_Usada";"GB";"2022-11-07 12:47:00";6.37
"Servidor-SPTECH";"ram";"ram_Usada";"GB";"2022-11-07 12:46:59";6.36
"Servidor-SPTECH";"ram";"ram_Usada";"GB";"2022-11-07 12:46:57";6.36
"Servidor-SPTECH";"ram";"ram_Usada";"GB";"2022-11-07 12:46:55";6.36
"Servidor-SPTECH";"ram";"ram_Usada";"GB";"2022-11-07 12:46:54";6.34
"Servidor-SPTECH";"ram";"ram_Usada";"GB";"2022-11-07 12:46:52";6.35
"Servidor-SPTECH";"ram";"ram_Usada";"GB";"2022-11-07 12:46:51";6.33
"Servidor-SPTECH";"ram";"ram_Usada";"GB";"2022-11-07 12:46:49";6.35
"Servidor-SPTECH";"ram";"ram_Usada";"GB";"2022-11-07 12:46:47";6.35
"Servidor-SPTECH";"ram";"ram_Usada";"GB";"2022-11-07 12:46:46";6.36
"Servidor-SPTECH";"ram";"ram_Usada";"GB";"2022-11-07 12:46:44";6.37
"Servidor-SPTECH";"ram";"ram_Usada";"GB";"2022-11-07 12:46:43";6.37
"Servidor-SPTECH";"ram";"ram_Usada";"GB";"2022-11-07 12:46:41";6.35
"Servidor-SPTECH";"ram";"ram_Usada";"GB";"2022-11-07 12:46:39";6.38
"Servidor-SPTECH";"ram";"ram_Usada";"GB";"2022-11-07 12:46:38";6.38
"Servidor-SPTECH";"ram";"ram_Usada";"GB";"2022-11-07 12:46:36";6.38
"Servidor-SPTECH";"ram";"ram_Usada";"GB";"2022-11-07 12:46:34";6.38
"Servidor-SPTECH";"ram";"ram_Usada";"GB";"2022-11-07 12:46:33";6.32
"Servidor-SPTECH";"ram";"ram_Usada";"GB";"2022-11-07 12:46:31";6.29
"Servidor-SPTECH";"ram";"ram_Usada";"GB";"2022-11-07 12:46:30";6.26
"Servidor-SPTECH";"ram";"ram_Usada";"GB";"2022-11-07 12:46:28";6.26
"Servidor-SPTECH";"ram";"ram_Usada";"GB";"2022-11-07 12:46:26";6.23
"Servidor-SPTECH";"ram";"ram_Usada";"GB";"2022-11-07 12:46:25";6.26
"Servidor-SPTECH";"ram";"ram_Usada";"GB";"2022-11-07 12:46:23";6.25
"Servidor-SPTECH";"ram";"ram_Usada";"GB";"2022-11-07 12:46:21";6.25
"Servidor-SPTECH";"ram";"ram_Usada";"GB";"2022-11-07 12:46:20";6.26
"Servidor-SPTECH";"ram";"ram_Usada";"GB";"2022-11-07 12:46:18";6.25
"Servidor-SPTECH";"ram";"ram_Usada";"GB";"2022-11-07 12:46:16";6.26
"Servidor-SPTECH";"ram";"ram_Usada";"GB";"2022-11-07 12:46:15";6.25
"Servidor-SPTECH";"ram";"ram_Usada";"GB";"2022-11-07 12:46:13";6.25
"Servidor-SPTECH";"ram";"ram_Usada";"GB";"2022-11-07 12:46:12";6.25
"Servidor-SPTECH";"ram";"ram_Usada";"GB";"2022-11-07 12:46:10";6.26
"Servidor-SPTECH";"ram";"ram_Usada";"GB";"2022-11-07 12:46:08";6.25
"Servidor-SPTECH";"ram";"ram_Usada";"GB";"2022-11-07 12:46:07";6.25
"Servidor-SPTECH";"ram";"ram_Usada";"GB";"2022-11-07 12:46:05";6.25
"Servidor-SPTECH";"ram";"ram_Usada";"GB";"2022-11-07 12:46:03";6.25
"Servidor-SPTECH";"ram";"ram_Usada";"GB";"2022-11-07 12:46:02";6.27
"Servidor-SPTECH";"ram";"ram_Usada";"GB";"2022-11-07 12:46:00";6.27
"Servidor-SPTECH";"ram";"ram_Usada";"GB";"2022-11-07 12:45:58";6.27
"Servidor-SPTECH";"ram";"ram_Usada";"GB";"2022-11-07 12:45:57";6.27
"Servidor-SPTECH";"ram";"ram_Usada";"GB";"2022-11-07 12:45:55";6.27
"Servidor-SPTECH";"ram";"ram_Usada";"GB";"2022-11-07 12:45:53";6.29
"Servidor-SPTECH";"ram";"ram_Usada";"GB";"2022-11-07 12:45:52";6.29
"Servidor-SPTECH";"ram";"ram_Usada";"GB";"2022-11-07 12:45:50";6.26
"Servidor-SPTECH";"ram";"ram_Usada";"GB";"2022-11-07 12:45:49";6.31
"Servidor-SPTECH";"ram";"ram_Usada";"GB";"2022-11-07 12:45:47";6.32
"Servidor-SPTECH";"ram";"ram_Usada";"GB";"2022-11-07 12:45:45";6.34
"Servidor-SPTECH";"ram";"ram_Usada";"GB";"2022-11-07 12:45:44";6.34
"Servidor-SPTECH";"ram";"ram_Usada";"GB";"2022-11-07 12:45:42";6.35
"Servidor-SPTECH";"ram";"ram_Usada";"GB";"2022-11-07 12:45:40";6.36
"Servidor-SPTECH";"ram";"ram_Usada";"GB";"2022-11-07 12:45:39";6.26
"Servidor-SPTECH";"ram";"ram_Usada";"GB";"2022-11-07 12:45:37";6.26
"Servidor-SPTECH";"ram";"ram_Usada";"GB";"2022-11-07 12:45:36";6.27
"Servidor-SPTECH";"ram";"ram_Usada";"GB";"2022-11-07 12:45:34";6.27
"Servidor-SPTECH";"ram";"ram_Usada";"GB";"2022-11-07 12:45:33";6.27
"Servidor-SPTECH";"ram";"ram_Usada";"GB";"2022-11-07 12:45:31";6.26
"Servidor-SPTECH";"ram";"ram_Usada";"GB";"2022-11-07 12:45:29";6.25
"Servidor-SPTECH";"ram";"ram_Usada";"GB";"2022-11-07 12:45:28";6.25
"Servidor-SPTECH";"ram";"ram_Usada";"GB";"2022-11-07 12:45:26";6.23
"Servidor-SPTECH";"ram";"ram_Usada";"GB";"2022-11-07 12:45:25";6.27
"Servidor-SPTECH";"ram";"ram_Usada";"GB";"2022-11-07 12:45:23";6.27
"Servidor-SPTECH";"ram";"ram_Usada";"GB";"2022-11-07 12:45:21";6.26
"Servidor-SPTECH";"ram";"ram_Usada";"GB";"2022-11-07 12:45:20";6.26
"Servidor-SPTECH";"ram";"ram_Usada";"GB";"2022-11-07 12:45:18";6.27
"Servidor-SPTECH";"ram";"ram_Usada";"GB";"2022-11-07 12:45:17";6.25
"Servidor-SPTECH";"ram";"ram_Usada";"GB";"2022-11-07 12:45:15";6.25
"Servidor-SPTECH";"ram";"ram_Usada";"GB";"2022-11-07 12:45:14";6.25
"Servidor-SPTECH";"ram";"ram_Usada";"GB";"2022-11-07 12:45:12";6.26
"Servidor-SPTECH";"ram";"ram_Usada";"GB";"2022-11-07 12:45:10";6.31
"Servidor-SPTECH";"ram";"ram_Usada";"GB";"2022-11-07 12:45:09";6.38
"Servidor-SPTECH";"ram";"ram_Usada";"GB";"2022-11-07 12:45:07";6.39
"Servidor-SPTECH";"ram";"ram_Usada";"GB";"2022-11-07 12:45:06";6.4
"Servidor-SPTECH";"ram";"ram_Usada";"GB";"2022-11-07 12:45:04";6.41
"Servidor-SPTECH";"ram";"ram_Usada";"GB";"2022-11-07 12:45:02";6.4
"Servidor-SPTECH";"ram";"ram_Usada";"GB";"2022-11-07 12:45:01";6.44
"Servidor-SPTECH";"ram";"ram_Usada";"GB";"2022-11-07 12:44:59";6.43
"Servidor-SPTECH";"ram";"ram_Usada";"GB";"2022-11-07 12:44:58";6.4
"Servidor-SPTECH";"ram";"ram_Usada";"GB";"2022-11-07 12:44:56";6.38
"Servidor-SPTECH";"ram";"ram_Usada";"GB";"2022-11-07 12:44:54";6.41
"Servidor-SPTECH";"ram";"ram_Usada";"GB";"2022-11-07 12:44:53";6.39
"Servidor-SPTECH";"ram";"ram_Usada";"GB";"2022-11-07 12:44:51";6.38
"Servidor-SPTECH";"ram";"ram_Usada";"GB";"2022-11-07 12:44:50";6.34
"Servidor-SPTECH";"ram";"ram_Usada";"GB";"2022-11-07 12:44:48";6.35
"Servidor-SPTECH";"ram";"ram_Usada";"GB";"2022-11-07 12:44:46";6.34
"Servidor-SPTECH";"ram";"ram_Usada";"GB";"2022-11-07 12:44:45";6.35
"Servidor-SPTECH";"ram";"ram_Usada";"GB";"2022-11-07 12:44:43";6.35
"Servidor-SPTECH";"ram";"ram_Usada";"GB";"2022-11-07 12:44:42";6.36
"Servidor-SPTECH";"ram";"ram_Usada";"GB";"2022-11-07 12:44:40";6.35
"Servidor-SPTECH";"ram";"ram_Usada";"GB";"2022-11-07 12:44:38";6.38
"Servidor-SPTECH";"ram";"ram_Usada";"GB";"2022-11-07 12:44:37";6.41
"Servidor-SPTECH";"ram";"ram_Usada";"GB";"2022-11-07 12:44:35";6.43
"Servidor-SPTECH";"ram";"ram_Usada";"GB";"2022-11-07 12:44:33";6.43
"Servidor-SPTECH";"ram";"ram_Usada";"GB";"2022-11-07 12:44:32";6.43
"Servidor-SPTECH";"ram";"ram_Usada";"GB";"2022-11-07 12:44:30";6.37
"Servidor-SPTECH";"ram";"ram_Usada";"GB";"2022-11-07 12:44:28";6.36
"Servidor-SPTECH";"ram";"ram_Usada";"GB";"2022-11-07 12:44:27";6.36
"Servidor-SPTECH";"ram";"ram_Usada";"GB";"2022-11-07 12:44:25";6.36
"Servidor-SPTECH";"ram";"ram_Usada";"GB";"2022-11-07 12:44:23";6.36
"Servidor-SPTECH";"ram";"ram_Usada";"GB";"2022-11-07 12:44:22";6.37
"Servidor-SPTECH";"ram";"ram_Usada";"GB";"2022-11-07 12:44:20";6.3
"Servidor-SPTECH";"ram";"ram_Usada";"GB";"2022-11-07 12:44:18";6.26
"Servidor-SPTECH";"ram";"ram_Usada";"GB";"2022-11-07 12:44:17";6.27
"Servidor-SPTECH";"ram";"ram_Usada";"GB";"2022-11-07 12:44:15";6.26
"Servidor-SPTECH";"ram";"ram_Usada";"GB";"2022-11-07 12:44:13";6.25
"Servidor-SPTECH";"ram";"ram_Usada";"GB";"2022-11-07 12:44:12";6.26
"Servidor-SPTECH";"ram";"ram_Usada";"GB";"2022-11-07 12:44:10";6.25
"Servidor-SPTECH";"ram";"ram_Usada";"GB";"2022-11-07 12:44:09";6.25
"Servidor-SPTECH";"ram";"ram_Usada";"GB";"2022-11-07 12:44:07";6.26
"Servidor-SPTECH";"ram";"ram_Usada";"GB";"2022-11-07 12:44:05";6.26
"Servidor-SPTECH";"ram";"ram_Usada";"GB";"2022-11-07 12:44:04";6.26
"Servidor-SPTECH";"ram";"ram_Usada";"GB";"2022-11-07 12:44:02";6.23
"Servidor-SPTECH";"ram";"ram_Usada";"GB";"2022-11-07 12:44:01";6.28
"Servidor-SPTECH";"ram";"ram_Usada";"GB";"2022-11-07 12:43:59";6.3
"Servidor-SPTECH";"ram";"ram_Usada";"GB";"2022-11-07 12:43:57";6.28
"Servidor-SPTECH";"ram";"ram_Usada";"GB";"2022-11-07 12:43:55";6.29
"Servidor-SPTECH";"ram";"ram_Usada";"GB";"2022-11-07 12:43:54";6.28
"Servidor-SPTECH";"ram";"ram_Usada";"GB";"2022-11-07 12:43:52";6.27
"Servidor-SPTECH";"ram";"ram_Usada";"GB";"2022-11-07 12:43:51";6.14
"Servidor-SPTECH";"ram";"ram_Usada";"GB";"2022-11-07 12:43:49";6.14
"Servidor-SPTECH";"ram";"ram_Usada";"GB";"2022-11-07 12:43:47";6.15
"Servidor-SPTECH";"ram";"ram_Usada";"GB";"2022-11-07 12:43:46";6.2
"Servidor-SPTECH";"ram";"ram_Usada";"GB";"2022-11-07 12:43:44";6.17
"Servidor-SPTECH";"ram";"ram_Usada";"GB";"2022-11-07 12:43:43";6.2
"Servidor-SPTECH";"ram";"ram_Usada";"GB";"2022-11-07 12:43:41";6.23
"Servidor-SPTECH";"ram";"ram_Usada";"GB";"2022-11-07 12:43:39";6.23
"Servidor-SPTECH";"ram";"ram_Usada";"GB";"2022-11-07 12:43:38";6.21
"Servidor-SPTECH";"ram";"ram_Usada";"GB";"2022-11-07 12:43:36";6.24
"Servidor-SPTECH";"ram";"ram_Usada";"GB";"2022-11-07 12:43:35";6.23
"Servidor-SPTECH";"ram";"ram_Usada";"GB";"2022-11-07 12:43:33";6.24
"Servidor-SPTECH";"ram";"ram_Usada";"GB";"2022-11-07 12:43:31";6.23
"Servidor-SPTECH";"ram";"ram_Usada";"GB";"2022-11-07 12:43:30";6.26
"Servidor-SPTECH";"ram";"ram_Usada";"GB";"2022-11-07 12:43:28";6.25
"Servidor-SPTECH";"ram";"ram_Usada";"GB";"2022-11-07 12:43:27";6.24
"Servidor-SPTECH";"ram";"ram_Usada";"GB";"2022-11-07 12:43:25";6.24
"Servidor-SPTECH";"ram";"ram_Usada";"GB";"2022-11-07 12:43:24";6.27
"Servidor-SPTECH";"ram";"ram_Usada";"GB";"2022-11-07 12:43:22";6.27
"Servidor-SPTECH";"ram";"ram_Usada";"GB";"2022-11-07 12:43:20";6.27
"Servidor-SPTECH";"ram";"ram_Usada";"GB";"2022-11-07 12:43:19";6.26
"Servidor-SPTECH";"ram";"ram_Usada";"GB";"2022-11-07 12:43:17";6.26
"Servidor-SPTECH";"ram";"ram_Usada";"GB";"2022-11-07 12:43:16";6.24
"Servidor-SPTECH";"ram";"ram_Usada";"GB";"2022-11-07 12:43:14";6.21
"Servidor-SPTECH";"ram";"ram_Usada";"GB";"2022-11-07 12:43:12";6.26
"Servidor-SPTECH";"ram";"ram_Usada";"GB";"2022-11-07 12:43:11";6.26
"Servidor-SPTECH";"ram";"ram_Usada";"GB";"2022-11-07 12:43:09";6.26
"Servidor-SPTECH";"ram";"ram_Usada";"GB";"2022-11-07 12:43:08";6.23
"Servidor-SPTECH";"ram";"ram_Usada";"GB";"2022-11-07 12:43:06";6.25
"Servidor-SPTECH";"ram";"ram_Usada";"GB";"2022-11-07 12:43:04";6.26
"Servidor-SPTECH";"ram";"ram_Usada";"GB";"2022-11-07 12:43:02";6.24
"Servidor-SPTECH";"ram";"ram_Usada";"GB";"2022-11-07 12:43:01";6.25
"Servidor-SPTECH";"ram";"ram_Usada";"GB";"2022-11-07 12:42:59";6.25
"Servidor-SPTECH";"ram";"ram_Usada";"GB";"2022-11-07 12:42:57";6.4
"Servidor-SPTECH";"ram";"ram_Usada";"GB";"2022-11-07 12:42:56";6.53
"Servidor-SPTECH";"ram";"ram_Usada";"GB";"2022-11-07 12:42:54";6.56
"Servidor-SPTECH";"ram";"ram_Usada";"GB";"2022-11-07 12:42:53";6.56
"Servidor-SPTECH";"ram";"ram_Usada";"GB";"2022-11-07 12:42:51";6.55
"Servidor-SPTECH";"ram";"ram_Usada";"GB";"2022-11-07 12:42:49";6.52
"Servidor-SPTECH";"ram";"ram_Usada";"GB";"2022-11-07 12:42:48";6.53
"Servidor-SPTECH";"ram";"ram_Usada";"GB";"2022-11-07 12:42:46";6.53
"Servidor-SPTECH";"ram";"ram_Usada";"GB";"2022-11-07 12:42:45";6.52
"Servidor-SPTECH";"ram";"ram_Usada";"GB";"2022-11-07 12:42:43";6.51
"Servidor-SPTECH";"ram";"ram_Usada";"GB";"2022-11-07 12:42:41";6.49
"Servidor-SPTECH";"ram";"ram_Usada";"GB";"2022-11-07 12:42:39";6.49
"Servidor-SPTECH";"ram";"ram_Usada";"GB";"2022-11-07 12:42:38";6.46
"Servidor-SPTECH";"ram";"ram_Usada";"GB";"2022-11-07 12:42:36";6.48
"Servidor-SPTECH";"ram";"ram_Usada";"GB";"2022-11-07 12:42:35";6.48
"Servidor-SPTECH";"ram";"ram_Usada";"GB";"2022-11-07 12:42:33";6.46
"Servidor-SPTECH";"ram";"ram_Usada";"GB";"2022-11-07 12:42:32";6.43
"Servidor-SPTECH";"ram";"ram_Usada";"GB";"2022-11-07 12:42:30";6.46
"Servidor-SPTECH";"ram";"ram_Usada";"GB";"2022-11-07 12:42:29";6.46
"Servidor-SPTECH";"ram";"ram_Usada";"GB";"2022-11-07 12:42:27";6.46
"Servidor-SPTECH";"ram";"ram_Usada";"GB";"2022-11-07 12:42:25";6.44
"Servidor-SPTECH";"ram";"ram_Usada";"GB";"2022-11-07 12:42:24";6.47
"Servidor-SPTECH";"ram";"ram_Usada";"GB";"2022-11-07 12:42:22";6.48
"Servidor-SPTECH";"ram";"ram_Usada";"GB";"2022-11-07 12:42:21";6.46
"Servidor-SPTECH";"ram";"ram_Usada";"GB";"2022-11-07 12:42:19";6.46
"Servidor-SPTECH";"ram";"ram_Usada";"GB";"2022-11-07 12:42:17";6.47
"Servidor-SPTECH";"ram";"ram_Usada";"GB";"2022-11-07 12:42:16";6.47
"Servidor-SPTECH";"ram";"ram_Usada";"GB";"2022-11-07 12:42:14";6.46
"Servidor-SPTECH";"ram";"ram_Usada";"GB";"2022-11-07 12:42:13";6.46
"Servidor-SPTECH";"ram";"ram_Usada";"GB";"2022-11-07 12:42:11";6.46
"Servidor-SPTECH";"ram";"ram_Usada";"GB";"2022-11-07 12:42:09";6.46
"Servidor-SPTECH";"ram";"ram_Usada";"GB";"2022-11-07 12:42:08";6.46
"Servidor-SPTECH";"ram";"ram_Usada";"GB";"2022-11-07 12:42:06";6.48
"Servidor-SPTECH";"ram";"ram_Usada";"GB";"2022-11-07 12:42:05";6.48
"Servidor-SPTECH";"ram";"ram_Usada";"GB";"2022-11-07 12:42:03";6.49
"Servidor-SPTECH";"ram";"ram_Usada";"GB";"2022-11-07 12:42:02";6.54
"Servidor-SPTECH";"ram";"ram_Usada";"GB";"2022-11-07 12:42:00";6.58
"Servidor-SPTECH";"ram";"ram_Usada";"GB";"2022-11-07 12:41:58";6.58
"Servidor-SPTECH";"ram";"ram_Usada";"GB";"2022-11-07 12:41:57";6.59
"Servidor-SPTECH";"ram";"ram_Usada";"GB";"2022-11-07 12:41:55";6.57
"Servidor-SPTECH";"ram";"ram_Usada";"GB";"2022-11-07 12:41:53";6.59
"Servidor-SPTECH";"ram";"ram_Usada";"GB";"2022-11-07 12:41:52";6.56
"Servidor-SPTECH";"ram";"ram_Usada";"GB";"2022-11-07 12:41:50";6.57
"Servidor-SPTECH";"ram";"ram_Usada";"GB";"2022-11-07 12:41:49";6.56
"Servidor-SPTECH";"ram";"ram_Usada";"GB";"2022-11-07 12:41:47";6.56
"Servidor-SPTECH";"ram";"ram_Usada";"GB";"2022-11-07 12:41:46";6.55
"Servidor-SPTECH";"ram";"ram_Usada";"GB";"2022-11-07 12:41:44";6.52
"Servidor-SPTECH";"ram";"ram_Usada";"GB";"2022-11-07 12:41:42";6.55
"Servidor-SPTECH";"ram";"ram_Usada";"GB";"2022-11-07 12:41:41";6.55
"Servidor-SPTECH";"ram";"ram_Usada";"GB";"2022-11-07 12:41:39";6.54
"Servidor-SPTECH";"ram";"ram_Usada";"GB";"2022-11-07 12:41:37";6.53
"Servidor-SPTECH";"ram";"ram_Usada";"GB";"2022-11-07 12:41:36";6.54
"Servidor-SPTECH";"ram";"ram_Usada";"GB";"2022-11-07 12:41:34";6.53
"Servidor-SPTECH";"ram";"ram_Usada";"GB";"2022-11-07 12:41:32";6.53
"Servidor-SPTECH";"ram";"ram_Usada";"GB";"2022-11-07 12:41:31";6.52
"Servidor-SPTECH";"ram";"ram_Usada";"GB";"2022-11-07 12:41:29";6.52
"Servidor-SPTECH";"ram";"ram_Usada";"GB";"2022-11-07 12:41:28";6.52
"Servidor-SPTECH";"ram";"ram_Usada";"GB";"2022-11-07 12:41:26";6.51
"Servidor-SPTECH";"ram";"ram_Usada";"GB";"2022-11-07 12:41:24";6.49
"Servidor-SPTECH";"ram";"ram_Usada";"GB";"2022-11-07 12:41:22";6.48
"Servidor-SPTECH";"ram";"ram_Usada";"GB";"2022-11-07 12:41:21";6.47
"Servidor-SPTECH";"ram";"ram_Usada";"GB";"2022-11-07 12:41:19";6.44
"Servidor-SPTECH";"ram";"ram_Usada";"GB";"2022-11-07 12:41:18";6.47
"Servidor-SPTECH";"ram";"ram_Usada";"GB";"2022-11-07 12:41:16";6.48
"Servidor-SPTECH";"ram";"ram_Usada";"GB";"2022-11-07 12:41:14";6.48
"Servidor-SPTECH";"ram";"ram_Usada";"GB";"2022-11-07 12:41:12";6.47
"Servidor-SPTECH";"ram";"ram_Usada";"GB";"2022-11-07 12:41:11";6.47
"Servidor-SPTECH";"ram";"ram_Usada";"GB";"2022-11-07 12:41:09";6.47
"Servidor-SPTECH";"ram";"ram_Usada";"GB";"2022-11-07 12:41:08";6.44
"Servidor-SPTECH";"ram";"ram_Usada";"GB";"2022-11-07 12:41:06";6.42
"Servidor-SPTECH";"ram";"ram_Usada";"GB";"2022-11-07 12:41:04";6.42
"Servidor-SPTECH";"ram";"ram_Usada";"GB";"2022-11-07 12:41:02";6.42
"Servidor-SPTECH";"ram";"ram_Usada";"GB";"2022-11-07 12:41:01";6.44
"Servidor-SPTECH";"ram";"ram_Usada";"GB";"2022-11-07 12:40:59";6.44
"Servidor-SPTECH";"ram";"ram_Usada";"GB";"2022-11-07 12:40:57";6.43
"Servidor-SPTECH";"ram";"ram_Usada";"GB";"2022-11-07 12:40:55";6.42
"Servidor-SPTECH";"ram";"ram_Usada";"GB";"2022-11-07 12:40:54";6.42
"Servidor-SPTECH";"ram";"ram_Usada";"GB";"2022-11-07 12:40:52";6.42
"Servidor-SPTECH";"ram";"ram_Usada";"GB";"2022-11-07 12:40:50";6.42
"Servidor-SPTECH";"ram";"ram_Usada";"GB";"2022-11-07 12:40:48";6.43
"Servidor-SPTECH";"ram";"ram_Usada";"GB";"2022-11-07 12:40:47";6.43
"Servidor-SPTECH";"ram";"ram_Usada";"GB";"2022-11-07 12:40:45";6.42
"Servidor-SPTECH";"ram";"ram_Usada";"GB";"2022-11-07 12:40:43";6.43
"Servidor-SPTECH";"ram";"ram_Usada";"GB";"2022-11-07 12:40:41";6.42
"Servidor-SPTECH";"ram";"ram_Usada";"GB";"2022-11-07 12:40:40";6.42
"Servidor-SPTECH";"ram";"ram_Usada";"GB";"2022-11-07 12:40:38";6.42
"Servidor-SPTECH";"ram";"ram_Usada";"GB";"2022-11-07 12:40:36";6.43
"Servidor-SPTECH";"ram";"ram_Usada";"GB";"2022-11-07 12:40:35";6.42
"Servidor-SPTECH";"ram";"ram_Usada";"GB";"2022-11-07 12:40:33";6.42
"Servidor-SPTECH";"ram";"ram_Usada";"GB";"2022-11-07 12:40:31";6.42
"Servidor-SPTECH";"ram";"ram_Usada";"GB";"2022-11-07 12:40:29";6.42
"Servidor-SPTECH";"ram";"ram_Usada";"GB";"2022-11-07 12:40:27";6.42
"Servidor-SPTECH";"ram";"ram_Usada";"GB";"2022-11-07 12:40:26";6.41
"Servidor-SPTECH";"ram";"ram_Usada";"GB";"2022-11-07 12:40:24";6.41
"Servidor-SPTECH";"ram";"ram_Usada";"GB";"2022-11-07 12:40:22";6.41
"Servidor-SPTECH";"ram";"ram_Usada";"GB";"2022-11-07 12:40:20";6.42
"Servidor-SPTECH";"ram";"ram_Usada";"GB";"2022-11-07 12:40:19";6.41
"Servidor-SPTECH";"ram";"ram_Usada";"GB";"2022-11-07 12:40:17";6.41
"Servidor-SPTECH";"ram";"ram_Usada";"GB";"2022-11-07 12:40:15";6.41
"Servidor-SPTECH";"ram";"ram_Usada";"GB";"2022-11-07 12:40:14";6.41
"Servidor-SPTECH";"ram";"ram_Usada";"GB";"2022-11-07 12:40:12";6.41
"Servidor-SPTECH";"ram";"ram_Usada";"GB";"2022-11-07 12:40:10";6.41
"Servidor-SPTECH";"ram";"ram_Usada";"GB";"2022-11-07 12:40:08";6.41
"Servidor-SPTECH";"ram";"ram_Usada";"GB";"2022-11-07 12:40:07";6.41
"Servidor-SPTECH";"ram";"ram_Usada";"GB";"2022-11-07 12:40:05";6.41
"Servidor-SPTECH";"ram";"ram_Usada";"GB";"2022-11-07 12:40:03";6.41
"Servidor-SPTECH";"ram";"ram_Usada";"GB";"2022-11-07 12:40:02";6.43
"Servidor-SPTECH";"ram";"ram_Usada";"GB";"2022-11-07 12:40:00";6.43
"Servidor-SPTECH";"ram";"ram_Usada";"GB";"2022-11-07 12:39:58";6.44
"Servidor-SPTECH";"ram";"ram_Usada";"GB";"2022-11-07 12:39:56";6.44
"Servidor-SPTECH";"ram";"ram_Usada";"GB";"2022-11-07 12:39:55";6.44
"Servidor-SPTECH";"ram";"ram_Usada";"GB";"2022-11-07 12:39:53";6.43
"Servidor-SPTECH";"ram";"ram_Usada";"GB";"2022-11-07 12:39:51";6.43
"Servidor-SPTECH";"ram";"ram_Usada";"GB";"2022-11-07 12:39:50";6.43
"Servidor-SPTECH";"ram";"ram_Usada";"GB";"2022-11-07 12:39:48";6.43
"Servidor-SPTECH";"ram";"ram_Usada";"GB";"2022-11-07 12:39:46";6.42
"Servidor-SPTECH";"ram";"ram_Usada";"GB";"2022-11-07 12:39:45";6.42
"Servidor-SPTECH";"ram";"ram_Usada";"GB";"2022-11-07 12:39:43";6.42
"Servidor-SPTECH";"ram";"ram_Usada";"GB";"2022-11-07 12:39:41";6.42
"Servidor-SPTECH";"ram";"ram_Usada";"GB";"2022-11-07 12:39:39";6.43
"Servidor-SPTECH";"ram";"ram_Usada";"GB";"2022-11-07 12:39:38";6.42
"Servidor-SPTECH";"ram";"ram_Usada";"GB";"2022-11-07 12:39:36";6.42
"Servidor-SPTECH";"ram";"ram_Usada";"GB";"2022-11-07 12:39:34";6.42
"Servidor-SPTECH";"ram";"ram_Usada";"GB";"2022-11-07 12:39:33";6.42
"Servidor-SPTECH";"ram";"ram_Usada";"GB";"2022-11-07 12:39:31";6.42
"Servidor-SPTECH";"ram";"ram_Usada";"GB";"2022-11-07 12:39:29";6.41
"Servidor-SPTECH";"ram";"ram_Usada";"GB";"2022-11-07 12:39:27";6.41
"Servidor-SPTECH";"ram";"ram_Usada";"GB";"2022-11-07 12:39:26";6.42
"Servidor-SPTECH";"ram";"ram_Usada";"GB";"2022-11-07 12:39:24";6.42
"Servidor-SPTECH";"ram";"ram_Usada";"GB";"2022-11-07 12:39:22";6.42
"Servidor-SPTECH";"ram";"ram_Usada";"GB";"2022-11-07 12:39:20";6.42
"Servidor-SPTECH";"ram";"ram_Usada";"GB";"2022-11-07 12:39:19";6.43
"Servidor-SPTECH";"ram";"ram_Usada";"GB";"2022-11-07 12:39:17";6.43
"Servidor-SPTECH";"ram";"ram_Usada";"GB";"2022-11-07 12:39:15";6.42
"Servidor-SPTECH";"ram";"ram_Usada";"GB";"2022-11-07 12:39:13";6.43
"Servidor-SPTECH";"ram";"ram_Usada";"GB";"2022-11-07 12:39:12";6.42
"Servidor-SPTECH";"ram";"ram_Usada";"GB";"2022-11-07 12:39:10";6.42
"Servidor-SPTECH";"ram";"ram_Usada";"GB";"2022-11-07 12:39:08";6.42
"Servidor-SPTECH";"ram";"ram_Usada";"GB";"2022-11-07 12:39:06";6.41
"Servidor-SPTECH";"ram";"ram_Usada";"GB";"2022-11-07 12:39:05";6.41
"Servidor-SPTECH";"ram";"ram_Usada";"GB";"2022-11-07 12:39:03";6.41
"Servidor-SPTECH";"ram";"ram_Usada";"GB";"2022-11-07 12:39:01";6.43
"Servidor-SPTECH";"ram";"ram_Usada";"GB";"2022-11-07 12:38:59";6.43
"Servidor-SPTECH";"ram";"ram_Usada";"GB";"2022-11-07 12:38:58";6.43
"Servidor-SPTECH";"ram";"ram_Usada";"GB";"2022-11-07 12:38:56";6.43
"Servidor-SPTECH";"ram";"ram_Usada";"GB";"2022-11-07 12:38:54";6.43
"Servidor-SPTECH";"ram";"ram_Usada";"GB";"2022-11-07 12:38:52";6.42
"Servidor-SPTECH";"ram";"ram_Usada";"GB";"2022-11-07 12:38:51";6.43
"Servidor-SPTECH";"ram";"ram_Usada";"GB";"2022-11-07 12:38:49";6.44
"Servidor-SPTECH";"ram";"ram_Usada";"GB";"2022-11-07 12:38:47";6.44
"Servidor-SPTECH";"ram";"ram_Usada";"GB";"2022-11-07 12:38:45";6.44
"Servidor-SPTECH";"ram";"ram_Usada";"GB";"2022-11-07 12:38:44";6.44
"Servidor-SPTECH";"ram";"ram_Usada";"GB";"2022-11-07 12:38:42";6.43
"Servidor-SPTECH";"ram";"ram_Usada";"GB";"2022-11-07 12:38:40";6.41
"Servidor-SPTECH";"ram";"ram_Usada";"GB";"2022-11-07 12:38:38";6.44
"Servidor-SPTECH";"ram";"ram_Usada";"GB";"2022-11-07 12:38:37";6.43
"Servidor-SPTECH";"ram";"ram_Usada";"GB";"2022-11-07 12:38:35";6.43
"Servidor-SPTECH";"ram";"ram_Usada";"GB";"2022-11-07 12:38:33";6.43
"Servidor-SPTECH";"ram";"ram_Usada";"GB";"2022-11-07 12:38:31";6.43
"Servidor-SPTECH";"ram";"ram_Usada";"GB";"2022-11-07 12:38:30";6.44
"Servidor-SPTECH";"ram";"ram_Usada";"GB";"2022-11-07 12:38:28";6.4
"Servidor-SPTECH";"ram";"ram_Usada";"GB";"2022-11-07 12:38:26";6.43
"Servidor-SPTECH";"ram";"ram_Usada";"GB";"2022-11-07 12:38:24";6.43
"Servidor-SPTECH";"ram";"ram_Usada";"GB";"2022-11-07 12:38:23";6.43
"Servidor-SPTECH";"ram";"ram_Usada";"GB";"2022-11-07 12:38:21";6.43
"Servidor-SPTECH";"ram";"ram_Usada";"GB";"2022-11-07 12:38:19";6.42
"Servidor-SPTECH";"ram";"ram_Usada";"GB";"2022-11-07 12:38:18";6.42
"Servidor-SPTECH";"ram";"ram_Usada";"GB";"2022-11-07 12:38:16";6.42
"Servidor-SPTECH";"ram";"ram_Usada";"GB";"2022-11-07 12:38:14";6.42
"Servidor-SPTECH";"ram";"ram_Usada";"GB";"2022-11-07 12:38:12";6.42
"Servidor-SPTECH";"ram";"ram_Usada";"GB";"2022-11-07 12:38:11";6.45
"Servidor-SPTECH";"ram";"ram_Usada";"GB";"2022-11-07 12:38:09";6.45
"Servidor-SPTECH";"ram";"ram_Usada";"GB";"2022-11-07 12:38:07";6.45
"Servidor-SPTECH";"ram";"ram_Usada";"GB";"2022-11-07 12:38:05";6.45
"Servidor-SPTECH";"ram";"ram_Usada";"GB";"2022-11-07 12:38:03";6.4
"Servidor-SPTECH";"ram";"ram_Usada";"GB";"2022-11-07 12:38:02";6.42
"Servidor-SPTECH";"ram";"ram_Usada";"GB";"2022-11-07 12:38:00";6.49
"Servidor-SPTECH";"ram";"ram_Usada";"GB";"2022-11-07 12:37:58";6.48
"Servidor-SPTECH";"ram";"ram_Usada";"GB";"2022-11-07 12:37:57";6.49
"Servidor-SPTECH";"ram";"ram_Usada";"GB";"2022-11-07 12:37:55";6.68
"Servidor-SPTECH";"ram";"ram_Usada";"GB";"2022-11-07 12:37:53";6.68
"Servidor-SPTECH";"ram";"ram_Usada";"GB";"2022-11-07 12:37:52";6.67
"Servidor-SPTECH";"ram";"ram_Usada";"GB";"2022-11-07 12:37:50";6.66
"Servidor-SPTECH";"ram";"ram_Usada";"GB";"2022-11-07 12:37:48";6.65
"Servidor-SPTECH";"ram";"ram_Usada";"GB";"2022-11-07 12:37:46";6.64
"Servidor-SPTECH";"ram";"ram_Usada";"GB";"2022-11-07 12:37:44";6.61
"Servidor-SPTECH";"ram";"ram_Usada";"GB";"2022-11-07 12:37:43";6.6
"Servidor-SPTECH";"ram";"ram_Usada";"GB";"2022-11-07 12:37:41";6.61
"Servidor-SPTECH";"ram";"ram_Usada";"GB";"2022-11-07 12:37:39";6.6
"Servidor-SPTECH";"ram";"ram_Usada";"GB";"2022-11-07 12:37:38";6.61
"Servidor-SPTECH";"ram";"ram_Usada";"GB";"2022-11-07 12:37:36";6.6
"Servidor-SPTECH";"ram";"ram_Usada";"GB";"2022-11-07 12:37:34";6.59
"Servidor-SPTECH";"ram";"ram_Usada";"GB";"2022-11-07 12:37:32";6.66
"Servidor-SPTECH";"ram";"ram_Usada";"GB";"2022-11-07 12:37:30";6.7
"Servidor-SPTECH";"ram";"ram_Usada";"GB";"2022-11-07 12:37:29";6.7
"Servidor-SPTECH";"ram";"ram_Usada";"GB";"2022-11-07 12:37:27";6.68
"Servidor-SPTECH";"ram";"ram_Usada";"GB";"2022-11-07 12:37:26";6.67
"Servidor-SPTECH";"ram";"ram_Usada";"GB";"2022-11-07 12:37:24";6.69
"Servidor-SPTECH";"ram";"ram_Usada";"GB";"2022-11-07 12:37:22";6.68
"Servidor-SPTECH";"ram";"ram_Usada";"GB";"2022-11-07 12:37:21";6.68
"Servidor-SPTECH";"ram";"ram_Usada";"GB";"2022-11-07 12:37:19";6.68
"Servidor-SPTECH";"ram";"ram_Usada";"GB";"2022-11-07 12:37:17";6.68
"Servidor-SPTECH";"ram";"ram_Usada";"GB";"2022-11-07 12:37:15";6.69
"Servidor-SPTECH";"ram";"ram_Usada";"GB";"2022-11-07 12:37:14";6.7
"Servidor-SPTECH";"ram";"ram_Usada";"GB";"2022-11-07 12:37:12";6.7
"Servidor-SPTECH";"ram";"ram_Usada";"GB";"2022-11-07 12:37:10";6.68
"Servidor-SPTECH";"ram";"ram_Usada";"GB";"2022-11-07 12:37:08";6.7
"Servidor-SPTECH";"ram";"ram_Usada";"GB";"2022-11-07 12:37:07";6.69
"Servidor-SPTECH";"ram";"ram_Usada";"GB";"2022-11-07 12:37:05";6.67
"Servidor-SPTECH";"ram";"ram_Usada";"GB";"2022-11-07 12:37:03";6.66
"Servidor-SPTECH";"ram";"ram_Usada";"GB";"2022-11-07 12:37:01";6.69
"Servidor-SPTECH";"ram";"ram_Usada";"GB";"2022-11-07 12:37:00";6.7
"Servidor-SPTECH";"ram";"ram_Usada";"GB";"2022-11-07 12:36:58";6.68
"Servidor-SPTECH";"ram";"ram_Usada";"GB";"2022-11-07 12:36:56";6.7
"Servidor-SPTECH";"ram";"ram_Usada";"GB";"2022-11-07 12:36:55";6.71
"Servidor-SPTECH";"ram";"ram_Usada";"GB";"2022-11-07 12:36:53";6.72
"Servidor-SPTECH";"ram";"ram_Usada";"GB";"2022-11-07 12:36:51";6.72
"Servidor-SPTECH";"ram";"ram_Usada";"GB";"2022-11-07 12:36:50";6.73
"Servidor-SPTECH";"ram";"ram_Usada";"GB";"2022-11-07 12:36:48";6.74
"Servidor-SPTECH";"ram";"ram_Usada";"GB";"2022-11-07 12:36:46";6.73
"Servidor-SPTECH";"ram";"ram_Usada";"GB";"2022-11-07 12:36:44";6.73
"Servidor-SPTECH";"ram";"ram_Usada";"GB";"2022-11-07 12:36:43";6.69
"Servidor-SPTECH";"ram";"ram_Usada";"GB";"2022-11-07 12:36:41";6.67
"Servidor-SPTECH";"ram";"ram_Usada";"GB";"2022-11-07 12:36:39";6.67
"Servidor-SPTECH";"ram";"ram_Usada";"GB";"2022-11-07 12:36:37";6.67
"Servidor-SPTECH";"ram";"ram_Usada";"GB";"2022-11-07 12:36:36";6.68
"Servidor-SPTECH";"ram";"ram_Usada";"GB";"2022-11-07 12:36:34";6.65
"Servidor-SPTECH";"ram";"ram_Usada";"GB";"2022-11-07 12:36:32";6.68
"Servidor-SPTECH";"ram";"ram_Usada";"GB";"2022-11-07 12:36:30";6.67
"Servidor-SPTECH";"ram";"ram_Usada";"GB";"2022-11-07 12:36:28";6.68
"Servidor-SPTECH";"ram";"ram_Usada";"GB";"2022-11-07 12:36:27";6.68
"Servidor-SPTECH";"ram";"ram_Usada";"GB";"2022-11-07 12:36:25";6.68
"Servidor-SPTECH";"ram";"ram_Usada";"GB";"2022-11-07 12:36:23";6.68
"Servidor-SPTECH";"ram";"ram_Usada";"GB";"2022-11-07 12:36:22";6.64
"Servidor-SPTECH";"ram";"ram_Usada";"GB";"2022-11-07 12:36:20";6.68
"Servidor-SPTECH";"ram";"ram_Usada";"GB";"2022-11-07 12:36:18";6.68
"Servidor-SPTECH";"ram";"ram_Usada";"GB";"2022-11-07 12:36:17";6.67
"Servidor-SPTECH";"ram";"ram_Usada";"GB";"2022-11-07 12:36:15";6.67
"Servidor-SPTECH";"ram";"ram_Usada";"GB";"2022-11-07 12:36:13";6.67
"Servidor-SPTECH";"ram";"ram_Usada";"GB";"2022-11-07 12:36:11";6.67
"Servidor-SPTECH";"ram";"ram_Usada";"GB";"2022-11-07 12:36:10";6.64
"Servidor-SPTECH";"ram";"ram_Usada";"GB";"2022-11-07 12:36:08";6.68
"Servidor-SPTECH";"ram";"ram_Usada";"GB";"2022-11-07 12:36:06";6.67
"Servidor-SPTECH";"ram";"ram_Usada";"GB";"2022-11-07 12:36:04";6.67
"Servidor-SPTECH";"ram";"ram_Usada";"GB";"2022-11-07 12:36:03";6.66
"Servidor-SPTECH";"ram";"ram_Usada";"GB";"2022-11-07 12:36:01";6.69
"Servidor-SPTECH";"ram";"ram_Usada";"GB";"2022-11-07 12:35:59";6.69
"Servidor-SPTECH";"ram";"ram_Usada";"GB";"2022-11-07 12:35:58";6.67
"Servidor-SPTECH";"ram";"ram_Usada";"GB";"2022-11-07 12:35:56";6.69
"Servidor-SPTECH";"ram";"ram_Usada";"GB";"2022-11-07 12:35:54";6.69
"Servidor-SPTECH";"ram";"ram_Usada";"GB";"2022-11-07 12:35:52";6.7
"Servidor-SPTECH";"ram";"ram_Usada";"GB";"2022-11-07 12:35:51";6.7
"Servidor-SPTECH";"ram";"ram_Usada";"GB";"2022-11-07 12:35:49";6.76
"Servidor-SPTECH";"ram";"ram_Usada";"GB";"2022-11-07 12:35:47";6.76
"Servidor-SPTECH";"ram";"ram_Usada";"GB";"2022-11-07 12:35:46";6.73
"Servidor-SPTECH";"ram";"ram_Usada";"GB";"2022-11-07 12:35:44";6.76
"Servidor-SPTECH";"ram";"ram_Usada";"GB";"2022-11-07 12:35:42";6.76
"Servidor-SPTECH";"ram";"ram_Usada";"GB";"2022-11-07 12:35:40";6.77
"Servidor-SPTECH";"ram";"ram_Usada";"GB";"2022-11-07 12:35:39";6.77
"Servidor-SPTECH";"ram";"ram_Usada";"GB";"2022-11-07 12:35:37";6.77
"Servidor-SPTECH";"ram";"ram_Usada";"GB";"2022-11-07 12:35:35";6.76
"Servidor-SPTECH";"ram";"ram_Usada";"GB";"2022-11-07 12:35:33";6.73
"Servidor-SPTECH";"ram";"ram_Usada";"GB";"2022-11-07 12:35:31";6.72
"Servidor-SPTECH";"ram";"ram_Usada";"GB";"2022-11-07 12:35:30";6.72
"Servidor-SPTECH";"ram";"ram_Usada";"GB";"2022-11-07 12:35:28";6.71
"Servidor-SPTECH";"ram";"ram_Usada";"GB";"2022-11-07 12:35:26";6.7
"Servidor-SPTECH";"ram";"ram_Usada";"GB";"2022-11-07 12:35:25";6.69
"Servidor-SPTECH";"ram";"ram_Usada";"GB";"2022-11-07 12:35:23";6.7
"Servidor-SPTECH";"ram";"ram_Usada";"GB";"2022-11-07 12:35:22";6.66
"Servidor-SPTECH";"ram";"ram_Usada";"GB";"2022-11-07 12:35:20";6.7
"Servidor-SPTECH";"ram";"ram_Usada";"GB";"2022-11-07 12:35:19";6.7
"Servidor-SPTECH";"ram";"ram_Usada";"GB";"2022-11-07 12:35:17";6.67
"Servidor-SPTECH";"ram";"ram_Usada";"GB";"2022-11-07 12:35:15";6.64
"Servidor-SPTECH";"ram";"ram_Usada";"GB";"2022-11-07 12:35:14";6.68
"Servidor-SPTECH";"ram";"ram_Usada";"GB";"2022-11-07 12:35:12";6.68
"Servidor-SPTECH";"ram";"ram_Usada";"GB";"2022-11-07 12:35:11";6.68
"Servidor-SPTECH";"ram";"ram_Usada";"GB";"2022-11-07 12:35:09";6.68
"Servidor-SPTECH";"ram";"ram_Usada";"GB";"2022-11-07 12:35:07";6.69
"Servidor-SPTECH";"ram";"ram_Usada";"GB";"2022-11-07 12:35:06";6.7
"Servidor-SPTECH";"ram";"ram_Usada";"GB";"2022-11-07 12:35:04";6.72
"Servidor-SPTECH";"ram";"ram_Usada";"GB";"2022-11-07 12:35:03";6.73
"Servidor-SPTECH";"ram";"ram_Usada";"GB";"2022-11-07 12:35:01";6.76
"Servidor-SPTECH";"ram";"ram_Usada";"GB";"2022-11-07 12:34:59";6.76
"Servidor-SPTECH";"ram";"ram_Usada";"GB";"2022-11-07 12:34:58";6.76
"Servidor-SPTECH";"ram";"ram_Usada";"GB";"2022-11-07 12:34:56";6.77
"Servidor-SPTECH";"ram";"ram_Usada";"GB";"2022-11-07 12:34:55";6.78
"Servidor-SPTECH";"ram";"ram_Usada";"GB";"2022-11-07 12:34:53";6.78
"Servidor-SPTECH";"ram";"ram_Usada";"GB";"2022-11-07 12:34:51";6.75
"Servidor-SPTECH";"ram";"ram_Usada";"GB";"2022-11-07 12:34:50";6.78
"Servidor-SPTECH";"ram";"ram_Usada";"GB";"2022-11-07 12:34:48";6.76
"Servidor-SPTECH";"ram";"ram_Usada";"GB";"2022-11-07 12:34:46";6.78
"Servidor-SPTECH";"ram";"ram_Usada";"GB";"2022-11-07 12:34:45";6.73
"Servidor-SPTECH";"ram";"ram_Usada";"GB";"2022-11-07 12:34:43";6.73
"Servidor-SPTECH";"ram";"ram_Usada";"GB";"2022-11-07 12:34:42";6.67
"Servidor-SPTECH";"ram";"ram_Usada";"GB";"2022-11-07 12:34:40";6.67
"Servidor-SPTECH";"ram";"ram_Usada";"GB";"2022-11-07 12:34:38";6.67
"Servidor-SPTECH";"ram";"ram_Usada";"GB";"2022-11-07 12:34:37";6.65
"Servidor-SPTECH";"ram";"ram_Usada";"GB";"2022-11-07 12:34:35";6.65
"Servidor-SPTECH";"ram";"ram_Usada";"GB";"2022-11-07 12:34:33";6.55
"Servidor-SPTECH";"ram";"ram_Usada";"GB";"2022-11-07 12:34:32";6.64
"Servidor-SPTECH";"ram";"ram_Usada";"GB";"2022-11-07 12:34:30";6.64
"Servidor-SPTECH";"ram";"ram_Usada";"GB";"2022-11-07 12:34:29";6.64
"Servidor-SPTECH";"ram";"ram_Usada";"GB";"2022-11-07 12:34:27";6.59
"Servidor-SPTECH";"ram";"ram_Usada";"GB";"2022-11-07 12:34:25";6.62
"Servidor-SPTECH";"ram";"ram_Usada";"GB";"2022-11-07 12:34:24";6.62
"Servidor-SPTECH";"ram";"ram_Usada";"GB";"2022-11-07 12:34:22";6.62
"Servidor-SPTECH";"ram";"ram_Usada";"GB";"2022-11-07 12:34:21";6.62
"Servidor-SPTECH";"ram";"ram_Usada";"GB";"2022-11-07 12:34:19";6.62
"Servidor-SPTECH";"ram";"ram_Usada";"GB";"2022-11-07 12:34:17";6.62
"Servidor-SPTECH";"ram";"ram_Usada";"GB";"2022-11-07 12:34:16";6.62
"Servidor-SPTECH";"ram";"ram_Usada";"GB";"2022-11-07 12:34:14";6.61
"Servidor-SPTECH";"ram";"ram_Usada";"GB";"2022-11-07 12:34:12";6.62
"Servidor-SPTECH";"ram";"ram_Usada";"GB";"2022-11-07 12:34:11";6.61
"Servidor-SPTECH";"ram";"ram_Usada";"GB";"2022-11-07 12:34:09";6.58
"Servidor-SPTECH";"ram";"ram_Usada";"GB";"2022-11-07 12:34:08";6.61
"Servidor-SPTECH";"ram";"ram_Usada";"GB";"2022-11-07 12:34:06";6.61
"Servidor-SPTECH";"ram";"ram_Usada";"GB";"2022-11-07 12:34:05";6.61
"Servidor-SPTECH";"ram";"ram_Usada";"GB";"2022-11-07 12:34:03";6.59
"Servidor-SPTECH";"ram";"ram_Usada";"GB";"2022-11-07 12:34:01";6.63
"Servidor-SPTECH";"ram";"ram_Usada";"GB";"2022-11-07 12:34:00";6.63
"Servidor-SPTECH";"ram";"ram_Usada";"GB";"2022-11-07 12:33:58";6.63
"Servidor-SPTECH";"ram";"ram_Usada";"GB";"2022-11-07 12:33:57";6.63
"Servidor-SPTECH";"ram";"ram_Usada";"GB";"2022-11-07 12:33:55";6.63
"Servidor-SPTECH";"ram";"ram_Usada";"GB";"2022-11-07 12:33:53";6.63
"Servidor-SPTECH";"ram";"ram_Usada";"GB";"2022-11-07 12:33:52";6.62
"Servidor-SPTECH";"ram";"ram_Usada";"GB";"2022-11-07 12:33:50";6.62
"Servidor-SPTECH";"ram";"ram_Usada";"GB";"2022-11-07 12:33:49";6.62
"Servidor-SPTECH";"ram";"ram_Usada";"GB";"2022-11-07 12:33:47";6.62
"Servidor-SPTECH";"ram";"ram_Usada";"GB";"2022-11-07 12:33:45";6.6
"Servidor-SPTECH";"ram";"ram_Usada";"GB";"2022-11-07 12:33:44";6.62
"Servidor-SPTECH";"ram";"ram_Usada";"GB";"2022-11-07 12:33:42";6.62
"Servidor-SPTECH";"ram";"ram_Usada";"GB";"2022-11-07 12:33:41";6.62
"Servidor-SPTECH";"ram";"ram_Usada";"GB";"2022-11-07 12:33:39";6.6
"Servidor-SPTECH";"ram";"ram_Usada";"GB";"2022-11-07 12:33:38";6.62
"Servidor-SPTECH";"ram";"ram_Usada";"GB";"2022-11-07 12:33:36";6.62
"Servidor-SPTECH";"ram";"ram_Usada";"GB";"2022-11-07 12:33:34";6.62
"Servidor-SPTECH";"ram";"ram_Usada";"GB";"2022-11-07 12:33:33";6.58
"Servidor-SPTECH";"ram";"ram_Usada";"GB";"2022-11-07 12:33:31";6.61
"Servidor-SPTECH";"ram";"ram_Usada";"GB";"2022-11-07 12:33:30";6.61
"Servidor-SPTECH";"ram";"ram_Usada";"GB";"2022-11-07 12:33:28";6.62
"Servidor-SPTECH";"ram";"ram_Usada";"GB";"2022-11-07 12:33:26";6.62
"Servidor-SPTECH";"ram";"ram_Usada";"GB";"2022-11-07 12:33:25";6.62
"Servidor-SPTECH";"ram";"ram_Usada";"GB";"2022-11-07 12:33:23";6.61
"Servidor-SPTECH";"ram";"ram_Usada";"GB";"2022-11-07 12:33:22";6.61
"Servidor-SPTECH";"ram";"ram_Usada";"GB";"2022-11-07 12:33:20";6.63
"Servidor-SPTECH";"ram";"ram_Usada";"GB";"2022-11-07 12:33:18";6.57
"Servidor-SPTECH";"ram";"ram_Usada";"GB";"2022-11-07 12:33:17";6.57
"Servidor-SPTECH";"ram";"ram_Usada";"GB";"2022-11-07 12:33:15";6.54
"Servidor-SPTECH";"ram";"ram_Usada";"GB";"2022-11-07 12:33:14";6.56
"Servidor-SPTECH";"ram";"ram_Usada";"GB";"2022-11-07 12:33:12";6.56
"Servidor-SPTECH";"ram";"ram_Usada";"GB";"2022-11-07 12:33:10";6.57
"Servidor-SPTECH";"ram";"ram_Usada";"GB";"2022-11-07 12:33:09";6.54
"Servidor-SPTECH";"ram";"ram_Usada";"GB";"2022-11-07 12:33:07";6.57
"Servidor-SPTECH";"ram";"ram_Usada";"GB";"2022-11-07 12:33:06";6.6
"Servidor-SPTECH";"ram";"ram_Usada";"GB";"2022-11-07 12:33:04";6.59
"Servidor-SPTECH";"ram";"ram_Usada";"GB";"2022-11-07 12:33:02";6.55
"Servidor-SPTECH";"ram";"ram_Usada";"GB";"2022-11-07 12:33:01";6.58
"Servidor-SPTECH";"ram";"ram_Usada";"GB";"2022-11-07 12:32:59";6.58
"Servidor-SPTECH";"ram";"ram_Usada";"GB";"2022-11-07 12:32:57";6.55
"Servidor-SPTECH";"ram";"ram_Usada";"GB";"2022-11-07 12:32:56";6.67
"Servidor-SPTECH";"ram";"ram_Usada";"GB";"2022-11-07 12:32:54";6.72
"Servidor-SPTECH";"ram";"ram_Usada";"GB";"2022-11-07 12:32:53";6.73
"Servidor-SPTECH";"ram";"ram_Usada";"GB";"2022-11-07 12:32:51";6.71
"Servidor-SPTECH";"ram";"ram_Usada";"GB";"2022-11-07 12:32:49";6.74
"Servidor-SPTECH";"ram";"ram_Usada";"GB";"2022-11-07 12:32:48";6.74
"Servidor-SPTECH";"ram";"ram_Usada";"GB";"2022-11-07 12:32:46";6.74
"Servidor-SPTECH";"ram";"ram_Usada";"GB";"2022-11-07 12:32:45";6.7
"Servidor-SPTECH";"ram";"ram_Usada";"GB";"2022-11-07 12:32:43";6.73
"Servidor-SPTECH";"ram";"ram_Usada";"GB";"2022-11-07 12:32:41";6.73
"Servidor-SPTECH";"ram";"ram_Usada";"GB";"2022-11-07 12:32:40";6.73
"Servidor-SPTECH";"ram";"ram_Usada";"GB";"2022-11-07 12:32:38";6.73
"Servidor-SPTECH";"ram";"ram_Usada";"GB";"2022-11-07 12:32:37";6.73
"Servidor-SPTECH";"ram";"ram_Usada";"GB";"2022-11-07 12:32:35";6.74
"Servidor-SPTECH";"ram";"ram_Usada";"GB";"2022-11-07 12:32:34";6.73
"Servidor-SPTECH";"ram";"ram_Usada";"GB";"2022-11-07 12:32:32";6.73
"Servidor-SPTECH";"ram";"ram_Usada";"GB";"2022-11-07 12:32:30";6.73
"Servidor-SPTECH";"ram";"ram_Usada";"GB";"2022-11-07 12:32:29";6.73
"Servidor-SPTECH";"ram";"ram_Usada";"GB";"2022-11-07 12:32:27";6.7
"Servidor-SPTECH";"ram";"ram_Usada";"GB";"2022-11-07 12:32:26";6.73
"Servidor-SPTECH";"ram";"ram_Usada";"GB";"2022-11-07 12:32:24";6.73
"Servidor-SPTECH";"ram";"ram_Usada";"GB";"2022-11-07 12:32:22";6.73
"Servidor-SPTECH";"ram";"ram_Usada";"GB";"2022-11-07 12:32:21";6.7
"Servidor-SPTECH";"ram";"ram_Usada";"GB";"2022-11-07 12:32:19";6.73
"Servidor-SPTECH";"ram";"ram_Usada";"GB";"2022-11-07 12:32:17";6.73
"Servidor-SPTECH";"ram";"ram_Usada";"GB";"2022-11-07 12:32:16";6.73
"Servidor-SPTECH";"ram";"ram_Usada";"GB";"2022-11-07 12:32:14";6.73
"Servidor-SPTECH";"ram";"ram_Usada";"GB";"2022-11-07 12:32:13";6.73
"Servidor-SPTECH";"ram";"ram_Usada";"GB";"2022-11-07 12:32:11";6.73
"Servidor-SPTECH";"ram";"ram_Usada";"GB";"2022-11-07 12:32:10";6.73
"Servidor-SPTECH";"ram";"ram_Usada";"GB";"2022-11-07 12:32:08";6.74
"Servidor-SPTECH";"ram";"ram_Usada";"GB";"2022-11-07 12:32:06";6.73
"Servidor-SPTECH";"ram";"ram_Usada";"GB";"2022-11-07 12:32:05";6.74
"Servidor-SPTECH";"ram";"ram_Usada";"GB";"2022-11-07 12:32:03";6.72
"Servidor-SPTECH";"ram";"ram_Usada";"GB";"2022-11-07 12:32:02";6.79
"Servidor-SPTECH";"ram";"ram_Usada";"GB";"2022-11-07 12:32:00";6.8
"Servidor-SPTECH";"ram";"ram_Usada";"GB";"2022-11-07 12:31:58";6.79
"Servidor-SPTECH";"ram";"ram_Usada";"GB";"2022-11-07 12:31:57";6.77
"Servidor-SPTECH";"ram";"ram_Usada";"GB";"2022-11-07 12:31:55";6.8
"Servidor-SPTECH";"ram";"ram_Usada";"GB";"2022-11-07 12:31:54";6.84
"Servidor-SPTECH";"ram";"ram_Usada";"GB";"2022-11-07 12:31:52";6.67
"Servidor-SPTECH";"ram";"ram_Usada";"GB";"2022-11-07 12:31:50";6.64
"Servidor-SPTECH";"ram";"ram_Usada";"GB";"2022-11-07 12:31:49";6.67
"Servidor-SPTECH";"ram";"ram_Usada";"GB";"2022-11-07 12:31:47";6.65
"Servidor-SPTECH";"ram";"ram_Usada";"GB";"2022-11-07 12:31:46";6.64
"Servidor-SPTECH";"ram";"ram_Usada";"GB";"2022-11-07 12:31:44";6.66
"Servidor-SPTECH";"ram";"ram_Usada";"GB";"2022-11-07 12:31:42";6.65
"Servidor-SPTECH";"ram";"ram_Usada";"GB";"2022-11-07 12:31:41";6.65
"Servidor-SPTECH";"ram";"ram_Usada";"GB";"2022-11-07 12:31:39";6.62
"Servidor-SPTECH";"ram";"ram_Usada";"GB";"2022-11-07 12:31:37";6.64
"Servidor-SPTECH";"ram";"ram_Usada";"GB";"2022-11-07 12:31:36";6.64
"Servidor-SPTECH";"ram";"ram_Usada";"GB";"2022-11-07 12:31:34";6.65
"Servidor-SPTECH";"ram";"ram_Usada";"GB";"2022-11-07 12:31:33";6.62
"Servidor-SPTECH";"ram";"ram_Usada";"GB";"2022-11-07 12:31:31";6.65
"Servidor-SPTECH";"ram";"ram_Usada";"GB";"2022-11-07 12:31:29";6.64
"Servidor-SPTECH";"ram";"ram_Usada";"GB";"2022-11-07 12:31:28";6.64
"Servidor-SPTECH";"ram";"ram_Usada";"GB";"2022-11-07 12:31:26";6.65
"Servidor-SPTECH";"ram";"ram_Usada";"GB";"2022-11-07 12:31:24";6.73
"Servidor-SPTECH";"ram";"ram_Usada";"GB";"2022-11-07 12:31:23";6.78
"Servidor-SPTECH";"ram";"ram_Usada";"GB";"2022-11-07 12:31:21";6.76
"Servidor-SPTECH";"ram";"ram_Usada";"GB";"2022-11-07 12:31:19";6.79
"Servidor-SPTECH";"ram";"ram_Usada";"GB";"2022-11-07 12:31:18";6.78
"Servidor-SPTECH";"ram";"ram_Usada";"GB";"2022-11-07 12:31:16";6.78
"Servidor-SPTECH";"ram";"ram_Usada";"GB";"2022-11-07 12:31:15";6.79
"Servidor-SPTECH";"ram";"ram_Usada";"GB";"2022-11-07 12:31:13";6.79
"Servidor-SPTECH";"ram";"ram_Usada";"GB";"2022-11-07 12:31:11";6.79
"Servidor-SPTECH";"ram";"ram_Usada";"GB";"2022-11-07 12:31:10";6.79
"Servidor-SPTECH";"ram";"ram_Usada";"GB";"2022-11-07 12:31:08";6.8
"Servidor-SPTECH";"ram";"ram_Usada";"GB";"2022-11-07 12:31:06";6.79
"Servidor-SPTECH";"ram";"ram_Usada";"GB";"2022-11-07 12:31:05";6.79
"Servidor-SPTECH";"ram";"ram_Usada";"GB";"2022-11-07 12:31:03";6.8
"Servidor-SPTECH";"ram";"ram_Usada";"GB";"2022-11-07 12:31:02";6.82
"Servidor-SPTECH";"ram";"ram_Usada";"GB";"2022-11-07 12:31:00";6.81
"Servidor-SPTECH";"ram";"ram_Usada";"GB";"2022-11-07 12:30:58";6.81
"Servidor-SPTECH";"ram";"ram_Usada";"GB";"2022-11-07 12:30:57";6.81
"Servidor-SPTECH";"ram";"ram_Usada";"GB";"2022-11-07 12:30:55";6.81
"Servidor-SPTECH";"ram";"ram_Usada";"GB";"2022-11-07 12:30:54";6.81
"Servidor-SPTECH";"ram";"ram_Usada";"GB";"2022-11-07 12:30:52";6.82
"Servidor-SPTECH";"ram";"ram_Usada";"GB";"2022-11-07 12:30:50";6.82
"Servidor-SPTECH";"ram";"ram_Usada";"GB";"2022-11-07 12:30:49";6.83
"Servidor-SPTECH";"ram";"ram_Usada";"GB";"2022-11-07 12:30:47";6.82
"Servidor-SPTECH";"ram";"ram_Usada";"GB";"2022-11-07 12:30:45";6.82
"Servidor-SPTECH";"ram";"ram_Usada";"GB";"2022-11-07 12:30:44";6.82
"Servidor-SPTECH";"ram";"ram_Usada";"GB";"2022-11-07 12:30:42";6.82
"Servidor-SPTECH";"ram";"ram_Usada";"GB";"2022-11-07 12:30:40";6.81
"Servidor-SPTECH";"ram";"ram_Usada";"GB";"2022-11-07 12:30:39";6.82
"Servidor-SPTECH";"ram";"ram_Usada";"GB";"2022-11-07 12:30:37";6.81
"Servidor-SPTECH";"ram";"ram_Usada";"GB";"2022-11-07 12:30:36";6.83
"Servidor-SPTECH";"ram";"ram_Usada";"GB";"2022-11-07 12:30:34";6.84
"Servidor-SPTECH";"ram";"ram_Usada";"GB";"2022-11-07 12:30:32";6.82
"Servidor-SPTECH";"ram";"ram_Usada";"GB";"2022-11-07 12:30:31";6.82
"Servidor-SPTECH";"ram";"ram_Usada";"GB";"2022-11-07 12:30:29";6.97
"Servidor-SPTECH";"ram";"ram_Usada";"GB";"2022-11-07 12:30:27";6.95
"Servidor-SPTECH";"ram";"ram_Usada";"GB";"2022-11-07 12:30:26";6.92
"Servidor-SPTECH";"ram";"ram_Usada";"GB";"2022-11-07 12:30:24";6.9
"Servidor-SPTECH";"ram";"ram_Usada";"GB";"2022-11-07 12:30:22";6.57
"Servidor-SPTECH";"ram";"ram_Usada";"GB";"2022-11-07 12:30:21";6.54
"Servidor-SPTECH";"ram";"ram_Usada";"GB";"2022-11-07 12:30:19";6.54
"Servidor-SPTECH";"ram";"ram_Usada";"GB";"2022-11-07 12:30:18";6.54
"Servidor-SPTECH";"ram";"ram_Usada";"GB";"2022-11-07 12:30:16";6.54
"Servidor-SPTECH";"ram";"ram_Usada";"GB";"2022-11-07 12:30:15";6.54
"Servidor-SPTECH";"ram";"ram_Usada";"GB";"2022-11-07 12:30:13";6.55
"Servidor-SPTECH";"ram";"ram_Usada";"GB";"2022-11-07 12:30:11";6.54
"Servidor-SPTECH";"ram";"ram_Usada";"GB";"2022-11-07 12:30:10";6.56
"Servidor-SPTECH";"ram";"ram_Usada";"GB";"2022-11-07 12:30:08";6.55
"Servidor-SPTECH";"ram";"ram_Usada";"GB";"2022-11-07 12:30:06";6.54
"Servidor-SPTECH";"ram";"ram_Usada";"GB";"2022-11-07 12:30:05";6.54
"Servidor-SPTECH";"ram";"ram_Usada";"GB";"2022-11-07 12:30:03";6.54
"Servidor-SPTECH";"ram";"ram_Usada";"GB";"2022-11-07 12:30:02";6.56
"Servidor-SPTECH";"ram";"ram_Usada";"GB";"2022-11-07 12:30:00";6.56
"Servidor-SPTECH";"ram";"ram_Usada";"GB";"2022-11-07 12:29:59";6.56
"Servidor-SPTECH";"ram";"ram_Usada";"GB";"2022-11-07 12:29:57";6.56
"Servidor-SPTECH";"ram";"ram_Usada";"GB";"2022-11-07 12:29:55";6.56
"Servidor-SPTECH";"ram";"ram_Usada";"GB";"2022-11-07 12:29:54";6.56
"Servidor-SPTECH";"ram";"ram_Usada";"GB";"2022-11-07 12:29:52";6.57
"Servidor-SPTECH";"ram";"ram_Usada";"GB";"2022-11-07 12:29:51";6.57
"Servidor-SPTECH";"ram";"ram_Usada";"GB";"2022-11-07 12:29:49";6.57
"Servidor-SPTECH";"ram";"ram_Usada";"GB";"2022-11-07 12:29:48";6.56
"Servidor-SPTECH";"ram";"ram_Usada";"GB";"2022-11-07 12:29:46";6.56
"Servidor-SPTECH";"ram";"ram_Usada";"GB";"2022-11-07 12:29:44";6.57
"Servidor-SPTECH";"ram";"ram_Usada";"GB";"2022-11-07 12:29:43";6.56
"Servidor-SPTECH";"ram";"ram_Usada";"GB";"2022-11-07 12:29:41";6.56
"Servidor-SPTECH";"ram";"ram_Usada";"GB";"2022-11-07 12:29:40";6.56
"Servidor-SPTECH";"ram";"ram_Usada";"GB";"2022-11-07 12:29:38";6.56
"Servidor-SPTECH";"ram";"ram_Usada";"GB";"2022-11-07 12:29:36";6.57
"Servidor-SPTECH";"ram";"ram_Usada";"GB";"2022-11-07 12:29:35";6.56
"Servidor-SPTECH";"ram";"ram_Usada";"GB";"2022-11-07 12:29:33";6.56
"Servidor-SPTECH";"ram";"ram_Usada";"GB";"2022-11-07 12:29:32";6.56
"Servidor-SPTECH";"ram";"ram_Usada";"GB";"2022-11-07 12:29:30";6.56
"Servidor-SPTECH";"ram";"ram_Usada";"GB";"2022-11-07 12:29:29";6.57
"Servidor-SPTECH";"ram";"ram_Usada";"GB";"2022-11-07 12:29:27";6.57
"Servidor-SPTECH";"ram";"ram_Usada";"GB";"2022-11-07 12:29:25";6.57
"Servidor-SPTECH";"ram";"ram_Usada";"GB";"2022-11-07 12:29:24";6.57
"Servidor-SPTECH";"ram";"ram_Usada";"GB";"2022-11-07 12:29:22";6.57
"Servidor-SPTECH";"ram";"ram_Usada";"GB";"2022-11-07 12:29:21";6.59
"Servidor-SPTECH";"ram";"ram_Usada";"GB";"2022-11-07 12:29:19";6.59
"Servidor-SPTECH";"ram";"ram_Usada";"GB";"2022-11-07 12:29:18";6.55
"Servidor-SPTECH";"ram";"ram_Usada";"GB";"2022-11-07 12:29:16";6.59
"Servidor-SPTECH";"ram";"ram_Usada";"GB";"2022-11-07 12:29:14";6.59
"Servidor-SPTECH";"ram";"ram_Usada";"GB";"2022-11-07 12:29:13";6.65
"Servidor-SPTECH";"ram";"ram_Usada";"GB";"2022-11-07 12:29:11";6.66
"Servidor-SPTECH";"ram";"ram_Usada";"GB";"2022-11-07 12:29:09";6.65
"Servidor-SPTECH";"ram";"ram_Usada";"GB";"2022-11-07 12:29:08";6.67
"Servidor-SPTECH";"ram";"ram_Usada";"GB";"2022-11-07 12:29:06";6.71
"Servidor-SPTECH";"ram";"ram_Usada";"GB";"2022-11-07 12:29:04";6.71
"Servidor-SPTECH";"ram";"ram_Usada";"GB";"2022-11-07 12:29:03";6.7
"Servidor-SPTECH";"ram";"ram_Usada";"GB";"2022-11-07 12:29:01";6.72
"Servidor-SPTECH";"ram";"ram_Usada";"GB";"2022-11-07 12:28:59";6.72
"Servidor-SPTECH";"ram";"ram_Usada";"GB";"2022-11-07 12:28:57";6.68
"Servidor-SPTECH";"ram";"ram_Usada";"GB";"2022-11-07 12:28:56";6.54
"Servidor-SPTECH";"ram";"ram_Usada";"GB";"2022-11-07 12:28:54";6.57
"Servidor-SPTECH";"ram";"ram_Usada";"GB";"2022-11-07 12:28:52";6.64
"Servidor-SPTECH";"ram";"ram_Usada";"GB";"2022-11-07 12:28:51";6.63
"Servidor-SPTECH";"ram";"ram_Usada";"GB";"2022-11-07 12:28:49";6.67
"Servidor-SPTECH";"ram";"ram_Usada";"GB";"2022-11-07 12:28:48";6.65
"Servidor-SPTECH";"ram";"ram_Usada";"GB";"2022-11-07 12:28:46";6.68
"Servidor-SPTECH";"ram";"ram_Usada";"GB";"2022-11-07 12:28:44";6.68
"Servidor-SPTECH";"ram";"ram_Usada";"GB";"2022-11-07 12:28:43";6.68
"Servidor-SPTECH";"ram";"ram_Usada";"GB";"2022-11-07 12:28:41";6.68
"Servidor-SPTECH";"ram";"ram_Usada";"GB";"2022-11-07 12:28:39";6.68
"Servidor-SPTECH";"ram";"ram_Usada";"GB";"2022-11-07 12:28:38";6.68
"Servidor-SPTECH";"ram";"ram_Usada";"GB";"2022-11-07 12:28:36";6.62
"Servidor-SPTECH";"ram";"ram_Usada";"GB";"2022-11-07 12:28:34";6.65
"Servidor-SPTECH";"ram";"ram_Usada";"GB";"2022-11-07 12:28:33";6.65
"Servidor-SPTECH";"ram";"ram_Usada";"GB";"2022-11-07 12:28:31";6.65
"Servidor-SPTECH";"ram";"ram_Usada";"GB";"2022-11-07 12:28:30";6.78
"Servidor-SPTECH";"ram";"ram_Usada";"GB";"2022-11-07 12:28:28";6.79
"Servidor-SPTECH";"ram";"ram_Usada";"GB";"2022-11-07 12:28:26";6.79
"Servidor-SPTECH";"ram";"ram_Usada";"GB";"2022-11-07 12:28:24";6.77
"Servidor-SPTECH";"ram";"ram_Usada";"GB";"2022-11-07 12:28:23";6.78
"Servidor-SPTECH";"ram";"ram_Usada";"GB";"2022-11-07 12:28:21";6.78
"Servidor-SPTECH";"ram";"ram_Usada";"GB";"2022-11-07 12:28:19";6.78
"Servidor-SPTECH";"ram";"ram_Usada";"GB";"2022-11-07 12:28:18";6.71
"Servidor-SPTECH";"ram";"ram_Usada";"GB";"2022-11-07 12:28:16";6.72
"Servidor-SPTECH";"ram";"ram_Usada";"GB";"2022-11-07 12:28:14";6.72
"Servidor-SPTECH";"ram";"ram_Usada";"GB";"2022-11-07 12:28:13";6.74
"Servidor-SPTECH";"ram";"ram_Usada";"GB";"2022-11-07 12:28:11";6.74
"Servidor-SPTECH";"ram";"ram_Usada";"GB";"2022-11-07 12:28:09";6.73
"Servidor-SPTECH";"ram";"ram_Usada";"GB";"2022-11-07 12:28:08";6.73
"Servidor-SPTECH";"ram";"ram_Usada";"GB";"2022-11-07 12:28:06";6.71
"Servidor-SPTECH";"ram";"ram_Usada";"GB";"2022-11-07 12:28:04";6.69
"Servidor-SPTECH";"ram";"ram_Usada";"GB";"2022-11-07 12:28:03";6.67
"Servidor-SPTECH";"ram";"ram_Usada";"GB";"2022-11-07 12:28:01";6.75
"Servidor-SPTECH";"ram";"ram_Usada";"GB";"2022-11-07 12:28:00";6.71
"Servidor-SPTECH";"ram";"ram_Usada";"GB";"2022-11-07 12:27:58";6.72
"Servidor-SPTECH";"ram";"ram_Usada";"GB";"2022-11-07 12:27:56";6.75
"Servidor-SPTECH";"ram";"ram_Usada";"GB";"2022-11-07 12:27:54";6.9
"Servidor-SPTECH";"ram";"ram_Usada";"GB";"2022-11-07 12:27:53";6.99
"Servidor-SPTECH";"ram";"ram_Usada";"GB";"2022-11-07 12:27:51";6.99
"Servidor-SPTECH";"ram";"ram_Usada";"GB";"2022-11-07 12:27:49";7.0
"Servidor-SPTECH";"ram";"ram_Usada";"GB";"2022-11-07 12:27:48";7.01
"Servidor-SPTECH";"ram";"ram_Usada";"GB";"2022-11-07 12:27:46";7.0
"Servidor-SPTECH";"ram";"ram_Usada";"GB";"2022-11-07 12:27:44";7.04
"Servidor-SPTECH";"ram";"ram_Usada";"GB";"2022-11-07 12:27:43";7.06
"Servidor-SPTECH";"ram";"ram_Usada";"GB";"2022-11-07 12:27:41";7.05
"Servidor-SPTECH";"ram";"ram_Usada";"GB";"2022-11-07 12:27:39";7.05
"Servidor-SPTECH";"ram";"ram_Usada";"GB";"2022-11-07 12:27:37";7.05
"Servidor-SPTECH";"ram";"ram_Usada";"GB";"2022-11-07 12:27:36";7.05
"Servidor-SPTECH";"ram";"ram_Usada";"GB";"2022-11-07 12:27:34";7.01
"Servidor-SPTECH";"ram";"ram_Usada";"GB";"2022-11-07 12:27:32";7.04
"Servidor-SPTECH";"ram";"ram_Usada";"GB";"2022-11-07 12:27:30";7.04
"Servidor-SPTECH";"ram";"ram_Usada";"GB";"2022-11-07 12:27:29";6.96
"Servidor-SPTECH";"ram";"ram_Usada";"GB";"2022-11-07 12:27:27";6.95
"Servidor-SPTECH";"ram";"ram_Usada";"GB";"2022-11-07 12:27:25";6.95
"Servidor-SPTECH";"ram";"ram_Usada";"GB";"2022-11-07 12:27:24";6.99
"Servidor-SPTECH";"ram";"ram_Usada";"GB";"2022-11-07 12:27:22";6.92
"Servidor-SPTECH";"ram";"ram_Usada";"GB";"2022-11-07 12:27:20";6.93
"Servidor-SPTECH";"ram";"ram_Usada";"GB";"2022-11-07 12:27:19";6.91
"Servidor-SPTECH";"ram";"ram_Usada";"GB";"2022-11-07 12:27:17";6.89
"Servidor-SPTECH";"ram";"ram_Usada";"GB";"2022-11-07 12:27:15";6.93
"Servidor-SPTECH";"ram";"ram_Usada";"GB";"2022-11-07 12:27:14";6.91
"Servidor-SPTECH";"ram";"ram_Usada";"GB";"2022-11-07 12:27:12";6.95
"Servidor-SPTECH";"ram";"ram_Usada";"GB";"2022-11-07 12:27:10";6.97
"Servidor-SPTECH";"ram";"ram_Usada";"GB";"2022-11-07 12:27:09";6.97
"Servidor-SPTECH";"ram";"ram_Usada";"GB";"2022-11-07 12:27:07";6.97
"Servidor-SPTECH";"ram";"ram_Usada";"GB";"2022-11-07 12:27:06";6.97
"Servidor-SPTECH";"ram";"ram_Usada";"GB";"2022-11-07 12:27:04";6.92
"Servidor-SPTECH";"ram";"ram_Usada";"GB";"2022-11-07 12:27:02";6.96
"Servidor-SPTECH";"ram";"ram_Usada";"GB";"2022-11-07 12:27:01";7.0
"Servidor-SPTECH";"ram";"ram_Usada";"GB";"2022-11-07 12:26:59";6.97
"Servidor-SPTECH";"ram";"ram_Usada";"GB";"2022-11-07 12:26:57";7.01
"Servidor-SPTECH";"ram";"ram_Usada";"GB";"2022-11-07 12:26:56";7.0
"Servidor-SPTECH";"ram";"ram_Usada";"GB";"2022-11-07 12:26:54";6.94
"Servidor-SPTECH";"ram";"ram_Usada";"GB";"2022-11-07 12:26:53";7.08
"Servidor-SPTECH";"ram";"ram_Usada";"GB";"2022-11-07 12:26:51";7.08
"Servidor-SPTECH";"ram";"ram_Usada";"GB";"2022-11-07 12:26:49";7.09
"Servidor-SPTECH";"ram";"ram_Usada";"GB";"2022-11-07 12:26:48";7.09
"Servidor-SPTECH";"ram";"ram_Usada";"GB";"2022-11-07 12:26:46";7.07
"Servidor-SPTECH";"ram";"ram_Usada";"GB";"2022-11-07 12:26:44";7.18
"Servidor-SPTECH";"ram";"ram_Usada";"GB";"2022-11-07 12:26:42";7.17
"Servidor-SPTECH";"ram";"ram_Usada";"GB";"2022-11-07 12:26:41";7.17
"Servidor-SPTECH";"ram";"ram_Usada";"GB";"2022-11-07 12:26:39";7.17
"Servidor-SPTECH";"ram";"ram_Usada";"GB";"2022-11-07 12:26:37";7.16
"Servidor-SPTECH";"ram";"ram_Usada";"GB";"2022-11-07 12:26:35";7.16
"Servidor-SPTECH";"ram";"ram_Usada";"GB";"2022-11-07 12:26:34";7.19
"Servidor-SPTECH";"ram";"ram_Usada";"GB";"2022-11-07 12:26:32";7.22
"Servidor-SPTECH";"ram";"ram_Usada";"GB";"2022-11-07 12:26:30";7.21
"Servidor-SPTECH";"ram";"ram_Usada";"GB";"2022-11-07 12:26:28";7.18
"Servidor-SPTECH";"ram";"ram_Usada";"GB";"2022-11-07 12:26:27";7.16
"Servidor-SPTECH";"ram";"ram_Usada";"GB";"2022-11-07 12:26:25";7.15
"Servidor-SPTECH";"ram";"ram_Usada";"GB";"2022-11-07 12:26:23";7.13
"Servidor-SPTECH";"ram";"ram_Usada";"GB";"2022-11-07 12:26:21";7.16
"Servidor-SPTECH";"ram";"ram_Usada";"GB";"2022-11-07 12:26:19";7.11
"Servidor-SPTECH";"ram";"ram_Usada";"GB";"2022-11-07 12:26:18";7.04
"Servidor-SPTECH";"ram";"ram_Usada";"GB";"2022-11-07 12:26:16";7.04
"Servidor-SPTECH";"ram";"ram_Usada";"GB";"2022-11-07 12:26:14";7.04
"Servidor-SPTECH";"ram";"ram_Usada";"GB";"2022-11-07 12:26:13";7.0
"Servidor-SPTECH";"ram";"ram_Usada";"GB";"2022-11-07 12:26:11";6.97
"Servidor-SPTECH";"ram";"ram_Usada";"GB";"2022-11-07 12:26:10";6.96
"Servidor-SPTECH";"ram";"ram_Usada";"GB";"2022-11-07 12:26:08";7.0
"Servidor-SPTECH";"ram";"ram_Usada";"GB";"2022-11-07 12:26:06";6.99
"Servidor-SPTECH";"ram";"ram_Usada";"GB";"2022-11-07 12:26:05";6.99
"Servidor-SPTECH";"ram";"ram_Usada";"GB";"2022-11-07 12:26:03";6.99
"Servidor-SPTECH";"ram";"ram_Usada";"GB";"2022-11-07 12:26:01";7.04
"Servidor-SPTECH";"ram";"ram_Usada";"GB";"2022-11-07 12:25:59";7.01
"Servidor-SPTECH";"ram";"ram_Usada";"GB";"2022-11-07 12:25:57";7.03
"Servidor-SPTECH";"ram";"ram_Usada";"GB";"2022-11-07 12:25:56";7.02
"Servidor-SPTECH";"ram";"ram_Usada";"GB";"2022-11-07 12:25:54";7.03
"Servidor-SPTECH";"ram";"ram_Usada";"GB";"2022-11-07 12:25:52";7.07
"Servidor-SPTECH";"ram";"ram_Usada";"GB";"2022-11-07 12:25:50";7.07
"Servidor-SPTECH";"ram";"ram_Usada";"GB";"2022-11-07 12:25:48";7.08
"Servidor-SPTECH";"ram";"ram_Usada";"GB";"2022-11-07 12:25:46";7.07
"Servidor-SPTECH";"ram";"ram_Usada";"GB";"2022-11-07 12:25:44";6.95
"Servidor-SPTECH";"ram";"ram_Usada";"GB";"2022-11-07 12:25:43";6.96
"Servidor-SPTECH";"ram";"ram_Usada";"GB";"2022-11-07 12:25:41";6.93
"Servidor-SPTECH";"ram";"ram_Usada";"GB";"2022-11-07 12:25:39";6.96
"Servidor-SPTECH";"ram";"ram_Usada";"GB";"2022-11-07 12:25:38";6.97
"Servidor-SPTECH";"ram";"ram_Usada";"GB";"2022-11-07 12:25:36";6.94
"Servidor-SPTECH";"ram";"ram_Usada";"GB";"2022-11-07 12:25:35";6.92
"Servidor-SPTECH";"ram";"ram_Usada";"GB";"2022-11-07 12:25:33";6.94
"Servidor-SPTECH";"ram";"ram_Usada";"GB";"2022-11-07 12:25:31";6.92
"Servidor-SPTECH";"ram";"ram_Usada";"GB";"2022-11-07 12:25:30";6.94
"Servidor-SPTECH";"ram";"ram_Usada";"GB";"2022-11-07 12:25:28";6.95
"Servidor-SPTECH";"ram";"ram_Usada";"GB";"2022-11-07 12:25:26";6.96
"Servidor-SPTECH";"ram";"ram_Usada";"GB";"2022-11-07 12:25:25";6.94
"Servidor-SPTECH";"ram";"ram_Usada";"GB";"2022-11-07 12:25:23";6.98
"Servidor-SPTECH";"ram";"ram_Usada";"GB";"2022-11-07 12:25:22";6.92
"Servidor-SPTECH";"ram";"ram_Usada";"GB";"2022-11-07 12:25:20";6.86
"Servidor-SPTECH";"ram";"ram_Usada";"GB";"2022-11-07 12:25:18";6.85
"Servidor-SPTECH";"ram";"ram_Usada";"GB";"2022-11-07 12:25:16";6.84
"Servidor-SPTECH";"ram";"ram_Usada";"GB";"2022-11-07 12:25:15";6.85
"Servidor-SPTECH";"ram";"ram_Usada";"GB";"2022-11-07 12:25:13";6.86
"Servidor-SPTECH";"ram";"ram_Usada";"GB";"2022-11-07 12:25:12";6.87
"Servidor-SPTECH";"ram";"ram_Usada";"GB";"2022-11-07 12:25:10";6.87
"Servidor-SPTECH";"ram";"ram_Usada";"GB";"2022-11-07 12:25:08";6.88
"Servidor-SPTECH";"ram";"ram_Usada";"GB";"2022-11-07 12:25:07";6.89
"Servidor-SPTECH";"ram";"ram_Usada";"GB";"2022-11-07 12:25:05";6.92
"Servidor-SPTECH";"ram";"ram_Usada";"GB";"2022-11-07 12:25:03";6.97
"Servidor-SPTECH";"ram";"ram_Usada";"GB";"2022-11-07 12:25:02";6.99
"Servidor-SPTECH";"ram";"ram_Usada";"GB";"2022-11-07 12:25:00";7.0
"Servidor-SPTECH";"ram";"ram_Usada";"GB";"2022-11-07 12:24:58";6.99
"Servidor-SPTECH";"ram";"ram_Usada";"GB";"2022-11-07 12:24:56";6.94
"Servidor-SPTECH";"ram";"ram_Usada";"GB";"2022-11-07 12:24:55";6.95
"Servidor-SPTECH";"ram";"ram_Usada";"GB";"2022-11-07 12:24:53";6.91
"Servidor-SPTECH";"ram";"ram_Usada";"GB";"2022-11-07 12:24:51";6.95
"Servidor-SPTECH";"ram";"ram_Usada";"GB";"2022-11-07 12:24:50";6.95
"Servidor-SPTECH";"ram";"ram_Usada";"GB";"2022-11-07 12:24:48";6.94
"Servidor-SPTECH";"ram";"ram_Usada";"GB";"2022-11-07 12:24:46";6.93
"Servidor-SPTECH";"ram";"ram_Usada";"GB";"2022-11-07 12:24:45";6.92
"Servidor-SPTECH";"ram";"ram_Usada";"GB";"2022-11-07 12:24:43";6.96
"Servidor-SPTECH";"ram";"ram_Usada";"GB";"2022-11-07 12:24:41";6.94
"Servidor-SPTECH";"ram";"ram_Usada";"GB";"2022-11-07 12:24:39";6.97
"Servidor-SPTECH";"ram";"ram_Usada";"GB";"2022-11-07 12:24:38";6.97
"Servidor-SPTECH";"ram";"ram_Usada";"GB";"2022-11-07 12:24:36";6.98
"Servidor-SPTECH";"ram";"ram_Usada";"GB";"2022-11-07 12:24:34";6.96
"Servidor-SPTECH";"ram";"ram_Usada";"GB";"2022-11-07 12:24:32";6.84
"Servidor-SPTECH";"ram";"ram_Usada";"GB";"2022-11-07 12:24:31";6.79
"Servidor-SPTECH";"ram";"ram_Usada";"GB";"2022-11-07 12:24:29";6.79
"Servidor-SPTECH";"ram";"ram_Usada";"GB";"2022-11-07 12:24:28";6.79
"Servidor-SPTECH";"ram";"ram_Usada";"GB";"2022-11-07 12:24:26";6.79
"Servidor-SPTECH";"ram";"ram_Usada";"GB";"2022-11-07 12:24:24";6.79
"Servidor-SPTECH";"ram";"ram_Usada";"GB";"2022-11-07 12:24:23";6.76
"Servidor-SPTECH";"ram";"ram_Usada";"GB";"2022-11-07 12:24:21";6.79
"Servidor-SPTECH";"ram";"ram_Usada";"GB";"2022-11-07 12:24:20";6.79
"Servidor-SPTECH";"ram";"ram_Usada";"GB";"2022-11-07 12:24:18";6.75
"Servidor-SPTECH";"ram";"ram_Usada";"GB";"2022-11-07 12:24:16";6.76
"Servidor-SPTECH";"ram";"ram_Usada";"GB";"2022-11-07 12:24:15";6.77
"Servidor-SPTECH";"ram";"ram_Usada";"GB";"2022-11-07 12:24:13";6.76
"Servidor-SPTECH";"ram";"ram_Usada";"GB";"2022-11-07 12:24:12";6.76
"Servidor-SPTECH";"ram";"ram_Usada";"GB";"2022-11-07 12:24:10";6.74
"Servidor-SPTECH";"ram";"ram_Usada";"GB";"2022-11-07 12:24:08";6.73
"Servidor-SPTECH";"ram";"ram_Usada";"GB";"2022-11-07 12:24:07";6.74
"Servidor-SPTECH";"ram";"ram_Usada";"GB";"2022-11-07 12:24:05";6.73
"Servidor-SPTECH";"ram";"ram_Usada";"GB";"2022-11-07 12:24:04";6.73
"Servidor-SPTECH";"ram";"ram_Usada";"GB";"2022-11-07 12:24:02";6.73
"Servidor-SPTECH";"ram";"ram_Usada";"GB";"2022-11-07 12:24:00";6.74
"Servidor-SPTECH";"ram";"ram_Usada";"GB";"2022-11-07 12:23:59";6.71
"Servidor-SPTECH";"ram";"ram_Usada";"GB";"2022-11-07 12:23:57";6.74
"Servidor-SPTECH";"ram";"ram_Usada";"GB";"2022-11-07 12:23:55";6.75
"Servidor-SPTECH";"ram";"ram_Usada";"GB";"2022-11-07 12:23:54";6.76
"Servidor-SPTECH";"ram";"ram_Usada";"GB";"2022-11-07 12:23:52";6.73
"Servidor-SPTECH";"ram";"ram_Usada";"GB";"2022-11-07 12:23:51";6.75
"Servidor-SPTECH";"ram";"ram_Usada";"GB";"2022-11-07 12:23:49";6.76
"Servidor-SPTECH";"ram";"ram_Usada";"GB";"2022-11-07 12:23:47";6.74
"Servidor-SPTECH";"ram";"ram_Usada";"GB";"2022-11-07 12:23:46";6.76
"Servidor-SPTECH";"ram";"ram_Usada";"GB";"2022-11-07 12:23:44";6.75
"Servidor-SPTECH";"ram";"ram_Usada";"GB";"2022-11-07 12:23:42";6.67
"Servidor-SPTECH";"ram";"ram_Usada";"GB";"2022-11-07 12:23:41";6.67
"Servidor-SPTECH";"ram";"ram_Usada";"GB";"2022-11-07 12:23:39";6.69
"Servidor-SPTECH";"ram";"ram_Usada";"GB";"2022-11-07 12:23:38";6.7
"Servidor-SPTECH";"ram";"ram_Usada";"GB";"2022-11-07 12:23:36";6.7
"Servidor-SPTECH";"ram";"ram_Usada";"GB";"2022-11-07 12:23:34";6.66
"Servidor-SPTECH";"ram";"ram_Usada";"GB";"2022-11-07 12:23:33";6.72
"Servidor-SPTECH";"ram";"ram_Usada";"GB";"2022-11-07 12:23:31";6.72
"Servidor-SPTECH";"ram";"ram_Usada";"GB";"2022-11-07 12:23:29";6.72
"Servidor-SPTECH";"ram";"ram_Usada";"GB";"2022-11-07 12:23:28";6.72
"Servidor-SPTECH";"ram";"ram_Usada";"GB";"2022-11-07 12:23:26";6.81
"Servidor-SPTECH";"ram";"ram_Usada";"GB";"2022-11-07 12:23:24";6.81
"Servidor-SPTECH";"ram";"ram_Usada";"GB";"2022-11-07 12:23:23";6.79
"Servidor-SPTECH";"ram";"ram_Usada";"GB";"2022-11-07 12:23:21";6.81
"Servidor-SPTECH";"ram";"ram_Usada";"GB";"2022-11-07 12:23:20";6.82
"Servidor-SPTECH";"ram";"ram_Usada";"GB";"2022-11-07 12:23:18";6.82
"Servidor-SPTECH";"ram";"ram_Usada";"GB";"2022-11-07 12:23:17";6.77
"Servidor-SPTECH";"ram";"ram_Usada";"GB";"2022-11-07 12:23:15";6.8
"Servidor-SPTECH";"ram";"ram_Usada";"GB";"2022-11-07 12:23:13";6.79
"Servidor-SPTECH";"ram";"ram_Usada";"GB";"2022-11-07 12:23:12";6.84
"Servidor-SPTECH";"ram";"ram_Usada";"GB";"2022-11-07 12:23:10";6.82
"Servidor-SPTECH";"ram";"ram_Usada";"GB";"2022-11-07 12:23:08";6.85
"Servidor-SPTECH";"ram";"ram_Usada";"GB";"2022-11-07 12:23:07";6.86
"Servidor-SPTECH";"ram";"ram_Usada";"GB";"2022-11-07 12:23:05";6.83
"Servidor-SPTECH";"ram";"ram_Usada";"GB";"2022-11-07 12:23:03";6.82
"Servidor-SPTECH";"ram";"ram_Usada";"GB";"2022-11-07 12:23:01";6.84
"Servidor-SPTECH";"ram";"ram_Usada";"GB";"2022-11-07 12:23:00";6.82
"Servidor-SPTECH";"ram";"ram_Usada";"GB";"2022-11-07 12:22:58";6.76
"Servidor-SPTECH";"ram";"ram_Usada";"GB";"2022-11-07 12:22:57";6.79
"Servidor-SPTECH";"ram";"ram_Usada";"GB";"2022-11-07 12:22:55";6.77
"Servidor-SPTECH";"ram";"ram_Usada";"GB";"2022-11-07 12:22:53";6.73
"Servidor-SPTECH";"ram";"ram_Usada";"GB";"2022-11-07 12:22:52";6.91
"Servidor-SPTECH";"ram";"ram_Usada";"GB";"2022-11-07 12:22:50";6.9
"Servidor-SPTECH";"ram";"ram_Usada";"GB";"2022-11-07 12:22:48";6.94
"Servidor-SPTECH";"ram";"ram_Usada";"GB";"2022-11-07 12:22:46";6.9
"Servidor-SPTECH";"ram";"ram_Usada";"GB";"2022-11-07 12:22:45";6.93
"Servidor-SPTECH";"ram";"ram_Usada";"GB";"2022-11-07 12:22:43";6.93
"Servidor-SPTECH";"ram";"ram_Usada";"GB";"2022-11-07 12:22:41";6.92
"Servidor-SPTECH";"ram";"ram_Usada";"GB";"2022-11-07 12:22:40";6.86
"Servidor-SPTECH";"ram";"ram_Usada";"GB";"2022-11-07 12:22:38";6.89
"Servidor-SPTECH";"ram";"ram_Usada";"GB";"2022-11-07 12:22:37";6.9
"Servidor-SPTECH";"ram";"ram_Usada";"GB";"2022-11-07 12:22:35";6.85
"Servidor-SPTECH";"ram";"ram_Usada";"GB";"2022-11-07 12:22:34";6.92
"Servidor-SPTECH";"ram";"ram_Usada";"GB";"2022-11-07 12:22:32";7.42
"Servidor-SPTECH";"ram";"ram_Usada";"GB";"2022-11-07 12:22:30";7.3
"Servidor-SPTECH";"ram";"ram_Usada";"GB";"2022-11-07 12:22:29";6.92
"Servidor-SPTECH";"ram";"ram_Usada";"GB";"2022-11-07 12:22:27";6.93
"Servidor-SPTECH";"ram";"ram_Usada";"GB";"2022-11-07 12:22:25";6.93
"Servidor-SPTECH";"ram";"ram_Usada";"GB";"2022-11-07 12:22:24";6.93
"Servidor-SPTECH";"ram";"ram_Usada";"GB";"2022-11-07 12:22:22";6.95
"Servidor-SPTECH";"ram";"ram_Usada";"GB";"2022-11-07 12:22:21";6.95
"Servidor-SPTECH";"ram";"ram_Usada";"GB";"2022-11-07 12:22:19";6.94
"Servidor-SPTECH";"ram";"ram_Usada";"GB";"2022-11-07 12:22:17";6.93
"Servidor-SPTECH";"ram";"ram_Usada";"GB";"2022-11-07 12:22:16";6.92
"Servidor-SPTECH";"ram";"ram_Usada";"GB";"2022-11-07 12:22:14";6.9
"Servidor-SPTECH";"ram";"ram_Usada";"GB";"2022-11-07 12:22:13";6.9
"Servidor-SPTECH";"ram";"ram_Usada";"GB";"2022-11-07 12:22:11";6.9
"Servidor-SPTECH";"ram";"ram_Usada";"GB";"2022-11-07 12:22:09";6.88
"Servidor-SPTECH";"ram";"ram_Usada";"GB";"2022-11-07 12:22:07";6.86
"Servidor-SPTECH";"ram";"ram_Usada";"GB";"2022-11-07 12:22:06";6.84
"Servidor-SPTECH";"ram";"ram_Usada";"GB";"2022-11-07 12:22:04";6.84
"Servidor-SPTECH";"ram";"ram_Usada";"GB";"2022-11-07 12:22:03";6.83
"Servidor-SPTECH";"ram";"ram_Usada";"GB";"2022-11-07 12:22:01";6.85
"Servidor-SPTECH";"ram";"ram_Usada";"GB";"2022-11-07 12:21:59";6.83
"Servidor-SPTECH";"ram";"ram_Usada";"GB";"2022-11-07 12:21:58";6.83
"Servidor-SPTECH";"ram";"ram_Usada";"GB";"2022-11-07 12:21:56";6.82
"Servidor-SPTECH";"ram";"ram_Usada";"GB";"2022-11-07 12:21:55";6.81
"Servidor-SPTECH";"ram";"ram_Usada";"GB";"2022-11-07 12:21:53";6.83
"Servidor-SPTECH";"ram";"ram_Usada";"GB";"2022-11-07 12:21:51";6.82
"Servidor-SPTECH";"ram";"ram_Usada";"GB";"2022-11-07 12:21:50";6.82
"Servidor-SPTECH";"ram";"ram_Usada";"GB";"2022-11-07 12:21:48";6.82
"Servidor-SPTECH";"ram";"ram_Usada";"GB";"2022-11-07 12:21:47";6.82
"Servidor-SPTECH";"ram";"ram_Usada";"GB";"2022-11-07 12:21:45";6.79
"Servidor-SPTECH";"ram";"ram_Usada";"GB";"2022-11-07 12:21:43";6.76
"Servidor-SPTECH";"ram";"ram_Usada";"GB";"2022-11-07 12:21:42";6.79
"Servidor-SPTECH";"ram";"ram_Usada";"GB";"2022-11-07 12:21:40";6.81
"Servidor-SPTECH";"ram";"ram_Usada";"GB";"2022-11-07 12:21:39";6.82
"Servidor-SPTECH";"ram";"ram_Usada";"GB";"2022-11-07 12:21:37";6.82
"Servidor-SPTECH";"ram";"ram_Usada";"GB";"2022-11-07 12:21:36";6.8
"Servidor-SPTECH";"ram";"ram_Usada";"GB";"2022-11-07 12:21:34";6.8
"Servidor-SPTECH";"ram";"ram_Usada";"GB";"2022-11-07 12:21:32";6.81
"Servidor-SPTECH";"ram";"ram_Usada";"GB";"2022-11-07 12:21:31";6.81
"Servidor-SPTECH";"ram";"ram_Usada";"GB";"2022-11-07 12:21:29";6.81
"Servidor-SPTECH";"ram";"ram_Usada";"GB";"2022-11-07 12:21:27";6.81
"Servidor-SPTECH";"ram";"ram_Usada";"GB";"2022-11-07 12:21:26";6.79
"Servidor-SPTECH";"ram";"ram_Usada";"GB";"2022-11-07 12:21:24";6.78
"Servidor-SPTECH";"ram";"ram_Usada";"GB";"2022-11-07 12:21:23";6.78
"Servidor-SPTECH";"ram";"ram_Usada";"GB";"2022-11-07 12:21:21";6.78
"Servidor-SPTECH";"ram";"ram_Usada";"GB";"2022-11-07 12:21:19";6.78
"Servidor-SPTECH";"ram";"ram_Usada";"GB";"2022-11-07 12:21:18";6.77
"Servidor-SPTECH";"ram";"ram_Usada";"GB";"2022-11-07 12:21:16";6.76
"Servidor-SPTECH";"ram";"ram_Usada";"GB";"2022-11-07 12:21:15";6.76
"Servidor-SPTECH";"ram";"ram_Usada";"GB";"2022-11-07 12:21:13";6.76
"Servidor-SPTECH";"ram";"ram_Usada";"GB";"2022-11-07 12:21:11";6.76
"Servidor-SPTECH";"ram";"ram_Usada";"GB";"2022-11-07 12:21:10";6.76
"Servidor-SPTECH";"ram";"ram_Usada";"GB";"2022-11-07 12:21:08";6.76
"Servidor-SPTECH";"ram";"ram_Usada";"GB";"2022-11-07 12:21:07";6.75
"Servidor-SPTECH";"ram";"ram_Usada";"GB";"2022-11-07 12:21:05";6.76
"Servidor-SPTECH";"ram";"ram_Usada";"GB";"2022-11-07 12:21:03";6.76
"Servidor-SPTECH";"ram";"ram_Usada";"GB";"2022-11-07 12:21:02";6.77
"Servidor-SPTECH";"ram";"ram_Usada";"GB";"2022-11-07 12:21:00";6.77
"Servidor-SPTECH";"ram";"ram_Usada";"GB";"2022-11-07 12:20:59";6.77
"Servidor-SPTECH";"ram";"ram_Usada";"GB";"2022-11-07 12:20:57";6.77
"Servidor-SPTECH";"ram";"ram_Usada";"GB";"2022-11-07 12:20:56";6.78
"Servidor-SPTECH";"ram";"ram_Usada";"GB";"2022-11-07 12:20:54";6.77
"Servidor-SPTECH";"ram";"ram_Usada";"GB";"2022-11-07 12:20:52";6.77
"Servidor-SPTECH";"ram";"ram_Usada";"GB";"2022-11-07 12:20:51";6.77
"Servidor-SPTECH";"ram";"ram_Usada";"GB";"2022-11-07 12:20:49";6.75
"Servidor-SPTECH";"ram";"ram_Usada";"GB";"2022-11-07 12:20:48";6.77
"Servidor-SPTECH";"ram";"ram_Usada";"GB";"2022-11-07 12:20:46";6.77
"Servidor-SPTECH";"ram";"ram_Usada";"GB";"2022-11-07 12:20:45";6.77
"Servidor-SPTECH";"ram";"ram_Usada";"GB";"2022-11-07 12:20:43";6.77
"Servidor-SPTECH";"ram";"ram_Usada";"GB";"2022-11-07 12:20:41";6.77
"Servidor-SPTECH";"ram";"ram_Usada";"GB";"2022-11-07 12:20:40";6.78
"Servidor-SPTECH";"ram";"ram_Usada";"GB";"2022-11-07 12:20:38";6.77
"Servidor-SPTECH";"ram";"ram_Usada";"GB";"2022-11-07 12:20:37";6.77
"Servidor-SPTECH";"ram";"ram_Usada";"GB";"2022-11-07 12:20:35";6.77
"Servidor-SPTECH";"ram";"ram_Usada";"GB";"2022-11-07 12:20:34";6.77
"Servidor-SPTECH";"ram";"ram_Usada";"GB";"2022-11-07 12:20:32";6.77
"Servidor-SPTECH";"ram";"ram_Usada";"GB";"2022-11-07 12:20:30";6.77
"Servidor-SPTECH";"ram";"ram_Usada";"GB";"2022-11-07 12:20:29";6.77
"Servidor-SPTECH";"ram";"ram_Usada";"GB";"2022-11-07 12:20:27";6.77
"Servidor-SPTECH";"ram";"ram_Usada";"GB";"2022-11-07 12:20:26";6.77
"Servidor-SPTECH";"ram";"ram_Usada";"GB";"2022-11-07 12:20:24";6.76
"Servidor-SPTECH";"ram";"ram_Usada";"GB";"2022-11-07 12:20:23";6.76
"Servidor-SPTECH";"ram";"ram_Usada";"GB";"2022-11-07 12:20:21";6.76
"Servidor-SPTECH";"ram";"ram_Usada";"GB";"2022-11-07 12:20:19";6.76
"Servidor-SPTECH";"ram";"ram_Usada";"GB";"2022-11-07 12:20:18";6.76
"Servidor-SPTECH";"ram";"ram_Usada";"GB";"2022-11-07 12:20:16";6.75
"Servidor-SPTECH";"ram";"ram_Usada";"GB";"2022-11-07 12:20:15";6.75
"Servidor-SPTECH";"ram";"ram_Usada";"GB";"2022-11-07 12:20:13";6.77
"Servidor-SPTECH";"ram";"ram_Usada";"GB";"2022-11-07 12:20:11";6.77
"Servidor-SPTECH";"ram";"ram_Usada";"GB";"2022-11-07 12:20:10";6.78
"Servidor-SPTECH";"ram";"ram_Usada";"GB";"2022-11-07 12:20:08";6.77
"Servidor-SPTECH";"ram";"ram_Usada";"GB";"2022-11-07 12:20:07";6.78
"Servidor-SPTECH";"ram";"ram_Usada";"GB";"2022-11-07 12:20:05";6.77
"Servidor-SPTECH";"ram";"ram_Usada";"GB";"2022-11-07 12:20:03";6.78
"Servidor-SPTECH";"ram";"ram_Usada";"GB";"2022-11-07 12:20:02";6.77
"Servidor-SPTECH";"ram";"ram_Usada";"GB";"2022-11-07 12:20:00";6.8
"Servidor-SPTECH";"ram";"ram_Usada";"GB";"2022-11-07 12:19:59";6.8
"Servidor-SPTECH";"ram";"ram_Usada";"GB";"2022-11-07 12:19:57";6.79
"Servidor-SPTECH";"ram";"ram_Usada";"GB";"2022-11-07 12:19:56";6.8
"Servidor-SPTECH";"ram";"ram_Usada";"GB";"2022-11-07 12:19:54";6.8
"Servidor-SPTECH";"ram";"ram_Usada";"GB";"2022-11-07 12:19:52";6.81
"Servidor-SPTECH";"ram";"ram_Usada";"GB";"2022-11-07 12:19:51";6.8
"Servidor-SPTECH";"ram";"ram_Usada";"GB";"2022-11-07 12:19:49";6.81
"Servidor-SPTECH";"ram";"ram_Usada";"GB";"2022-11-07 12:19:48";6.8
"Servidor-SPTECH";"ram";"ram_Usada";"GB";"2022-11-07 12:19:46";6.79
"Servidor-SPTECH";"ram";"ram_Usada";"GB";"2022-11-07 12:19:45";6.79
"Servidor-SPTECH";"ram";"ram_Usada";"GB";"2022-11-07 12:19:43";6.79
"Servidor-SPTECH";"ram";"ram_Usada";"GB";"2022-11-07 12:19:41";6.79
"Servidor-SPTECH";"ram";"ram_Usada";"GB";"2022-11-07 12:19:40";6.79
"Servidor-SPTECH";"ram";"ram_Usada";"GB";"2022-11-07 12:19:38";6.79
"Servidor-SPTECH";"ram";"ram_Usada";"GB";"2022-11-07 12:19:37";6.79
"Servidor-SPTECH";"ram";"ram_Usada";"GB";"2022-11-07 12:19:35";6.86
"Servidor-SPTECH";"ram";"ram_Usada";"GB";"2022-11-07 12:19:33";6.86
"Servidor-SPTECH";"ram";"ram_Usada";"GB";"2022-11-07 12:19:32";6.86
"Servidor-SPTECH";"ram";"ram_Usada";"GB";"2022-11-07 12:19:30";6.85
"Servidor-SPTECH";"ram";"ram_Usada";"GB";"2022-11-07 12:19:29";6.85
"Servidor-SPTECH";"ram";"ram_Usada";"GB";"2022-11-07 12:19:27";6.86
"Servidor-SPTECH";"ram";"ram_Usada";"GB";"2022-11-07 12:19:26";6.87
"Servidor-SPTECH";"ram";"ram_Usada";"GB";"2022-11-07 12:19:24";6.86
"Servidor-SPTECH";"ram";"ram_Usada";"GB";"2022-11-07 12:19:22";6.87
"Servidor-SPTECH";"ram";"ram_Usada";"GB";"2022-11-07 12:19:21";6.86
"Servidor-SPTECH";"ram";"ram_Usada";"GB";"2022-11-07 12:19:19";6.86
"Servidor-SPTECH";"ram";"ram_Usada";"GB";"2022-11-07 12:19:17";6.85
"Servidor-SPTECH";"ram";"ram_Usada";"GB";"2022-11-07 12:19:16";6.84
"Servidor-SPTECH";"ram";"ram_Usada";"GB";"2022-11-07 12:19:14";6.84
"Servidor-SPTECH";"ram";"ram_Usada";"GB";"2022-11-07 12:19:13";6.84
"Servidor-SPTECH";"ram";"ram_Usada";"GB";"2022-11-07 12:19:11";6.84
"Servidor-SPTECH";"ram";"ram_Usada";"GB";"2022-11-07 12:19:09";6.85
"Servidor-SPTECH";"ram";"ram_Usada";"GB";"2022-11-07 12:19:08";6.85
"Servidor-SPTECH";"ram";"ram_Usada";"GB";"2022-11-07 12:19:06";6.85
"Servidor-SPTECH";"ram";"ram_Usada";"GB";"2022-11-07 12:19:04";6.82
"Servidor-SPTECH";"ram";"ram_Usada";"GB";"2022-11-07 12:19:03";6.82
"Servidor-SPTECH";"ram";"ram_Usada";"GB";"2022-11-07 12:19:01";6.84
"Servidor-SPTECH";"ram";"ram_Usada";"GB";"2022-11-07 12:18:59";6.85
"Servidor-SPTECH";"ram";"ram_Usada";"GB";"2022-11-07 12:18:58";6.85
"Servidor-SPTECH";"ram";"ram_Usada";"GB";"2022-11-07 12:18:56";6.84
"Servidor-SPTECH";"ram";"ram_Usada";"GB";"2022-11-07 12:18:55";6.81
"Servidor-SPTECH";"ram";"ram_Usada";"GB";"2022-11-07 12:18:53";6.84
"Servidor-SPTECH";"ram";"ram_Usada";"GB";"2022-11-07 12:18:52";6.84
"Servidor-SPTECH";"ram";"ram_Usada";"GB";"2022-11-07 12:18:50";6.85
"Servidor-SPTECH";"ram";"ram_Usada";"GB";"2022-11-07 12:18:48";6.84
"Servidor-SPTECH";"ram";"ram_Usada";"GB";"2022-11-07 12:18:47";6.84
"Servidor-SPTECH";"ram";"ram_Usada";"GB";"2022-11-07 12:18:45";6.84
"Servidor-SPTECH";"ram";"ram_Usada";"GB";"2022-11-07 12:18:44";6.84
"Servidor-SPTECH";"ram";"ram_Usada";"GB";"2022-11-07 12:18:42";6.84
"Servidor-SPTECH";"ram";"ram_Usada";"GB";"2022-11-07 12:18:41";6.85
"Servidor-SPTECH";"ram";"ram_Usada";"GB";"2022-11-07 12:18:39";6.84
"Servidor-SPTECH";"ram";"ram_Usada";"GB";"2022-11-07 12:18:37";6.84
"Servidor-SPTECH";"ram";"ram_Usada";"GB";"2022-11-07 12:18:36";6.84
"Servidor-SPTECH";"ram";"ram_Usada";"GB";"2022-11-07 12:18:34";6.84
"Servidor-SPTECH";"ram";"ram_Usada";"GB";"2022-11-07 12:18:33";6.84
"Servidor-SPTECH";"ram";"ram_Usada";"GB";"2022-11-07 12:18:31";6.84
"Servidor-SPTECH";"ram";"ram_Usada";"GB";"2022-11-07 12:18:29";6.83
"Servidor-SPTECH";"ram";"ram_Usada";"GB";"2022-11-07 12:18:28";6.84
"Servidor-SPTECH";"ram";"ram_Usada";"GB";"2022-11-07 12:18:26";6.84
"Servidor-SPTECH";"ram";"ram_Usada";"GB";"2022-11-07 12:18:25";6.81
"Servidor-SPTECH";"ram";"ram_Usada";"GB";"2022-11-07 12:18:23";6.83
"Servidor-SPTECH";"ram";"ram_Usada";"GB";"2022-11-07 12:18:22";6.83
"Servidor-SPTECH";"ram";"ram_Usada";"GB";"2022-11-07 12:18:20";6.84
"Servidor-SPTECH";"ram";"ram_Usada";"GB";"2022-11-07 12:18:18";6.84
"Servidor-SPTECH";"ram";"ram_Usada";"GB";"2022-11-07 12:18:17";6.83
"Servidor-SPTECH";"ram";"ram_Usada";"GB";"2022-11-07 12:18:15";6.83
"Servidor-SPTECH";"ram";"ram_Usada";"GB";"2022-11-07 12:18:14";6.84
"Servidor-SPTECH";"ram";"ram_Usada";"GB";"2022-11-07 12:18:12";6.84
"Servidor-SPTECH";"ram";"ram_Usada";"GB";"2022-11-07 12:18:10";6.83
"Servidor-SPTECH";"ram";"ram_Usada";"GB";"2022-11-07 12:18:09";6.84
"Servidor-SPTECH";"ram";"ram_Usada";"GB";"2022-11-07 12:18:07";6.84
"Servidor-SPTECH";"ram";"ram_Usada";"GB";"2022-11-07 12:18:06";6.85
"Servidor-SPTECH";"ram";"ram_Usada";"GB";"2022-11-07 12:18:04";6.85
"Servidor-SPTECH";"ram";"ram_Usada";"GB";"2022-11-07 12:18:02";6.95
"Servidor-SPTECH";"ram";"ram_Usada";"GB";"2022-11-07 12:18:01";7.04
"Servidor-SPTECH";"ram";"ram_Usada";"GB";"2022-11-07 12:17:59";7.06
"Servidor-SPTECH";"ram";"ram_Usada";"GB";"2022-11-07 12:17:57";7.06
"Servidor-SPTECH";"ram";"ram_Usada";"GB";"2022-11-07 12:17:56";7.07
"Servidor-SPTECH";"ram";"ram_Usada";"GB";"2022-11-07 12:17:54";7.07
"Servidor-SPTECH";"ram";"ram_Usada";"GB";"2022-11-07 12:17:53";7.06
"Servidor-SPTECH";"ram";"ram_Usada";"GB";"2022-11-07 12:17:51";7.07
"Servidor-SPTECH";"ram";"ram_Usada";"GB";"2022-11-07 12:17:49";7.13
"Servidor-SPTECH";"ram";"ram_Usada";"GB";"2022-11-07 12:17:48";7.13
"Servidor-SPTECH";"ram";"ram_Usada";"GB";"2022-11-07 12:17:46";7.13
"Servidor-SPTECH";"ram";"ram_Usada";"GB";"2022-11-07 12:17:45";7.13
"Servidor-SPTECH";"ram";"ram_Usada";"GB";"2022-11-07 12:17:43";7.14
"Servidor-SPTECH";"ram";"ram_Usada";"GB";"2022-11-07 12:17:42";7.13
"Servidor-SPTECH";"ram";"ram_Usada";"GB";"2022-11-07 12:17:40";7.14
"Servidor-SPTECH";"ram";"ram_Usada";"GB";"2022-11-07 12:17:38";7.14
"Servidor-SPTECH";"ram";"ram_Usada";"GB";"2022-11-07 12:17:37";7.11
"Servidor-SPTECH";"ram";"ram_Usada";"GB";"2022-11-07 12:17:35";7.14
"Servidor-SPTECH";"ram";"ram_Usada";"GB";"2022-11-07 12:17:33";7.14
"Servidor-SPTECH";"ram";"ram_Usada";"GB";"2022-11-07 12:17:32";7.16
"Servidor-SPTECH";"ram";"ram_Usada";"GB";"2022-11-07 12:17:30";7.13
"Servidor-SPTECH";"ram";"ram_Usada";"GB";"2022-11-07 12:17:29";7.17
"Servidor-SPTECH";"ram";"ram_Usada";"GB";"2022-11-07 12:17:27";7.15
"Servidor-SPTECH";"ram";"ram_Usada";"GB";"2022-11-07 12:17:25";7.14
"Servidor-SPTECH";"ram";"ram_Usada";"GB";"2022-11-07 12:17:24";7.15
"Servidor-SPTECH";"ram";"ram_Usada";"GB";"2022-11-07 12:17:22";7.18
"Servidor-SPTECH";"ram";"ram_Usada";"GB";"2022-11-07 12:17:21";7.2
"Servidor-SPTECH";"ram";"ram_Usada";"GB";"2022-11-07 12:17:19";7.18
"Servidor-SPTECH";"ram";"ram_Usada";"GB";"2022-11-07 12:17:17";7.17
"Servidor-SPTECH";"ram";"ram_Usada";"GB";"2022-11-07 12:17:16";7.13
"Servidor-SPTECH";"ram";"ram_Usada";"GB";"2022-11-07 12:17:14";7.13
"Servidor-SPTECH";"ram";"ram_Usada";"GB";"2022-11-07 12:17:13";7.1
"Servidor-SPTECH";"ram";"ram_Usada";"GB";"2022-11-07 12:17:11";7.13
"Servidor-SPTECH";"ram";"ram_Usada";"GB";"2022-11-07 12:17:09";7.12
"Servidor-SPTECH";"ram";"ram_Usada";"GB";"2022-11-07 12:17:08";7.13
"Servidor-SPTECH";"ram";"ram_Usada";"GB";"2022-11-07 12:17:06";7.1
"Servidor-SPTECH";"ram";"ram_Usada";"GB";"2022-11-07 12:17:05";7.12
"Servidor-SPTECH";"ram";"ram_Usada";"GB";"2022-11-07 12:17:03";7.12
"Servidor-SPTECH";"ram";"ram_Usada";"GB";"2022-11-07 12:17:02";7.15
"Servidor-SPTECH";"ram";"ram_Usada";"GB";"2022-11-07 12:17:00";7.15
"Servidor-SPTECH";"ram";"ram_Usada";"GB";"2022-11-07 12:16:58";7.15
"Servidor-SPTECH";"ram";"ram_Usada";"GB";"2022-11-07 12:16:57";7.15
"Servidor-SPTECH";"ram";"ram_Usada";"GB";"2022-11-07 12:16:55";7.14
"Servidor-SPTECH";"ram";"ram_Usada";"GB";"2022-11-07 12:16:54";7.14
"Servidor-SPTECH";"ram";"ram_Usada";"GB";"2022-11-07 12:16:52";7.15
"Servidor-SPTECH";"ram";"ram_Usada";"GB";"2022-11-07 12:16:51";7.15
"Servidor-SPTECH";"ram";"ram_Usada";"GB";"2022-11-07 12:16:49";7.14
"Servidor-SPTECH";"ram";"ram_Usada";"GB";"2022-11-07 12:16:47";7.14
"Servidor-SPTECH";"ram";"ram_Usada";"GB";"2022-11-07 12:16:46";7.15
"Servidor-SPTECH";"ram";"ram_Usada";"GB";"2022-11-07 12:16:44";7.14
"Servidor-SPTECH";"ram";"ram_Usada";"GB";"2022-11-07 12:16:43";7.12
"Servidor-SPTECH";"ram";"ram_Usada";"GB";"2022-11-07 12:16:41";7.14
"Servidor-SPTECH";"ram";"ram_Usada";"GB";"2022-11-07 12:16:39";7.14
"Servidor-SPTECH";"ram";"ram_Usada";"GB";"2022-11-07 12:16:38";7.14
"Servidor-SPTECH";"ram";"ram_Usada";"GB";"2022-11-07 12:16:36";7.11
"Servidor-SPTECH";"ram";"ram_Usada";"GB";"2022-11-07 12:16:35";7.15
"Servidor-SPTECH";"ram";"ram_Usada";"GB";"2022-11-07 12:16:33";7.15
"Servidor-SPTECH";"ram";"ram_Usada";"GB";"2022-11-07 12:16:32";7.14
"Servidor-SPTECH";"ram";"ram_Usada";"GB";"2022-11-07 12:16:30";7.14
"Servidor-SPTECH";"ram";"ram_Usada";"GB";"2022-11-07 12:16:28";7.15
"Servidor-SPTECH";"ram";"ram_Usada";"GB";"2022-11-07 12:16:27";7.15
"Servidor-SPTECH";"ram";"ram_Usada";"GB";"2022-11-07 12:16:25";7.15
"Servidor-SPTECH";"ram";"ram_Usada";"GB";"2022-11-07 12:16:24";7.14
"Servidor-SPTECH";"ram";"ram_Usada";"GB";"2022-11-07 12:16:22";7.15
"Servidor-SPTECH";"ram";"ram_Usada";"GB";"2022-11-07 12:16:20";7.15
"Servidor-SPTECH";"ram";"ram_Usada";"GB";"2022-11-07 12:16:19";7.16
"Servidor-SPTECH";"ram";"ram_Usada";"GB";"2022-11-07 12:16:17";7.16
"Servidor-SPTECH";"ram";"ram_Usada";"GB";"2022-11-07 12:16:16";7.16
"Servidor-SPTECH";"ram";"ram_Usada";"GB";"2022-11-07 12:16:14";7.16
"Servidor-SPTECH";"ram";"ram_Usada";"GB";"2022-11-07 12:16:12";7.17
"Servidor-SPTECH";"ram";"ram_Usada";"GB";"2022-11-07 12:16:11";7.21
"Servidor-SPTECH";"ram";"ram_Usada";"GB";"2022-11-07 12:16:09";7.21
"Servidor-SPTECH";"ram";"ram_Usada";"GB";"2022-11-07 12:16:08";7.24
"Servidor-SPTECH";"ram";"ram_Usada";"GB";"2022-11-07 12:16:06";7.22
"Servidor-SPTECH";"ram";"ram_Usada";"GB";"2022-11-07 12:16:04";7.22
"Servidor-SPTECH";"ram";"ram_Usada";"GB";"2022-11-07 12:16:02";7.15
"Servidor-SPTECH";"ram";"ram_Usada";"GB";"2022-11-07 12:16:00";7.16
"Servidor-SPTECH";"ram";"ram_Usada";"GB";"2022-11-07 12:15:59";7.18
"Servidor-SPTECH";"ram";"ram_Usada";"GB";"2022-11-07 12:15:57";7.18
"Servidor-SPTECH";"ram";"ram_Usada";"GB";"2022-11-07 12:15:56";7.19
"Servidor-SPTECH";"ram";"ram_Usada";"GB";"2022-11-07 12:15:54";7.16
"Servidor-SPTECH";"ram";"ram_Usada";"GB";"2022-11-07 12:15:52";7.19
"Servidor-SPTECH";"ram";"ram_Usada";"GB";"2022-11-07 12:15:51";7.18
"Servidor-SPTECH";"ram";"ram_Usada";"GB";"2022-11-07 12:15:49";7.18
"Servidor-SPTECH";"ram";"ram_Usada";"GB";"2022-11-07 12:15:47";7.18
"Servidor-SPTECH";"ram";"ram_Usada";"GB";"2022-11-07 12:15:46";7.18
"Servidor-SPTECH";"ram";"ram_Usada";"GB";"2022-11-07 12:15:44";7.18
"Servidor-SPTECH";"ram";"ram_Usada";"GB";"2022-11-07 12:15:43";7.18
"Servidor-SPTECH";"ram";"ram_Usada";"GB";"2022-11-07 12:15:41";7.19
"Servidor-SPTECH";"ram";"ram_Usada";"GB";"2022-11-07 12:15:39";7.19
"Servidor-SPTECH";"ram";"ram_Usada";"GB";"2022-11-07 12:15:38";7.18
"Servidor-SPTECH";"ram";"ram_Usada";"GB";"2022-11-07 12:15:36";7.16
"Servidor-SPTECH";"ram";"ram_Usada";"GB";"2022-11-07 12:15:35";7.2
"Servidor-SPTECH";"ram";"ram_Usada";"GB";"2022-11-07 12:15:33";7.2
"Servidor-SPTECH";"ram";"ram_Usada";"GB";"2022-11-07 12:15:31";7.18
"Servidor-SPTECH";"ram";"ram_Usada";"GB";"2022-11-07 12:15:30";7.15
"Servidor-SPTECH";"ram";"ram_Usada";"GB";"2022-11-07 12:15:28";7.18
"Servidor-SPTECH";"ram";"ram_Usada";"GB";"2022-11-07 12:15:27";7.18
"Servidor-SPTECH";"ram";"ram_Usada";"GB";"2022-11-07 12:15:25";7.18
"Servidor-SPTECH";"ram";"ram_Usada";"GB";"2022-11-07 12:15:23";7.19
"Servidor-SPTECH";"ram";"ram_Usada";"GB";"2022-11-07 12:15:22";7.2
"Servidor-SPTECH";"ram";"ram_Usada";"GB";"2022-11-07 12:15:20";7.2
"Servidor-SPTECH";"ram";"ram_Usada";"GB";"2022-11-07 12:15:18";7.21
"Servidor-SPTECH";"ram";"ram_Usada";"GB";"2022-11-07 12:15:17";7.19
"Servidor-SPTECH";"ram";"ram_Usada";"GB";"2022-11-07 12:15:15";7.19
"Servidor-SPTECH";"ram";"ram_Usada";"GB";"2022-11-07 12:15:14";7.19
"Servidor-SPTECH";"ram";"ram_Usada";"GB";"2022-11-07 12:15:12";7.16
"Servidor-SPTECH";"ram";"ram_Usada";"GB";"2022-11-07 12:15:10";7.18
"Servidor-SPTECH";"ram";"ram_Usada";"GB";"2022-11-07 12:15:09";7.19
"Servidor-SPTECH";"ram";"ram_Usada";"GB";"2022-11-07 12:15:07";7.19
"Servidor-SPTECH";"ram";"ram_Usada";"GB";"2022-11-07 12:15:06";7.16
"Servidor-SPTECH";"ram";"ram_Usada";"GB";"2022-11-07 12:15:04";7.19
"Servidor-SPTECH";"ram";"ram_Usada";"GB";"2022-11-07 12:15:02";7.19
"Servidor-SPTECH";"ram";"ram_Usada";"GB";"2022-11-07 12:15:01";7.21
"Servidor-SPTECH";"ram";"ram_Usada";"GB";"2022-11-07 12:14:59";7.21
"Servidor-SPTECH";"ram";"ram_Usada";"GB";"2022-11-07 12:14:58";7.26
"Servidor-SPTECH";"ram";"ram_Usada";"GB";"2022-11-07 12:14:56";7.26
"Servidor-SPTECH";"ram";"ram_Usada";"GB";"2022-11-07 12:14:54";7.29
"Servidor-SPTECH";"ram";"ram_Usada";"GB";"2022-11-07 12:14:53";7.33
"Servidor-SPTECH";"ram";"ram_Usada";"GB";"2022-11-07 12:14:51";7.34
"Servidor-SPTECH";"ram";"ram_Usada";"GB";"2022-11-07 12:14:49";7.35
"Servidor-SPTECH";"ram";"ram_Usada";"GB";"2022-11-07 12:14:48";7.33
"Servidor-SPTECH";"ram";"ram_Usada";"GB";"2022-11-07 12:14:46";7.36
"Servidor-SPTECH";"ram";"ram_Usada";"GB";"2022-11-07 12:14:44";7.33
"Servidor-SPTECH";"ram";"ram_Usada";"GB";"2022-11-07 12:14:43";7.3
"Servidor-SPTECH";"ram";"ram_Usada";"GB";"2022-11-07 12:14:41";7.3
"Servidor-SPTECH";"ram";"ram_Usada";"GB";"2022-11-07 12:14:39";7.3
"Servidor-SPTECH";"ram";"ram_Usada";"GB";"2022-11-07 12:14:37";7.26
"Servidor-SPTECH";"ram";"ram_Usada";"GB";"2022-11-07 12:14:36";7.22
"Servidor-SPTECH";"ram";"ram_Usada";"GB";"2022-11-07 12:14:34";7.25
"Servidor-SPTECH";"ram";"ram_Usada";"GB";"2022-11-07 12:14:32";7.29
"Servidor-SPTECH";"ram";"ram_Usada";"GB";"2022-11-07 12:14:30";7.26
"Servidor-SPTECH";"ram";"ram_Usada";"GB";"2022-11-07 12:14:28";7.29
"Servidor-SPTECH";"ram";"ram_Usada";"GB";"2022-11-07 12:14:27";7.29
"Servidor-SPTECH";"ram";"ram_Usada";"GB";"2022-11-07 12:14:25";7.26
"Servidor-SPTECH";"ram";"ram_Usada";"GB";"2022-11-07 12:14:23";7.23
"Servidor-SPTECH";"ram";"ram_Usada";"GB";"2022-11-07 12:14:21";7.17
"Servidor-SPTECH";"ram";"ram_Usada";"GB";"2022-11-07 12:14:19";7.18
"Servidor-SPTECH";"ram";"ram_Usada";"GB";"2022-11-07 12:14:18";7.15
"Servidor-SPTECH";"ram";"ram_Usada";"GB";"2022-11-07 12:14:16";7.19
"Servidor-SPTECH";"ram";"ram_Usada";"GB";"2022-11-07 12:14:15";7.18
"Servidor-SPTECH";"ram";"ram_Usada";"GB";"2022-11-07 12:14:13";7.16
"Servidor-SPTECH";"ram";"ram_Usada";"GB";"2022-11-07 12:14:11";7.17
"Servidor-SPTECH";"ram";"ram_Usada";"GB";"2022-11-07 12:14:10";7.18
"Servidor-SPTECH";"ram";"ram_Usada";"GB";"2022-11-07 12:14:08";7.18
"Servidor-SPTECH";"ram";"ram_Usada";"GB";"2022-11-07 12:14:06";7.19
"Servidor-SPTECH";"ram";"ram_Usada";"GB";"2022-11-07 12:14:05";7.18
"Servidor-SPTECH";"ram";"ram_Usada";"GB";"2022-11-07 12:14:03";7.19
"Servidor-SPTECH";"ram";"ram_Usada";"GB";"2022-11-07 12:14:01";7.22
"Servidor-SPTECH";"ram";"ram_Usada";"GB";"2022-11-07 12:14:00";7.26
"Servidor-SPTECH";"ram";"ram_Usada";"GB";"2022-11-07 12:13:58";7.29
"Servidor-SPTECH";"ram";"ram_Usada";"GB";"2022-11-07 12:13:56";7.29
"Servidor-SPTECH";"ram";"ram_Usada";"GB";"2022-11-07 12:13:54";7.29
"Servidor-SPTECH";"ram";"ram_Usada";"GB";"2022-11-07 12:13:53";7.32
"Servidor-SPTECH";"ram";"ram_Usada";"GB";"2022-11-07 12:13:51";7.34
"Servidor-SPTECH";"ram";"ram_Usada";"GB";"2022-11-07 12:13:49";7.35
"Servidor-SPTECH";"ram";"ram_Usada";"GB";"2022-11-07 12:13:48";7.32
"Servidor-SPTECH";"ram";"ram_Usada";"GB";"2022-11-07 12:13:46";7.34
"Servidor-SPTECH";"ram";"ram_Usada";"GB";"2022-11-07 12:13:44";7.29
"Servidor-SPTECH";"ram";"ram_Usada";"GB";"2022-11-07 12:13:42";7.26
"Servidor-SPTECH";"ram";"ram_Usada";"GB";"2022-11-07 12:13:41";7.26
"Servidor-SPTECH";"ram";"ram_Usada";"GB";"2022-11-07 12:13:39";7.26
"Servidor-SPTECH";"ram";"ram_Usada";"GB";"2022-11-07 12:13:37";7.3
"Servidor-SPTECH";"ram";"ram_Usada";"GB";"2022-11-07 12:13:35";7.27
"Servidor-SPTECH";"ram";"ram_Usada";"GB";"2022-11-07 12:13:34";7.29
"Servidor-SPTECH";"ram";"ram_Usada";"GB";"2022-11-07 12:13:32";7.28
"Servidor-SPTECH";"ram";"ram_Usada";"GB";"2022-11-07 12:13:30";7.24
"Servidor-SPTECH";"ram";"ram_Usada";"GB";"2022-11-07 12:13:28";7.19
"Servidor-SPTECH";"ram";"ram_Usada";"GB";"2022-11-07 12:13:27";7.23
"Servidor-SPTECH";"ram";"ram_Usada";"GB";"2022-11-07 12:13:25";7.25
"Servidor-SPTECH";"ram";"ram_Usada";"GB";"2022-11-07 12:13:24";7.21
"Servidor-SPTECH";"ram";"ram_Usada";"GB";"2022-11-07 12:13:22";7.22
"Servidor-SPTECH";"ram";"ram_Usada";"GB";"2022-11-07 12:13:20";7.3
"Servidor-SPTECH";"ram";"ram_Usada";"GB";"2022-11-07 12:13:19";7.25
"Servidor-SPTECH";"ram";"ram_Usada";"GB";"2022-11-07 12:13:17";7.22
"Servidor-SPTECH";"ram";"ram_Usada";"GB";"2022-11-07 12:13:15";7.21
"Servidor-SPTECH";"ram";"ram_Usada";"GB";"2022-11-07 12:13:14";7.21
"Servidor-SPTECH";"ram";"ram_Usada";"GB";"2022-11-07 12:13:12";7.2
"Servidor-SPTECH";"ram";"ram_Usada";"GB";"2022-11-07 12:13:10";7.2
"Servidor-SPTECH";"ram";"ram_Usada";"GB";"2022-11-07 12:13:09";7.2
"Servidor-SPTECH";"ram";"ram_Usada";"GB";"2022-11-07 12:13:07";7.21
"Servidor-SPTECH";"ram";"ram_Usada";"GB";"2022-11-07 12:13:05";7.17
"Servidor-SPTECH";"ram";"ram_Usada";"GB";"2022-11-07 12:13:04";7.18
"Servidor-SPTECH";"ram";"ram_Usada";"GB";"2022-11-07 12:13:02";7.19
"Servidor-SPTECH";"ram";"ram_Usada";"GB";"2022-11-07 12:13:00";7.16
"Servidor-SPTECH";"ram";"ram_Usada";"GB";"2022-11-07 12:12:58";7.21
"Servidor-SPTECH";"ram";"ram_Usada";"GB";"2022-11-07 12:12:56";7.21
"Servidor-SPTECH";"ram";"ram_Usada";"GB";"2022-11-07 12:12:55";7.22
"Servidor-SPTECH";"ram";"ram_Usada";"GB";"2022-11-07 12:12:53";7.23
"Servidor-SPTECH";"ram";"ram_Usada";"GB";"2022-11-07 12:12:51";7.29
"Servidor-SPTECH";"ram";"ram_Usada";"GB";"2022-11-07 12:12:49";7.28
"Servidor-SPTECH";"ram";"ram_Usada";"GB";"2022-11-07 12:12:47";7.22
"Servidor-SPTECH";"ram";"ram_Usada";"GB";"2022-11-07 12:12:46";7.15
"Servidor-SPTECH";"ram";"ram_Usada";"GB";"2022-11-07 12:12:44";7.14
"Servidor-SPTECH";"ram";"ram_Usada";"GB";"2022-11-07 12:12:43";7.17
"Servidor-SPTECH";"ram";"ram_Usada";"GB";"2022-11-07 12:12:41";7.17
"Servidor-SPTECH";"ram";"ram_Usada";"GB";"2022-11-07 12:12:39";7.2
"Servidor-SPTECH";"ram";"ram_Usada";"GB";"2022-11-07 12:12:38";7.18
"Servidor-SPTECH";"ram";"ram_Usada";"GB";"2022-11-07 12:12:36";7.12
"Servidor-SPTECH";"ram";"ram_Usada";"GB";"2022-11-07 12:12:34";7.07
"Servidor-SPTECH";"ram";"ram_Usada";"GB";"2022-11-07 12:12:32";7.06
"Servidor-SPTECH";"ram";"ram_Usada";"GB";"2022-11-07 12:12:30";7.04
"Servidor-SPTECH";"ram";"ram_Usada";"GB";"2022-11-07 12:12:29";7.02
"Servidor-SPTECH";"ram";"ram_Usada";"GB";"2022-11-07 12:12:27";7.07
"Servidor-SPTECH";"ram";"ram_Usada";"GB";"2022-11-07 12:12:25";7.07
"Servidor-SPTECH";"ram";"ram_Usada";"GB";"2022-11-07 12:12:24";7.07
"Servidor-SPTECH";"ram";"ram_Usada";"GB";"2022-11-07 12:12:22";7.09
"Servidor-SPTECH";"ram";"ram_Usada";"GB";"2022-11-07 12:12:20";6.96
"Servidor-SPTECH";"ram";"ram_Usada";"GB";"2022-11-07 12:12:18";6.82
"Servidor-SPTECH";"ram";"ram_Usada";"GB";"2022-11-07 12:12:17";6.82
"Servidor-SPTECH";"ram";"ram_Usada";"GB";"2022-11-07 12:12:15";6.82
"Servidor-SPTECH";"ram";"ram_Usada";"GB";"2022-11-07 12:12:13";6.81
"Servidor-SPTECH";"ram";"ram_Usada";"GB";"2022-11-07 12:12:11";6.82
"Servidor-SPTECH";"ram";"ram_Usada";"GB";"2022-11-07 12:12:10";6.82
"Servidor-SPTECH";"ram";"ram_Usada";"GB";"2022-11-07 12:12:08";6.81
"Servidor-SPTECH";"ram";"ram_Usada";"GB";"2022-11-07 12:12:06";6.82
"Servidor-SPTECH";"ram";"ram_Usada";"GB";"2022-11-07 12:12:05";6.82
"Servidor-SPTECH";"ram";"ram_Usada";"GB";"2022-11-07 12:12:03";6.81
"Servidor-SPTECH";"ram";"ram_Usada";"GB";"2022-11-07 12:12:01";6.93
"Servidor-SPTECH";"ram";"ram_Usada";"GB";"2022-11-07 12:11:59";6.93
"Servidor-SPTECH";"ram";"ram_Usada";"GB";"2022-11-07 12:11:58";6.92
"Servidor-SPTECH";"ram";"ram_Usada";"GB";"2022-11-07 12:11:56";6.93
"Servidor-SPTECH";"ram";"ram_Usada";"GB";"2022-11-07 12:11:55";6.93
"Servidor-SPTECH";"ram";"ram_Usada";"GB";"2022-11-07 12:11:53";6.93
"Servidor-SPTECH";"ram";"ram_Usada";"GB";"2022-11-07 12:11:51";6.92
"Servidor-SPTECH";"ram";"ram_Usada";"GB";"2022-11-07 12:11:49";6.92
"Servidor-SPTECH";"ram";"ram_Usada";"GB";"2022-11-07 12:11:48";6.92
"Servidor-SPTECH";"ram";"ram_Usada";"GB";"2022-11-07 12:11:46";6.92
"Servidor-SPTECH";"ram";"ram_Usada";"GB";"2022-11-07 12:11:44";6.92
"Servidor-SPTECH";"ram";"ram_Usada";"GB";"2022-11-07 12:11:43";6.92
"Servidor-SPTECH";"ram";"ram_Usada";"GB";"2022-11-07 12:11:41";6.92
"Servidor-SPTECH";"ram";"ram_Usada";"GB";"2022-11-07 12:11:40";6.92
"Servidor-SPTECH";"ram";"ram_Usada";"GB";"2022-11-07 12:11:38";6.92
"Servidor-SPTECH";"ram";"ram_Usada";"GB";"2022-11-07 12:11:36";6.92
"Servidor-SPTECH";"ram";"ram_Usada";"GB";"2022-11-07 12:11:35";6.92
"Servidor-SPTECH";"ram";"ram_Usada";"GB";"2022-11-07 12:11:33";6.92
"Servidor-SPTECH";"ram";"ram_Usada";"GB";"2022-11-07 12:11:31";6.92
"Servidor-SPTECH";"ram";"ram_Usada";"GB";"2022-11-07 12:11:30";6.92
"Servidor-SPTECH";"ram";"ram_Usada";"GB";"2022-11-07 12:11:28";6.91
"Servidor-SPTECH";"ram";"ram_Usada";"GB";"2022-11-07 12:11:26";6.93
"Servidor-SPTECH";"ram";"ram_Usada";"GB";"2022-11-07 12:11:25";6.93
"Servidor-SPTECH";"ram";"ram_Usada";"GB";"2022-11-07 12:11:23";6.93
"Servidor-SPTECH";"ram";"ram_Usada";"GB";"2022-11-07 12:11:21";6.92
"Servidor-SPTECH";"ram";"ram_Usada";"GB";"2022-11-07 12:11:19";6.93
"Servidor-SPTECH";"ram";"ram_Usada";"GB";"2022-11-07 12:11:18";6.93
"Servidor-SPTECH";"ram";"ram_Usada";"GB";"2022-11-07 12:11:16";6.92
"Servidor-SPTECH";"ram";"ram_Usada";"GB";"2022-11-07 12:11:15";6.89
"Servidor-SPTECH";"ram";"ram_Usada";"GB";"2022-11-07 12:11:13";6.92
"Servidor-SPTECH";"ram";"ram_Usada";"GB";"2022-11-07 12:11:11";6.92
"Servidor-SPTECH";"ram";"ram_Usada";"GB";"2022-11-07 12:11:10";6.92
"Servidor-SPTECH";"ram";"ram_Usada";"GB";"2022-11-07 12:11:08";6.92
"Servidor-SPTECH";"ram";"ram_Usada";"GB";"2022-11-07 12:11:06";6.91
"Servidor-SPTECH";"ram";"ram_Usada";"GB";"2022-11-07 12:11:05";6.91
"Servidor-SPTECH";"ram";"ram_Usada";"GB";"2022-11-07 12:11:03";6.91
"Servidor-SPTECH";"ram";"ram_Usada";"GB";"2022-11-07 12:11:01";6.91
"Servidor-SPTECH";"ram";"ram_Usada";"GB";"2022-11-07 12:11:00";6.91
"Servidor-SPTECH";"ram";"ram_Usada";"GB";"2022-11-07 12:10:58";6.91
"Servidor-SPTECH";"ram";"ram_Usada";"GB";"2022-11-07 12:10:56";6.9
"Servidor-SPTECH";"ram";"ram_Usada";"GB";"2022-11-07 12:10:55";6.9
"Servidor-SPTECH";"ram";"ram_Usada";"GB";"2022-11-07 12:10:53";6.9
"Servidor-SPTECH";"ram";"ram_Usada";"GB";"2022-11-07 12:10:51";6.9
"Servidor-SPTECH";"ram";"ram_Usada";"GB";"2022-11-07 12:10:50";6.9
"Servidor-SPTECH";"ram";"ram_Usada";"GB";"2022-11-07 12:10:48";6.9
"Servidor-SPTECH";"ram";"ram_Usada";"GB";"2022-11-07 12:10:46";6.9
"Servidor-SPTECH";"ram";"ram_Usada";"GB";"2022-11-07 12:10:45";6.9
"Servidor-SPTECH";"ram";"ram_Usada";"GB";"2022-11-07 12:10:43";6.9
"Servidor-SPTECH";"ram";"ram_Usada";"GB";"2022-11-07 12:10:41";6.9
"Servidor-SPTECH";"ram";"ram_Usada";"GB";"2022-11-07 12:10:40";6.9
"Servidor-SPTECH";"ram";"ram_Usada";"GB";"2022-11-07 12:10:38";6.9
"Servidor-SPTECH";"ram";"ram_Usada";"GB";"2022-11-07 12:10:36";6.9
"Servidor-SPTECH";"ram";"ram_Usada";"GB";"2022-11-07 12:10:35";6.91
"Servidor-SPTECH";"ram";"ram_Usada";"GB";"2022-11-07 12:10:33";6.91
"Servidor-SPTECH";"ram";"ram_Usada";"GB";"2022-11-07 12:10:31";6.91
"Servidor-SPTECH";"ram";"ram_Usada";"GB";"2022-11-07 12:10:30";6.91
"Servidor-SPTECH";"ram";"ram_Usada";"GB";"2022-11-07 12:10:28";6.9
"Servidor-SPTECH";"ram";"ram_Usada";"GB";"2022-11-07 12:10:26";6.9
"Servidor-SPTECH";"ram";"ram_Usada";"GB";"2022-11-07 12:10:25";6.9
"Servidor-SPTECH";"ram";"ram_Usada";"GB";"2022-11-07 12:10:23";6.9
"Servidor-SPTECH";"ram";"ram_Usada";"GB";"2022-11-07 12:10:21";6.9
"Servidor-SPTECH";"ram";"ram_Usada";"GB";"2022-11-07 12:10:20";7.07
"Servidor-SPTECH";"ram";"ram_Usada";"GB";"2022-11-07 12:10:18";7.07
"Servidor-SPTECH";"ram";"ram_Usada";"GB";"2022-11-07 12:10:16";7.07
"Servidor-SPTECH";"ram";"ram_Usada";"GB";"2022-11-07 12:10:15";7.07
"Servidor-SPTECH";"ram";"ram_Usada";"GB";"2022-11-07 12:10:13";7.07
"Servidor-SPTECH";"ram";"ram_Usada";"GB";"2022-11-07 12:10:12";7.07
"Servidor-SPTECH";"ram";"ram_Usada";"GB";"2022-11-07 12:10:10";7.08
"Servidor-SPTECH";"ram";"ram_Usada";"GB";"2022-11-07 12:10:08";7.08
"Servidor-SPTECH";"ram";"ram_Usada";"GB";"2022-11-07 12:10:07";7.07
"Servidor-SPTECH";"ram";"ram_Usada";"GB";"2022-11-07 12:10:05";7.07
"Servidor-SPTECH";"ram";"ram_Usada";"GB";"2022-11-07 12:10:03";7.08
"Servidor-SPTECH";"ram";"ram_Usada";"GB";"2022-11-07 12:10:01";7.09
"Servidor-SPTECH";"ram";"ram_Usada";"GB";"2022-11-07 12:10:00";7.09
"Servidor-SPTECH";"ram";"ram_Usada";"GB";"2022-11-07 12:09:58";7.08
"Servidor-SPTECH";"ram";"ram_Usada";"GB";"2022-11-07 12:09:56";7.05
"Servidor-SPTECH";"ram";"ram_Usada";"GB";"2022-11-07 12:09:55";7.08
"Servidor-SPTECH";"ram";"ram_Usada";"GB";"2022-11-07 12:09:53";7.08
"Servidor-SPTECH";"ram";"ram_Usada";"GB";"2022-11-07 12:09:52";7.09
"Servidor-SPTECH";"ram";"ram_Usada";"GB";"2022-11-07 12:09:50";7.08
"Servidor-SPTECH";"ram";"ram_Usada";"GB";"2022-11-07 12:09:48";7.08
"Servidor-SPTECH";"ram";"ram_Usada";"GB";"2022-11-07 12:09:46";7.08
"Servidor-SPTECH";"ram";"ram_Usada";"GB";"2022-11-07 12:09:45";7.08
"Servidor-SPTECH";"ram";"ram_Usada";"GB";"2022-11-07 12:09:43";7.09
"Servidor-SPTECH";"ram";"ram_Usada";"GB";"2022-11-07 12:09:41";7.08
"Servidor-SPTECH";"ram";"ram_Usada";"GB";"2022-11-07 12:09:40";7.08
"Servidor-SPTECH";"ram";"ram_Usada";"GB";"2022-11-07 12:09:38";7.08
"Servidor-SPTECH";"ram";"ram_Usada";"GB";"2022-11-07 12:09:36";7.07
"Servidor-SPTECH";"ram";"ram_Usada";"GB";"2022-11-07 12:09:35";7.07
"Servidor-SPTECH";"ram";"ram_Usada";"GB";"2022-11-07 12:09:33";7.08
"Servidor-SPTECH";"ram";"ram_Usada";"GB";"2022-11-07 12:09:31";7.07
"Servidor-SPTECH";"ram";"ram_Usada";"GB";"2022-11-07 12:09:30";7.09
"Servidor-SPTECH";"ram";"ram_Usada";"GB";"2022-11-07 12:09:28";7.07
"Servidor-SPTECH";"ram";"ram_Usada";"GB";"2022-11-07 12:09:26";7.06
"Servidor-SPTECH";"ram";"ram_Usada";"GB";"2022-11-07 12:09:25";7.09
"Servidor-SPTECH";"ram";"ram_Usada";"GB";"2022-11-07 12:09:23";7.09
"Servidor-SPTECH";"ram";"ram_Usada";"GB";"2022-11-07 12:09:21";7.09
"Servidor-SPTECH";"ram";"ram_Usada";"GB";"2022-11-07 12:09:20";7.09
"Servidor-SPTECH";"ram";"ram_Usada";"GB";"2022-11-07 12:09:18";7.08
"Servidor-SPTECH";"ram";"ram_Usada";"GB";"2022-11-07 12:09:16";7.08
"Servidor-SPTECH";"ram";"ram_Usada";"GB";"2022-11-07 12:09:15";7.08
"Servidor-SPTECH";"ram";"ram_Usada";"GB";"2022-11-07 12:09:13";7.08
"Servidor-SPTECH";"ram";"ram_Usada";"GB";"2022-11-07 12:09:12";7.09
"Servidor-SPTECH";"ram";"ram_Usada";"GB";"2022-11-07 12:09:10";7.1
"Servidor-SPTECH";"ram";"ram_Usada";"GB";"2022-11-07 12:09:08";7.08
"Servidor-SPTECH";"ram";"ram_Usada";"GB";"2022-11-07 12:09:06";7.08
"Servidor-SPTECH";"ram";"ram_Usada";"GB";"2022-11-07 12:09:05";7.08
"Servidor-SPTECH";"ram";"ram_Usada";"GB";"2022-11-07 12:09:03";7.08
"Servidor-SPTECH";"ram";"ram_Usada";"GB";"2022-11-07 12:09:01";7.08
"Servidor-SPTECH";"ram";"ram_Usada";"GB";"2022-11-07 12:09:00";7.09
"Servidor-SPTECH";"ram";"ram_Usada";"GB";"2022-11-07 12:08:58";7.08
"Servidor-SPTECH";"ram";"ram_Usada";"GB";"2022-11-07 12:08:56";7.07
"Servidor-SPTECH";"ram";"ram_Usada";"GB";"2022-11-07 12:08:55";7.09
"Servidor-SPTECH";"ram";"ram_Usada";"GB";"2022-11-07 12:08:53";7.09
"Servidor-SPTECH";"ram";"ram_Usada";"GB";"2022-11-07 12:08:51";7.09
"Servidor-SPTECH";"ram";"ram_Usada";"GB";"2022-11-07 12:08:50";7.09
"Servidor-SPTECH";"ram";"ram_Usada";"GB";"2022-11-07 12:08:48";7.09
"Servidor-SPTECH";"ram";"ram_Usada";"GB";"2022-11-07 12:08:46";7.09
"Servidor-SPTECH";"ram";"ram_Usada";"GB";"2022-11-07 12:08:45";7.1
"Servidor-SPTECH";"ram";"ram_Usada";"GB";"2022-11-07 12:08:43";7.09
"Servidor-SPTECH";"ram";"ram_Usada";"GB";"2022-11-07 12:08:41";7.13
"Servidor-SPTECH";"ram";"ram_Usada";"GB";"2022-11-07 12:08:40";7.13
"Servidor-SPTECH";"ram";"ram_Usada";"GB";"2022-11-07 12:08:38";7.13
"Servidor-SPTECH";"ram";"ram_Usada";"GB";"2022-11-07 12:08:36";7.12
"Servidor-SPTECH";"ram";"ram_Usada";"GB";"2022-11-07 12:08:34";7.13
"Servidor-SPTECH";"ram";"ram_Usada";"GB";"2022-11-07 12:08:33";7.14
"Servidor-SPTECH";"ram";"ram_Usada";"GB";"2022-11-07 12:08:31";7.14
"Servidor-SPTECH";"ram";"ram_Usada";"GB";"2022-11-07 12:08:29";7.14
"Servidor-SPTECH";"ram";"ram_Usada";"GB";"2022-11-07 12:08:28";7.14
"Servidor-SPTECH";"ram";"ram_Usada";"GB";"2022-11-07 12:08:26";7.11
"Servidor-SPTECH";"ram";"ram_Usada";"GB";"2022-11-07 12:08:24";7.14
"Servidor-SPTECH";"ram";"ram_Usada";"GB";"2022-11-07 12:08:23";7.16
"Servidor-SPTECH";"ram";"ram_Usada";"GB";"2022-11-07 12:08:21";7.19
"Servidor-SPTECH";"ram";"ram_Usada";"GB";"2022-11-07 12:08:19";7.24
"Servidor-SPTECH";"ram";"ram_Usada";"GB";"2022-11-07 12:08:18";7.29
"Servidor-SPTECH";"ram";"ram_Usada";"GB";"2022-11-07 12:08:16";7.44
"Servidor-SPTECH";"ram";"ram_Usada";"GB";"2022-11-07 12:08:14";7.39
"Servidor-SPTECH";"ram";"ram_Usada";"GB";"2022-11-07 12:08:12";7.43
"Servidor-SPTECH";"ram";"ram_Usada";"GB";"2022-11-07 12:08:10";7.4
"Servidor-SPTECH";"ram";"ram_Usada";"GB";"2022-11-07 12:08:09";7.44
"Servidor-SPTECH";"ram";"ram_Usada";"GB";"2022-11-07 12:08:07";7.3
"Servidor-SPTECH";"ram";"ram_Usada";"GB";"2022-11-07 12:08:05";7.37
"Servidor-SPTECH";"ram";"ram_Usada";"GB";"2022-11-07 11:34:12";6.97
"Servidor-SPTECH";"ram";"ram_Usada";"GB";"2022-11-07 11:34:10";6.97
"Servidor-SPTECH";"ram";"ram_Usada";"GB";"2022-11-07 11:34:09";6.97
"Servidor-SPTECH";"ram";"ram_Usada";"GB";"2022-11-07 11:34:07";6.97
"Servidor-SPTECH";"ram";"ram_Usada";"GB";"2022-11-07 11:34:05";6.97
"Servidor-SPTECH";"ram";"ram_Usada";"GB";"2022-11-07 11:34:04";6.97
"Servidor-SPTECH";"ram";"ram_Usada";"GB";"2022-11-07 11:34:02";6.94
"Servidor-SPTECH";"ram";"ram_Usada";"GB";"2022-11-07 11:34:00";7.03
"Servidor-SPTECH";"ram";"ram_Usada";"GB";"2022-11-07 11:33:59";7.06
"Servidor-SPTECH";"ram";"ram_Usada";"GB";"2022-11-07 11:33:57";7.07
"Servidor-SPTECH";"ram";"ram_Usada";"GB";"2022-11-07 11:33:56";6.78
"Servidor-SPTECH";"ram";"ram_Usada";"GB";"2022-11-07 11:33:54";6.83
"Servidor-SPTECH";"ram";"ram_Usada";"GB";"2022-11-07 11:33:52";6.83
"Servidor-SPTECH";"ram";"ram_Usada";"GB";"2022-11-07 11:33:50";6.83
"Servidor-SPTECH";"ram";"ram_Usada";"GB";"2022-11-07 11:33:49";6.84
"Servidor-SPTECH";"ram";"ram_Usada";"GB";"2022-11-07 11:33:47";6.86
"Servidor-SPTECH";"ram";"ram_Usada";"GB";"2022-11-07 11:33:45";6.87
"Servidor-SPTECH";"ram";"ram_Usada";"GB";"2022-11-07 11:33:44";6.85
"Servidor-SPTECH";"ram";"ram_Usada";"GB";"2022-11-07 11:33:42";6.88
"Servidor-SPTECH";"ram";"ram_Usada";"GB";"2022-11-07 11:33:40";6.89
"Servidor-SPTECH";"ram";"ram_Usada";"GB";"2022-11-07 11:33:39";6.9
"Servidor-SPTECH";"ram";"ram_Usada";"GB";"2022-11-07 11:33:37";6.85
"Servidor-SPTECH";"ram";"ram_Usada";"GB";"2022-11-07 11:33:35";6.88
"Servidor-SPTECH";"ram";"ram_Usada";"GB";"2022-11-07 11:33:33";6.89
"Servidor-SPTECH";"ram";"ram_Usada";"GB";"2022-11-07 11:33:32";6.86
"Servidor-SPTECH";"ram";"ram_Usada";"GB";"2022-11-07 11:33:30";6.89
"Servidor-SPTECH";"ram";"ram_Usada";"GB";"2022-11-07 11:33:28";6.89
"Servidor-SPTECH";"ram";"ram_Usada";"GB";"2022-11-07 11:33:27";6.92
"Servidor-SPTECH";"ram";"ram_Usada";"GB";"2022-11-07 11:33:25";6.94
"Servidor-SPTECH";"ram";"ram_Usada";"GB";"2022-11-07 11:33:23";6.93
"Servidor-SPTECH";"ram";"ram_Usada";"GB";"2022-11-07 11:33:21";6.92
"Servidor-SPTECH";"ram";"ram_Usada";"GB";"2022-11-07 11:33:20";6.9
"Servidor-SPTECH";"ram";"ram_Usada";"GB";"2022-11-07 11:33:18";6.89
"Servidor-SPTECH";"ram";"ram_Usada";"GB";"2022-11-07 11:33:16";6.89
"Servidor-SPTECH";"ram";"ram_Usada";"GB";"2022-11-07 11:33:15";6.88
"Servidor-SPTECH";"ram";"ram_Usada";"GB";"2022-11-07 11:33:13";6.88
"Servidor-SPTECH";"ram";"ram_Usada";"GB";"2022-11-07 11:33:11";6.88
"Servidor-SPTECH";"ram";"ram_Usada";"GB";"2022-11-07 11:33:10";6.89
"Servidor-SPTECH";"ram";"ram_Usada";"GB";"2022-11-07 11:33:08";6.86
"Servidor-SPTECH";"ram";"ram_Usada";"GB";"2022-11-07 11:33:06";6.88
"Servidor-SPTECH";"ram";"ram_Usada";"GB";"2022-11-07 11:33:05";6.88
"Servidor-SPTECH";"ram";"ram_Usada";"GB";"2022-11-07 11:33:03";6.88
"Servidor-SPTECH";"ram";"ram_Usada";"GB";"2022-11-07 11:33:01";6.89
"Servidor-SPTECH";"ram";"ram_Usada";"GB";"2022-11-07 11:32:59";6.88
"Servidor-SPTECH";"ram";"ram_Usada";"GB";"2022-11-07 11:32:58";6.9
"Servidor-SPTECH";"ram";"ram_Usada";"GB";"2022-11-07 11:32:56";6.88
"Servidor-SPTECH";"ram";"ram_Usada";"GB";"2022-11-07 11:32:54";6.88
"Servidor-SPTECH";"ram";"ram_Usada";"GB";"2022-11-07 11:32:53";6.87
"Servidor-SPTECH";"ram";"ram_Usada";"GB";"2022-11-07 11:32:51";6.88
"Servidor-SPTECH";"ram";"ram_Usada";"GB";"2022-11-07 11:32:49";6.87
"Servidor-SPTECH";"ram";"ram_Usada";"GB";"2022-11-07 11:32:47";6.82
"Servidor-SPTECH";"ram";"ram_Usada";"GB";"2022-11-07 11:32:45";6.83
"Servidor-SPTECH";"ram";"ram_Usada";"GB";"2022-11-07 11:32:44";6.79
"Servidor-SPTECH";"ram";"ram_Usada";"GB";"2022-11-07 11:32:42";6.8
"Servidor-SPTECH";"ram";"ram_Usada";"GB";"2022-11-07 11:32:40";6.77
"Servidor-SPTECH";"ram";"ram_Usada";"GB";"2022-11-07 11:32:38";6.8
"Servidor-SPTECH";"ram";"ram_Usada";"GB";"2022-11-07 11:32:37";6.8
"Servidor-SPTECH";"ram";"ram_Usada";"GB";"2022-11-07 11:32:35";6.8
"Servidor-SPTECH";"ram";"ram_Usada";"GB";"2022-11-07 11:32:33";6.79
"Servidor-SPTECH";"ram";"ram_Usada";"GB";"2022-11-07 11:32:32";6.77
"Servidor-SPTECH";"ram";"ram_Usada";"GB";"2022-11-07 11:32:30";6.78
"Servidor-SPTECH";"ram";"ram_Usada";"GB";"2022-11-07 11:32:28";6.83
"Servidor-SPTECH";"ram";"ram_Usada";"GB";"2022-11-07 11:32:26";6.81
"Servidor-SPTECH";"ram";"ram_Usada";"GB";"2022-11-07 11:32:24";6.8
"Servidor-SPTECH";"ram";"ram_Usada";"GB";"2022-11-07 11:32:23";6.8
"Servidor-SPTECH";"ram";"ram_Usada";"GB";"2022-11-07 11:32:21";6.82
"Servidor-SPTECH";"ram";"ram_Usada";"GB";"2022-11-07 11:32:20";6.85
"Servidor-SPTECH";"ram";"ram_Usada";"GB";"2022-11-07 11:32:18";6.88
"Servidor-SPTECH";"ram";"ram_Usada";"GB";"2022-11-07 11:32:16";6.88
"Servidor-SPTECH";"ram";"ram_Usada";"GB";"2022-11-07 11:32:14";6.89
"Servidor-SPTECH";"ram";"ram_Usada";"GB";"2022-11-07 11:32:13";6.88
"Servidor-SPTECH";"ram";"ram_Usada";"GB";"2022-11-07 11:32:11";6.89
"Servidor-SPTECH";"ram";"ram_Usada";"GB";"2022-11-07 11:32:10";6.88
"Servidor-SPTECH";"ram";"ram_Usada";"GB";"2022-11-07 11:32:08";6.86
"Servidor-SPTECH";"ram";"ram_Usada";"GB";"2022-11-07 11:32:06";6.87
"Servidor-SPTECH";"ram";"ram_Usada";"GB";"2022-11-07 11:32:04";6.8
"Servidor-SPTECH";"ram";"ram_Usada";"GB";"2022-11-07 11:32:03";6.74
"Servidor-SPTECH";"ram";"ram_Usada";"GB";"2022-11-07 11:32:01";6.75
"Servidor-SPTECH";"ram";"ram_Usada";"GB";"2022-11-07 11:31:59";6.73
"Servidor-SPTECH";"ram";"ram_Usada";"GB";"2022-11-07 11:31:57";6.72
"Servidor-SPTECH";"ram";"ram_Usada";"GB";"2022-11-07 11:31:55";6.67
"Servidor-SPTECH";"ram";"ram_Usada";"GB";"2022-11-07 11:31:54";6.73
"Servidor-SPTECH";"ram";"ram_Usada";"GB";"2022-11-07 11:31:52";6.73
"Servidor-SPTECH";"ram";"ram_Usada";"GB";"2022-11-07 11:31:51";6.79
"Servidor-SPTECH";"ram";"ram_Usada";"GB";"2022-11-07 11:31:49";6.79
"Servidor-SPTECH";"ram";"ram_Usada";"GB";"2022-11-07 11:31:47";6.8
"Servidor-SPTECH";"ram";"ram_Usada";"GB";"2022-11-07 11:31:45";6.85
"Servidor-SPTECH";"ram";"ram_Usada";"GB";"2022-11-07 11:31:44";6.84
"Servidor-SPTECH";"ram";"ram_Usada";"GB";"2022-11-07 11:31:42";6.75
"Servidor-SPTECH";"ram";"ram_Usada";"GB";"2022-11-07 11:31:40";6.76
"Servidor-SPTECH";"ram";"ram_Usada";"GB";"2022-11-07 11:31:39";6.87
"Servidor-SPTECH";"ram";"ram_Usada";"GB";"2022-11-07 11:31:37";6.77
"Servidor-SPTECH";"ram";"ram_Usada";"GB";"2022-11-07 11:31:35";6.78
"Servidor-SPTECH";"ram";"ram_Usada";"GB";"2022-11-07 11:31:34";6.81
"Servidor-SPTECH";"ram";"ram_Usada";"GB";"2022-11-07 11:31:32";6.81
"Servidor-SPTECH";"ram";"ram_Usada";"GB";"2022-11-07 11:31:30";6.78
"Servidor-SPTECH";"ram";"ram_Usada";"GB";"2022-11-07 11:31:28";6.77
"Servidor-SPTECH";"ram";"ram_Usada";"GB";"2022-11-07 11:31:27";6.78
"Servidor-SPTECH";"ram";"ram_Usada";"GB";"2022-11-07 11:31:25";6.75
"Servidor-SPTECH";"ram";"ram_Usada";"GB";"2022-11-07 11:31:24";6.77
"Servidor-SPTECH";"ram";"ram_Usada";"GB";"2022-11-07 11:31:22";6.75
"Servidor-SPTECH";"ram";"ram_Usada";"GB";"2022-11-07 11:31:20";6.74
"Servidor-SPTECH";"ram";"ram_Usada";"GB";"2022-11-07 11:31:18";6.74
"Servidor-SPTECH";"ram";"ram_Usada";"GB";"2022-11-07 11:31:16";6.8
"Servidor-SPTECH";"ram";"ram_Usada";"GB";"2022-11-07 11:31:15";6.8
"Servidor-SPTECH";"ram";"ram_Usada";"GB";"2022-11-07 11:31:13";6.8
"Servidor-SPTECH";"ram";"ram_Usada";"GB";"2022-11-07 11:31:11";6.8
"Servidor-SPTECH";"ram";"ram_Usada";"GB";"2022-11-07 11:31:10";6.8
"Servidor-SPTECH";"ram";"ram_Usada";"GB";"2022-11-07 11:31:08";6.77
"Servidor-SPTECH";"ram";"ram_Usada";"GB";"2022-11-07 11:31:06";6.78
"Servidor-SPTECH";"ram";"ram_Usada";"GB";"2022-11-07 11:31:04";6.78
"Servidor-SPTECH";"ram";"ram_Usada";"GB";"2022-11-07 11:31:03";6.79
"Servidor-SPTECH";"ram";"ram_Usada";"GB";"2022-11-07 11:31:01";6.8
"Servidor-SPTECH";"ram";"ram_Usada";"GB";"2022-11-07 11:30:59";6.74
"Servidor-SPTECH";"ram";"ram_Usada";"GB";"2022-11-07 11:30:58";6.74
"Servidor-SPTECH";"ram";"ram_Usada";"GB";"2022-11-07 11:30:56";6.74
"Servidor-SPTECH";"ram";"ram_Usada";"GB";"2022-11-07 11:30:54";6.73
"Servidor-SPTECH";"ram";"ram_Usada";"GB";"2022-11-07 11:30:52";6.73
"Servidor-SPTECH";"ram";"ram_Usada";"GB";"2022-11-07 11:30:51";6.71
"Servidor-SPTECH";"ram";"ram_Usada";"GB";"2022-11-07 11:30:49";6.68
"Servidor-SPTECH";"ram";"ram_Usada";"GB";"2022-11-07 11:30:47";6.79
"Servidor-SPTECH";"ram";"ram_Usada";"GB";"2022-11-07 11:30:46";6.86
"Servidor-SPTECH";"ram";"ram_Usada";"GB";"2022-11-07 11:30:44";6.87
"Servidor-SPTECH";"ram";"ram_Usada";"GB";"2022-11-07 11:30:43";6.86
"Servidor-SPTECH";"ram";"ram_Usada";"GB";"2022-11-07 11:30:41";6.87
"Servidor-SPTECH";"ram";"ram_Usada";"GB";"2022-11-07 11:30:39";6.88
"Servidor-SPTECH";"ram";"ram_Usada";"GB";"2022-11-07 11:30:38";6.84
"Servidor-SPTECH";"ram";"ram_Usada";"GB";"2022-11-07 11:30:36";6.85
"Servidor-SPTECH";"ram";"ram_Usada";"GB";"2022-11-07 11:30:34";6.91
"Servidor-SPTECH";"ram";"ram_Usada";"GB";"2022-11-07 11:30:32";6.89
"Servidor-SPTECH";"ram";"ram_Usada";"GB";"2022-11-07 11:30:31";6.91
"Servidor-SPTECH";"ram";"ram_Usada";"GB";"2022-11-07 11:30:29";6.92
"Servidor-SPTECH";"ram";"ram_Usada";"GB";"2022-11-07 11:30:27";6.92
"Servidor-SPTECH";"ram";"ram_Usada";"GB";"2022-11-07 11:30:26";6.96
"Servidor-SPTECH";"ram";"ram_Usada";"GB";"2022-11-07 11:30:24";6.96
"Servidor-SPTECH";"ram";"ram_Usada";"GB";"2022-11-07 11:30:22";6.93
"Servidor-SPTECH";"ram";"ram_Usada";"GB";"2022-11-07 11:30:20";6.93
"Servidor-SPTECH";"ram";"ram_Usada";"GB";"2022-11-07 11:30:19";6.89
"Servidor-SPTECH";"ram";"ram_Usada";"GB";"2022-11-07 11:30:17";6.87
"Servidor-SPTECH";"ram";"ram_Usada";"GB";"2022-11-07 11:30:15";6.86
"Servidor-SPTECH";"ram";"ram_Usada";"GB";"2022-11-07 11:30:13";6.82
"Servidor-SPTECH";"ram";"ram_Usada";"GB";"2022-11-07 11:30:12";6.85
"Servidor-SPTECH";"ram";"ram_Usada";"GB";"2022-11-07 11:30:10";6.84
"Servidor-SPTECH";"ram";"ram_Usada";"GB";"2022-11-07 11:30:09";6.84
"Servidor-SPTECH";"ram";"ram_Usada";"GB";"2022-11-07 11:30:07";6.81
"Servidor-SPTECH";"ram";"ram_Usada";"GB";"2022-11-07 11:30:05";6.84
"Servidor-SPTECH";"ram";"ram_Usada";"GB";"2022-11-07 11:30:04";6.83
"Servidor-SPTECH";"ram";"ram_Usada";"GB";"2022-11-07 11:30:02";6.82
"Servidor-SPTECH";"ram";"ram_Usada";"GB";"2022-11-07 11:30:00";6.82
"Servidor-SPTECH";"ram";"ram_Usada";"GB";"2022-11-07 11:29:59";6.82
"Servidor-SPTECH";"ram";"ram_Usada";"GB";"2022-11-07 11:29:57";6.82
"Servidor-SPTECH";"ram";"ram_Usada";"GB";"2022-11-07 11:29:55";6.8
"Servidor-SPTECH";"ram";"ram_Usada";"GB";"2022-11-07 11:29:54";6.83
"Servidor-SPTECH";"ram";"ram_Usada";"GB";"2022-11-07 11:29:52";6.82
"Servidor-SPTECH";"ram";"ram_Usada";"GB";"2022-11-07 11:29:50";6.83
"Servidor-SPTECH";"ram";"ram_Usada";"GB";"2022-11-07 11:29:49";6.81
"Servidor-SPTECH";"ram";"ram_Usada";"GB";"2022-11-07 11:29:47";6.85
"Servidor-SPTECH";"ram";"ram_Usada";"GB";"2022-11-07 11:29:45";6.89
"Servidor-SPTECH";"ram";"ram_Usada";"GB";"2022-11-07 11:29:44";6.9
"Servidor-SPTECH";"ram";"ram_Usada";"GB";"2022-11-07 11:29:42";6.91
"Servidor-SPTECH";"ram";"ram_Usada";"GB";"2022-11-07 11:29:40";6.92
"Servidor-SPTECH";"ram";"ram_Usada";"GB";"2022-11-07 11:29:39";6.99
"Servidor-SPTECH";"ram";"ram_Usada";"GB";"2022-11-07 11:29:37";6.85
"Servidor-SPTECH";"ram";"ram_Usada";"GB";"2022-11-07 11:29:35";6.89
"Servidor-SPTECH";"ram";"ram_Usada";"GB";"2022-11-07 11:29:33";6.84
"Servidor-SPTECH";"ram";"ram_Usada";"GB";"2022-11-07 11:29:31";6.82
"Servidor-SPTECH";"ram";"ram_Usada";"GB";"2022-11-07 11:29:30";6.85
"Servidor-SPTECH";"ram";"ram_Usada";"GB";"2022-11-07 11:29:28";6.8
"Servidor-SPTECH";"ram";"ram_Usada";"GB";"2022-11-07 11:29:26";6.85
"Servidor-SPTECH";"ram";"ram_Usada";"GB";"2022-11-07 11:29:24";6.85
"Servidor-SPTECH";"ram";"ram_Usada";"GB";"2022-11-07 11:29:23";6.89
"Servidor-SPTECH";"ram";"ram_Usada";"GB";"2022-11-07 11:29:21";6.86
"Servidor-SPTECH";"ram";"ram_Usada";"GB";"2022-11-07 11:29:19";6.84
"Servidor-SPTECH";"ram";"ram_Usada";"GB";"2022-11-07 11:29:17";6.85
"Servidor-SPTECH";"ram";"ram_Usada";"GB";"2022-11-07 11:29:16";6.85
"Servidor-SPTECH";"ram";"ram_Usada";"GB";"2022-11-07 11:29:14";6.85
"Servidor-SPTECH";"ram";"ram_Usada";"GB";"2022-11-07 11:29:12";6.86
"Servidor-SPTECH";"ram";"ram_Usada";"GB";"2022-11-07 11:29:11";6.86
"Servidor-SPTECH";"ram";"ram_Usada";"GB";"2022-11-07 11:29:09";6.81
"Servidor-SPTECH";"ram";"ram_Usada";"GB";"2022-11-07 11:29:07";6.82
"Servidor-SPTECH";"ram";"ram_Usada";"GB";"2022-11-07 11:29:06";6.81
"Servidor-SPTECH";"ram";"ram_Usada";"GB";"2022-11-07 11:29:04";6.81
"Servidor-SPTECH";"ram";"ram_Usada";"GB";"2022-11-07 11:29:02";6.77
"Servidor-SPTECH";"ram";"ram_Usada";"GB";"2022-11-07 11:29:00";6.77
"Servidor-SPTECH";"ram";"ram_Usada";"GB";"2022-11-07 11:28:59";6.87
"Servidor-SPTECH";"ram";"ram_Usada";"GB";"2022-11-07 11:28:57";6.86
"Servidor-SPTECH";"ram";"ram_Usada";"GB";"2022-11-07 11:28:55";6.85
"Servidor-SPTECH";"ram";"ram_Usada";"GB";"2022-11-07 11:28:54";6.9
"Servidor-SPTECH";"ram";"ram_Usada";"GB";"2022-11-07 11:28:52";6.9
"Servidor-SPTECH";"ram";"ram_Usada";"GB";"2022-11-07 11:28:50";6.89
"Servidor-SPTECH";"ram";"ram_Usada";"GB";"2022-11-07 11:28:48";6.88
"Servidor-SPTECH";"ram";"ram_Usada";"GB";"2022-11-07 11:28:47";6.89
"Servidor-SPTECH";"ram";"ram_Usada";"GB";"2022-11-07 11:28:45";6.82
"Servidor-SPTECH";"ram";"ram_Usada";"GB";"2022-11-07 11:28:44";6.84
"Servidor-SPTECH";"ram";"ram_Usada";"GB";"2022-11-07 11:28:42";6.82
"Servidor-SPTECH";"ram";"ram_Usada";"GB";"2022-11-07 11:28:40";6.76
"Servidor-SPTECH";"ram";"ram_Usada";"GB";"2022-11-07 11:28:38";6.75
"Servidor-SPTECH";"ram";"ram_Usada";"GB";"2022-11-07 11:28:37";6.67
"Servidor-SPTECH";"ram";"ram_Usada";"GB";"2022-11-07 11:28:35";6.71
"Servidor-SPTECH";"ram";"ram_Usada";"GB";"2022-11-07 11:28:33";6.71
"Servidor-SPTECH";"ram";"ram_Usada";"GB";"2022-11-07 11:28:32";6.7
"Servidor-SPTECH";"ram";"ram_Usada";"GB";"2022-11-07 11:28:30";6.71
"Servidor-SPTECH";"ram";"ram_Usada";"GB";"2022-11-07 11:28:28";6.73
"Servidor-SPTECH";"ram";"ram_Usada";"GB";"2022-11-07 11:28:27";6.77
"Servidor-SPTECH";"ram";"ram_Usada";"GB";"2022-11-07 11:28:25";6.73
"Servidor-SPTECH";"ram";"ram_Usada";"GB";"2022-11-07 11:28:23";6.77
"Servidor-SPTECH";"ram";"ram_Usada";"GB";"2022-11-07 11:28:21";6.77
"Servidor-SPTECH";"ram";"ram_Usada";"GB";"2022-11-07 11:28:20";6.7
"Servidor-SPTECH";"ram";"ram_Usada";"GB";"2022-11-07 11:28:18";6.67
"Servidor-SPTECH";"ram";"ram_Usada";"GB";"2022-11-07 11:28:16";6.67
"Servidor-SPTECH";"ram";"ram_Usada";"GB";"2022-11-07 11:28:14";6.66
"Servidor-SPTECH";"ram";"ram_Usada";"GB";"2022-11-07 11:28:13";6.63
"Servidor-SPTECH";"ram";"ram_Usada";"GB";"2022-11-07 11:28:11";6.66
"Servidor-SPTECH";"ram";"ram_Usada";"GB";"2022-11-07 11:28:09";6.68
"Servidor-SPTECH";"ram";"ram_Usada";"GB";"2022-11-07 11:28:08";6.68
"Servidor-SPTECH";"ram";"ram_Usada";"GB";"2022-11-07 11:28:06";6.69
"Servidor-SPTECH";"ram";"ram_Usada";"GB";"2022-11-07 11:28:04";6.7
"Servidor-SPTECH";"ram";"ram_Usada";"GB";"2022-11-07 11:28:03";6.7
"Servidor-SPTECH";"ram";"ram_Usada";"GB";"2022-11-07 11:28:01";6.67
"Servidor-SPTECH";"ram";"ram_Usada";"GB";"2022-11-07 11:27:59";6.69
"Servidor-SPTECH";"ram";"ram_Usada";"GB";"2022-11-07 11:27:57";6.7
"Servidor-SPTECH";"ram";"ram_Usada";"GB";"2022-11-07 11:27:56";6.7
"Servidor-SPTECH";"ram";"ram_Usada";"GB";"2022-11-07 11:27:54";6.66
"Servidor-SPTECH";"ram";"ram_Usada";"GB";"2022-11-07 11:27:52";6.69
"Servidor-SPTECH";"ram";"ram_Usada";"GB";"2022-11-07 11:27:51";6.7
"Servidor-SPTECH";"ram";"ram_Usada";"GB";"2022-11-07 11:27:49";6.67
"Servidor-SPTECH";"ram";"ram_Usada";"GB";"2022-11-07 11:27:47";6.7
"Servidor-SPTECH";"ram";"ram_Usada";"GB";"2022-11-07 11:27:45";6.68
"Servidor-SPTECH";"ram";"ram_Usada";"GB";"2022-11-07 11:27:44";6.67
"Servidor-SPTECH";"ram";"ram_Usada";"GB";"2022-11-07 11:27:42";6.67
"Servidor-SPTECH";"ram";"ram_Usada";"GB";"2022-11-07 11:27:40";6.66
"Servidor-SPTECH";"ram";"ram_Usada";"GB";"2022-11-07 11:27:39";6.69
"Servidor-SPTECH";"ram";"ram_Usada";"GB";"2022-11-07 11:27:37";6.66
"Servidor-SPTECH";"ram";"ram_Usada";"GB";"2022-11-07 11:27:35";6.7
"Servidor-SPTECH";"ram";"ram_Usada";"GB";"2022-11-07 11:27:34";6.7
"Servidor-SPTECH";"ram";"ram_Usada";"GB";"2022-11-07 11:27:32";6.7
"Servidor-SPTECH";"ram";"ram_Usada";"GB";"2022-11-07 11:27:30";6.72
"Servidor-SPTECH";"ram";"ram_Usada";"GB";"2022-11-07 11:27:28";6.71
"Servidor-SPTECH";"ram";"ram_Usada";"GB";"2022-11-07 11:27:27";6.67
"Servidor-SPTECH";"ram";"ram_Usada";"GB";"2022-11-07 11:27:25";6.64
"Servidor-SPTECH";"ram";"ram_Usada";"GB";"2022-11-07 11:27:23";6.66
"Servidor-SPTECH";"ram";"ram_Usada";"GB";"2022-11-07 11:27:22";6.67
"Servidor-SPTECH";"ram";"ram_Usada";"GB";"2022-11-07 11:27:20";6.67
"Servidor-SPTECH";"ram";"ram_Usada";"GB";"2022-11-07 11:27:18";6.64
"Servidor-SPTECH";"ram";"ram_Usada";"GB";"2022-11-07 11:27:16";6.64
"Servidor-SPTECH";"ram";"ram_Usada";"GB";"2022-11-07 11:27:15";6.64
"Servidor-SPTECH";"ram";"ram_Usada";"GB";"2022-11-07 11:27:13";6.64
"Servidor-SPTECH";"ram";"ram_Usada";"GB";"2022-11-07 11:27:11";6.63
"Servidor-SPTECH";"ram";"ram_Usada";"GB";"2022-11-07 11:27:10";6.63
"Servidor-SPTECH";"ram";"ram_Usada";"GB";"2022-11-07 11:27:08";6.63
"Servidor-SPTECH";"ram";"ram_Usada";"GB";"2022-11-07 11:27:06";6.61
"Servidor-SPTECH";"ram";"ram_Usada";"GB";"2022-11-07 11:27:05";6.63
"Servidor-SPTECH";"ram";"ram_Usada";"GB";"2022-11-07 11:27:03";6.63
"Servidor-SPTECH";"ram";"ram_Usada";"GB";"2022-11-07 11:27:01";6.63
"Servidor-SPTECH";"ram";"ram_Usada";"GB";"2022-11-07 11:27:00";6.64
"Servidor-SPTECH";"ram";"ram_Usada";"GB";"2022-11-07 11:26:58";6.63
"Servidor-SPTECH";"ram";"ram_Usada";"GB";"2022-11-07 11:26:57";6.63
"Servidor-SPTECH";"ram";"ram_Usada";"GB";"2022-11-07 11:26:55";6.6
"Servidor-SPTECH";"ram";"ram_Usada";"GB";"2022-11-07 11:26:53";6.63
"Servidor-SPTECH";"ram";"ram_Usada";"GB";"2022-11-07 11:26:52";6.64
"Servidor-SPTECH";"ram";"ram_Usada";"GB";"2022-11-07 11:26:50";6.64
"Servidor-SPTECH";"ram";"ram_Usada";"GB";"2022-11-07 11:26:48";6.61
"Servidor-SPTECH";"ram";"ram_Usada";"GB";"2022-11-07 11:26:46";6.64
"Servidor-SPTECH";"ram";"ram_Usada";"GB";"2022-11-07 11:26:45";6.64
"Servidor-SPTECH";"ram";"ram_Usada";"GB";"2022-11-07 11:26:43";6.64
"Servidor-SPTECH";"ram";"ram_Usada";"GB";"2022-11-07 11:26:42";6.63
"Servidor-SPTECH";"ram";"ram_Usada";"GB";"2022-11-07 11:26:40";6.67
"Servidor-SPTECH";"ram";"ram_Usada";"GB";"2022-11-07 11:26:38";6.66
"Servidor-SPTECH";"ram";"ram_Usada";"GB";"2022-11-07 11:26:37";6.64
"Servidor-SPTECH";"ram";"ram_Usada";"GB";"2022-11-07 11:26:35";6.67
"Servidor-SPTECH";"ram";"ram_Usada";"GB";"2022-11-07 11:26:33";6.67
"Servidor-SPTECH";"ram";"ram_Usada";"GB";"2022-11-07 11:26:31";6.67
"Servidor-SPTECH";"ram";"ram_Usada";"GB";"2022-11-07 11:26:30";6.68
"Servidor-SPTECH";"ram";"ram_Usada";"GB";"2022-11-07 11:26:28";6.68
"Servidor-SPTECH";"ram";"ram_Usada";"GB";"2022-11-07 11:26:26";6.67
"Servidor-SPTECH";"ram";"ram_Usada";"GB";"2022-11-07 11:26:25";6.64
"Servidor-SPTECH";"ram";"ram_Usada";"GB";"2022-11-07 11:26:23";6.7
"Servidor-SPTECH";"ram";"ram_Usada";"GB";"2022-11-07 11:26:21";6.7
"Servidor-SPTECH";"ram";"ram_Usada";"GB";"2022-11-07 11:26:19";6.7
"Servidor-SPTECH";"ram";"ram_Usada";"GB";"2022-11-07 11:26:18";6.74
"Servidor-SPTECH";"ram";"ram_Usada";"GB";"2022-11-07 11:26:16";6.75
"Servidor-SPTECH";"ram";"ram_Usada";"GB";"2022-11-07 11:26:14";6.79
"Servidor-SPTECH";"ram";"ram_Usada";"GB";"2022-11-07 11:26:12";6.78
"Servidor-SPTECH";"ram";"ram_Usada";"GB";"2022-11-07 11:26:10";6.74
"Servidor-SPTECH";"ram";"ram_Usada";"GB";"2022-11-07 11:26:09";6.75
"Servidor-SPTECH";"ram";"ram_Usada";"GB";"2022-11-07 11:26:07";6.7
"Servidor-SPTECH";"ram";"ram_Usada";"GB";"2022-11-07 11:26:05";6.71
"Servidor-SPTECH";"ram";"ram_Usada";"GB";"2022-11-07 11:26:03";6.7
"Servidor-SPTECH";"ram";"ram_Usada";"GB";"2022-11-07 11:26:02";6.69
"Servidor-SPTECH";"ram";"ram_Usada";"GB";"2022-11-07 11:26:00";6.66
"Servidor-SPTECH";"ram";"ram_Usada";"GB";"2022-11-07 11:25:58";6.64
"Servidor-SPTECH";"ram";"ram_Usada";"GB";"2022-11-07 11:25:56";6.67
"Servidor-SPTECH";"ram";"ram_Usada";"GB";"2022-11-07 11:25:54";6.64
"Servidor-SPTECH";"ram";"ram_Usada";"GB";"2022-11-07 11:25:53";6.66
"Servidor-SPTECH";"ram";"ram_Usada";"GB";"2022-11-07 11:25:51";6.6
"Servidor-SPTECH";"ram";"ram_Usada";"GB";"2022-11-07 11:25:49";6.6
"Servidor-SPTECH";"ram";"ram_Usada";"GB";"2022-11-07 11:25:47";6.6
"Servidor-SPTECH";"ram";"ram_Usada";"GB";"2022-11-07 11:25:46";6.63
"Servidor-SPTECH";"ram";"ram_Usada";"GB";"2022-11-07 11:25:44";6.73
"Servidor-SPTECH";"ram";"ram_Usada";"GB";"2022-11-07 11:25:42";6.7
"Servidor-SPTECH";"ram";"ram_Usada";"GB";"2022-11-07 11:25:41";6.76
"Servidor-SPTECH";"ram";"ram_Usada";"GB";"2022-11-07 11:25:39";6.81
"Servidor-SPTECH";"ram";"ram_Usada";"GB";"2022-11-07 11:25:37";6.82
"Servidor-SPTECH";"ram";"ram_Usada";"GB";"2022-11-07 11:25:36";6.83
"Servidor-SPTECH";"ram";"ram_Usada";"GB";"2022-11-07 11:25:34";6.83
"Servidor-SPTECH";"ram";"ram_Usada";"GB";"2022-11-07 11:25:32";6.78
"Servidor-SPTECH";"ram";"ram_Usada";"GB";"2022-11-07 11:25:31";6.7
"Servidor-SPTECH";"ram";"ram_Usada";"GB";"2022-11-07 11:25:29";6.74
"Servidor-SPTECH";"ram";"ram_Usada";"GB";"2022-11-07 11:25:27";6.73
"Servidor-SPTECH";"ram";"ram_Usada";"GB";"2022-11-07 11:25:25";6.72
"Servidor-SPTECH";"ram";"ram_Usada";"GB";"2022-11-07 11:25:24";6.71
"Servidor-SPTECH";"ram";"ram_Usada";"GB";"2022-11-07 11:25:22";6.74
"Servidor-SPTECH";"ram";"ram_Usada";"GB";"2022-11-07 11:25:20";6.71
"Servidor-SPTECH";"ram";"ram_Usada";"GB";"2022-11-07 11:25:19";6.62
"Servidor-SPTECH";"ram";"ram_Usada";"GB";"2022-11-07 11:25:17";6.63
"Servidor-SPTECH";"ram";"ram_Usada";"GB";"2022-11-07 11:25:16";6.61
"Servidor-SPTECH";"ram";"ram_Usada";"GB";"2022-11-07 11:25:14";6.61
"Servidor-SPTECH";"ram";"ram_Usada";"GB";"2022-11-07 11:25:12";6.59
"Servidor-SPTECH";"ram";"ram_Usada";"GB";"2022-11-07 11:25:11";6.65
"Servidor-SPTECH";"ram";"ram_Usada";"GB";"2022-11-07 11:25:09";6.66
"Servidor-SPTECH";"ram";"ram_Usada";"GB";"2022-11-07 11:25:07";6.7
"Servidor-SPTECH";"ram";"ram_Usada";"GB";"2022-11-07 11:25:06";6.71
"Servidor-SPTECH";"ram";"ram_Usada";"GB";"2022-11-07 11:25:04";6.78
"Servidor-SPTECH";"ram";"ram_Usada";"GB";"2022-11-07 11:25:02";6.79
"Servidor-SPTECH";"ram";"ram_Usada";"GB";"2022-11-07 11:25:01";6.81
"Servidor-SPTECH";"ram";"ram_Usada";"GB";"2022-11-07 11:24:59";6.82
"Servidor-SPTECH";"ram";"ram_Usada";"GB";"2022-11-07 11:24:57";6.77
"Servidor-SPTECH";"ram";"ram_Usada";"GB";"2022-11-07 11:24:55";6.78
"Servidor-SPTECH";"ram";"ram_Usada";"GB";"2022-11-07 11:24:54";6.72
"Servidor-SPTECH";"ram";"ram_Usada";"GB";"2022-11-07 11:24:52";6.65
"Servidor-SPTECH";"ram";"ram_Usada";"GB";"2022-11-07 11:24:50";6.63
"Servidor-SPTECH";"ram";"ram_Usada";"GB";"2022-11-07 11:24:49";6.65
"Servidor-SPTECH";"ram";"ram_Usada";"GB";"2022-11-07 11:24:47";6.63
"Servidor-SPTECH";"ram";"ram_Usada";"GB";"2022-11-07 11:24:45";6.63
"Servidor-SPTECH";"ram";"ram_Usada";"GB";"2022-11-07 11:24:44";6.63
"Servidor-SPTECH";"ram";"ram_Usada";"GB";"2022-11-07 11:24:42";6.57
"Servidor-SPTECH";"ram";"ram_Usada";"GB";"2022-11-07 11:24:40";6.58
"Servidor-SPTECH";"ram";"ram_Usada";"GB";"2022-11-07 11:24:39";6.7
"Servidor-SPTECH";"ram";"ram_Usada";"GB";"2022-11-07 11:24:37";6.7
"Servidor-SPTECH";"ram";"ram_Usada";"GB";"2022-11-07 11:24:35";6.69
"Servidor-SPTECH";"ram";"ram_Usada";"GB";"2022-11-07 11:24:34";6.67
"Servidor-SPTECH";"ram";"ram_Usada";"GB";"2022-11-07 11:24:32";6.65
"Servidor-SPTECH";"ram";"ram_Usada";"GB";"2022-11-07 11:24:30";6.67
"Servidor-SPTECH";"ram";"ram_Usada";"GB";"2022-11-07 11:24:29";6.71
"Servidor-SPTECH";"ram";"ram_Usada";"GB";"2022-11-07 11:24:27";6.76
"Servidor-SPTECH";"ram";"ram_Usada";"GB";"2022-11-07 11:24:26";6.78
"Servidor-SPTECH";"ram";"ram_Usada";"GB";"2022-11-07 11:24:24";6.78
"Servidor-SPTECH";"ram";"ram_Usada";"GB";"2022-11-07 11:24:22";6.81
"Servidor-SPTECH";"ram";"ram_Usada";"GB";"2022-11-07 11:24:21";6.77
"Servidor-SPTECH";"ram";"ram_Usada";"GB";"2022-11-07 11:24:19";6.69
"Servidor-SPTECH";"ram";"ram_Usada";"GB";"2022-11-07 11:24:17";6.65
"Servidor-SPTECH";"ram";"ram_Usada";"GB";"2022-11-07 11:24:16";6.71
"Servidor-SPTECH";"ram";"ram_Usada";"GB";"2022-11-07 11:24:14";6.72
"Servidor-SPTECH";"ram";"ram_Usada";"GB";"2022-11-07 11:24:12";6.72
"Servidor-SPTECH";"ram";"ram_Usada";"GB";"2022-11-07 11:24:11";6.67
"Servidor-SPTECH";"ram";"ram_Usada";"GB";"2022-11-07 11:24:09";6.69
"Servidor-SPTECH";"ram";"ram_Usada";"GB";"2022-11-07 11:24:07";6.65
"Servidor-SPTECH";"ram";"ram_Usada";"GB";"2022-11-07 11:24:05";6.54
"Servidor-SPTECH";"ram";"ram_Usada";"GB";"2022-11-07 11:24:04";6.54
"Servidor-SPTECH";"ram";"ram_Usada";"GB";"2022-11-07 11:24:02";6.48
"Servidor-SPTECH";"ram";"ram_Usada";"GB";"2022-11-07 11:24:00";6.48
"Servidor-SPTECH";"ram";"ram_Usada";"GB";"2022-11-07 11:23:59";6.48
"Servidor-SPTECH";"ram";"ram_Usada";"GB";"2022-11-07 11:23:57";6.48
"Servidor-SPTECH";"ram";"ram_Usada";"GB";"2022-11-07 11:23:55";6.48
"Servidor-SPTECH";"ram";"ram_Usada";"GB";"2022-11-07 11:23:54";6.47
"Servidor-SPTECH";"ram";"ram_Usada";"GB";"2022-11-07 11:23:52";6.47
"Servidor-SPTECH";"ram";"ram_Usada";"GB";"2022-11-07 11:23:50";6.48
"Servidor-SPTECH";"ram";"ram_Usada";"GB";"2022-11-07 11:23:49";6.47
"Servidor-SPTECH";"ram";"ram_Usada";"GB";"2022-11-07 11:23:47";6.47
"Servidor-SPTECH";"ram";"ram_Usada";"GB";"2022-11-07 11:23:45";6.47
"Servidor-SPTECH";"ram";"ram_Usada";"GB";"2022-11-07 11:23:44";6.47
"Servidor-SPTECH";"ram";"ram_Usada";"GB";"2022-11-07 11:23:42";6.47
"Servidor-SPTECH";"ram";"ram_Usada";"GB";"2022-11-07 11:23:41";6.47
"Servidor-SPTECH";"ram";"ram_Usada";"GB";"2022-11-07 11:23:39";6.5
"Servidor-SPTECH";"ram";"ram_Usada";"GB";"2022-11-07 11:23:37";6.49
"Servidor-SPTECH";"ram";"ram_Usada";"GB";"2022-11-07 11:23:36";6.5
"Servidor-SPTECH";"ram";"ram_Usada";"GB";"2022-11-07 11:23:34";6.5
"Servidor-SPTECH";"ram";"ram_Usada";"GB";"2022-11-07 11:23:33";6.5
"Servidor-SPTECH";"ram";"ram_Usada";"GB";"2022-11-07 11:23:31";6.5
"Servidor-SPTECH";"ram";"ram_Usada";"GB";"2022-11-07 11:23:29";6.51
"Servidor-SPTECH";"ram";"ram_Usada";"GB";"2022-11-07 11:23:28";6.5
"Servidor-SPTECH";"ram";"ram_Usada";"GB";"2022-11-07 11:23:26";6.5
"Servidor-SPTECH";"ram";"ram_Usada";"GB";"2022-11-07 11:23:24";6.5
"Servidor-SPTECH";"ram";"ram_Usada";"GB";"2022-11-07 11:23:23";6.5
"Servidor-SPTECH";"ram";"ram_Usada";"GB";"2022-11-07 11:23:21";6.47
"Servidor-SPTECH";"ram";"ram_Usada";"GB";"2022-11-07 11:23:20";6.5
"Servidor-SPTECH";"ram";"ram_Usada";"GB";"2022-11-07 11:23:18";6.46
"Servidor-SPTECH";"ram";"ram_Usada";"GB";"2022-11-07 11:23:16";6.45
"Servidor-SPTECH";"ram";"ram_Usada";"GB";"2022-11-07 11:23:15";6.45
"Servidor-SPTECH";"ram";"ram_Usada";"GB";"2022-11-07 11:23:13";6.45
"Servidor-SPTECH";"ram";"ram_Usada";"GB";"2022-11-07 11:23:11";6.45
"Servidor-SPTECH";"ram";"ram_Usada";"GB";"2022-11-07 11:23:10";6.45
"Servidor-SPTECH";"ram";"ram_Usada";"GB";"2022-11-07 11:23:08";6.47
"Servidor-SPTECH";"ram";"ram_Usada";"GB";"2022-11-07 11:23:07";6.46
"Servidor-SPTECH";"ram";"ram_Usada";"GB";"2022-11-07 11:23:05";6.48
"Servidor-SPTECH";"ram";"ram_Usada";"GB";"2022-11-07 11:23:03";6.5
"Servidor-SPTECH";"ram";"ram_Usada";"GB";"2022-11-07 11:23:02";6.51
"Servidor-SPTECH";"ram";"ram_Usada";"GB";"2022-11-07 11:23:00";6.5
"Servidor-SPTECH";"ram";"ram_Usada";"GB";"2022-11-07 11:22:58";6.48
"Servidor-SPTECH";"ram";"ram_Usada";"GB";"2022-11-07 11:22:57";6.46
"Servidor-SPTECH";"ram";"ram_Usada";"GB";"2022-11-07 11:22:55";6.45
"Servidor-SPTECH";"ram";"ram_Usada";"GB";"2022-11-07 11:22:53";6.45
"Servidor-SPTECH";"ram";"ram_Usada";"GB";"2022-11-07 11:22:52";6.45
"Servidor-SPTECH";"ram";"ram_Usada";"GB";"2022-11-07 11:22:50";6.57
"Servidor-SPTECH";"ram";"ram_Usada";"GB";"2022-11-07 11:22:49";6.57
"Servidor-SPTECH";"ram";"ram_Usada";"GB";"2022-11-07 11:22:47";6.57
"Servidor-SPTECH";"ram";"ram_Usada";"GB";"2022-11-07 11:22:45";6.6
"Servidor-SPTECH";"ram";"ram_Usada";"GB";"2022-11-07 11:22:44";6.62
"Servidor-SPTECH";"ram";"ram_Usada";"GB";"2022-11-07 11:22:42";6.69
"Servidor-SPTECH";"ram";"ram_Usada";"GB";"2022-11-07 11:22:40";6.79
"Servidor-SPTECH";"ram";"ram_Usada";"GB";"2022-11-07 11:22:39";6.95
"Servidor-SPTECH";"ram";"ram_Usada";"GB";"2022-11-07 11:22:37";7.09
"Servidor-SPTECH";"ram";"ram_Usada";"GB";"2022-11-07 11:22:35";7.12
"Servidor-SPTECH";"ram";"ram_Usada";"GB";"2022-11-07 11:22:33";7.13
"Servidor-SPTECH";"ram";"ram_Usada";"GB";"2022-11-07 11:22:32";7.05
"Servidor-SPTECH";"ram";"ram_Usada";"GB";"2022-11-07 11:22:30";7.02
"Servidor-SPTECH";"ram";"ram_Usada";"GB";"2022-11-07 11:22:29";7.03
"Servidor-SPTECH";"ram";"ram_Usada";"GB";"2022-11-07 11:22:27";6.99
"Servidor-SPTECH";"ram";"ram_Usada";"GB";"2022-11-07 11:22:25";6.98
"Servidor-SPTECH";"ram";"ram_Usada";"GB";"2022-11-07 11:22:23";6.97
"Servidor-SPTECH";"ram";"ram_Usada";"GB";"2022-11-07 11:22:22";6.96
"Servidor-SPTECH";"ram";"ram_Usada";"GB";"2022-11-07 11:22:20";6.94
"Servidor-SPTECH";"ram";"ram_Usada";"GB";"2022-11-07 11:22:19";6.94
"Servidor-SPTECH";"ram";"ram_Usada";"GB";"2022-11-07 11:22:17";6.93
"Servidor-SPTECH";"ram";"ram_Usada";"GB";"2022-11-07 11:22:15";6.95
"Servidor-SPTECH";"ram";"ram_Usada";"GB";"2022-11-07 11:22:14";6.97
"Servidor-SPTECH";"ram";"ram_Usada";"GB";"2022-11-07 11:22:12";6.96
"Servidor-SPTECH";"ram";"ram_Usada";"GB";"2022-11-07 11:22:10";6.96
"Servidor-SPTECH";"ram";"ram_Usada";"GB";"2022-11-07 11:22:09";6.97
"Servidor-SPTECH";"ram";"ram_Usada";"GB";"2022-11-07 11:22:07";7.01
"Servidor-SPTECH";"ram";"ram_Usada";"GB";"2022-11-07 11:22:05";6.99
"Servidor-SPTECH";"ram";"ram_Usada";"GB";"2022-11-07 11:22:03";6.99
"Servidor-SPTECH";"ram";"ram_Usada";"GB";"2022-11-07 11:22:02";7.06
"Servidor-SPTECH";"ram";"ram_Usada";"GB";"2022-11-07 11:22:00";7.02
"Servidor-SPTECH";"ram";"ram_Usada";"GB";"2022-11-07 11:21:58";6.99
"Servidor-SPTECH";"ram";"ram_Usada";"GB";"2022-11-07 11:21:57";6.96
"Servidor-SPTECH";"ram";"ram_Usada";"GB";"2022-11-07 11:21:55";6.97
"Servidor-SPTECH";"ram";"ram_Usada";"GB";"2022-11-07 11:21:53";6.96
"Servidor-SPTECH";"ram";"ram_Usada";"GB";"2022-11-07 11:21:51";6.95
"Servidor-SPTECH";"ram";"ram_Usada";"GB";"2022-11-07 11:21:50";7.01
"Servidor-SPTECH";"ram";"ram_Usada";"GB";"2022-11-07 11:21:48";7.0
"Servidor-SPTECH";"ram";"ram_Usada";"GB";"2022-11-07 11:21:46";7.01
"Servidor-SPTECH";"ram";"ram_Usada";"GB";"2022-11-07 11:21:44";7.0
"Servidor-SPTECH";"ram";"ram_Usada";"GB";"2022-11-07 11:21:43";6.96
"Servidor-SPTECH";"ram";"ram_Usada";"GB";"2022-11-07 11:21:41";6.94
"Servidor-SPTECH";"ram";"ram_Usada";"GB";"2022-11-07 11:21:39";6.97
"Servidor-SPTECH";"ram";"ram_Usada";"GB";"2022-11-07 11:21:38";6.97
"Servidor-SPTECH";"ram";"ram_Usada";"GB";"2022-11-07 11:21:36";6.97
"Servidor-SPTECH";"ram";"ram_Usada";"GB";"2022-11-07 11:21:35";6.96
"Servidor-SPTECH";"ram";"ram_Usada";"GB";"2022-11-07 11:21:33";6.93
"Servidor-SPTECH";"ram";"ram_Usada";"GB";"2022-11-07 11:21:31";6.95
"Servidor-SPTECH";"ram";"ram_Usada";"GB";"2022-11-07 11:21:30";6.94
"Servidor-SPTECH";"ram";"ram_Usada";"GB";"2022-11-07 11:21:28";6.94
"Servidor-SPTECH";"ram";"ram_Usada";"GB";"2022-11-07 11:21:27";6.94
"Servidor-SPTECH";"ram";"ram_Usada";"GB";"2022-11-07 11:21:25";6.94
"Servidor-SPTECH";"ram";"ram_Usada";"GB";"2022-11-07 11:21:23";6.93
"Servidor-SPTECH";"ram";"ram_Usada";"GB";"2022-11-07 11:21:22";6.93
"Servidor-SPTECH";"ram";"ram_Usada";"GB";"2022-11-07 11:21:20";6.93
"Servidor-SPTECH";"ram";"ram_Usada";"GB";"2022-11-07 11:21:19";6.93
"Servidor-SPTECH";"ram";"ram_Usada";"GB";"2022-11-07 11:21:17";6.93
"Servidor-SPTECH";"ram";"ram_Usada";"GB";"2022-11-07 11:21:15";6.93
"Servidor-SPTECH";"ram";"ram_Usada";"GB";"2022-11-07 11:21:14";6.94
"Servidor-SPTECH";"ram";"ram_Usada";"GB";"2022-11-07 11:21:12";6.94
"Servidor-SPTECH";"ram";"ram_Usada";"GB";"2022-11-07 11:21:11";6.94
"Servidor-SPTECH";"ram";"ram_Usada";"GB";"2022-11-07 11:21:09";6.98
"Servidor-SPTECH";"ram";"ram_Usada";"GB";"2022-11-07 11:21:07";7.02
"Servidor-SPTECH";"ram";"ram_Usada";"GB";"2022-11-07 11:21:06";7.03
"Servidor-SPTECH";"ram";"ram_Usada";"GB";"2022-11-07 11:21:04";7.03
"Servidor-SPTECH";"ram";"ram_Usada";"GB";"2022-11-07 11:21:02";6.97
"Servidor-SPTECH";"ram";"ram_Usada";"GB";"2022-11-07 11:21:01";6.95
"Servidor-SPTECH";"ram";"ram_Usada";"GB";"2022-11-07 11:20:59";6.91
"Servidor-SPTECH";"ram";"ram_Usada";"GB";"2022-11-07 11:20:58";6.9
"Servidor-SPTECH";"ram";"ram_Usada";"GB";"2022-11-07 11:20:56";6.89
"Servidor-SPTECH";"ram";"ram_Usada";"GB";"2022-11-07 11:20:54";6.9
"Servidor-SPTECH";"ram";"ram_Usada";"GB";"2022-11-07 11:20:53";6.9
"Servidor-SPTECH";"ram";"ram_Usada";"GB";"2022-11-07 11:20:51";6.9
"Servidor-SPTECH";"ram";"ram_Usada";"GB";"2022-11-07 11:20:50";6.9
"Servidor-SPTECH";"ram";"ram_Usada";"GB";"2022-11-07 11:20:48";6.9
"Servidor-SPTECH";"ram";"ram_Usada";"GB";"2022-11-07 11:20:47";6.91
"Servidor-SPTECH";"ram";"ram_Usada";"GB";"2022-11-07 11:20:45";6.91
"Servidor-SPTECH";"ram";"ram_Usada";"GB";"2022-11-07 11:20:43";6.91
"Servidor-SPTECH";"ram";"ram_Usada";"GB";"2022-11-07 11:20:42";6.92
"Servidor-SPTECH";"ram";"ram_Usada";"GB";"2022-11-07 11:20:40";6.93
"Servidor-SPTECH";"ram";"ram_Usada";"GB";"2022-11-07 11:20:39";6.92
"Servidor-SPTECH";"ram";"ram_Usada";"GB";"2022-11-07 11:20:37";6.96
"Servidor-SPTECH";"ram";"ram_Usada";"GB";"2022-11-07 11:20:35";6.95
"Servidor-SPTECH";"ram";"ram_Usada";"GB";"2022-11-07 11:20:34";6.96
"Servidor-SPTECH";"ram";"ram_Usada";"GB";"2022-11-07 11:20:32";6.96
"Servidor-SPTECH";"ram";"ram_Usada";"GB";"2022-11-07 11:20:31";6.96
"Servidor-SPTECH";"ram";"ram_Usada";"GB";"2022-11-07 11:20:29";6.95
"Servidor-SPTECH";"ram";"ram_Usada";"GB";"2022-11-07 11:20:28";7.0
"Servidor-SPTECH";"ram";"ram_Usada";"GB";"2022-11-07 11:20:26";7.02
"Servidor-SPTECH";"ram";"ram_Usada";"GB";"2022-11-07 11:20:24";7.12
"Servidor-SPTECH";"ram";"ram_Usada";"GB";"2022-11-07 11:20:23";7.12
"Servidor-SPTECH";"ram";"ram_Usada";"GB";"2022-11-07 11:20:21";7.13
"Servidor-SPTECH";"ram";"ram_Usada";"GB";"2022-11-07 11:20:20";7.12
"Servidor-SPTECH";"ram";"ram_Usada";"GB";"2022-11-07 11:20:18";7.15
"Servidor-SPTECH";"ram";"ram_Usada";"GB";"2022-11-07 11:20:16";7.14
"Servidor-SPTECH";"ram";"ram_Usada";"GB";"2022-11-07 11:20:14";7.15
"Servidor-SPTECH";"ram";"ram_Usada";"GB";"2022-11-07 11:20:12";7.14
"Servidor-SPTECH";"ram";"ram_Usada";"GB";"2022-11-07 11:20:11";7.16
"Servidor-SPTECH";"ram";"ram_Usada";"GB";"2022-11-07 11:20:09";7.13
"Servidor-SPTECH";"ram";"ram_Usada";"GB";"2022-11-07 11:20:07";7.13
"Servidor-SPTECH";"ram";"ram_Usada";"GB";"2022-11-07 11:20:05";6.99
"Servidor-SPTECH";"ram";"ram_Usada";"GB";"2022-11-07 11:20:04";6.97
"Servidor-SPTECH";"ram";"ram_Usada";"GB";"2022-11-07 11:20:02";6.97
"Servidor-SPTECH";"ram";"ram_Usada";"GB";"2022-11-07 11:20:00";6.94
"Servidor-SPTECH";"ram";"ram_Usada";"GB";"2022-11-07 11:19:58";6.9
"Servidor-SPTECH";"ram";"ram_Usada";"GB";"2022-11-07 11:19:57";6.86
"Servidor-SPTECH";"ram";"ram_Usada";"GB";"2022-11-07 11:19:55";6.86
"Servidor-SPTECH";"ram";"ram_Usada";"GB";"2022-11-07 11:19:53";7.0
"Servidor-SPTECH";"ram";"ram_Usada";"GB";"2022-11-07 11:19:52";6.99
"Servidor-SPTECH";"ram";"ram_Usada";"GB";"2022-11-07 11:19:50";6.96
"Servidor-SPTECH";"ram";"ram_Usada";"GB";"2022-11-07 11:19:48";6.96
"Servidor-SPTECH";"ram";"ram_Usada";"GB";"2022-11-07 11:19:46";6.98
"Servidor-SPTECH";"ram";"ram_Usada";"GB";"2022-11-07 11:19:44";6.9
"Servidor-SPTECH";"ram";"ram_Usada";"GB";"2022-11-07 11:19:43";6.92
"Servidor-SPTECH";"ram";"ram_Usada";"GB";"2022-11-07 11:19:41";6.9
"Servidor-SPTECH";"ram";"ram_Usada";"GB";"2022-11-07 11:19:39";6.9
"Servidor-SPTECH";"ram";"ram_Usada";"GB";"2022-11-07 11:19:37";6.85
"Servidor-SPTECH";"ram";"ram_Usada";"GB";"2022-11-07 11:19:36";6.8
"Servidor-SPTECH";"ram";"ram_Usada";"GB";"2022-11-07 11:19:34";6.8
"Servidor-SPTECH";"ram";"ram_Usada";"GB";"2022-11-07 11:19:33";6.78
"Servidor-SPTECH";"ram";"ram_Usada";"GB";"2022-11-07 11:19:31";6.81
"Servidor-SPTECH";"ram";"ram_Usada";"GB";"2022-11-07 11:19:29";6.63
"Servidor-SPTECH";"ram";"ram_Usada";"GB";"2022-11-07 11:19:27";6.58
"Servidor-SPTECH";"ram";"ram_Usada";"GB";"2022-11-07 11:19:26";6.57
"Servidor-SPTECH";"ram";"ram_Usada";"GB";"2022-11-07 11:19:24";6.52
"Servidor-SPTECH";"ram";"ram_Usada";"GB";"2022-11-07 11:19:22";6.52
"Servidor-SPTECH";"ram";"ram_Usada";"GB";"2022-11-07 11:19:21";6.52
"Servidor-SPTECH";"ram";"ram_Usada";"GB";"2022-11-07 11:19:19";6.52
"Servidor-SPTECH";"ram";"ram_Usada";"GB";"2022-11-07 11:19:17";6.51
"Servidor-SPTECH";"ram";"ram_Usada";"GB";"2022-11-07 11:19:16";6.52
"Servidor-SPTECH";"ram";"ram_Usada";"GB";"2022-11-07 11:19:14";6.48
"Servidor-SPTECH";"ram";"ram_Usada";"GB";"2022-11-07 11:19:13";6.52
"Servidor-SPTECH";"ram";"ram_Usada";"GB";"2022-11-07 11:19:11";6.52
"Servidor-SPTECH";"ram";"ram_Usada";"GB";"2022-11-07 11:19:10";6.52
"Servidor-SPTECH";"ram";"ram_Usada";"GB";"2022-11-07 11:19:08";6.51
"Servidor-SPTECH";"ram";"ram_Usada";"GB";"2022-11-07 11:19:06";6.51
"Servidor-SPTECH";"ram";"ram_Usada";"GB";"2022-11-07 11:19:05";6.51
"Servidor-SPTECH";"ram";"ram_Usada";"GB";"2022-11-07 11:19:03";6.51
"Servidor-SPTECH";"ram";"ram_Usada";"GB";"2022-11-07 11:19:01";6.51
"Servidor-SPTECH";"ram";"ram_Usada";"GB";"2022-11-07 11:19:00";6.51
"Servidor-SPTECH";"ram";"ram_Usada";"GB";"2022-11-07 11:18:58";6.51
"Servidor-SPTECH";"ram";"ram_Usada";"GB";"2022-11-07 11:18:56";6.48
"Servidor-SPTECH";"ram";"ram_Usada";"GB";"2022-11-07 11:18:55";6.5
"Servidor-SPTECH";"ram";"ram_Usada";"GB";"2022-11-07 11:18:53";6.5
"Servidor-SPTECH";"ram";"ram_Usada";"GB";"2022-11-07 11:18:52";6.5
"Servidor-SPTECH";"ram";"ram_Usada";"GB";"2022-11-07 11:18:50";6.48
"Servidor-SPTECH";"ram";"ram_Usada";"GB";"2022-11-07 11:18:48";6.51
"Servidor-SPTECH";"ram";"ram_Usada";"GB";"2022-11-07 11:18:47";6.51
"Servidor-SPTECH";"ram";"ram_Usada";"GB";"2022-11-07 11:18:45";6.51
"Servidor-SPTECH";"ram";"ram_Usada";"GB";"2022-11-07 11:18:43";6.56
"Servidor-SPTECH";"ram";"ram_Usada";"GB";"2022-11-07 11:18:42";6.56
"Servidor-SPTECH";"ram";"ram_Usada";"GB";"2022-11-07 11:18:40";6.56
"Servidor-SPTECH";"ram";"ram_Usada";"GB";"2022-11-07 11:18:39";6.58
"Servidor-SPTECH";"ram";"ram_Usada";"GB";"2022-11-07 11:18:37";6.59
"Servidor-SPTECH";"ram";"ram_Usada";"GB";"2022-11-07 11:18:35";6.59
"Servidor-SPTECH";"ram";"ram_Usada";"GB";"2022-11-07 11:18:34";6.59
"Servidor-SPTECH";"ram";"ram_Usada";"GB";"2022-11-07 11:18:32";6.56
"Servidor-SPTECH";"ram";"ram_Usada";"GB";"2022-11-07 11:18:30";6.59
"Servidor-SPTECH";"ram";"ram_Usada";"GB";"2022-11-07 11:18:29";6.59
"Servidor-SPTECH";"ram";"ram_Usada";"GB";"2022-11-07 11:18:27";6.59
"Servidor-SPTECH";"ram";"ram_Usada";"GB";"2022-11-07 11:18:25";6.61
"Servidor-SPTECH";"ram";"ram_Usada";"GB";"2022-11-07 11:18:24";6.62
"Servidor-SPTECH";"ram";"ram_Usada";"GB";"2022-11-07 11:18:22";6.65
"Servidor-SPTECH";"ram";"ram_Usada";"GB";"2022-11-07 11:18:21";6.66
"Servidor-SPTECH";"ram";"ram_Usada";"GB";"2022-11-07 11:18:19";6.67
"Servidor-SPTECH";"ram";"ram_Usada";"GB";"2022-11-07 11:18:17";6.66
"Servidor-SPTECH";"ram";"ram_Usada";"GB";"2022-11-07 11:18:16";6.67
"Servidor-SPTECH";"ram";"ram_Usada";"GB";"2022-11-07 11:18:14";6.63
"Servidor-SPTECH";"ram";"ram_Usada";"GB";"2022-11-07 11:18:12";6.68
"Servidor-SPTECH";"ram";"ram_Usada";"GB";"2022-11-07 11:18:11";6.73
"Servidor-SPTECH";"ram";"ram_Usada";"GB";"2022-11-07 11:18:09";6.73
"Servidor-SPTECH";"ram";"ram_Usada";"GB";"2022-11-07 11:18:08";6.74
"Servidor-SPTECH";"ram";"ram_Usada";"GB";"2022-11-07 11:18:06";6.74
"Servidor-SPTECH";"ram";"ram_Usada";"GB";"2022-11-07 11:18:04";6.74
"Servidor-SPTECH";"ram";"ram_Usada";"GB";"2022-11-07 11:18:03";6.77
"Servidor-SPTECH";"ram";"ram_Usada";"GB";"2022-11-07 11:18:01";6.77
"Servidor-SPTECH";"ram";"ram_Usada";"GB";"2022-11-07 11:17:59";6.79
"Servidor-SPTECH";"ram";"ram_Usada";"GB";"2022-11-07 11:17:58";6.79
"Servidor-SPTECH";"ram";"ram_Usada";"GB";"2022-11-07 11:17:56";6.81
"Servidor-SPTECH";"ram";"ram_Usada";"GB";"2022-11-07 11:17:55";6.8
"Servidor-SPTECH";"ram";"ram_Usada";"GB";"2022-11-07 11:17:53";6.78
"Servidor-SPTECH";"ram";"ram_Usada";"GB";"2022-11-07 11:17:51";6.82
"Servidor-SPTECH";"ram";"ram_Usada";"GB";"2022-11-07 11:17:49";6.78
"Servidor-SPTECH";"ram";"ram_Usada";"GB";"2022-11-07 11:17:48";6.78
"Servidor-SPTECH";"ram";"ram_Usada";"GB";"2022-11-07 11:17:46";6.78
"Servidor-SPTECH";"ram";"ram_Usada";"GB";"2022-11-07 11:17:44";6.71
"Servidor-SPTECH";"ram";"ram_Usada";"GB";"2022-11-07 11:17:43";6.71
"Servidor-SPTECH";"ram";"ram_Usada";"GB";"2022-11-07 11:17:41";6.73
"Servidor-SPTECH";"ram";"ram_Usada";"GB";"2022-11-07 11:17:40";6.75
"Servidor-SPTECH";"ram";"ram_Usada";"GB";"2022-11-07 11:17:38";6.73
"Servidor-SPTECH";"ram";"ram_Usada";"GB";"2022-11-07 11:17:37";6.75
"Servidor-SPTECH";"ram";"ram_Usada";"GB";"2022-11-07 11:17:35";6.75
"Servidor-SPTECH";"ram";"ram_Usada";"GB";"2022-11-07 11:17:33";6.76
"Servidor-SPTECH";"ram";"ram_Usada";"GB";"2022-11-07 11:17:32";6.72
"Servidor-SPTECH";"ram";"ram_Usada";"GB";"2022-11-07 11:17:30";6.77
"Servidor-SPTECH";"ram";"ram_Usada";"GB";"2022-11-07 11:17:28";6.77
"Servidor-SPTECH";"ram";"ram_Usada";"GB";"2022-11-07 11:17:27";6.77
"Servidor-SPTECH";"ram";"ram_Usada";"GB";"2022-11-07 11:17:25";6.77
"Servidor-SPTECH";"ram";"ram_Usada";"GB";"2022-11-07 11:17:23";6.76
"Servidor-SPTECH";"ram";"ram_Usada";"GB";"2022-11-07 11:17:22";6.67
"Servidor-SPTECH";"ram";"ram_Usada";"GB";"2022-11-07 11:17:20";6.64
"Servidor-SPTECH";"ram";"ram_Usada";"GB";"2022-11-07 11:17:18";6.64
"Servidor-SPTECH";"ram";"ram_Usada";"GB";"2022-11-07 11:17:17";6.66
"Servidor-SPTECH";"ram";"ram_Usada";"GB";"2022-11-07 11:17:15";6.67
"Servidor-SPTECH";"ram";"ram_Usada";"GB";"2022-11-07 11:17:13";6.64
"Servidor-SPTECH";"ram";"ram_Usada";"GB";"2022-11-07 11:17:12";6.63
"Servidor-SPTECH";"ram";"ram_Usada";"GB";"2022-11-07 11:17:10";6.62
"Servidor-SPTECH";"ram";"ram_Usada";"GB";"2022-11-07 11:17:08";6.65
"Servidor-SPTECH";"ram";"ram_Usada";"GB";"2022-11-07 11:17:07";6.67
"Servidor-SPTECH";"ram";"ram_Usada";"GB";"2022-11-07 11:17:05";6.67
"Servidor-SPTECH";"ram";"ram_Usada";"GB";"2022-11-07 11:17:04";6.72
"Servidor-SPTECH";"ram";"ram_Usada";"GB";"2022-11-07 11:17:02";6.73
"Servidor-SPTECH";"ram";"ram_Usada";"GB";"2022-11-07 11:17:00";6.77
"Servidor-SPTECH";"ram";"ram_Usada";"GB";"2022-11-07 11:16:59";6.8
"Servidor-SPTECH";"ram";"ram_Usada";"GB";"2022-11-07 11:16:57";6.75
"Servidor-SPTECH";"ram";"ram_Usada";"GB";"2022-11-07 11:16:55";6.72
"Servidor-SPTECH";"ram";"ram_Usada";"GB";"2022-11-07 11:16:54";6.69
"Servidor-SPTECH";"ram";"ram_Usada";"GB";"2022-11-07 11:16:52";6.81
"Servidor-SPTECH";"ram";"ram_Usada";"GB";"2022-11-07 11:16:50";6.58
"Servidor-SPTECH";"ram";"ram_Usada";"GB";"2022-11-07 11:16:48";6.56
"Servidor-SPTECH";"ram";"ram_Usada";"GB";"2022-11-07 11:16:47";6.56
"Servidor-SPTECH";"ram";"ram_Usada";"GB";"2022-11-07 11:16:45";6.6
"Servidor-SPTECH";"ram";"ram_Usada";"GB";"2022-11-07 11:16:43";6.61
"Servidor-SPTECH";"ram";"ram_Usada";"GB";"2022-11-07 11:16:42";6.63
"Servidor-SPTECH";"ram";"ram_Usada";"GB";"2022-11-07 11:16:40";6.66
"Servidor-SPTECH";"ram";"ram_Usada";"GB";"2022-11-07 11:16:38";6.65
"Servidor-SPTECH";"ram";"ram_Usada";"GB";"2022-11-07 11:16:36";6.6
"Servidor-SPTECH";"ram";"ram_Usada";"GB";"2022-11-07 11:16:35";6.58
"Servidor-SPTECH";"ram";"ram_Usada";"GB";"2022-11-07 11:16:33";6.57
"Servidor-SPTECH";"ram";"ram_Usada";"GB";"2022-11-07 11:16:32";6.53
"Servidor-SPTECH";"ram";"ram_Usada";"GB";"2022-11-07 11:16:30";6.57
"Servidor-SPTECH";"ram";"ram_Usada";"GB";"2022-11-07 11:16:28";6.53
"Servidor-SPTECH";"ram";"ram_Usada";"GB";"2022-11-07 11:16:27";6.51
"Servidor-SPTECH";"ram";"ram_Usada";"GB";"2022-11-07 11:16:25";6.51
"Servidor-SPTECH";"ram";"ram_Usada";"GB";"2022-11-07 11:16:23";6.53
"Servidor-SPTECH";"ram";"ram_Usada";"GB";"2022-11-07 11:16:22";6.54
"Servidor-SPTECH";"ram";"ram_Usada";"GB";"2022-11-07 11:16:20";6.55
"Servidor-SPTECH";"ram";"ram_Usada";"GB";"2022-11-07 11:16:18";6.59
"Servidor-SPTECH";"ram";"ram_Usada";"GB";"2022-11-07 11:16:16";6.6
"Servidor-SPTECH";"ram";"ram_Usada";"GB";"2022-11-07 11:16:15";6.57
"Servidor-SPTECH";"ram";"ram_Usada";"GB";"2022-11-07 11:16:13";6.59
"Servidor-SPTECH";"ram";"ram_Usada";"GB";"2022-11-07 11:16:11";6.56
"Servidor-SPTECH";"ram";"ram_Usada";"GB";"2022-11-07 11:16:10";6.49
"Servidor-SPTECH";"ram";"ram_Usada";"GB";"2022-11-07 11:16:08";6.43
"Servidor-SPTECH";"ram";"ram_Usada";"GB";"2022-11-07 11:16:06";6.45
"Servidor-SPTECH";"ram";"ram_Usada";"GB";"2022-11-07 11:16:05";6.41
"Servidor-SPTECH";"ram";"ram_Usada";"GB";"2022-11-07 11:16:03";6.42
"Servidor-SPTECH";"ram";"ram_Usada";"GB";"2022-11-07 11:16:01";6.37
"Servidor-SPTECH";"ram";"ram_Usada";"GB";"2022-11-07 11:16:00";6.46
"Servidor-SPTECH";"ram";"ram_Usada";"GB";"2022-11-07 11:15:58";6.46
"Servidor-SPTECH";"ram";"ram_Usada";"GB";"2022-11-07 11:15:56";6.55
"Servidor-SPTECH";"ram";"ram_Usada";"GB";"2022-11-07 11:15:55";6.56
"Servidor-SPTECH";"ram";"ram_Usada";"GB";"2022-11-07 11:15:53";6.55
"Servidor-SPTECH";"ram";"ram_Usada";"GB";"2022-11-07 11:15:52";6.57
"Servidor-SPTECH";"ram";"ram_Usada";"GB";"2022-11-07 11:15:50";6.55
"Servidor-SPTECH";"ram";"ram_Usada";"GB";"2022-11-07 11:15:48";6.58
"Servidor-SPTECH";"ram";"ram_Usada";"GB";"2022-11-07 11:15:46";6.55
"Servidor-SPTECH";"ram";"ram_Usada";"GB";"2022-11-07 11:15:45";6.49
"Servidor-SPTECH";"ram";"ram_Usada";"GB";"2022-11-07 11:15:43";6.49
"Servidor-SPTECH";"ram";"ram_Usada";"GB";"2022-11-07 11:15:41";6.52
"Servidor-SPTECH";"ram";"ram_Usada";"GB";"2022-11-07 11:15:40";6.57
"Servidor-SPTECH";"ram";"ram_Usada";"GB";"2022-11-07 11:15:38";6.56
"Servidor-SPTECH";"ram";"ram_Usada";"GB";"2022-11-07 11:15:37";6.56
"Servidor-SPTECH";"ram";"ram_Usada";"GB";"2022-11-07 11:15:35";6.57
"Servidor-SPTECH";"ram";"ram_Usada";"GB";"2022-11-07 11:15:33";6.55
"Servidor-SPTECH";"ram";"ram_Usada";"GB";"2022-11-07 11:15:32";6.56
"Servidor-SPTECH";"ram";"ram_Usada";"GB";"2022-11-07 11:15:30";6.59
"Servidor-SPTECH";"ram";"ram_Usada";"GB";"2022-11-07 11:15:28";6.59
"Servidor-SPTECH";"ram";"ram_Usada";"GB";"2022-11-07 11:15:27";6.57
"Servidor-SPTECH";"ram";"ram_Usada";"GB";"2022-11-07 11:15:25";6.55
"Servidor-SPTECH";"ram";"ram_Usada";"GB";"2022-11-07 11:15:24";6.65
"Servidor-SPTECH";"ram";"ram_Usada";"GB";"2022-11-07 11:15:22";6.63
"Servidor-SPTECH";"ram";"ram_Usada";"GB";"2022-11-07 11:15:20";6.63
"Servidor-SPTECH";"ram";"ram_Usada";"GB";"2022-11-07 11:15:18";6.63
"Servidor-SPTECH";"ram";"ram_Usada";"GB";"2022-11-07 11:15:16";6.62
"Servidor-SPTECH";"ram";"ram_Usada";"GB";"2022-11-07 11:15:15";6.63
"Servidor-SPTECH";"ram";"ram_Usada";"GB";"2022-11-07 11:15:13";6.48
"Servidor-SPTECH";"ram";"ram_Usada";"GB";"2022-11-07 11:15:11";6.53
"Servidor-SPTECH";"ram";"ram_Usada";"GB";"2022-11-07 11:15:09";6.55
"Servidor-SPTECH";"ram";"ram_Usada";"GB";"2022-11-07 11:15:07";6.55
"Servidor-SPTECH";"ram";"ram_Usada";"GB";"2022-11-07 11:15:06";6.61
"Servidor-SPTECH";"ram";"ram_Usada";"GB";"2022-11-07 11:15:04";6.64
"Servidor-SPTECH";"ram";"ram_Usada";"GB";"2022-11-07 11:15:02";6.64
"Servidor-SPTECH";"ram";"ram_Usada";"GB";"2022-11-07 11:15:01";6.66
"Servidor-SPTECH";"ram";"ram_Usada";"GB";"2022-11-07 11:14:59";6.66
"Servidor-SPTECH";"ram";"ram_Usada";"GB";"2022-11-07 11:14:57";6.61
"Servidor-SPTECH";"ram";"ram_Usada";"GB";"2022-11-07 11:14:55";6.47
"Servidor-SPTECH";"ram";"ram_Usada";"GB";"2022-11-07 11:14:54";6.49
"Servidor-SPTECH";"ram";"ram_Usada";"GB";"2022-11-07 11:14:52";6.48
"Servidor-SPTECH";"ram";"ram_Usada";"GB";"2022-11-07 11:14:50";6.43
"Servidor-SPTECH";"ram";"ram_Usada";"GB";"2022-11-07 11:14:49";6.44
"Servidor-SPTECH";"ram";"ram_Usada";"GB";"2022-11-07 11:14:47";6.41
"Servidor-SPTECH";"ram";"ram_Usada";"GB";"2022-11-07 11:14:46";6.39
"Servidor-SPTECH";"ram";"ram_Usada";"GB";"2022-11-07 11:14:44";6.36
"Servidor-SPTECH";"ram";"ram_Usada";"GB";"2022-11-07 11:14:42";6.34
"Servidor-SPTECH";"ram";"ram_Usada";"GB";"2022-11-07 11:14:41";6.3
"Servidor-SPTECH";"ram";"ram_Usada";"GB";"2022-11-07 11:14:39";6.41
"Servidor-SPTECH";"ram";"ram_Usada";"GB";"2022-11-07 11:14:37";6.38
"Servidor-SPTECH";"ram";"ram_Usada";"GB";"2022-11-07 11:14:36";6.41
"Servidor-SPTECH";"ram";"ram_Usada";"GB";"2022-11-07 11:14:34";6.43
"Servidor-SPTECH";"ram";"ram_Usada";"GB";"2022-11-07 11:14:33";6.54
"Servidor-SPTECH";"ram";"ram_Usada";"GB";"2022-11-07 11:14:31";6.51
"Servidor-SPTECH";"ram";"ram_Usada";"GB";"2022-11-07 11:14:29";6.54
"Servidor-SPTECH";"ram";"ram_Usada";"GB";"2022-11-07 11:14:28";6.54
"Servidor-SPTECH";"ram";"ram_Usada";"GB";"2022-11-07 11:14:26";6.54
"Servidor-SPTECH";"ram";"ram_Usada";"GB";"2022-11-07 11:14:25";6.55
"Servidor-SPTECH";"ram";"ram_Usada";"GB";"2022-11-07 11:14:23";6.55
"Servidor-SPTECH";"ram";"ram_Usada";"GB";"2022-11-07 11:14:21";6.55
"Servidor-SPTECH";"ram";"ram_Usada";"GB";"2022-11-07 11:14:20";6.56
"Servidor-SPTECH";"ram";"ram_Usada";"GB";"2022-11-07 11:14:18";6.57
"Servidor-SPTECH";"ram";"ram_Usada";"GB";"2022-11-07 11:14:16";6.58
"Servidor-SPTECH";"ram";"ram_Usada";"GB";"2022-11-07 11:14:15";6.58
"Servidor-SPTECH";"ram";"ram_Usada";"GB";"2022-11-07 11:14:13";6.54
"Servidor-SPTECH";"ram";"ram_Usada";"GB";"2022-11-07 11:14:12";6.56
"Servidor-SPTECH";"ram";"ram_Usada";"GB";"2022-11-07 11:14:10";6.56
"Servidor-SPTECH";"ram";"ram_Usada";"GB";"2022-11-07 11:14:08";6.56
"Servidor-SPTECH";"ram";"ram_Usada";"GB";"2022-11-07 11:14:07";6.57
"Servidor-SPTECH";"ram";"ram_Usada";"GB";"2022-11-07 11:14:05";6.6
"Servidor-SPTECH";"ram";"ram_Usada";"GB";"2022-11-07 11:14:04";6.61
"Servidor-SPTECH";"ram";"ram_Usada";"GB";"2022-11-07 11:14:02";6.61
"Servidor-SPTECH";"ram";"ram_Usada";"GB";"2022-11-07 11:14:01";6.62
"Servidor-SPTECH";"ram";"ram_Usada";"GB";"2022-11-07 11:13:59";6.62
"Servidor-SPTECH";"ram";"ram_Usada";"GB";"2022-11-07 11:13:58";6.7
"Servidor-SPTECH";"ram";"ram_Usada";"GB";"2022-11-07 11:13:56";6.7
"Servidor-SPTECH";"ram";"ram_Usada";"GB";"2022-11-07 11:13:54";6.71
"Servidor-SPTECH";"ram";"ram_Usada";"GB";"2022-11-07 11:13:53";6.72
"Servidor-SPTECH";"ram";"ram_Usada";"GB";"2022-11-07 11:13:51";6.7
"Servidor-SPTECH";"ram";"ram_Usada";"GB";"2022-11-07 11:13:50";6.66
"Servidor-SPTECH";"ram";"ram_Usada";"GB";"2022-11-07 11:13:48";6.69
"Servidor-SPTECH";"ram";"ram_Usada";"GB";"2022-11-07 11:13:46";6.69
"Servidor-SPTECH";"ram";"ram_Usada";"GB";"2022-11-07 11:13:44";6.69
"Servidor-SPTECH";"ram";"ram_Usada";"GB";"2022-11-07 11:13:43";6.7
"Servidor-SPTECH";"ram";"ram_Usada";"GB";"2022-11-07 11:13:41";6.7
"Servidor-SPTECH";"ram";"ram_Usada";"GB";"2022-11-07 11:13:39";6.76
"Servidor-SPTECH";"ram";"ram_Usada";"GB";"2022-11-07 11:13:37";6.77
"Servidor-SPTECH";"ram";"ram_Usada";"GB";"2022-11-07 11:13:35";6.8
"Servidor-SPTECH";"ram";"ram_Usada";"GB";"2022-11-07 11:13:34";6.82
"Servidor-SPTECH";"ram";"ram_Usada";"GB";"2022-11-07 11:13:32";6.8
"Servidor-SPTECH";"ram";"ram_Usada";"GB";"2022-11-07 11:13:30";6.76
"Servidor-SPTECH";"ram";"ram_Usada";"GB";"2022-11-07 11:13:28";6.65
"Servidor-SPTECH";"ram";"ram_Usada";"GB";"2022-11-07 11:13:27";6.66
"Servidor-SPTECH";"ram";"ram_Usada";"GB";"2022-11-07 11:13:25";6.62
"Servidor-SPTECH";"ram";"ram_Usada";"GB";"2022-11-07 11:13:23";6.63
"Servidor-SPTECH";"ram";"ram_Usada";"GB";"2022-11-07 11:13:21";6.62
"Servidor-SPTECH";"ram";"ram_Usada";"GB";"2022-11-07 11:13:20";6.59
"Servidor-SPTECH";"ram";"ram_Usada";"GB";"2022-11-07 11:13:18";6.59
"Servidor-SPTECH";"ram";"ram_Usada";"GB";"2022-11-07 11:13:16";6.55
"Servidor-SPTECH";"ram";"ram_Usada";"GB";"2022-11-07 11:13:14";6.56
"Servidor-SPTECH";"ram";"ram_Usada";"GB";"2022-11-07 11:13:13";6.54
"Servidor-SPTECH";"ram";"ram_Usada";"GB";"2022-11-07 11:13:11";6.56
"Servidor-SPTECH";"ram";"ram_Usada";"GB";"2022-11-07 11:13:09";6.59
"Servidor-SPTECH";"ram";"ram_Usada";"GB";"2022-11-07 11:13:08";6.61
"Servidor-SPTECH";"ram";"ram_Usada";"GB";"2022-11-07 11:13:06";6.65
"Servidor-SPTECH";"ram";"ram_Usada";"GB";"2022-11-07 11:13:04";6.65
"Servidor-SPTECH";"ram";"ram_Usada";"GB";"2022-11-07 11:13:02";6.74
"Servidor-SPTECH";"ram";"ram_Usada";"GB";"2022-11-07 11:13:00";6.75
"Servidor-SPTECH";"ram";"ram_Usada";"GB";"2022-11-07 11:12:59";6.76
"Servidor-SPTECH";"ram";"ram_Usada";"GB";"2022-11-07 11:12:57";6.78
"Servidor-SPTECH";"ram";"ram_Usada";"GB";"2022-11-07 11:12:55";6.76
"Servidor-SPTECH";"ram";"ram_Usada";"GB";"2022-11-07 11:12:53";6.74
"Servidor-SPTECH";"ram";"ram_Usada";"GB";"2022-11-07 11:12:52";6.6
"Servidor-SPTECH";"ram";"ram_Usada";"GB";"2022-11-07 11:12:50";6.62
"Servidor-SPTECH";"ram";"ram_Usada";"GB";"2022-11-07 11:12:48";6.61
"Servidor-SPTECH";"ram";"ram_Usada";"GB";"2022-11-07 11:12:46";6.55
"Servidor-SPTECH";"ram";"ram_Usada";"GB";"2022-11-07 11:12:45";6.55
"Servidor-SPTECH";"ram";"ram_Usada";"GB";"2022-11-07 11:12:43";6.53
"Servidor-SPTECH";"ram";"ram_Usada";"GB";"2022-11-07 11:12:42";6.58
"Servidor-SPTECH";"ram";"ram_Usada";"GB";"2022-11-07 11:12:40";6.57
"Servidor-SPTECH";"ram";"ram_Usada";"GB";"2022-11-07 11:12:38";6.59
"Servidor-SPTECH";"ram";"ram_Usada";"GB";"2022-11-07 11:12:37";6.56
"Servidor-SPTECH";"ram";"ram_Usada";"GB";"2022-11-07 11:12:35";6.57
"Servidor-SPTECH";"ram";"ram_Usada";"GB";"2022-11-07 11:12:33";6.56
"Servidor-SPTECH";"ram";"ram_Usada";"GB";"2022-11-07 11:12:32";6.53
"Servidor-SPTECH";"ram";"ram_Usada";"GB";"2022-11-07 11:12:30";6.52
"Servidor-SPTECH";"ram";"ram_Usada";"GB";"2022-11-07 11:12:29";6.58
"Servidor-SPTECH";"ram";"ram_Usada";"GB";"2022-11-07 11:12:27";6.58
"Servidor-SPTECH";"ram";"ram_Usada";"GB";"2022-11-07 11:12:25";6.55
"Servidor-SPTECH";"ram";"ram_Usada";"GB";"2022-11-07 11:12:24";6.56
"Servidor-SPTECH";"ram";"ram_Usada";"GB";"2022-11-07 11:12:22";6.55
"Servidor-SPTECH";"ram";"ram_Usada";"GB";"2022-11-07 11:12:20";6.57
"Servidor-SPTECH";"ram";"ram_Usada";"GB";"2022-11-07 11:12:19";6.53
"Servidor-SPTECH";"ram";"ram_Usada";"GB";"2022-11-07 11:12:17";6.58
"Servidor-SPTECH";"ram";"ram_Usada";"GB";"2022-11-07 11:12:16";6.59
"Servidor-SPTECH";"ram";"ram_Usada";"GB";"2022-11-07 11:12:14";6.61
"Servidor-SPTECH";"ram";"ram_Usada";"GB";"2022-11-07 11:12:13";6.68
"Servidor-SPTECH";"ram";"ram_Usada";"GB";"2022-11-07 11:12:11";6.72
"Servidor-SPTECH";"ram";"ram_Usada";"GB";"2022-11-07 11:12:10";6.76
"Servidor-SPTECH";"ram";"ram_Usada";"GB";"2022-11-07 11:12:08";6.77
"Servidor-SPTECH";"ram";"ram_Usada";"GB";"2022-11-07 11:12:07";6.73
"Servidor-SPTECH";"ram";"ram_Usada";"GB";"2022-11-07 11:12:05";6.76
"Servidor-SPTECH";"ram";"ram_Usada";"GB";"2022-11-07 11:12:03";6.76
"Servidor-SPTECH";"ram";"ram_Usada";"GB";"2022-11-07 11:12:02";6.65
"Servidor-SPTECH";"ram";"ram_Usada";"GB";"2022-11-07 11:12:00";6.66
"Servidor-SPTECH";"ram";"ram_Usada";"GB";"2022-11-07 11:11:59";6.65
"Servidor-SPTECH";"ram";"ram_Usada";"GB";"2022-11-07 11:11:57";6.68
"Servidor-SPTECH";"ram";"ram_Usada";"GB";"2022-11-07 11:11:55";6.69
"Servidor-SPTECH";"ram";"ram_Usada";"GB";"2022-11-07 11:11:54";6.7
"Servidor-SPTECH";"ram";"ram_Usada";"GB";"2022-11-07 11:11:52";6.7
"Servidor-SPTECH";"ram";"ram_Usada";"GB";"2022-11-07 11:11:51";6.68
"Servidor-SPTECH";"ram";"ram_Usada";"GB";"2022-11-07 11:11:49";6.63
"Servidor-SPTECH";"ram";"ram_Usada";"GB";"2022-11-07 11:11:47";6.67
"Servidor-SPTECH";"ram";"ram_Usada";"GB";"2022-11-07 11:11:46";6.66
"Servidor-SPTECH";"ram";"ram_Usada";"GB";"2022-11-07 11:11:44";6.68
"Servidor-SPTECH";"ram";"ram_Usada";"GB";"2022-11-07 11:11:42";6.61
"Servidor-SPTECH";"ram";"ram_Usada";"GB";"2022-11-07 11:11:41";6.65
"Servidor-SPTECH";"ram";"ram_Usada";"GB";"2022-11-07 11:11:39";6.67
"Servidor-SPTECH";"ram";"ram_Usada";"GB";"2022-11-07 11:11:37";6.66
"Servidor-SPTECH";"ram";"ram_Usada";"GB";"2022-11-07 11:11:36";6.65
"Servidor-SPTECH";"ram";"ram_Usada";"GB";"2022-11-07 11:11:34";6.63
"Servidor-SPTECH";"ram";"ram_Usada";"GB";"2022-11-07 11:11:32";6.63
"Servidor-SPTECH";"ram";"ram_Usada";"GB";"2022-11-07 11:11:31";6.61
"Servidor-SPTECH";"ram";"ram_Usada";"GB";"2022-11-07 11:11:29";6.57
"Servidor-SPTECH";"ram";"ram_Usada";"GB";"2022-11-07 11:11:28";6.57
"Servidor-SPTECH";"ram";"ram_Usada";"GB";"2022-11-07 11:11:26";6.6
"Servidor-SPTECH";"ram";"ram_Usada";"GB";"2022-11-07 11:11:24";6.61
"Servidor-SPTECH";"ram";"ram_Usada";"GB";"2022-11-07 11:11:23";6.63
"Servidor-SPTECH";"ram";"ram_Usada";"GB";"2022-11-07 11:11:21";6.62
"Servidor-SPTECH";"ram";"ram_Usada";"GB";"2022-11-07 11:11:20";6.63
"Servidor-SPTECH";"ram";"ram_Usada";"GB";"2022-11-07 11:11:18";6.56
"Servidor-SPTECH";"ram";"ram_Usada";"GB";"2022-11-07 11:11:16";6.54
"Servidor-SPTECH";"ram";"ram_Usada";"GB";"2022-11-07 11:11:15";6.54
"Servidor-SPTECH";"ram";"ram_Usada";"GB";"2022-11-07 11:11:13";6.55
"Servidor-SPTECH";"ram";"ram_Usada";"GB";"2022-11-07 11:11:11";6.54
"Servidor-SPTECH";"ram";"ram_Usada";"GB";"2022-11-07 11:11:09";6.57
"Servidor-SPTECH";"ram";"ram_Usada";"GB";"2022-11-07 11:11:08";6.58
"Servidor-SPTECH";"ram";"ram_Usada";"GB";"2022-11-07 11:11:06";6.64
"Servidor-SPTECH";"ram";"ram_Usada";"GB";"2022-11-07 11:11:05";6.63
"Servidor-SPTECH";"ram";"ram_Usada";"GB";"2022-11-07 11:11:03";6.65
"Servidor-SPTECH";"ram";"ram_Usada";"GB";"2022-11-07 11:11:01";6.66
"Servidor-SPTECH";"ram";"ram_Usada";"GB";"2022-11-07 11:11:00";6.67
"Servidor-SPTECH";"ram";"ram_Usada";"GB";"2022-11-07 11:10:58";6.68
"Servidor-SPTECH";"ram";"ram_Usada";"GB";"2022-11-07 11:10:56";6.69
"Servidor-SPTECH";"ram";"ram_Usada";"GB";"2022-11-07 11:10:55";6.71
"Servidor-SPTECH";"ram";"ram_Usada";"GB";"2022-11-07 11:10:53";6.74
"Servidor-SPTECH";"ram";"ram_Usada";"GB";"2022-11-07 11:10:51";6.76
"Servidor-SPTECH";"ram";"ram_Usada";"GB";"2022-11-07 11:10:50";6.71
"Servidor-SPTECH";"ram";"ram_Usada";"GB";"2022-11-07 11:10:48";6.7
"Servidor-SPTECH";"ram";"ram_Usada";"GB";"2022-11-07 11:10:46";6.69
"Servidor-SPTECH";"ram";"ram_Usada";"GB";"2022-11-07 11:10:45";6.66
"Servidor-SPTECH";"ram";"ram_Usada";"GB";"2022-11-07 11:10:43";6.61
"Servidor-SPTECH";"ram";"ram_Usada";"GB";"2022-11-07 11:10:41";6.6
"Servidor-SPTECH";"ram";"ram_Usada";"GB";"2022-11-07 11:10:40";6.61
"Servidor-SPTECH";"ram";"ram_Usada";"GB";"2022-11-07 11:10:38";6.63
"Servidor-SPTECH";"ram";"ram_Usada";"GB";"2022-11-07 11:10:37";6.63
"Servidor-SPTECH";"ram";"ram_Usada";"GB";"2022-11-07 11:10:35";6.63
"Servidor-SPTECH";"ram";"ram_Usada";"GB";"2022-11-07 11:10:33";6.63
"Servidor-SPTECH";"ram";"ram_Usada";"GB";"2022-11-07 11:10:32";6.62
"Servidor-SPTECH";"ram";"ram_Usada";"GB";"2022-11-07 11:10:30";6.61
"Servidor-SPTECH";"ram";"ram_Usada";"GB";"2022-11-07 11:10:28";6.62
"Servidor-SPTECH";"ram";"ram_Usada";"GB";"2022-11-07 11:10:27";6.62
"Servidor-SPTECH";"ram";"ram_Usada";"GB";"2022-11-07 11:10:25";6.62
"Servidor-SPTECH";"ram";"ram_Usada";"GB";"2022-11-07 11:10:24";6.67
"Servidor-SPTECH";"ram";"ram_Usada";"GB";"2022-11-07 11:10:22";6.66
"Servidor-SPTECH";"ram";"ram_Usada";"GB";"2022-11-07 11:10:20";6.67
"Servidor-SPTECH";"ram";"ram_Usada";"GB";"2022-11-07 11:10:19";6.71
"Servidor-SPTECH";"ram";"ram_Usada";"GB";"2022-11-07 11:10:17";6.74
"Servidor-SPTECH";"ram";"ram_Usada";"GB";"2022-11-07 11:10:15";6.73
"Servidor-SPTECH";"ram";"ram_Usada";"GB";"2022-11-07 11:10:14";6.73
"Servidor-SPTECH";"ram";"ram_Usada";"GB";"2022-11-07 11:10:12";6.74
"Servidor-SPTECH";"ram";"ram_Usada";"GB";"2022-11-07 11:10:10";6.73
"Servidor-SPTECH";"ram";"ram_Usada";"GB";"2022-11-07 11:10:09";6.75
"Servidor-SPTECH";"ram";"ram_Usada";"GB";"2022-11-07 11:10:07";6.73
"Servidor-SPTECH";"ram";"ram_Usada";"GB";"2022-11-07 11:10:05";6.72
"Servidor-SPTECH";"ram";"ram_Usada";"GB";"2022-11-07 11:10:04";6.73
"Servidor-SPTECH";"ram";"ram_Usada";"GB";"2022-11-07 11:10:02";6.7
"Servidor-SPTECH";"ram";"ram_Usada";"GB";"2022-11-07 11:10:01";6.69
"Servidor-SPTECH";"ram";"ram_Usada";"GB";"2022-11-07 11:09:59";6.69
"Servidor-SPTECH";"ram";"ram_Usada";"GB";"2022-11-07 11:09:57";6.71
"Servidor-SPTECH";"ram";"ram_Usada";"GB";"2022-11-07 11:09:56";6.7
"Servidor-SPTECH";"ram";"ram_Usada";"GB";"2022-11-07 11:09:54";6.67
"Servidor-SPTECH";"ram";"ram_Usada";"GB";"2022-11-07 11:09:52";6.65
"Servidor-SPTECH";"ram";"ram_Usada";"GB";"2022-11-07 11:09:51";6.65
"Servidor-SPTECH";"ram";"ram_Usada";"GB";"2022-11-07 11:09:49";6.66
"Servidor-SPTECH";"ram";"ram_Usada";"GB";"2022-11-07 11:09:48";6.65
"Servidor-SPTECH";"ram";"ram_Usada";"GB";"2022-11-07 11:09:46";6.65
"Servidor-SPTECH";"ram";"ram_Usada";"GB";"2022-11-07 11:09:44";6.65
"Servidor-SPTECH";"ram";"ram_Usada";"GB";"2022-11-07 11:09:43";6.64
"Servidor-SPTECH";"ram";"ram_Usada";"GB";"2022-11-07 11:09:41";6.55
"Servidor-SPTECH";"ram";"ram_Usada";"GB";"2022-11-07 11:09:39";6.56
"Servidor-SPTECH";"ram";"ram_Usada";"GB";"2022-11-07 11:09:38";6.56
"Servidor-SPTECH";"ram";"ram_Usada";"GB";"2022-11-07 11:09:36";6.54
"Servidor-SPTECH";"ram";"ram_Usada";"GB";"2022-11-07 11:09:34";6.54
"Servidor-SPTECH";"ram";"ram_Usada";"GB";"2022-11-07 11:09:33";6.56
"Servidor-SPTECH";"ram";"ram_Usada";"GB";"2022-11-07 11:09:31";6.58
"Servidor-SPTECH";"ram";"ram_Usada";"GB";"2022-11-07 11:09:29";6.61
"Servidor-SPTECH";"ram";"ram_Usada";"GB";"2022-11-07 11:09:28";6.61
"Servidor-SPTECH";"ram";"ram_Usada";"GB";"2022-11-07 11:09:26";6.64
"Servidor-SPTECH";"ram";"ram_Usada";"GB";"2022-11-07 11:09:24";6.66
"Servidor-SPTECH";"ram";"ram_Usada";"GB";"2022-11-07 11:09:23";6.69
"Servidor-SPTECH";"ram";"ram_Usada";"GB";"2022-11-07 11:09:21";6.68
"Servidor-SPTECH";"ram";"ram_Usada";"GB";"2022-11-07 11:09:19";6.7
"Servidor-SPTECH";"ram";"ram_Usada";"GB";"2022-11-07 11:09:18";6.7
"Servidor-SPTECH";"ram";"ram_Usada";"GB";"2022-11-07 11:09:16";6.72
"Servidor-SPTECH";"ram";"ram_Usada";"GB";"2022-11-07 11:09:14";6.67
"Servidor-SPTECH";"ram";"ram_Usada";"GB";"2022-11-07 11:09:13";6.65
"Servidor-SPTECH";"ram";"ram_Usada";"GB";"2022-11-07 11:09:11";6.65
"Servidor-SPTECH";"ram";"ram_Usada";"GB";"2022-11-07 11:09:10";6.65
"Servidor-SPTECH";"ram";"ram_Usada";"GB";"2022-11-07 11:09:08";6.68
"Servidor-SPTECH";"ram";"ram_Usada";"GB";"2022-11-07 11:09:06";6.67
"Servidor-SPTECH";"ram";"ram_Usada";"GB";"2022-11-07 11:09:05";6.65
"Servidor-SPTECH";"ram";"ram_Usada";"GB";"2022-11-07 11:09:03";6.63
"Servidor-SPTECH";"ram";"ram_Usada";"GB";"2022-11-07 11:09:01";6.65
"Servidor-SPTECH";"ram";"ram_Usada";"GB";"2022-11-07 11:09:00";6.65
"Servidor-SPTECH";"ram";"ram_Usada";"GB";"2022-11-07 11:08:58";6.64
"Servidor-SPTECH";"ram";"ram_Usada";"GB";"2022-11-07 11:08:57";6.62
"Servidor-SPTECH";"ram";"ram_Usada";"GB";"2022-11-07 11:08:55";6.66
"Servidor-SPTECH";"ram";"ram_Usada";"GB";"2022-11-07 11:08:53";6.7
"Servidor-SPTECH";"ram";"ram_Usada";"GB";"2022-11-07 11:08:52";6.75
"Servidor-SPTECH";"ram";"ram_Usada";"GB";"2022-11-07 11:08:50";6.78
"Servidor-SPTECH";"ram";"ram_Usada";"GB";"2022-11-07 11:08:48";6.79
"Servidor-SPTECH";"ram";"ram_Usada";"GB";"2022-11-07 11:08:47";6.79
"Servidor-SPTECH";"ram";"ram_Usada";"GB";"2022-11-07 11:08:45";6.79
"Servidor-SPTECH";"ram";"ram_Usada";"GB";"2022-11-07 11:08:43";6.71
"Servidor-SPTECH";"ram";"ram_Usada";"GB";"2022-11-07 11:08:42";6.72
"Servidor-SPTECH";"ram";"ram_Usada";"GB";"2022-11-07 11:08:40";6.7
"Servidor-SPTECH";"ram";"ram_Usada";"GB";"2022-11-07 11:08:38";6.71
"Servidor-SPTECH";"ram";"ram_Usada";"GB";"2022-11-07 11:08:36";6.7
"Servidor-SPTECH";"ram";"ram_Usada";"GB";"2022-11-07 11:08:35";6.72
"Servidor-SPTECH";"ram";"ram_Usada";"GB";"2022-11-07 11:08:33";6.72
"Servidor-SPTECH";"ram";"ram_Usada";"GB";"2022-11-07 11:08:31";6.71
"Servidor-SPTECH";"ram";"ram_Usada";"GB";"2022-11-07 11:08:30";6.72
"Servidor-SPTECH";"ram";"ram_Usada";"GB";"2022-11-07 11:08:28";6.69
"Servidor-SPTECH";"ram";"ram_Usada";"GB";"2022-11-07 11:08:27";6.65
"Servidor-SPTECH";"ram";"ram_Usada";"GB";"2022-11-07 11:08:25";6.63
"Servidor-SPTECH";"ram";"ram_Usada";"GB";"2022-11-07 11:08:23";6.6
"Servidor-SPTECH";"ram";"ram_Usada";"GB";"2022-11-07 11:08:22";6.62
"Servidor-SPTECH";"ram";"ram_Usada";"GB";"2022-11-07 11:08:20";6.66
"Servidor-SPTECH";"ram";"ram_Usada";"GB";"2022-11-07 11:08:19";6.65
"Servidor-SPTECH";"ram";"ram_Usada";"GB";"2022-11-07 11:08:17";6.72
"Servidor-SPTECH";"ram";"ram_Usada";"GB";"2022-11-07 11:08:15";6.68
"Servidor-SPTECH";"ram";"ram_Usada";"GB";"2022-11-07 11:08:14";6.73
"Servidor-SPTECH";"ram";"ram_Usada";"GB";"2022-11-07 11:08:12";6.73
"Servidor-SPTECH";"ram";"ram_Usada";"GB";"2022-11-07 11:08:11";6.73
"Servidor-SPTECH";"ram";"ram_Usada";"GB";"2022-11-07 11:08:09";6.74
"Servidor-SPTECH";"ram";"ram_Usada";"GB";"2022-11-07 11:08:08";6.76
"Servidor-SPTECH";"ram";"ram_Usada";"GB";"2022-11-07 11:08:06";6.72
"Servidor-SPTECH";"ram";"ram_Usada";"GB";"2022-11-07 11:08:04";6.7
"Servidor-SPTECH";"ram";"ram_Usada";"GB";"2022-11-07 11:08:02";6.72
"Servidor-SPTECH";"ram";"ram_Usada";"GB";"2022-11-07 11:08:01";6.72
"Servidor-SPTECH";"ram";"ram_Usada";"GB";"2022-11-07 11:07:59";6.75
"Servidor-SPTECH";"ram";"ram_Usada";"GB";"2022-11-07 11:07:58";6.73
"Servidor-SPTECH";"ram";"ram_Usada";"GB";"2022-11-07 11:07:56";6.73
"Servidor-SPTECH";"ram";"ram_Usada";"GB";"2022-11-07 11:07:54";6.71
"Servidor-SPTECH";"ram";"ram_Usada";"GB";"2022-11-07 11:07:53";6.71
"Servidor-SPTECH";"ram";"ram_Usada";"GB";"2022-11-07 11:07:51";6.68
"Servidor-SPTECH";"ram";"ram_Usada";"GB";"2022-11-07 11:07:50";6.71
"Servidor-SPTECH";"ram";"ram_Usada";"GB";"2022-11-07 11:07:48";6.71
"Servidor-SPTECH";"ram";"ram_Usada";"GB";"2022-11-07 11:07:46";6.72
"Servidor-SPTECH";"ram";"ram_Usada";"GB";"2022-11-07 11:07:45";6.71
"Servidor-SPTECH";"ram";"ram_Usada";"GB";"2022-11-07 11:07:43";6.71
"Servidor-SPTECH";"ram";"ram_Usada";"GB";"2022-11-07 11:07:41";6.7
"Servidor-SPTECH";"ram";"ram_Usada";"GB";"2022-11-07 11:07:40";6.75
"Servidor-SPTECH";"ram";"ram_Usada";"GB";"2022-11-07 11:07:38";6.73
"Servidor-SPTECH";"ram";"ram_Usada";"GB";"2022-11-07 11:07:36";6.71
"Servidor-SPTECH";"ram";"ram_Usada";"GB";"2022-11-07 11:07:35";6.67
"Servidor-SPTECH";"ram";"ram_Usada";"GB";"2022-11-07 11:07:33";6.65
"Servidor-SPTECH";"ram";"ram_Usada";"GB";"2022-11-07 11:07:32";6.68
"Servidor-SPTECH";"ram";"ram_Usada";"GB";"2022-11-07 11:07:30";6.67
"Servidor-SPTECH";"ram";"ram_Usada";"GB";"2022-11-07 11:07:28";6.67
"Servidor-SPTECH";"ram";"ram_Usada";"GB";"2022-11-07 11:07:27";6.73
"Servidor-SPTECH";"ram";"ram_Usada";"GB";"2022-11-07 11:07:25";6.72
"Servidor-SPTECH";"ram";"ram_Usada";"GB";"2022-11-07 11:07:24";6.72
"Servidor-SPTECH";"ram";"ram_Usada";"GB";"2022-11-07 11:07:22";6.71
"Servidor-SPTECH";"ram";"ram_Usada";"GB";"2022-11-07 11:07:21";6.7
"Servidor-SPTECH";"ram";"ram_Usada";"GB";"2022-11-07 11:07:19";6.71
"Servidor-SPTECH";"ram";"ram_Usada";"GB";"2022-11-07 11:07:17";6.71
"Servidor-SPTECH";"ram";"ram_Usada";"GB";"2022-11-07 11:07:16";6.71
"Servidor-SPTECH";"ram";"ram_Usada";"GB";"2022-11-07 11:07:14";6.74
"Servidor-SPTECH";"ram";"ram_Usada";"GB";"2022-11-07 11:07:13";6.73
"Servidor-SPTECH";"ram";"ram_Usada";"GB";"2022-11-07 11:07:11";6.73
"Servidor-SPTECH";"ram";"ram_Usada";"GB";"2022-11-07 11:07:09";6.68
"Servidor-SPTECH";"ram";"ram_Usada";"GB";"2022-11-07 11:07:08";6.7
"Servidor-SPTECH";"ram";"ram_Usada";"GB";"2022-11-07 11:07:06";6.67
"Servidor-SPTECH";"ram";"ram_Usada";"GB";"2022-11-07 11:07:04";6.66
"Servidor-SPTECH";"ram";"ram_Usada";"GB";"2022-11-07 11:07:03";6.68
"Servidor-SPTECH";"ram";"ram_Usada";"GB";"2022-11-07 11:07:01";6.71
"Servidor-SPTECH";"ram";"ram_Usada";"GB";"2022-11-07 11:07:00";6.73
"Servidor-SPTECH";"ram";"ram_Usada";"GB";"2022-11-07 11:06:58";6.73
"Servidor-SPTECH";"ram";"ram_Usada";"GB";"2022-11-07 11:06:56";6.74
"Servidor-SPTECH";"ram";"ram_Usada";"GB";"2022-11-07 11:06:55";6.74
"Servidor-SPTECH";"ram";"ram_Usada";"GB";"2022-11-07 11:06:53";6.75
"Servidor-SPTECH";"ram";"ram_Usada";"GB";"2022-11-07 11:06:51";6.72
"Servidor-SPTECH";"ram";"ram_Usada";"GB";"2022-11-07 11:06:50";6.62
"Servidor-SPTECH";"ram";"ram_Usada";"GB";"2022-11-07 11:06:48";6.63
"Servidor-SPTECH";"ram";"ram_Usada";"GB";"2022-11-07 11:06:46";6.67
"Servidor-SPTECH";"ram";"ram_Usada";"GB";"2022-11-07 11:06:44";6.65
"Servidor-SPTECH";"ram";"ram_Usada";"GB";"2022-11-07 11:06:43";6.65
"Servidor-SPTECH";"ram";"ram_Usada";"GB";"2022-11-07 11:06:41";6.69
"Servidor-SPTECH";"ram";"ram_Usada";"GB";"2022-11-07 11:06:39";6.68
"Servidor-SPTECH";"ram";"ram_Usada";"GB";"2022-11-07 11:06:38";6.69
"Servidor-SPTECH";"ram";"ram_Usada";"GB";"2022-11-07 11:06:36";6.64
"Servidor-SPTECH";"ram";"ram_Usada";"GB";"2022-11-07 11:06:34";6.72
"Servidor-SPTECH";"ram";"ram_Usada";"GB";"2022-11-07 11:06:32";6.66
"Servidor-SPTECH";"ram";"ram_Usada";"GB";"2022-11-07 11:06:31";6.66
"Servidor-SPTECH";"ram";"ram_Usada";"GB";"2022-11-07 11:06:29";6.65
"Servidor-SPTECH";"ram";"ram_Usada";"GB";"2022-11-07 11:06:27";6.63
"Servidor-SPTECH";"ram";"ram_Usada";"GB";"2022-11-07 11:06:26";6.64
"Servidor-SPTECH";"ram";"ram_Usada";"GB";"2022-11-07 11:06:24";6.63
"Servidor-SPTECH";"ram";"ram_Usada";"GB";"2022-11-07 11:06:22";6.7
"Servidor-SPTECH";"ram";"ram_Usada";"GB";"2022-11-07 11:06:21";6.65
"Servidor-SPTECH";"ram";"ram_Usada";"GB";"2022-11-07 11:06:19";6.7
"Servidor-SPTECH";"ram";"ram_Usada";"GB";"2022-11-07 11:06:17";6.69
"Servidor-SPTECH";"ram";"ram_Usada";"GB";"2022-11-07 11:06:16";6.69
"Servidor-SPTECH";"ram";"ram_Usada";"GB";"2022-11-07 11:06:14";6.68
"Servidor-SPTECH";"ram";"ram_Usada";"GB";"2022-11-07 11:06:13";6.68
"Servidor-SPTECH";"ram";"ram_Usada";"GB";"2022-11-07 11:06:11";6.7
"Servidor-SPTECH";"ram";"ram_Usada";"GB";"2022-11-07 11:06:09";6.68
"Servidor-SPTECH";"ram";"ram_Usada";"GB";"2022-11-07 11:06:08";6.68
"Servidor-SPTECH";"ram";"ram_Usada";"GB";"2022-11-07 11:06:06";6.7
"Servidor-SPTECH";"ram";"ram_Usada";"GB";"2022-11-07 11:06:05";6.7
"Servidor-SPTECH";"ram";"ram_Usada";"GB";"2022-11-07 11:06:03";6.66
"Servidor-SPTECH";"ram";"ram_Usada";"GB";"2022-11-07 11:06:01";6.72
"Servidor-SPTECH";"ram";"ram_Usada";"GB";"2022-11-07 11:06:00";6.71
"Servidor-SPTECH";"ram";"ram_Usada";"GB";"2022-11-07 11:05:58";6.79
"Servidor-SPTECH";"ram";"ram_Usada";"GB";"2022-11-07 11:05:56";6.73
"Servidor-SPTECH";"ram";"ram_Usada";"GB";"2022-11-07 11:05:54";6.73
"Servidor-SPTECH";"ram";"ram_Usada";"GB";"2022-11-07 11:05:53";6.69
"Servidor-SPTECH";"ram";"ram_Usada";"GB";"2022-11-07 11:05:51";6.69
"Servidor-SPTECH";"ram";"ram_Usada";"GB";"2022-11-07 11:05:50";6.68
"Servidor-SPTECH";"ram";"ram_Usada";"GB";"2022-11-07 11:05:48";6.69
"Servidor-SPTECH";"ram";"ram_Usada";"GB";"2022-11-07 11:05:46";6.69
"Servidor-SPTECH";"ram";"ram_Usada";"GB";"2022-11-07 11:05:45";6.64
"Servidor-SPTECH";"ram";"ram_Usada";"GB";"2022-11-07 11:05:43";6.73
"Servidor-SPTECH";"ram";"ram_Usada";"GB";"2022-11-07 11:05:41";6.71
"Servidor-SPTECH";"ram";"ram_Usada";"GB";"2022-11-07 11:05:40";6.72
"Servidor-SPTECH";"ram";"ram_Usada";"GB";"2022-11-07 11:05:38";6.7
"Servidor-SPTECH";"ram";"ram_Usada";"GB";"2022-11-07 11:05:36";6.7
"Servidor-SPTECH";"ram";"ram_Usada";"GB";"2022-11-07 11:05:35";6.7
"Servidor-SPTECH";"ram";"ram_Usada";"GB";"2022-11-07 11:05:33";6.71
"Servidor-SPTECH";"ram";"ram_Usada";"GB";"2022-11-07 11:05:32";6.72
"Servidor-SPTECH";"ram";"ram_Usada";"GB";"2022-11-07 11:05:30";6.69
"Servidor-SPTECH";"ram";"ram_Usada";"GB";"2022-11-07 11:05:28";6.65
"Servidor-SPTECH";"ram";"ram_Usada";"GB";"2022-11-07 11:05:27";6.57
"Servidor-SPTECH";"ram";"ram_Usada";"GB";"2022-11-07 11:05:25";6.6
"Servidor-SPTECH";"ram";"ram_Usada";"GB";"2022-11-07 11:05:23";6.6
"Servidor-SPTECH";"ram";"ram_Usada";"GB";"2022-11-07 11:05:22";6.59
"Servidor-SPTECH";"ram";"ram_Usada";"GB";"2022-11-07 11:05:20";6.59
"Servidor-SPTECH";"ram";"ram_Usada";"GB";"2022-11-07 11:05:18";6.56
"Servidor-SPTECH";"ram";"ram_Usada";"GB";"2022-11-07 11:05:17";6.57
"Servidor-SPTECH";"ram";"ram_Usada";"GB";"2022-11-07 11:05:15";6.54
"Servidor-SPTECH";"ram";"ram_Usada";"GB";"2022-11-07 11:05:13";6.56
"Servidor-SPTECH";"ram";"ram_Usada";"GB";"2022-11-07 11:05:12";6.55
"Servidor-SPTECH";"ram";"ram_Usada";"GB";"2022-11-07 11:05:10";6.51
"Servidor-SPTECH";"ram";"ram_Usada";"GB";"2022-11-07 11:05:08";6.51
"Servidor-SPTECH";"ram";"ram_Usada";"GB";"2022-11-07 11:05:07";6.51
"Servidor-SPTECH";"ram";"ram_Usada";"GB";"2022-11-07 11:05:05";6.49
"Servidor-SPTECH";"ram";"ram_Usada";"GB";"2022-11-07 11:05:03";6.47
"Servidor-SPTECH";"ram";"ram_Usada";"GB";"2022-11-07 11:05:02";6.46
"Servidor-SPTECH";"ram";"ram_Usada";"GB";"2022-11-07 11:05:00";6.46
"Servidor-SPTECH";"ram";"ram_Usada";"GB";"2022-11-07 11:04:59";6.46
"Servidor-SPTECH";"ram";"ram_Usada";"GB";"2022-11-07 11:04:57";6.45
"Servidor-SPTECH";"ram";"ram_Usada";"GB";"2022-11-07 11:04:55";6.46
"Servidor-SPTECH";"ram";"ram_Usada";"GB";"2022-11-07 11:04:54";6.46
"Servidor-SPTECH";"ram";"ram_Usada";"GB";"2022-11-07 11:04:52";6.46
"Servidor-SPTECH";"ram";"ram_Usada";"GB";"2022-11-07 11:04:51";6.44
"Servidor-SPTECH";"ram";"ram_Usada";"GB";"2022-11-07 11:04:49";6.49
"Servidor-SPTECH";"ram";"ram_Usada";"GB";"2022-11-07 11:04:48";6.53
"Servidor-SPTECH";"ram";"ram_Usada";"GB";"2022-11-07 11:04:46";6.54
"Servidor-SPTECH";"ram";"ram_Usada";"GB";"2022-11-07 11:04:44";6.53
"Servidor-SPTECH";"ram";"ram_Usada";"GB";"2022-11-07 11:04:42";6.37
"Servidor-SPTECH";"ram";"ram_Usada";"GB";"2022-11-07 11:04:41";6.33
"Servidor-SPTECH";"ram";"ram_Usada";"GB";"2022-11-07 11:04:39";6.75
"Servidor-SPTECH";"ram";"ram_Usada";"GB";"2022-11-07 11:04:37";6.77
"Servidor-SPTECH";"ram";"ram_Usada";"GB";"2022-11-07 11:04:35";6.73
"Servidor-SPTECH";"ram";"ram_Usada";"GB";"2022-11-07 11:04:34";6.72
"Servidor-SPTECH";"ram";"ram_Usada";"GB";"2022-11-07 11:04:32";6.72
"Servidor-SPTECH";"ram";"ram_Usada";"GB";"2022-11-07 11:04:30";6.8
"Servidor-SPTECH";"ram";"ram_Usada";"GB";"2022-11-07 11:04:28";6.8
"Servidor-SPTECH";"ram";"ram_Usada";"GB";"2022-11-07 11:04:27";6.78
"Servidor-SPTECH";"ram";"ram_Usada";"GB";"2022-11-07 11:04:25";6.8
"Servidor-SPTECH";"ram";"ram_Usada";"GB";"2022-11-07 11:04:23";6.8
"Servidor-SPTECH";"ram";"ram_Usada";"GB";"2022-11-07 11:04:22";6.83
"Servidor-SPTECH";"ram";"ram_Usada";"GB";"2022-11-07 11:04:20";6.83
"Servidor-SPTECH";"ram";"ram_Usada";"GB";"2022-11-07 11:04:18";6.82
"Servidor-SPTECH";"ram";"ram_Usada";"GB";"2022-11-07 11:04:17";6.86
"Servidor-SPTECH";"ram";"ram_Usada";"GB";"2022-11-07 11:04:15";6.83
"Servidor-SPTECH";"ram";"ram_Usada";"GB";"2022-11-07 11:04:13";6.83
"Servidor-SPTECH";"ram";"ram_Usada";"GB";"2022-11-07 11:04:12";6.84
"Servidor-SPTECH";"ram";"ram_Usada";"GB";"2022-11-07 11:04:10";6.8
"Servidor-SPTECH";"ram";"ram_Usada";"GB";"2022-11-07 11:04:08";6.76
"Servidor-SPTECH";"ram";"ram_Usada";"GB";"2022-11-07 11:04:07";6.79
"Servidor-SPTECH";"ram";"ram_Usada";"GB";"2022-11-07 11:04:05";6.79
"Servidor-SPTECH";"ram";"ram_Usada";"GB";"2022-11-07 11:04:03";6.79
"Servidor-SPTECH";"ram";"ram_Usada";"GB";"2022-11-07 11:04:02";6.79
"Servidor-SPTECH";"ram";"ram_Usada";"GB";"2022-11-07 11:04:00";6.79
"Servidor-SPTECH";"ram";"ram_Usada";"GB";"2022-11-07 11:03:58";6.79
"Servidor-SPTECH";"ram";"ram_Usada";"GB";"2022-11-07 11:03:57";6.76
"Servidor-SPTECH";"ram";"ram_Usada";"GB";"2022-11-07 11:03:55";6.79
"Servidor-SPTECH";"ram";"ram_Usada";"GB";"2022-11-07 11:03:53";6.8
"Servidor-SPTECH";"ram";"ram_Usada";"GB";"2022-11-07 11:03:52";6.8
"Servidor-SPTECH";"ram";"ram_Usada";"GB";"2022-11-07 11:03:50";6.82
"Servidor-SPTECH";"ram";"ram_Usada";"GB";"2022-11-07 11:03:48";6.83
"Servidor-SPTECH";"ram";"ram_Usada";"GB";"2022-11-07 11:03:47";6.84
"Servidor-SPTECH";"ram";"ram_Usada";"GB";"2022-11-07 11:03:45";6.83
"Servidor-SPTECH";"ram";"ram_Usada";"GB";"2022-11-07 11:03:43";6.82
"Servidor-SPTECH";"ram";"ram_Usada";"GB";"2022-11-07 11:03:42";6.87
"Servidor-SPTECH";"ram";"ram_Usada";"GB";"2022-11-07 11:03:40";6.91
"Servidor-SPTECH";"ram";"ram_Usada";"GB";"2022-11-07 11:03:38";6.81
"Servidor-SPTECH";"ram";"ram_Usada";"GB";"2022-11-07 11:03:36";6.78
"Servidor-SPTECH";"ram";"ram_Usada";"GB";"2022-11-07 11:03:35";6.78
"Servidor-SPTECH";"ram";"ram_Usada";"GB";"2022-11-07 11:03:33";6.78
"Servidor-SPTECH";"ram";"ram_Usada";"GB";"2022-11-07 11:03:31";6.76
"Servidor-SPTECH";"ram";"ram_Usada";"GB";"2022-11-07 11:03:30";6.77
"Servidor-SPTECH";"ram";"ram_Usada";"GB";"2022-11-07 11:03:28";6.77
"Servidor-SPTECH";"ram";"ram_Usada";"GB";"2022-11-07 11:03:26";6.85
"Servidor-SPTECH";"ram";"ram_Usada";"GB";"2022-11-07 11:03:25";6.87
"Servidor-SPTECH";"ram";"ram_Usada";"GB";"2022-11-07 11:03:23";6.87
"Servidor-SPTECH";"ram";"ram_Usada";"GB";"2022-11-07 11:03:21";6.89
"Servidor-SPTECH";"ram";"ram_Usada";"GB";"2022-11-07 11:03:20";6.89
"Servidor-SPTECH";"ram";"ram_Usada";"GB";"2022-11-07 11:03:18";6.88
"Servidor-SPTECH";"ram";"ram_Usada";"GB";"2022-11-07 11:03:17";6.88
"Servidor-SPTECH";"ram";"ram_Usada";"GB";"2022-11-07 11:03:15";6.89
"Servidor-SPTECH";"ram";"ram_Usada";"GB";"2022-11-07 11:03:13";6.89
"Servidor-SPTECH";"ram";"ram_Usada";"GB";"2022-11-07 11:03:12";6.91
"Servidor-SPTECH";"ram";"ram_Usada";"GB";"2022-11-07 11:03:10";6.92
"Servidor-SPTECH";"ram";"ram_Usada";"GB";"2022-11-07 11:03:09";6.95
"Servidor-SPTECH";"ram";"ram_Usada";"GB";"2022-11-07 11:03:07";6.98
"Servidor-SPTECH";"ram";"ram_Usada";"GB";"2022-11-07 11:03:05";7.09
"Servidor-SPTECH";"ram";"ram_Usada";"GB";"2022-11-07 11:03:04";7.1
"Servidor-SPTECH";"ram";"ram_Usada";"GB";"2022-11-07 11:03:02";7.14
"Servidor-SPTECH";"ram";"ram_Usada";"GB";"2022-11-07 11:03:00";7.09
"Servidor-SPTECH";"ram";"ram_Usada";"GB";"2022-11-07 11:02:59";7.09
"Servidor-SPTECH";"ram";"ram_Usada";"GB";"2022-11-07 11:02:57";7.01
"Servidor-SPTECH";"ram";"ram_Usada";"GB";"2022-11-07 11:02:56";7.01
"Servidor-SPTECH";"ram";"ram_Usada";"GB";"2022-11-07 11:02:54";7.02
"Servidor-SPTECH";"ram";"ram_Usada";"GB";"2022-11-07 11:02:52";7.04
"Servidor-SPTECH";"ram";"ram_Usada";"GB";"2022-11-07 11:02:51";7.04
"Servidor-SPTECH";"ram";"ram_Usada";"GB";"2022-11-07 11:02:49";7.07
"Servidor-SPTECH";"ram";"ram_Usada";"GB";"2022-11-07 11:02:47";7.05
"Servidor-SPTECH";"ram";"ram_Usada";"GB";"2022-11-07 11:02:46";6.99
"Servidor-SPTECH";"ram";"ram_Usada";"GB";"2022-11-07 11:02:44";6.93
"Servidor-SPTECH";"ram";"ram_Usada";"GB";"2022-11-07 11:02:42";6.98
"Servidor-SPTECH";"ram";"ram_Usada";"GB";"2022-11-07 11:02:41";6.97
"Servidor-SPTECH";"ram";"ram_Usada";"GB";"2022-11-07 11:02:39";6.96
"Servidor-SPTECH";"ram";"ram_Usada";"GB";"2022-11-07 11:02:37";6.97
"Servidor-SPTECH";"ram";"ram_Usada";"GB";"2022-11-07 11:02:35";6.96
"Servidor-SPTECH";"ram";"ram_Usada";"GB";"2022-11-07 11:02:34";6.96
"Servidor-SPTECH";"ram";"ram_Usada";"GB";"2022-11-07 11:02:32";6.94
"Servidor-SPTECH";"ram";"ram_Usada";"GB";"2022-11-07 11:02:30";6.96
"Servidor-SPTECH";"ram";"ram_Usada";"GB";"2022-11-07 11:02:29";7.09
"Servidor-SPTECH";"ram";"ram_Usada";"GB";"2022-11-07 11:02:27";7.09
"Servidor-SPTECH";"ram";"ram_Usada";"GB";"2022-11-07 11:02:26";7.09
"Servidor-SPTECH";"ram";"ram_Usada";"GB";"2022-11-07 11:02:24";7.08
"Servidor-SPTECH";"ram";"ram_Usada";"GB";"2022-11-07 11:02:22";7.11
"Servidor-SPTECH";"ram";"ram_Usada";"GB";"2022-11-07 11:02:21";7.1
"Servidor-SPTECH";"ram";"ram_Usada";"GB";"2022-11-07 11:02:19";7.05
"Servidor-SPTECH";"ram";"ram_Usada";"GB";"2022-11-07 11:02:17";7.03
"Servidor-SPTECH";"ram";"ram_Usada";"GB";"2022-11-07 11:02:15";7.01
"Servidor-SPTECH";"ram";"ram_Usada";"GB";"2022-11-07 11:02:14";6.98
"Servidor-SPTECH";"ram";"ram_Usada";"GB";"2022-11-07 11:02:12";6.96
"Servidor-SPTECH";"ram";"ram_Usada";"GB";"2022-11-07 11:02:10";6.97
"Servidor-SPTECH";"ram";"ram_Usada";"GB";"2022-11-07 11:02:09";7.02
"Servidor-SPTECH";"ram";"ram_Usada";"GB";"2022-11-07 11:02:07";7.01
"Servidor-SPTECH";"ram";"ram_Usada";"GB";"2022-11-07 11:02:06";7.01
"Servidor-SPTECH";"ram";"ram_Usada";"GB";"2022-11-07 11:02:04";7.0
"Servidor-SPTECH";"ram";"ram_Usada";"GB";"2022-11-07 11:02:02";6.98
"Servidor-SPTECH";"ram";"ram_Usada";"GB";"2022-11-07 11:02:01";7.01
"Servidor-SPTECH";"ram";"ram_Usada";"GB";"2022-11-07 11:01:59";7.02
"Servidor-SPTECH";"ram";"ram_Usada";"GB";"2022-11-07 11:01:57";7.02
"Servidor-SPTECH";"ram";"ram_Usada";"GB";"2022-11-07 11:01:56";7.01
"Servidor-SPTECH";"ram";"ram_Usada";"GB";"2022-11-07 11:01:54";7.03
"Servidor-SPTECH";"ram";"ram_Usada";"GB";"2022-11-07 11:01:53";7.02
"Servidor-SPTECH";"ram";"ram_Usada";"GB";"2022-11-07 11:01:51";6.99
"Servidor-SPTECH";"ram";"ram_Usada";"GB";"2022-11-07 11:01:49";6.98
"Servidor-SPTECH";"ram";"ram_Usada";"GB";"2022-11-07 11:01:48";6.99
"Servidor-SPTECH";"ram";"ram_Usada";"GB";"2022-11-07 11:01:46";6.99
"Servidor-SPTECH";"ram";"ram_Usada";"GB";"2022-11-07 11:01:45";6.93
"Servidor-SPTECH";"ram";"ram_Usada";"GB";"2022-11-07 11:01:43";6.93
"Servidor-SPTECH";"ram";"ram_Usada";"GB";"2022-11-07 11:01:42";6.93
"Servidor-SPTECH";"ram";"ram_Usada";"GB";"2022-11-07 11:01:40";6.95
"Servidor-SPTECH";"ram";"ram_Usada";"GB";"2022-11-07 11:01:38";7.05
"Servidor-SPTECH";"ram";"ram_Usada";"GB";"2022-11-07 11:01:37";7.08
"Servidor-SPTECH";"ram";"ram_Usada";"GB";"2022-11-07 11:01:35";7.09
"Servidor-SPTECH";"ram";"ram_Usada";"GB";"2022-11-07 11:01:33";7.12
"Servidor-SPTECH";"ram";"ram_Usada";"GB";"2022-11-07 11:01:32";7.11
"Servidor-SPTECH";"ram";"ram_Usada";"GB";"2022-11-07 11:01:30";7.1
"Servidor-SPTECH";"ram";"ram_Usada";"GB";"2022-11-07 11:01:29";7.11
"Servidor-SPTECH";"ram";"ram_Usada";"GB";"2022-11-07 11:01:27";7.08
"Servidor-SPTECH";"ram";"ram_Usada";"GB";"2022-11-07 11:01:25";7.0
"Servidor-SPTECH";"ram";"ram_Usada";"GB";"2022-11-07 11:01:23";7.0
"Servidor-SPTECH";"ram";"ram_Usada";"GB";"2022-11-07 11:01:22";7.01
"Servidor-SPTECH";"ram";"ram_Usada";"GB";"2022-11-07 11:01:20";6.98
"Servidor-SPTECH";"ram";"ram_Usada";"GB";"2022-11-07 11:01:18";6.99
"Servidor-SPTECH";"ram";"ram_Usada";"GB";"2022-11-07 11:01:17";6.98
"Servidor-SPTECH";"ram";"ram_Usada";"GB";"2022-11-07 11:01:15";6.98
"Servidor-SPTECH";"ram";"ram_Usada";"GB";"2022-11-07 11:01:14";6.96
"Servidor-SPTECH";"ram";"ram_Usada";"GB";"2022-11-07 11:01:12";6.97
"Servidor-SPTECH";"ram";"ram_Usada";"GB";"2022-11-07 11:01:10";6.98
"Servidor-SPTECH";"ram";"ram_Usada";"GB";"2022-11-07 11:01:09";6.96
"Servidor-SPTECH";"ram";"ram_Usada";"GB";"2022-11-07 11:01:07";7.03
"Servidor-SPTECH";"ram";"ram_Usada";"GB";"2022-11-07 11:01:05";7.03
"Servidor-SPTECH";"ram";"ram_Usada";"GB";"2022-11-07 11:01:04";7.02
"Servidor-SPTECH";"ram";"ram_Usada";"GB";"2022-11-07 11:01:02";6.98
"Servidor-SPTECH";"ram";"ram_Usada";"GB";"2022-11-07 11:01:00";6.98
"Servidor-SPTECH";"ram";"ram_Usada";"GB";"2022-11-07 11:00:59";6.99
"Servidor-SPTECH";"ram";"ram_Usada";"GB";"2022-11-07 11:00:57";6.98
"Servidor-SPTECH";"ram";"ram_Usada";"GB";"2022-11-07 11:00:56";6.95
"Servidor-SPTECH";"ram";"ram_Usada";"GB";"2022-11-07 11:00:54";6.98
"Servidor-SPTECH";"ram";"ram_Usada";"GB";"2022-11-07 11:00:52";6.94
"Servidor-SPTECH";"ram";"ram_Usada";"GB";"2022-11-07 11:00:51";6.95
"Servidor-SPTECH";"ram";"ram_Usada";"GB";"2022-11-07 11:00:49";6.91
"Servidor-SPTECH";"ram";"ram_Usada";"GB";"2022-11-07 11:00:48";6.93
"Servidor-SPTECH";"ram";"ram_Usada";"GB";"2022-11-07 11:00:46";6.93
"Servidor-SPTECH";"ram";"ram_Usada";"GB";"2022-11-07 11:00:44";6.95
"Servidor-SPTECH";"ram";"ram_Usada";"GB";"2022-11-07 11:00:43";6.92
"Servidor-SPTECH";"ram";"ram_Usada";"GB";"2022-11-07 11:00:41";6.95
"Servidor-SPTECH";"ram";"ram_Usada";"GB";"2022-11-07 11:00:40";6.99
"Servidor-SPTECH";"ram";"ram_Usada";"GB";"2022-11-07 11:00:38";6.98
"Servidor-SPTECH";"ram";"ram_Usada";"GB";"2022-11-07 11:00:36";6.99
"Servidor-SPTECH";"ram";"ram_Usada";"GB";"2022-11-07 11:00:35";7.01
"Servidor-SPTECH";"ram";"ram_Usada";"GB";"2022-11-07 11:00:33";6.98
"Servidor-SPTECH";"ram";"ram_Usada";"GB";"2022-11-07 11:00:32";6.95
"Servidor-SPTECH";"ram";"ram_Usada";"GB";"2022-11-07 11:00:30";6.97
"Servidor-SPTECH";"ram";"ram_Usada";"GB";"2022-11-07 11:00:28";6.97
"Servidor-SPTECH";"ram";"ram_Usada";"GB";"2022-11-07 11:00:27";7.0
"Servidor-SPTECH";"ram";"ram_Usada";"GB";"2022-11-07 11:00:25";6.97
"Servidor-SPTECH";"ram";"ram_Usada";"GB";"2022-11-07 11:00:24";6.98
"Servidor-SPTECH";"ram";"ram_Usada";"GB";"2022-11-07 11:00:22";6.99
"Servidor-SPTECH";"ram";"ram_Usada";"GB";"2022-11-07 11:00:20";6.98
"Servidor-SPTECH";"ram";"ram_Usada";"GB";"2022-11-07 11:00:19";6.99
"Servidor-SPTECH";"ram";"ram_Usada";"GB";"2022-11-07 11:00:17";6.98
"Servidor-SPTECH";"ram";"ram_Usada";"GB";"2022-11-07 11:00:15";6.98
"Servidor-SPTECH";"ram";"ram_Usada";"GB";"2022-11-07 11:00:14";6.99
"Servidor-SPTECH";"ram";"ram_Usada";"GB";"2022-11-07 11:00:12";6.99
"Servidor-SPTECH";"ram";"ram_Usada";"GB";"2022-11-07 11:00:10";7.0
"Servidor-SPTECH";"ram";"ram_Usada";"GB";"2022-11-07 11:00:09";7.01
"Servidor-SPTECH";"ram";"ram_Usada";"GB";"2022-11-07 11:00:07";7.02
"Servidor-SPTECH";"ram";"ram_Usada";"GB";"2022-11-07 11:00:05";6.99
"Servidor-SPTECH";"ram";"ram_Usada";"GB";"2022-11-07 11:00:04";6.99
"Servidor-SPTECH";"ram";"ram_Usada";"GB";"2022-11-07 11:00:02";7.0
"Servidor-SPTECH";"ram";"ram_Usada";"GB";"2022-11-07 11:00:01";6.93
"Servidor-SPTECH";"ram";"ram_Usada";"GB";"2022-11-07 10:59:59";6.91
"Servidor-SPTECH";"ram";"ram_Usada";"GB";"2022-11-07 10:59:57";6.91
"Servidor-SPTECH";"ram";"ram_Usada";"GB";"2022-11-07 10:59:55";6.87
"Servidor-SPTECH";"ram";"ram_Usada";"GB";"2022-11-07 10:59:54";6.9
"Servidor-SPTECH";"ram";"ram_Usada";"GB";"2022-11-07 10:59:52";6.97
"Servidor-SPTECH";"ram";"ram_Usada";"GB";"2022-11-07 10:59:50";6.98
"Servidor-SPTECH";"ram";"ram_Usada";"GB";"2022-11-07 10:59:48";6.99
"Servidor-SPTECH";"ram";"ram_Usada";"GB";"2022-11-07 10:59:47";6.99
"Servidor-SPTECH";"ram";"ram_Usada";"GB";"2022-11-07 10:59:45";6.93
"Servidor-SPTECH";"ram";"ram_Usada";"GB";"2022-11-07 10:59:43";6.94
"Servidor-SPTECH";"ram";"ram_Usada";"GB";"2022-11-07 10:59:41";7.0
"Servidor-SPTECH";"ram";"ram_Usada";"GB";"2022-11-07 10:59:40";6.82
"Servidor-SPTECH";"ram";"ram_Usada";"GB";"2022-11-07 10:59:38";6.78
"Servidor-SPTECH";"ram";"ram_Usada";"GB";"2022-11-07 10:59:36";6.72
"Servidor-SPTECH";"ram";"ram_Usada";"GB";"2022-11-07 10:59:35";6.72
"Servidor-SPTECH";"ram";"ram_Usada";"GB";"2022-11-07 10:59:33";6.74
"Servidor-SPTECH";"ram";"ram_Usada";"GB";"2022-11-07 10:59:32";6.74
"Servidor-SPTECH";"ram";"ram_Usada";"GB";"2022-11-07 10:59:30";6.86
"Servidor-SPTECH";"ram";"ram_Usada";"GB";"2022-11-07 10:59:28";6.88
"Servidor-SPTECH";"ram";"ram_Usada";"GB";"2022-11-07 10:59:27";6.88
"Servidor-SPTECH";"ram";"ram_Usada";"GB";"2022-11-07 10:59:25";6.89
"Servidor-SPTECH";"ram";"ram_Usada";"GB";"2022-11-07 10:59:23";6.85
"Servidor-SPTECH";"ram";"ram_Usada";"GB";"2022-11-07 10:59:22";6.85
"Servidor-SPTECH";"ram";"ram_Usada";"GB";"2022-11-07 10:59:20";6.85
"Servidor-SPTECH";"ram";"ram_Usada";"GB";"2022-11-07 10:59:18";6.88
"Servidor-SPTECH";"ram";"ram_Usada";"GB";"2022-11-07 10:59:17";6.9
"Servidor-SPTECH";"ram";"ram_Usada";"GB";"2022-11-07 10:59:15";6.93
"Servidor-SPTECH";"ram";"ram_Usada";"GB";"2022-11-07 10:59:14";6.93
"Servidor-SPTECH";"ram";"ram_Usada";"GB";"2022-11-07 10:59:12";7.0
"Servidor-SPTECH";"ram";"ram_Usada";"GB";"2022-11-07 10:59:10";7.11
"Servidor-SPTECH";"ram";"ram_Usada";"GB";"2022-11-07 10:59:09";7.07
"Servidor-SPTECH";"ram";"ram_Usada";"GB";"2022-11-07 10:59:06";6.99
"Servidor-SPTECH";"ram";"ram_Usada";"GB";"2022-11-07 10:59:05";7.02
"Servidor-SPTECH";"ram";"ram_Usada";"GB";"2022-11-07 10:59:03";7.02
"Servidor-SPTECH";"ram";"ram_Usada";"GB";"2022-11-07 10:59:01";7.05
"Servidor-SPTECH";"ram";"ram_Usada";"GB";"2022-11-07 10:59:00";7.03
"Servidor-SPTECH";"ram";"ram_Usada";"GB";"2022-11-07 10:58:58";7.03
"Servidor-SPTECH";"ram";"ram_Usada";"GB";"2022-11-07 10:58:57";6.98
"Servidor-SPTECH";"ram";"ram_Usada";"GB";"2022-11-07 10:58:55";6.96
"Servidor-SPTECH";"ram";"ram_Usada";"GB";"2022-11-07 10:58:53";6.95
"Servidor-SPTECH";"ram";"ram_Usada";"GB";"2022-11-07 10:58:52";6.97
"Servidor-SPTECH";"ram";"ram_Usada";"GB";"2022-11-07 10:58:50";6.98
"Servidor-SPTECH";"ram";"ram_Usada";"GB";"2022-11-07 10:58:48";7.01
"Servidor-SPTECH";"ram";"ram_Usada";"GB";"2022-11-07 10:58:47";7.01
"Servidor-SPTECH";"ram";"ram_Usada";"GB";"2022-11-07 10:58:45";6.96
"Servidor-SPTECH";"ram";"ram_Usada";"GB";"2022-11-07 10:58:43";6.94
"Servidor-SPTECH";"ram";"ram_Usada";"GB";"2022-11-07 10:58:42";6.93
"Servidor-SPTECH";"ram";"ram_Usada";"GB";"2022-11-07 10:58:40";6.91
"Servidor-SPTECH";"ram";"ram_Usada";"GB";"2022-11-07 10:58:38";6.94
"Servidor-SPTECH";"ram";"ram_Usada";"GB";"2022-11-07 10:58:36";6.9
"Servidor-SPTECH";"ram";"ram_Usada";"GB";"2022-11-07 10:58:35";6.9
"Servidor-SPTECH";"ram";"ram_Usada";"GB";"2022-11-07 10:58:33";6.9
"Servidor-SPTECH";"ram";"ram_Usada";"GB";"2022-11-07 10:58:31";6.93
"Servidor-SPTECH";"ram";"ram_Usada";"GB";"2022-11-07 10:58:30";6.94
"Servidor-SPTECH";"ram";"ram_Usada";"GB";"2022-11-07 10:58:28";6.94
"Servidor-SPTECH";"ram";"ram_Usada";"GB";"2022-11-07 10:58:27";6.88
"Servidor-SPTECH";"ram";"ram_Usada";"GB";"2022-11-07 10:58:25";6.88
"Servidor-SPTECH";"ram";"ram_Usada";"GB";"2022-11-07 10:58:23";6.89
"Servidor-SPTECH";"ram";"ram_Usada";"GB";"2022-11-07 10:58:22";6.91
"Servidor-SPTECH";"ram";"ram_Usada";"GB";"2022-11-07 10:58:20";6.92
"Servidor-SPTECH";"ram";"ram_Usada";"GB";"2022-11-07 10:58:19";6.92
"Servidor-SPTECH";"ram";"ram_Usada";"GB";"2022-11-07 10:58:17";6.93
"Servidor-SPTECH";"ram";"ram_Usada";"GB";"2022-11-07 10:58:15";6.92
"Servidor-SPTECH";"ram";"ram_Usada";"GB";"2022-11-07 10:58:14";6.94
"Servidor-SPTECH";"ram";"ram_Usada";"GB";"2022-11-07 10:58:12";6.92
"Servidor-SPTECH";"ram";"ram_Usada";"GB";"2022-11-07 10:58:10";6.91
"Servidor-SPTECH";"ram";"ram_Usada";"GB";"2022-11-07 10:58:09";6.92
"Servidor-SPTECH";"ram";"ram_Usada";"GB";"2022-11-07 10:58:07";6.91
"Servidor-SPTECH";"ram";"ram_Usada";"GB";"2022-11-07 10:58:05";6.92
"Servidor-SPTECH";"ram";"ram_Usada";"GB";"2022-11-07 10:58:04";6.91
"Servidor-SPTECH";"ram";"ram_Usada";"GB";"2022-11-07 10:58:02";6.91
"Servidor-SPTECH";"ram";"ram_Usada";"GB";"2022-11-07 10:58:01";6.94
"Servidor-SPTECH";"ram";"ram_Usada";"GB";"2022-11-07 10:57:59";6.94
"Servidor-SPTECH";"ram";"ram_Usada";"GB";"2022-11-07 10:57:57";6.94
"Servidor-SPTECH";"ram";"ram_Usada";"GB";"2022-11-07 10:57:56";6.94
"Servidor-SPTECH";"ram";"ram_Usada";"GB";"2022-11-07 10:57:54";6.92
"Servidor-SPTECH";"ram";"ram_Usada";"GB";"2022-11-07 10:57:52";6.88
"Servidor-SPTECH";"ram";"ram_Usada";"GB";"2022-11-07 10:57:50";6.88
"Servidor-SPTECH";"ram";"ram_Usada";"GB";"2022-11-07 10:57:49";6.88
"Servidor-SPTECH";"ram";"ram_Usada";"GB";"2022-11-07 10:57:47";6.88
"Servidor-SPTECH";"ram";"ram_Usada";"GB";"2022-11-07 10:57:45";6.88
"Servidor-SPTECH";"ram";"ram_Usada";"GB";"2022-11-07 10:57:44";6.89
"Servidor-SPTECH";"ram";"ram_Usada";"GB";"2022-11-07 10:57:42";6.89
"Servidor-SPTECH";"ram";"ram_Usada";"GB";"2022-11-07 10:57:40";6.88
"Servidor-SPTECH";"ram";"ram_Usada";"GB";"2022-11-07 10:57:38";6.9
"Servidor-SPTECH";"ram";"ram_Usada";"GB";"2022-11-07 10:57:37";6.91
"Servidor-SPTECH";"ram";"ram_Usada";"GB";"2022-11-07 10:57:35";6.9
"Servidor-SPTECH";"ram";"ram_Usada";"GB";"2022-11-07 10:57:33";6.88
"Servidor-SPTECH";"ram";"ram_Usada";"GB";"2022-11-07 10:57:31";6.93
"Servidor-SPTECH";"ram";"ram_Usada";"GB";"2022-11-07 10:57:30";6.93
"Servidor-SPTECH";"ram";"ram_Usada";"GB";"2022-11-07 10:57:28";6.94
"Servidor-SPTECH";"ram";"ram_Usada";"GB";"2022-11-07 10:57:27";6.95
"Servidor-SPTECH";"ram";"ram_Usada";"GB";"2022-11-07 10:57:25";6.94
"Servidor-SPTECH";"ram";"ram_Usada";"GB";"2022-11-07 10:57:23";6.95
"Servidor-SPTECH";"ram";"ram_Usada";"GB";"2022-11-07 10:57:22";6.97
"Servidor-SPTECH";"ram";"ram_Usada";"GB";"2022-11-07 10:57:20";6.96
"Servidor-SPTECH";"ram";"ram_Usada";"GB";"2022-11-07 10:57:18";6.86
"Servidor-SPTECH";"ram";"ram_Usada";"GB";"2022-11-07 10:57:17";6.84
"Servidor-SPTECH";"ram";"ram_Usada";"GB";"2022-11-07 10:57:15";6.84
"Servidor-SPTECH";"ram";"ram_Usada";"GB";"2022-11-07 10:57:14";6.87
"Servidor-SPTECH";"ram";"ram_Usada";"GB";"2022-11-07 10:57:12";6.86
"Servidor-SPTECH";"ram";"ram_Usada";"GB";"2022-11-07 10:57:10";6.83
"Servidor-SPTECH";"ram";"ram_Usada";"GB";"2022-11-07 10:57:09";6.84
"Servidor-SPTECH";"ram";"ram_Usada";"GB";"2022-11-07 10:57:07";6.83
"Servidor-SPTECH";"ram";"ram_Usada";"GB";"2022-11-07 10:57:05";6.83
"Servidor-SPTECH";"ram";"ram_Usada";"GB";"2022-11-07 10:57:04";6.83
"Servidor-SPTECH";"ram";"ram_Usada";"GB";"2022-11-07 10:57:02";6.83
"Servidor-SPTECH";"ram";"ram_Usada";"GB";"2022-11-07 10:57:00";6.83
"Servidor-SPTECH";"ram";"ram_Usada";"GB";"2022-11-07 10:56:59";6.83
"Servidor-SPTECH";"ram";"ram_Usada";"GB";"2022-11-07 10:56:57";6.83
"Servidor-SPTECH";"ram";"ram_Usada";"GB";"2022-11-07 10:56:55";6.83
"Servidor-SPTECH";"ram";"ram_Usada";"GB";"2022-11-07 10:56:54";6.83
"Servidor-SPTECH";"ram";"ram_Usada";"GB";"2022-11-07 10:56:52";6.84
"Servidor-SPTECH";"ram";"ram_Usada";"GB";"2022-11-07 10:56:51";6.83
"Servidor-SPTECH";"ram";"ram_Usada";"GB";"2022-11-07 10:56:49";6.83
"Servidor-SPTECH";"ram";"ram_Usada";"GB";"2022-11-07 10:56:47";6.86
"Servidor-SPTECH";"ram";"ram_Usada";"GB";"2022-11-07 10:56:46";6.86
"Servidor-SPTECH";"ram";"ram_Usada";"GB";"2022-11-07 10:56:44";6.88
"Servidor-SPTECH";"ram";"ram_Usada";"GB";"2022-11-07 10:56:42";6.97
"Servidor-SPTECH";"ram";"ram_Usada";"GB";"2022-11-07 10:56:41";6.99
"Servidor-SPTECH";"ram";"ram_Usada";"GB";"2022-11-07 10:56:39";7.02
"Servidor-SPTECH";"ram";"ram_Usada";"GB";"2022-11-07 10:56:37";7.02
"Servidor-SPTECH";"ram";"ram_Usada";"GB";"2022-11-07 10:56:36";7.01
"Servidor-SPTECH";"ram";"ram_Usada";"GB";"2022-11-07 10:56:34";7.01
"Servidor-SPTECH";"ram";"ram_Usada";"GB";"2022-11-07 10:56:32";7.01
"Servidor-SPTECH";"ram";"ram_Usada";"GB";"2022-11-07 10:56:31";7.08
"Servidor-SPTECH";"ram";"ram_Usada";"GB";"2022-11-07 10:56:29";7.08
"Servidor-SPTECH";"ram";"ram_Usada";"GB";"2022-11-07 10:56:27";7.08
"Servidor-SPTECH";"ram";"ram_Usada";"GB";"2022-11-07 10:56:25";7.08
"Servidor-SPTECH";"ram";"ram_Usada";"GB";"2022-11-07 10:56:24";7.14
"Servidor-SPTECH";"ram";"ram_Usada";"GB";"2022-11-07 10:56:22";7.12
"Servidor-SPTECH";"ram";"ram_Usada";"GB";"2022-11-07 10:56:20";7.12
"Servidor-SPTECH";"ram";"ram_Usada";"GB";"2022-11-07 10:56:19";7.09
"Servidor-SPTECH";"ram";"ram_Usada";"GB";"2022-11-07 10:56:17";6.97
"Servidor-SPTECH";"ram";"ram_Usada";"GB";"2022-11-07 10:56:15";6.95
"Servidor-SPTECH";"ram";"ram_Usada";"GB";"2022-11-07 10:56:14";6.95
"Servidor-SPTECH";"ram";"ram_Usada";"GB";"2022-11-07 10:56:12";6.9
"Servidor-SPTECH";"ram";"ram_Usada";"GB";"2022-11-07 10:56:10";6.76
"Servidor-SPTECH";"ram";"ram_Usada";"GB";"2022-11-07 10:56:09";6.77
"Servidor-SPTECH";"ram";"ram_Usada";"GB";"2022-11-07 10:56:07";6.77
"Servidor-SPTECH";"ram";"ram_Usada";"GB";"2022-11-07 10:56:05";6.78
"Servidor-SPTECH";"ram";"ram_Usada";"GB";"2022-11-07 10:56:04";6.79
"Servidor-SPTECH";"ram";"ram_Usada";"GB";"2022-11-07 10:56:02";6.79
"Servidor-SPTECH";"ram";"ram_Usada";"GB";"2022-11-07 10:56:01";6.75
"Servidor-SPTECH";"ram";"ram_Usada";"GB";"2022-11-07 10:55:59";6.77
"Servidor-SPTECH";"ram";"ram_Usada";"GB";"2022-11-07 10:55:57";6.78
"Servidor-SPTECH";"ram";"ram_Usada";"GB";"2022-11-07 10:55:55";6.82
"Servidor-SPTECH";"ram";"ram_Usada";"GB";"2022-11-07 10:55:54";6.8
"Servidor-SPTECH";"ram";"ram_Usada";"GB";"2022-11-07 10:55:52";6.71
"Servidor-SPTECH";"ram";"ram_Usada";"GB";"2022-11-07 10:55:51";6.74
"Servidor-SPTECH";"ram";"ram_Usada";"GB";"2022-11-07 10:55:49";6.75
"Servidor-SPTECH";"ram";"ram_Usada";"GB";"2022-11-07 10:55:48";6.76
"Servidor-SPTECH";"ram";"ram_Usada";"GB";"2022-11-07 10:55:46";6.82
"Servidor-SPTECH";"ram";"ram_Usada";"GB";"2022-11-07 10:55:44";6.88
"Servidor-SPTECH";"ram";"ram_Usada";"GB";"2022-11-07 10:55:43";6.89
"Servidor-SPTECH";"ram";"ram_Usada";"GB";"2022-11-07 10:55:41";6.9
"Servidor-SPTECH";"ram";"ram_Usada";"GB";"2022-11-07 10:55:40";6.91
"Servidor-SPTECH";"ram";"ram_Usada";"GB";"2022-11-07 10:55:38";6.89
"Servidor-SPTECH";"ram";"ram_Usada";"GB";"2022-11-07 10:55:36";6.89
"Servidor-SPTECH";"ram";"ram_Usada";"GB";"2022-11-07 10:55:34";6.93
"Servidor-SPTECH";"ram";"ram_Usada";"GB";"2022-11-07 10:55:33";6.95
"Servidor-SPTECH";"ram";"ram_Usada";"GB";"2022-11-07 10:55:31";6.94
"Servidor-SPTECH";"ram";"ram_Usada";"GB";"2022-11-07 10:55:29";6.94
"Servidor-SPTECH";"ram";"ram_Usada";"GB";"2022-11-07 10:55:28";6.98
"Servidor-SPTECH";"ram";"ram_Usada";"GB";"2022-11-07 10:55:26";6.94
"Servidor-SPTECH";"ram";"ram_Usada";"GB";"2022-11-07 10:55:24";6.86
"Servidor-SPTECH";"ram";"ram_Usada";"GB";"2022-11-07 10:55:22";6.88
"Servidor-SPTECH";"ram";"ram_Usada";"GB";"2022-11-07 10:55:21";6.89
"Servidor-SPTECH";"ram";"ram_Usada";"GB";"2022-11-07 10:55:19";6.88
"Servidor-SPTECH";"ram";"ram_Usada";"GB";"2022-11-07 10:55:17";6.83
"Servidor-SPTECH";"ram";"ram_Usada";"GB";"2022-11-07 10:55:15";6.87
"Servidor-SPTECH";"ram";"ram_Usada";"GB";"2022-11-07 10:55:14";6.87
"Servidor-SPTECH";"ram";"ram_Usada";"GB";"2022-11-07 10:55:12";6.9
"Servidor-SPTECH";"ram";"ram_Usada";"GB";"2022-11-07 10:55:10";6.88
"Servidor-SPTECH";"ram";"ram_Usada";"GB";"2022-11-07 10:55:09";6.89
"Servidor-SPTECH";"ram";"ram_Usada";"GB";"2022-11-07 10:55:07";6.9
"Servidor-SPTECH";"ram";"ram_Usada";"GB";"2022-11-07 10:55:05";6.93
"Servidor-SPTECH";"ram";"ram_Usada";"GB";"2022-11-07 10:55:04";6.86
"Servidor-SPTECH";"ram";"ram_Usada";"GB";"2022-11-07 10:55:02";6.82
"Servidor-SPTECH";"ram";"ram_Usada";"GB";"2022-11-07 10:55:00";6.75
"Servidor-SPTECH";"ram";"ram_Usada";"GB";"2022-11-07 10:54:58";6.77
"Servidor-SPTECH";"ram";"ram_Usada";"GB";"2022-11-07 10:54:57";6.85
"Servidor-SPTECH";"ram";"ram_Usada";"GB";"2022-11-07 10:54:55";6.86
"Servidor-SPTECH";"ram";"ram_Usada";"GB";"2022-11-07 10:54:54";6.86
"Servidor-SPTECH";"ram";"ram_Usada";"GB";"2022-11-07 10:54:52";6.85
"Servidor-SPTECH";"ram";"ram_Usada";"GB";"2022-11-07 10:54:50";6.85
"Servidor-SPTECH";"ram";"ram_Usada";"GB";"2022-11-07 10:54:48";6.83
"Servidor-SPTECH";"ram";"ram_Usada";"GB";"2022-11-07 10:54:46";6.88
"Servidor-SPTECH";"ram";"ram_Usada";"GB";"2022-11-07 10:54:45";6.77
"Servidor-SPTECH";"ram";"ram_Usada";"GB";"2022-11-07 10:54:43";6.75
"Servidor-SPTECH";"ram";"ram_Usada";"GB";"2022-11-07 10:54:41";6.73
"Servidor-SPTECH";"ram";"ram_Usada";"GB";"2022-11-07 10:54:39";6.62
"Servidor-SPTECH";"ram";"ram_Usada";"GB";"2022-11-07 10:54:38";6.73
"Servidor-SPTECH";"ram";"ram_Usada";"GB";"2022-11-07 10:54:36";6.78
"Servidor-SPTECH";"ram";"ram_Usada";"GB";"2022-11-07 10:54:34";6.82
"Servidor-SPTECH";"ram";"ram_Usada";"GB";"2022-11-07 10:54:32";6.74
"Servidor-SPTECH";"ram";"ram_Usada";"GB";"2022-11-07 10:54:31";6.74
"Servidor-SPTECH";"ram";"ram_Usada";"GB";"2022-11-07 10:54:29";6.84
"Servidor-SPTECH";"ram";"ram_Usada";"GB";"2022-11-07 10:54:27";6.94
"Servidor-SPTECH";"ram";"ram_Usada";"GB";"2022-11-07 10:54:25";6.97
"Servidor-SPTECH";"ram";"ram_Usada";"GB";"2022-11-07 10:54:24";6.99
"Servidor-SPTECH";"ram";"ram_Usada";"GB";"2022-11-07 10:54:22";6.94
"Servidor-SPTECH";"ram";"ram_Usada";"GB";"2022-11-07 10:54:20";6.99
"Servidor-SPTECH";"ram";"ram_Usada";"GB";"2022-11-07 10:54:19";6.98
"Servidor-SPTECH";"ram";"ram_Usada";"GB";"2022-11-07 10:54:17";6.94
"Servidor-SPTECH";"ram";"ram_Usada";"GB";"2022-11-07 10:54:16";6.94
"Servidor-SPTECH";"ram";"ram_Usada";"GB";"2022-11-07 10:54:14";6.93
"Servidor-SPTECH";"ram";"ram_Usada";"GB";"2022-11-07 10:54:12";6.93
"Servidor-SPTECH";"ram";"ram_Usada";"GB";"2022-11-07 10:54:11";6.93
"Servidor-SPTECH";"ram";"ram_Usada";"GB";"2022-11-07 10:54:09";6.91
"Servidor-SPTECH";"ram";"ram_Usada";"GB";"2022-11-07 10:54:07";6.93
"Servidor-SPTECH";"ram";"ram_Usada";"GB";"2022-11-07 10:54:06";6.93
"Servidor-SPTECH";"ram";"ram_Usada";"GB";"2022-11-07 10:54:04";6.92
"Servidor-SPTECH";"ram";"ram_Usada";"GB";"2022-11-07 10:54:02";6.87
"Servidor-SPTECH";"ram";"ram_Usada";"GB";"2022-11-07 10:54:01";6.87
"Servidor-SPTECH";"ram";"ram_Usada";"GB";"2022-11-07 10:53:59";6.86
"Servidor-SPTECH";"ram";"ram_Usada";"GB";"2022-11-07 10:53:57";6.92
"Servidor-SPTECH";"ram";"ram_Usada";"GB";"2022-11-07 10:53:56";6.93
"Servidor-SPTECH";"ram";"ram_Usada";"GB";"2022-11-07 10:53:54";6.94
"Servidor-SPTECH";"ram";"ram_Usada";"GB";"2022-11-07 10:53:52";6.94
"Servidor-SPTECH";"ram";"ram_Usada";"GB";"2022-11-07 10:53:51";6.95
"Servidor-SPTECH";"ram";"ram_Usada";"GB";"2022-11-07 10:53:49";6.95
"Servidor-SPTECH";"ram";"ram_Usada";"GB";"2022-11-07 10:53:47";6.95
"Servidor-SPTECH";"ram";"ram_Usada";"GB";"2022-11-07 10:53:46";6.9
"Servidor-SPTECH";"ram";"ram_Usada";"GB";"2022-11-07 10:53:44";6.92
"Servidor-SPTECH";"ram";"ram_Usada";"GB";"2022-11-07 10:53:43";6.91
"Servidor-SPTECH";"ram";"ram_Usada";"GB";"2022-11-07 10:53:41";6.92
"Servidor-SPTECH";"ram";"ram_Usada";"GB";"2022-11-07 10:53:40";6.91
"Servidor-SPTECH";"ram";"ram_Usada";"GB";"2022-11-07 10:53:38";6.93
"Servidor-SPTECH";"ram";"ram_Usada";"GB";"2022-11-07 10:53:36";6.93
"Servidor-SPTECH";"ram";"ram_Usada";"GB";"2022-11-07 10:53:35";6.95
"Servidor-SPTECH";"ram";"ram_Usada";"GB";"2022-11-07 10:53:33";6.94
"Servidor-SPTECH";"ram";"ram_Usada";"GB";"2022-11-07 10:53:31";6.92
"Servidor-SPTECH";"ram";"ram_Usada";"GB";"2022-11-07 10:53:29";6.92
"Servidor-SPTECH";"ram";"ram_Usada";"GB";"2022-11-07 10:53:28";6.88
"Servidor-SPTECH";"ram";"ram_Usada";"GB";"2022-11-07 10:53:26";6.9
"Servidor-SPTECH";"ram";"ram_Usada";"GB";"2022-11-07 10:53:24";6.97
"Servidor-SPTECH";"ram";"ram_Usada";"GB";"2022-11-07 10:53:23";7.01
"Servidor-SPTECH";"ram";"ram_Usada";"GB";"2022-11-07 10:53:21";7.01
"Servidor-SPTECH";"ram";"ram_Usada";"GB";"2022-11-07 10:53:19";7.0
"Servidor-SPTECH";"ram";"ram_Usada";"GB";"2022-11-07 10:53:17";6.96
"Servidor-SPTECH";"ram";"ram_Usada";"GB";"2022-11-07 10:53:15";6.95
"Servidor-SPTECH";"ram";"ram_Usada";"GB";"2022-11-07 10:53:13";6.85
"Servidor-SPTECH";"ram";"ram_Usada";"GB";"2022-11-07 10:53:11";6.81
"Servidor-SPTECH";"ram";"ram_Usada";"GB";"2022-11-07 10:53:10";6.77
"Servidor-SPTECH";"ram";"ram_Usada";"GB";"2022-11-07 10:53:08";6.8
"Servidor-SPTECH";"ram";"ram_Usada";"GB";"2022-11-07 10:53:06";6.79
"Servidor-SPTECH";"ram";"ram_Usada";"GB";"2022-11-07 10:53:04";6.79
"Servidor-SPTECH";"ram";"ram_Usada";"GB";"2022-11-07 10:53:03";6.77
"Servidor-SPTECH";"ram";"ram_Usada";"GB";"2022-11-07 10:53:01";6.84
"Servidor-SPTECH";"ram";"ram_Usada";"GB";"2022-11-07 10:52:59";6.83
"Servidor-SPTECH";"ram";"ram_Usada";"GB";"2022-11-07 10:52:57";6.78
"Servidor-SPTECH";"ram";"ram_Usada";"GB";"2022-11-07 10:52:56";6.78
"Servidor-SPTECH";"ram";"ram_Usada";"GB";"2022-11-07 10:52:54";6.79
"Servidor-SPTECH";"ram";"ram_Usada";"GB";"2022-11-07 10:52:52";6.79
"Servidor-SPTECH";"ram";"ram_Usada";"GB";"2022-11-07 10:52:50";6.8
"Servidor-SPTECH";"ram";"ram_Usada";"GB";"2022-11-07 10:52:49";6.78
"Servidor-SPTECH";"ram";"ram_Usada";"GB";"2022-11-07 10:52:47";6.79
"Servidor-SPTECH";"ram";"ram_Usada";"GB";"2022-11-07 10:52:45";6.78
"Servidor-SPTECH";"ram";"ram_Usada";"GB";"2022-11-07 10:52:44";6.77
"Servidor-SPTECH";"ram";"ram_Usada";"GB";"2022-11-07 10:52:42";6.74
"Servidor-SPTECH";"ram";"ram_Usada";"GB";"2022-11-07 10:52:40";6.75
"Servidor-SPTECH";"ram";"ram_Usada";"GB";"2022-11-07 10:52:38";6.76
"Servidor-SPTECH";"ram";"ram_Usada";"GB";"2022-11-07 10:52:37";6.77
"Servidor-SPTECH";"ram";"ram_Usada";"GB";"2022-11-07 10:52:35";6.77
"Servidor-SPTECH";"ram";"ram_Usada";"GB";"2022-11-07 10:52:34";6.74
"Servidor-SPTECH";"ram";"ram_Usada";"GB";"2022-11-07 10:52:32";6.77
"Servidor-SPTECH";"ram";"ram_Usada";"GB";"2022-11-07 10:52:30";6.77
"Servidor-SPTECH";"ram";"ram_Usada";"GB";"2022-11-07 10:52:28";6.79
"Servidor-SPTECH";"ram";"ram_Usada";"GB";"2022-11-07 10:52:26";6.84
"Servidor-SPTECH";"ram";"ram_Usada";"GB";"2022-11-07 10:52:25";6.83
"Servidor-SPTECH";"ram";"ram_Usada";"GB";"2022-11-07 10:52:23";6.84
"Servidor-SPTECH";"ram";"ram_Usada";"GB";"2022-11-07 10:52:21";6.85
"Servidor-SPTECH";"ram";"ram_Usada";"GB";"2022-11-07 10:52:19";6.86
"Servidor-SPTECH";"ram";"ram_Usada";"GB";"2022-11-07 10:52:18";6.85
"Servidor-SPTECH";"ram";"ram_Usada";"GB";"2022-11-07 10:52:16";6.86
"Servidor-SPTECH";"ram";"ram_Usada";"GB";"2022-11-07 10:52:14";6.74
"Servidor-SPTECH";"ram";"ram_Usada";"GB";"2022-11-07 10:52:13";6.73
"Servidor-SPTECH";"ram";"ram_Usada";"GB";"2022-11-07 10:52:11";6.72
"Servidor-SPTECH";"ram";"ram_Usada";"GB";"2022-11-07 10:52:09";6.7
"Servidor-SPTECH";"ram";"ram_Usada";"GB";"2022-11-07 10:52:07";6.72
"Servidor-SPTECH";"ram";"ram_Usada";"GB";"2022-11-07 10:52:05";6.73
"Servidor-SPTECH";"ram";"ram_Usada";"GB";"2022-11-07 10:52:03";6.7
"Servidor-SPTECH";"ram";"ram_Usada";"GB";"2022-11-07 10:52:01";6.73
"Servidor-SPTECH";"ram";"ram_Usada";"GB";"2022-11-07 10:52:00";6.73
"Servidor-SPTECH";"ram";"ram_Usada";"GB";"2022-11-07 10:51:58";6.73
"Servidor-SPTECH";"ram";"ram_Usada";"GB";"2022-11-07 10:51:57";6.73
"Servidor-SPTECH";"ram";"ram_Usada";"GB";"2022-11-07 10:51:55";6.73
"Servidor-SPTECH";"ram";"ram_Usada";"GB";"2022-11-07 10:51:53";6.74
"Servidor-SPTECH";"ram";"ram_Usada";"GB";"2022-11-07 10:51:51";6.71
"Servidor-SPTECH";"ram";"ram_Usada";"GB";"2022-11-07 10:51:50";6.75
"Servidor-SPTECH";"ram";"ram_Usada";"GB";"2022-11-07 10:51:48";6.78
"Servidor-SPTECH";"ram";"ram_Usada";"GB";"2022-11-07 10:51:46";6.76
"Servidor-SPTECH";"ram";"ram_Usada";"GB";"2022-11-07 10:51:44";6.81
"Servidor-SPTECH";"ram";"ram_Usada";"GB";"2022-11-07 10:51:42";6.82
"Servidor-SPTECH";"ram";"ram_Usada";"GB";"2022-11-07 10:51:41";6.82
"Servidor-SPTECH";"ram";"ram_Usada";"GB";"2022-11-07 10:51:39";6.84
"Servidor-SPTECH";"ram";"ram_Usada";"GB";"2022-11-07 10:51:37";6.87
"Servidor-SPTECH";"ram";"ram_Usada";"GB";"2022-11-07 10:51:35";6.82
"Servidor-SPTECH";"ram";"ram_Usada";"GB";"2022-11-07 10:51:33";6.84
"Servidor-SPTECH";"ram";"ram_Usada";"GB";"2022-11-07 10:51:31";6.92
"Servidor-SPTECH";"ram";"ram_Usada";"GB";"2022-11-07 10:51:30";6.96
"Servidor-SPTECH";"ram";"ram_Usada";"GB";"2022-11-07 10:51:28";6.79
"Servidor-SPTECH";"ram";"ram_Usada";"GB";"2022-11-07 10:51:26";6.81
"Servidor-SPTECH";"ram";"ram_Usada";"GB";"2022-11-07 10:51:24";6.81
"Servidor-SPTECH";"ram";"ram_Usada";"GB";"2022-11-07 10:51:23";6.82
"Servidor-SPTECH";"ram";"ram_Usada";"GB";"2022-11-07 10:51:21";6.79
"Servidor-SPTECH";"ram";"ram_Usada";"GB";"2022-11-07 10:51:19";6.8
"Servidor-SPTECH";"ram";"ram_Usada";"GB";"2022-11-07 10:51:17";6.72
"Servidor-SPTECH";"ram";"ram_Usada";"GB";"2022-11-07 10:51:16";6.74
"Servidor-SPTECH";"ram";"ram_Usada";"GB";"2022-11-07 10:51:14";6.68
"Servidor-SPTECH";"ram";"ram_Usada";"GB";"2022-11-07 10:51:13";6.65
"Servidor-SPTECH";"ram";"ram_Usada";"GB";"2022-11-07 10:51:11";6.64
"Servidor-SPTECH";"ram";"ram_Usada";"GB";"2022-11-07 10:51:09";6.61
"Servidor-SPTECH";"ram";"ram_Usada";"GB";"2022-11-07 10:51:07";6.64
"Servidor-SPTECH";"ram";"ram_Usada";"GB";"2022-11-07 10:51:05";6.63
"Servidor-SPTECH";"ram";"ram_Usada";"GB";"2022-11-07 10:51:04";6.69
"Servidor-SPTECH";"ram";"ram_Usada";"GB";"2022-11-07 10:51:02";6.69
"Servidor-SPTECH";"ram";"ram_Usada";"GB";"2022-11-07 10:51:00";6.69
"Servidor-SPTECH";"ram";"ram_Usada";"GB";"2022-11-07 10:50:58";6.7
"Servidor-SPTECH";"ram";"ram_Usada";"GB";"2022-11-07 10:50:56";6.7
"Servidor-SPTECH";"ram";"ram_Usada";"GB";"2022-11-07 10:50:55";6.7
"Servidor-SPTECH";"ram";"ram_Usada";"GB";"2022-11-07 10:50:53";6.72
"Servidor-SPTECH";"ram";"ram_Usada";"GB";"2022-11-07 10:50:51";6.71
"Servidor-SPTECH";"ram";"ram_Usada";"GB";"2022-11-07 10:50:50";6.74
"Servidor-SPTECH";"ram";"ram_Usada";"GB";"2022-11-07 10:50:48";6.77
"Servidor-SPTECH";"ram";"ram_Usada";"GB";"2022-11-07 10:50:46";6.8
"Servidor-SPTECH";"ram";"ram_Usada";"GB";"2022-11-07 10:50:44";6.8
"Servidor-SPTECH";"ram";"ram_Usada";"GB";"2022-11-07 10:50:43";6.86
"Servidor-SPTECH";"ram";"ram_Usada";"GB";"2022-11-07 10:50:41";6.88
"Servidor-SPTECH";"ram";"ram_Usada";"GB";"2022-11-07 10:50:39";6.9
"Servidor-SPTECH";"ram";"ram_Usada";"GB";"2022-11-07 10:50:37";6.86
"Servidor-SPTECH";"ram";"ram_Usada";"GB";"2022-11-07 10:50:36";6.78
"Servidor-SPTECH";"ram";"ram_Usada";"GB";"2022-11-07 10:50:34";6.78
"Servidor-SPTECH";"ram";"ram_Usada";"GB";"2022-11-07 10:50:32";6.76
"Servidor-SPTECH";"ram";"ram_Usada";"GB";"2022-11-07 10:50:30";6.79
"Servidor-SPTECH";"ram";"ram_Usada";"GB";"2022-11-07 10:50:28";6.82
"Servidor-SPTECH";"ram";"ram_Usada";"GB";"2022-11-07 10:50:26";6.84
"Servidor-SPTECH";"ram";"ram_Usada";"GB";"2022-11-07 10:50:24";6.85
"Servidor-SPTECH";"ram";"ram_Usada";"GB";"2022-11-07 10:50:22";6.83
"Servidor-SPTECH";"ram";"ram_Usada";"GB";"2022-11-07 10:50:21";6.82
"Servidor-SPTECH";"ram";"ram_Usada";"GB";"2022-11-07 10:50:19";6.77
"Servidor-SPTECH";"ram";"ram_Usada";"GB";"2022-11-07 10:50:17";6.76
"Servidor-SPTECH";"ram";"ram_Usada";"GB";"2022-11-07 10:50:15";6.73
"Servidor-SPTECH";"ram";"ram_Usada";"GB";"2022-11-07 10:50:13";6.75
"Servidor-SPTECH";"ram";"ram_Usada";"GB";"2022-11-07 10:50:12";6.73
"Servidor-SPTECH";"ram";"ram_Usada";"GB";"2022-11-07 10:50:10";6.74
"Servidor-SPTECH";"ram";"ram_Usada";"GB";"2022-11-07 10:50:08";6.75
"Servidor-SPTECH";"ram";"ram_Usada";"GB";"2022-11-07 10:50:07";6.75
"Servidor-SPTECH";"ram";"ram_Usada";"GB";"2022-11-07 10:50:05";6.74
"Servidor-SPTECH";"ram";"ram_Usada";"GB";"2022-11-07 10:50:04";6.77
"Servidor-SPTECH";"ram";"ram_Usada";"GB";"2022-11-07 10:50:02";6.77
"Servidor-SPTECH";"ram";"ram_Usada";"GB";"2022-11-07 10:50:00";6.77
"Servidor-SPTECH";"ram";"ram_Usada";"GB";"2022-11-07 10:49:58";6.79
"Servidor-SPTECH";"ram";"ram_Usada";"GB";"2022-11-07 10:49:57";6.77
"Servidor-SPTECH";"ram";"ram_Usada";"GB";"2022-11-07 10:49:55";6.71
"Servidor-SPTECH";"ram";"ram_Usada";"GB";"2022-11-07 10:49:53";6.66
"Servidor-SPTECH";"ram";"ram_Usada";"GB";"2022-11-07 10:49:51";6.64
"Servidor-SPTECH";"ram";"ram_Usada";"GB";"2022-11-07 10:49:50";6.64
"Servidor-SPTECH";"ram";"ram_Usada";"GB";"2022-11-07 10:49:48";6.65
"Servidor-SPTECH";"ram";"ram_Usada";"GB";"2022-11-07 10:49:46";6.65
"Servidor-SPTECH";"ram";"ram_Usada";"GB";"2022-11-07 10:49:44";6.67
"Servidor-SPTECH";"ram";"ram_Usada";"GB";"2022-11-07 10:49:42";6.67
"Servidor-SPTECH";"ram";"ram_Usada";"GB";"2022-11-07 10:49:41";6.68
"Servidor-SPTECH";"ram";"ram_Usada";"GB";"2022-11-07 10:49:39";6.66
"Servidor-SPTECH";"ram";"ram_Usada";"GB";"2022-11-07 10:49:37";6.6
"Servidor-SPTECH";"ram";"ram_Usada";"GB";"2022-11-07 10:49:36";6.6
"Servidor-SPTECH";"ram";"ram_Usada";"GB";"2022-11-07 10:49:34";6.59
"Servidor-SPTECH";"ram";"ram_Usada";"GB";"2022-11-07 10:49:32";6.59
"Servidor-SPTECH";"ram";"ram_Usada";"GB";"2022-11-07 10:49:30";6.81
"Servidor-SPTECH";"ram";"ram_Usada";"GB";"2022-11-07 10:49:28";7.04
"Servidor-SPTECH";"ram";"ram_Usada";"GB";"2022-11-07 10:49:27";7.07
"Servidor-SPTECH";"ram";"ram_Usada";"GB";"2022-11-07 10:49:25";7.08
"Servidor-SPTECH";"ram";"ram_Usada";"GB";"2022-11-07 10:49:23";7.09
"Servidor-SPTECH";"ram";"ram_Usada";"GB";"2022-11-07 10:49:22";7.08
"Servidor-SPTECH";"ram";"ram_Usada";"GB";"2022-11-07 10:49:20";7.1
"Servidor-SPTECH";"ram";"ram_Usada";"GB";"2022-11-07 10:49:18";7.09
"Servidor-SPTECH";"ram";"ram_Usada";"GB";"2022-11-07 10:49:16";7.09
"Servidor-SPTECH";"ram";"ram_Usada";"GB";"2022-11-07 10:49:14";7.09
"Servidor-SPTECH";"ram";"ram_Usada";"GB";"2022-11-07 10:49:13";7.19
"Servidor-SPTECH";"ram";"ram_Usada";"GB";"2022-11-07 10:49:11";7.19
"Servidor-SPTECH";"ram";"ram_Usada";"GB";"2022-11-07 10:49:09";7.19
"Servidor-SPTECH";"ram";"ram_Usada";"GB";"2022-11-07 10:49:07";7.18
"Servidor-SPTECH";"ram";"ram_Usada";"GB";"2022-11-07 10:49:06";7.18
"Servidor-SPTECH";"ram";"ram_Usada";"GB";"2022-11-07 10:49:04";7.19
"Servidor-SPTECH";"ram";"ram_Usada";"GB";"2022-11-07 10:49:02";7.18
"Servidor-SPTECH";"ram";"ram_Usada";"GB";"2022-11-07 10:49:00";7.2
"Servidor-SPTECH";"ram";"ram_Usada";"GB";"2022-11-07 10:48:59";7.21
"Servidor-SPTECH";"ram";"ram_Usada";"GB";"2022-11-07 10:48:57";7.21
"Servidor-SPTECH";"ram";"ram_Usada";"GB";"2022-11-07 10:48:55";7.27
"Servidor-SPTECH";"ram";"ram_Usada";"GB";"2022-11-07 10:48:53";7.29
"Servidor-SPTECH";"ram";"ram_Usada";"GB";"2022-11-07 10:48:51";7.28
"Servidor-SPTECH";"ram";"ram_Usada";"GB";"2022-11-07 10:48:50";7.3
"Servidor-SPTECH";"ram";"ram_Usada";"GB";"2022-11-07 10:48:48";7.26
"Servidor-SPTECH";"ram";"ram_Usada";"GB";"2022-11-07 10:48:46";7.22
"Servidor-SPTECH";"ram";"ram_Usada";"GB";"2022-11-07 10:48:44";7.14
"Servidor-SPTECH";"ram";"ram_Usada";"GB";"2022-11-07 10:48:42";7.14
"Servidor-SPTECH";"ram";"ram_Usada";"GB";"2022-11-07 10:48:41";7.16
"Servidor-SPTECH";"ram";"ram_Usada";"GB";"2022-11-07 10:48:39";7.15
"Servidor-SPTECH";"ram";"ram_Usada";"GB";"2022-11-07 10:48:37";7.2
"Servidor-SPTECH";"ram";"ram_Usada";"GB";"2022-11-07 10:48:35";7.19
"Servidor-SPTECH";"ram";"ram_Usada";"GB";"2022-11-07 10:48:33";7.14
"Servidor-SPTECH";"ram";"ram_Usada";"GB";"2022-11-07 10:48:31";7.14
"Servidor-SPTECH";"ram";"ram_Usada";"GB";"2022-11-07 10:48:29";7.09
"Servidor-SPTECH";"ram";"ram_Usada";"GB";"2022-11-07 10:48:28";7.09
"Servidor-SPTECH";"ram";"ram_Usada";"GB";"2022-11-07 10:48:26";7.09
"Servidor-SPTECH";"ram";"ram_Usada";"GB";"2022-11-07 10:48:24";7.1
"Servidor-SPTECH";"ram";"ram_Usada";"GB";"2022-11-07 10:48:22";7.1
"Servidor-SPTECH";"ram";"ram_Usada";"GB";"2022-11-07 10:48:21";7.14
"Servidor-SPTECH";"ram";"ram_Usada";"GB";"2022-11-07 10:48:19";7.17
"Servidor-SPTECH";"ram";"ram_Usada";"GB";"2022-11-07 10:48:17";7.16
"Servidor-SPTECH";"ram";"ram_Usada";"GB";"2022-11-07 10:48:16";7.13
"Servidor-SPTECH";"ram";"ram_Usada";"GB";"2022-11-07 10:48:14";7.14
"Servidor-SPTECH";"ram";"ram_Usada";"GB";"2022-11-07 10:48:12";7.14
"Servidor-SPTECH";"ram";"ram_Usada";"GB";"2022-11-07 10:48:10";7.14
"Servidor-SPTECH";"ram";"ram_Usada";"GB";"2022-11-07 10:48:09";7.17
"Servidor-SPTECH";"ram";"ram_Usada";"GB";"2022-11-07 10:48:07";7.19
"Servidor-SPTECH";"ram";"ram_Usada";"GB";"2022-11-07 10:48:05";7.18
"Servidor-SPTECH";"ram";"ram_Usada";"GB";"2022-11-07 10:48:03";7.18
"Servidor-SPTECH";"ram";"ram_Usada";"GB";"2022-11-07 10:48:02";7.18
"Servidor-SPTECH";"ram";"ram_Usada";"GB";"2022-11-07 10:48:00";7.24
"Servidor-SPTECH";"ram";"ram_Usada";"GB";"2022-11-07 10:47:58";7.24
"Servidor-SPTECH";"ram";"ram_Usada";"GB";"2022-11-07 10:47:56";7.24
"Servidor-SPTECH";"ram";"ram_Usada";"GB";"2022-11-07 10:47:55";7.28
"Servidor-SPTECH";"ram";"ram_Usada";"GB";"2022-11-07 10:47:53";7.29
"Servidor-SPTECH";"ram";"ram_Usada";"GB";"2022-11-07 10:47:51";7.28
"Servidor-SPTECH";"ram";"ram_Usada";"GB";"2022-11-07 10:47:49";7.29
"Servidor-SPTECH";"ram";"ram_Usada";"GB";"2022-11-07 10:47:48";7.26
"Servidor-SPTECH";"ram";"ram_Usada";"GB";"2022-11-07 10:47:46";7.21
"Servidor-SPTECH";"ram";"ram_Usada";"GB";"2022-11-07 10:47:44";7.22
"Servidor-SPTECH";"ram";"ram_Usada";"GB";"2022-11-07 10:47:42";7.2
"Servidor-SPTECH";"ram";"ram_Usada";"GB";"2022-11-07 10:47:40";7.19
"Servidor-SPTECH";"ram";"ram_Usada";"GB";"2022-11-07 10:47:38";7.19
"Servidor-SPTECH";"ram";"ram_Usada";"GB";"2022-11-07 10:47:37";7.22
"Servidor-SPTECH";"ram";"ram_Usada";"GB";"2022-11-07 10:47:35";7.24
"Servidor-SPTECH";"ram";"ram_Usada";"GB";"2022-11-07 10:47:33";7.22
"Servidor-SPTECH";"ram";"ram_Usada";"GB";"2022-11-07 10:47:31";7.27
"Servidor-SPTECH";"ram";"ram_Usada";"GB";"2022-11-07 10:47:29";7.26
"Servidor-SPTECH";"ram";"ram_Usada";"GB";"2022-11-07 10:47:28";7.26
"Servidor-SPTECH";"ram";"ram_Usada";"GB";"2022-11-07 10:47:26";7.26
"Servidor-SPTECH";"ram";"ram_Usada";"GB";"2022-11-07 10:47:24";7.24
"Servidor-SPTECH";"ram";"ram_Usada";"GB";"2022-11-07 10:47:22";7.25
"Servidor-SPTECH";"ram";"ram_Usada";"GB";"2022-11-07 10:47:21";7.25
"Servidor-SPTECH";"ram";"ram_Usada";"GB";"2022-11-07 10:47:19";7.25
"Servidor-SPTECH";"ram";"ram_Usada";"GB";"2022-11-07 10:47:17";7.26
"Servidor-SPTECH";"ram";"ram_Usada";"GB";"2022-11-07 10:47:15";7.24
"Servidor-SPTECH";"ram";"ram_Usada";"GB";"2022-11-07 10:47:13";7.26
"Servidor-SPTECH";"ram";"ram_Usada";"GB";"2022-11-07 10:47:12";7.27
"Servidor-SPTECH";"ram";"ram_Usada";"GB";"2022-11-07 10:47:10";7.3
"Servidor-SPTECH";"ram";"ram_Usada";"GB";"2022-11-07 10:47:08";7.3
"Servidor-SPTECH";"ram";"ram_Usada";"GB";"2022-11-07 10:47:06";7.31
"Servidor-SPTECH";"ram";"ram_Usada";"GB";"2022-11-07 10:47:05";7.3
"Servidor-SPTECH";"ram";"ram_Usada";"GB";"2022-11-07 10:47:03";7.26
"Servidor-SPTECH";"ram";"ram_Usada";"GB";"2022-11-07 10:47:01";7.26
"Servidor-SPTECH";"ram";"ram_Usada";"GB";"2022-11-07 10:46:59";7.3
"Servidor-SPTECH";"ram";"ram_Usada";"GB";"2022-11-07 10:46:57";7.32
"Servidor-SPTECH";"ram";"ram_Usada";"GB";"2022-11-07 10:46:56";7.32
"Servidor-SPTECH";"ram";"ram_Usada";"GB";"2022-11-07 10:46:54";7.34
"Servidor-SPTECH";"ram";"ram_Usada";"GB";"2022-11-07 10:46:52";7.32
"Servidor-SPTECH";"ram";"ram_Usada";"GB";"2022-11-07 10:46:50";7.3
"Servidor-SPTECH";"ram";"ram_Usada";"GB";"2022-11-07 10:46:48";7.33
"Servidor-SPTECH";"ram";"ram_Usada";"GB";"2022-11-07 10:46:47";7.33
"Servidor-SPTECH";"ram";"ram_Usada";"GB";"2022-11-07 10:46:45";7.27
"Servidor-SPTECH";"ram";"ram_Usada";"GB";"2022-11-07 10:46:43";7.23
"Servidor-SPTECH";"ram";"ram_Usada";"GB";"2022-11-07 10:46:41";7.2
"Servidor-SPTECH";"ram";"ram_Usada";"GB";"2022-11-07 10:46:39";7.2
"Servidor-SPTECH";"ram";"ram_Usada";"GB";"2022-11-07 10:46:37";7.23
"Servidor-SPTECH";"ram";"ram_Usada";"GB";"2022-11-07 10:46:35";7.26
"Servidor-SPTECH";"ram";"ram_Usada";"GB";"2022-11-07 10:46:33";7.22
"Servidor-SPTECH";"ram";"ram_Usada";"GB";"2022-11-07 10:46:31";7.18
"Servidor-SPTECH";"ram";"ram_Usada";"GB";"2022-11-07 10:46:29";7.28
"Servidor-SPTECH";"ram";"ram_Usada";"GB";"2022-11-07 10:46:28";7.29
"Servidor-SPTECH";"ram";"ram_Usada";"GB";"2022-11-07 10:46:26";7.21
"Servidor-SPTECH";"ram";"ram_Usada";"GB";"2022-11-07 10:46:24";7.2
"Servidor-SPTECH";"ram";"ram_Usada";"GB";"2022-11-07 10:46:23";7.2
"Servidor-SPTECH";"ram";"ram_Usada";"GB";"2022-11-07 10:46:21";7.28
"Servidor-SPTECH";"ram";"ram_Usada";"GB";"2022-11-07 10:46:19";7.33
"Servidor-SPTECH";"ram";"ram_Usada";"GB";"2022-11-07 10:46:18";7.02
"Servidor-SPTECH";"ram";"ram_Usada";"GB";"2022-11-07 10:46:16";7.03
"Servidor-SPTECH";"ram";"ram_Usada";"GB";"2022-11-07 10:46:14";6.99
"Servidor-SPTECH";"ram";"ram_Usada";"GB";"2022-11-07 10:46:13";7.03
"Servidor-SPTECH";"ram";"ram_Usada";"GB";"2022-11-07 10:46:11";7.03
"Servidor-SPTECH";"ram";"ram_Usada";"GB";"2022-11-07 10:46:10";7.05
"Servidor-SPTECH";"ram";"ram_Usada";"GB";"2022-11-07 10:46:08";7.05
"Servidor-SPTECH";"ram";"ram_Usada";"GB";"2022-11-07 10:46:06";7.05
"Servidor-SPTECH";"ram";"ram_Usada";"GB";"2022-11-07 10:46:05";6.99
"Servidor-SPTECH";"ram";"ram_Usada";"GB";"2022-11-07 10:46:03";6.99
"Servidor-SPTECH";"ram";"ram_Usada";"GB";"2022-11-07 10:46:01";6.99
"Servidor-SPTECH";"ram";"ram_Usada";"GB";"2022-11-07 10:46:00";7.07
"Servidor-SPTECH";"ram";"ram_Usada";"GB";"2022-11-07 10:45:58";7.07
"Servidor-SPTECH";"ram";"ram_Usada";"GB";"2022-11-07 10:45:56";7.08
"Servidor-SPTECH";"ram";"ram_Usada";"GB";"2022-11-07 10:45:55";7.02
"Servidor-SPTECH";"ram";"ram_Usada";"GB";"2022-11-07 10:45:53";6.99
"Servidor-SPTECH";"ram";"ram_Usada";"GB";"2022-11-07 10:45:51";6.99
"Servidor-SPTECH";"ram";"ram_Usada";"GB";"2022-11-07 10:45:50";7.04
"Servidor-SPTECH";"ram";"ram_Usada";"GB";"2022-11-07 10:45:48";7.02
"Servidor-SPTECH";"ram";"ram_Usada";"GB";"2022-11-07 10:45:46";7.03
"Servidor-SPTECH";"ram";"ram_Usada";"GB";"2022-11-07 10:45:45";6.99
"Servidor-SPTECH";"ram";"ram_Usada";"GB";"2022-11-07 10:45:43";7.04
"Servidor-SPTECH";"ram";"ram_Usada";"GB";"2022-11-07 10:45:41";6.99
"Servidor-SPTECH";"ram";"ram_Usada";"GB";"2022-11-07 10:45:40";7.01
"Servidor-SPTECH";"ram";"ram_Usada";"GB";"2022-11-07 10:45:38";7.07
"Servidor-SPTECH";"ram";"ram_Usada";"GB";"2022-11-07 10:45:36";7.08
"Servidor-SPTECH";"ram";"ram_Usada";"GB";"2022-11-07 10:45:34";7.07
"Servidor-SPTECH";"ram";"ram_Usada";"GB";"2022-11-07 10:45:32";7.08
"Servidor-SPTECH";"ram";"ram_Usada";"GB";"2022-11-07 10:45:30";7.17
"Servidor-SPTECH";"ram";"ram_Usada";"GB";"2022-11-07 10:45:29";7.0
"Servidor-SPTECH";"ram";"ram_Usada";"GB";"2022-11-07 10:45:27";7.0
"Servidor-SPTECH";"ram";"ram_Usada";"GB";"2022-11-07 10:45:25";6.93
"Servidor-SPTECH";"ram";"ram_Usada";"GB";"2022-11-07 10:45:23";6.88
"Servidor-SPTECH";"ram";"ram_Usada";"GB";"2022-11-07 10:45:21";6.86
"Servidor-SPTECH";"ram";"ram_Usada";"GB";"2022-11-07 10:45:20";6.91
"Servidor-SPTECH";"ram";"ram_Usada";"GB";"2022-11-07 10:45:18";6.89
"Servidor-SPTECH";"ram";"ram_Usada";"GB";"2022-11-07 10:45:16";6.91
"Servidor-SPTECH";"ram";"ram_Usada";"GB";"2022-11-07 10:45:14";6.88
"Servidor-SPTECH";"ram";"ram_Usada";"GB";"2022-11-07 10:45:13";6.86
"Servidor-SPTECH";"ram";"ram_Usada";"GB";"2022-11-07 10:45:11";6.84
"Servidor-SPTECH";"ram";"ram_Usada";"GB";"2022-11-07 10:45:09";6.83
"Servidor-SPTECH";"ram";"ram_Usada";"GB";"2022-11-07 10:45:07";6.81
"Servidor-SPTECH";"ram";"ram_Usada";"GB";"2022-11-07 10:45:06";6.81
"Servidor-SPTECH";"ram";"ram_Usada";"GB";"2022-11-07 10:45:04";6.78
"Servidor-SPTECH";"ram";"ram_Usada";"GB";"2022-11-07 10:45:02";6.78
"Servidor-SPTECH";"ram";"ram_Usada";"GB";"2022-11-07 10:45:00";6.83
"Servidor-SPTECH";"ram";"ram_Usada";"GB";"2022-11-07 10:44:58";6.85
"Servidor-SPTECH";"ram";"ram_Usada";"GB";"2022-11-07 10:44:56";6.84
"Servidor-SPTECH";"ram";"ram_Usada";"GB";"2022-11-07 10:44:55";6.84
"Servidor-SPTECH";"ram";"ram_Usada";"GB";"2022-11-07 10:44:53";6.85
"Servidor-SPTECH";"ram";"ram_Usada";"GB";"2022-11-07 10:44:52";6.85
"Servidor-SPTECH";"ram";"ram_Usada";"GB";"2022-11-07 10:44:50";6.78
"Servidor-SPTECH";"ram";"ram_Usada";"GB";"2022-11-07 10:44:48";6.74
"Servidor-SPTECH";"ram";"ram_Usada";"GB";"2022-11-07 10:44:47";6.72
"Servidor-SPTECH";"ram";"ram_Usada";"GB";"2022-11-07 10:44:45";6.72
"Servidor-SPTECH";"ram";"ram_Usada";"GB";"2022-11-07 10:44:43";6.69
"Servidor-SPTECH";"ram";"ram_Usada";"GB";"2022-11-07 10:44:42";6.69
"Servidor-SPTECH";"ram";"ram_Usada";"GB";"2022-11-07 10:44:40";6.71
"Servidor-SPTECH";"ram";"ram_Usada";"GB";"2022-11-07 10:44:38";6.78
"Servidor-SPTECH";"ram";"ram_Usada";"GB";"2022-11-07 10:44:37";6.8
"Servidor-SPTECH";"ram";"ram_Usada";"GB";"2022-11-07 10:44:35";6.85
"Servidor-SPTECH";"ram";"ram_Usada";"GB";"2022-11-07 10:44:33";6.88
"Servidor-SPTECH";"ram";"ram_Usada";"GB";"2022-11-07 10:44:32";6.83
"Servidor-SPTECH";"ram";"ram_Usada";"GB";"2022-11-07 10:44:30";6.85
"Servidor-SPTECH";"ram";"ram_Usada";"GB";"2022-11-07 10:44:28";6.85
"Servidor-SPTECH";"ram";"ram_Usada";"GB";"2022-11-07 10:44:27";6.83
"Servidor-SPTECH";"ram";"ram_Usada";"GB";"2022-11-07 10:44:25";6.88
"Servidor-SPTECH";"ram";"ram_Usada";"GB";"2022-11-07 10:44:23";6.88
"Servidor-SPTECH";"ram";"ram_Usada";"GB";"2022-11-07 10:44:22";6.89
"Servidor-SPTECH";"ram";"ram_Usada";"GB";"2022-11-07 10:44:20";6.85
"Servidor-SPTECH";"ram";"ram_Usada";"GB";"2022-11-07 10:44:18";6.88
"Servidor-SPTECH";"ram";"ram_Usada";"GB";"2022-11-07 10:44:17";6.89
"Servidor-SPTECH";"ram";"ram_Usada";"GB";"2022-11-07 10:44:15";6.89
"Servidor-SPTECH";"ram";"ram_Usada";"GB";"2022-11-07 10:44:14";6.87
"Servidor-SPTECH";"ram";"ram_Usada";"GB";"2022-11-07 10:44:12";6.9
"Servidor-SPTECH";"ram";"ram_Usada";"GB";"2022-11-07 10:44:10";6.89
"Servidor-SPTECH";"ram";"ram_Usada";"GB";"2022-11-07 10:44:09";6.93
"Servidor-SPTECH";"ram";"ram_Usada";"GB";"2022-11-07 10:44:07";6.9
"Servidor-SPTECH";"ram";"ram_Usada";"GB";"2022-11-07 10:44:05";6.89
"Servidor-SPTECH";"ram";"ram_Usada";"GB";"2022-11-07 10:44:04";6.9
"Servidor-SPTECH";"ram";"ram_Usada";"GB";"2022-11-07 10:44:02";6.86
"Servidor-SPTECH";"ram";"ram_Usada";"GB";"2022-11-07 10:44:00";6.92
"Servidor-SPTECH";"ram";"ram_Usada";"GB";"2022-11-07 10:43:59";6.92
"Servidor-SPTECH";"ram";"ram_Usada";"GB";"2022-11-07 10:43:57";6.92
"Servidor-SPTECH";"ram";"ram_Usada";"GB";"2022-11-07 10:43:56";6.93
"Servidor-SPTECH";"ram";"ram_Usada";"GB";"2022-11-07 10:43:54";6.97
"Servidor-SPTECH";"ram";"ram_Usada";"GB";"2022-11-07 10:43:52";6.97
"Servidor-SPTECH";"ram";"ram_Usada";"GB";"2022-11-07 10:43:51";6.97
"Servidor-SPTECH";"ram";"ram_Usada";"GB";"2022-11-07 10:43:49";6.99
"Servidor-SPTECH";"ram";"ram_Usada";"GB";"2022-11-07 10:43:48";7.0
"Servidor-SPTECH";"ram";"ram_Usada";"GB";"2022-11-07 10:43:46";6.99
"Servidor-SPTECH";"ram";"ram_Usada";"GB";"2022-11-07 10:43:44";6.9
"Servidor-SPTECH";"ram";"ram_Usada";"GB";"2022-11-07 10:43:42";6.88
"Servidor-SPTECH";"ram";"ram_Usada";"GB";"2022-11-07 10:43:40";6.81
"Servidor-SPTECH";"ram";"ram_Usada";"GB";"2022-11-07 10:43:38";6.83
"Servidor-SPTECH";"ram";"ram_Usada";"GB";"2022-11-07 10:43:37";6.83
"Servidor-SPTECH";"ram";"ram_Usada";"GB";"2022-11-07 10:43:35";6.82
"Servidor-SPTECH";"ram";"ram_Usada";"GB";"2022-11-07 10:43:33";6.83
"Servidor-SPTECH";"ram";"ram_Usada";"GB";"2022-11-07 10:43:32";6.79
"Servidor-SPTECH";"ram";"ram_Usada";"GB";"2022-11-07 10:43:30";6.83
"Servidor-SPTECH";"ram";"ram_Usada";"GB";"2022-11-07 10:43:29";6.82
"Servidor-SPTECH";"ram";"ram_Usada";"GB";"2022-11-07 10:43:27";6.82
"Servidor-SPTECH";"ram";"ram_Usada";"GB";"2022-11-07 10:43:25";6.79
"Servidor-SPTECH";"ram";"ram_Usada";"GB";"2022-11-07 10:43:24";6.83
"Servidor-SPTECH";"ram";"ram_Usada";"GB";"2022-11-07 10:43:22";6.83
"Servidor-SPTECH";"ram";"ram_Usada";"GB";"2022-11-07 10:43:21";6.83
"Servidor-SPTECH";"ram";"ram_Usada";"GB";"2022-11-07 10:43:19";6.84
"Servidor-SPTECH";"ram";"ram_Usada";"GB";"2022-11-07 10:43:17";6.82
"Servidor-SPTECH";"ram";"ram_Usada";"GB";"2022-11-07 10:43:16";6.82
"Servidor-SPTECH";"ram";"ram_Usada";"GB";"2022-11-07 10:43:14";6.82
"Servidor-SPTECH";"ram";"ram_Usada";"GB";"2022-11-07 10:43:13";6.82
"Servidor-SPTECH";"ram";"ram_Usada";"GB";"2022-11-07 10:43:11";6.82
"Servidor-SPTECH";"ram";"ram_Usada";"GB";"2022-11-07 10:43:10";6.84
"Servidor-SPTECH";"ram";"ram_Usada";"GB";"2022-11-07 10:43:08";6.8
"Servidor-SPTECH";"ram";"ram_Usada";"GB";"2022-11-07 10:43:06";6.84
"Servidor-SPTECH";"ram";"ram_Usada";"GB";"2022-11-07 10:43:05";6.83
"Servidor-SPTECH";"ram";"ram_Usada";"GB";"2022-11-07 10:43:03";6.83
"Servidor-SPTECH";"ram";"ram_Usada";"GB";"2022-11-07 10:43:01";6.8
"Servidor-SPTECH";"ram";"ram_Usada";"GB";"2022-11-07 10:43:00";6.88
"Servidor-SPTECH";"ram";"ram_Usada";"GB";"2022-11-07 10:42:58";6.88
"Servidor-SPTECH";"ram";"ram_Usada";"GB";"2022-11-07 10:42:57";6.88
"Servidor-SPTECH";"ram";"ram_Usada";"GB";"2022-11-07 10:42:55";6.87
"Servidor-SPTECH";"ram";"ram_Usada";"GB";"2022-11-07 10:42:53";6.87
"Servidor-SPTECH";"ram";"ram_Usada";"GB";"2022-11-07 10:42:52";6.88
"Servidor-SPTECH";"ram";"ram_Usada";"GB";"2022-11-07 10:42:50";6.88
"Servidor-SPTECH";"ram";"ram_Usada";"GB";"2022-11-07 10:42:49";6.88
"Servidor-SPTECH";"ram";"ram_Usada";"GB";"2022-11-07 10:42:47";6.88
"Servidor-SPTECH";"ram";"ram_Usada";"GB";"2022-11-07 10:42:46";6.88
"Servidor-SPTECH";"ram";"ram_Usada";"GB";"2022-11-07 10:42:44";6.87
"Servidor-SPTECH";"ram";"ram_Usada";"GB";"2022-11-07 10:42:42";6.85
"Servidor-SPTECH";"ram";"ram_Usada";"GB";"2022-11-07 10:42:41";6.85
"Servidor-SPTECH";"ram";"ram_Usada";"GB";"2022-11-07 10:42:39";6.89
"Servidor-SPTECH";"ram";"ram_Usada";"GB";"2022-11-07 10:42:38";6.91
"Servidor-SPTECH";"ram";"ram_Usada";"GB";"2022-11-07 10:42:36";6.91
"Servidor-SPTECH";"ram";"ram_Usada";"GB";"2022-11-07 10:42:34";6.91
"Servidor-SPTECH";"ram";"ram_Usada";"GB";"2022-11-07 10:42:33";6.89
"Servidor-SPTECH";"ram";"ram_Usada";"GB";"2022-11-07 10:42:31";6.88
"Servidor-SPTECH";"ram";"ram_Usada";"GB";"2022-11-07 10:42:29";6.95
"Servidor-SPTECH";"ram";"ram_Usada";"GB";"2022-11-07 10:42:28";6.98
"Servidor-SPTECH";"ram";"ram_Usada";"GB";"2022-11-07 10:42:26";6.98
"Servidor-SPTECH";"ram";"ram_Usada";"GB";"2022-11-07 10:42:24";6.97
"Servidor-SPTECH";"ram";"ram_Usada";"GB";"2022-11-07 10:42:23";6.95
"Servidor-SPTECH";"ram";"ram_Usada";"GB";"2022-11-07 10:42:21";6.88
"Servidor-SPTECH";"ram";"ram_Usada";"GB";"2022-11-07 10:42:19";6.96
"Servidor-SPTECH";"ram";"ram_Usada";"GB";"2022-11-07 10:42:18";6.97
"Servidor-SPTECH";"ram";"ram_Usada";"GB";"2022-11-07 10:42:16";6.91
"Servidor-SPTECH";"ram";"ram_Usada";"GB";"2022-11-07 10:42:14";6.92
"Servidor-SPTECH";"ram";"ram_Usada";"GB";"2022-11-07 10:42:13";6.92
"Servidor-SPTECH";"ram";"ram_Usada";"GB";"2022-11-07 10:42:11";6.92
"Servidor-SPTECH";"ram";"ram_Usada";"GB";"2022-11-07 10:42:09";6.96
"Servidor-SPTECH";"ram";"ram_Usada";"GB";"2022-11-07 10:42:08";6.96
"Servidor-SPTECH";"ram";"ram_Usada";"GB";"2022-11-07 10:42:06";6.95
"Servidor-SPTECH";"ram";"ram_Usada";"GB";"2022-11-07 10:42:04";6.96
"Servidor-SPTECH";"ram";"ram_Usada";"GB";"2022-11-07 10:42:03";6.82
"Servidor-SPTECH";"ram";"ram_Usada";"GB";"2022-11-07 10:42:01";6.82
"Servidor-SPTECH";"ram";"ram_Usada";"GB";"2022-11-07 10:41:59";6.84
"Servidor-SPTECH";"ram";"ram_Usada";"GB";"2022-11-07 10:41:57";6.85
"Servidor-SPTECH";"ram";"ram_Usada";"GB";"2022-11-07 10:41:56";6.86
"Servidor-SPTECH";"ram";"ram_Usada";"GB";"2022-11-07 10:41:54";6.85
"Servidor-SPTECH";"ram";"ram_Usada";"GB";"2022-11-07 10:41:52";6.84
"Servidor-SPTECH";"ram";"ram_Usada";"GB";"2022-11-07 10:41:50";6.87
"Servidor-SPTECH";"ram";"ram_Usada";"GB";"2022-11-07 10:41:48";6.83
"Servidor-SPTECH";"ram";"ram_Usada";"GB";"2022-11-07 10:41:47";6.75
"Servidor-SPTECH";"ram";"ram_Usada";"GB";"2022-11-07 10:41:45";6.74
"Servidor-SPTECH";"ram";"ram_Usada";"GB";"2022-11-07 10:41:43";6.75
"Servidor-SPTECH";"ram";"ram_Usada";"GB";"2022-11-07 10:41:42";6.75
"Servidor-SPTECH";"ram";"ram_Usada";"GB";"2022-11-07 10:41:40";6.75
"Servidor-SPTECH";"ram";"ram_Usada";"GB";"2022-11-07 10:41:39";6.77
"Servidor-SPTECH";"ram";"ram_Usada";"GB";"2022-11-07 10:41:37";6.78
"Servidor-SPTECH";"ram";"ram_Usada";"GB";"2022-11-07 10:41:35";6.76
"Servidor-SPTECH";"ram";"ram_Usada";"GB";"2022-11-07 10:41:34";6.78
"Servidor-SPTECH";"ram";"ram_Usada";"GB";"2022-11-07 10:41:32";6.78
"Servidor-SPTECH";"ram";"ram_Usada";"GB";"2022-11-07 10:41:31";6.78
"Servidor-SPTECH";"ram";"ram_Usada";"GB";"2022-11-07 10:41:29";6.8
"Servidor-SPTECH";"ram";"ram_Usada";"GB";"2022-11-07 10:41:28";6.77
"Servidor-SPTECH";"ram";"ram_Usada";"GB";"2022-11-07 10:41:26";6.78
"Servidor-SPTECH";"ram";"ram_Usada";"GB";"2022-11-07 10:41:24";6.77
"Servidor-SPTECH";"ram";"ram_Usada";"GB";"2022-11-07 10:41:23";6.79
"Servidor-SPTECH";"ram";"ram_Usada";"GB";"2022-11-07 10:41:21";6.8
"Servidor-SPTECH";"ram";"ram_Usada";"GB";"2022-11-07 10:41:19";6.81
"Servidor-SPTECH";"ram";"ram_Usada";"GB";"2022-11-07 10:41:18";6.79
"Servidor-SPTECH";"ram";"ram_Usada";"GB";"2022-11-07 10:41:16";6.8
"Servidor-SPTECH";"ram";"ram_Usada";"GB";"2022-11-07 10:41:14";6.76
"Servidor-SPTECH";"ram";"ram_Usada";"GB";"2022-11-07 10:41:13";6.76
"Servidor-SPTECH";"ram";"ram_Usada";"GB";"2022-11-07 10:41:11";6.76
"Servidor-SPTECH";"ram";"ram_Usada";"GB";"2022-11-07 10:41:09";6.72
"Servidor-SPTECH";"ram";"ram_Usada";"GB";"2022-11-07 10:41:08";6.69
"Servidor-SPTECH";"ram";"ram_Usada";"GB";"2022-11-07 10:41:06";6.66
"Servidor-SPTECH";"ram";"ram_Usada";"GB";"2022-11-07 10:41:04";6.66
"Servidor-SPTECH";"ram";"ram_Usada";"GB";"2022-11-07 10:41:02";6.63
"Servidor-SPTECH";"ram";"ram_Usada";"GB";"2022-11-07 10:41:01";6.59
"Servidor-SPTECH";"ram";"ram_Usada";"GB";"2022-11-07 10:40:59";6.6
"Servidor-SPTECH";"ram";"ram_Usada";"GB";"2022-11-07 10:40:57";6.59
"Servidor-SPTECH";"ram";"ram_Usada";"GB";"2022-11-07 10:40:56";6.59
"Servidor-SPTECH";"ram";"ram_Usada";"GB";"2022-11-07 10:40:54";6.59
"Servidor-SPTECH";"ram";"ram_Usada";"GB";"2022-11-07 10:40:53";6.56
"Servidor-SPTECH";"ram";"ram_Usada";"GB";"2022-11-07 10:40:51";6.59
"Servidor-SPTECH";"ram";"ram_Usada";"GB";"2022-11-07 10:40:49";6.6
"Servidor-SPTECH";"ram";"ram_Usada";"GB";"2022-11-07 10:40:48";6.6
"Servidor-SPTECH";"ram";"ram_Usada";"GB";"2022-11-07 10:40:46";6.59
"Servidor-SPTECH";"ram";"ram_Usada";"GB";"2022-11-07 10:40:45";6.62
"Servidor-SPTECH";"ram";"ram_Usada";"GB";"2022-11-07 10:40:43";6.62
"Servidor-SPTECH";"ram";"ram_Usada";"GB";"2022-11-07 10:40:42";6.6
"Servidor-SPTECH";"ram";"ram_Usada";"GB";"2022-11-07 10:40:40";6.59
"Servidor-SPTECH";"ram";"ram_Usada";"GB";"2022-11-07 10:40:38";6.62
"Servidor-SPTECH";"ram";"ram_Usada";"GB";"2022-11-07 10:40:37";6.61
"Servidor-SPTECH";"ram";"ram_Usada";"GB";"2022-11-07 10:40:35";6.61
"Servidor-SPTECH";"ram";"ram_Usada";"GB";"2022-11-07 10:40:34";6.61
"Servidor-SPTECH";"ram";"ram_Usada";"GB";"2022-11-07 10:40:32";6.61
"Servidor-SPTECH";"ram";"ram_Usada";"GB";"2022-11-07 10:40:31";6.61
"Servidor-SPTECH";"ram";"ram_Usada";"GB";"2022-11-07 10:40:29";6.61
"Servidor-SPTECH";"ram";"ram_Usada";"GB";"2022-11-07 10:40:27";6.61
"Servidor-SPTECH";"ram";"ram_Usada";"GB";"2022-11-07 10:40:26";6.61
"Servidor-SPTECH";"ram";"ram_Usada";"GB";"2022-11-07 10:40:24";6.61
"Servidor-SPTECH";"ram";"ram_Usada";"GB";"2022-11-07 10:40:22";6.6
"Servidor-SPTECH";"ram";"ram_Usada";"GB";"2022-11-07 10:40:21";6.62
"Servidor-SPTECH";"ram";"ram_Usada";"GB";"2022-11-07 10:40:19";6.62
"Servidor-SPTECH";"ram";"ram_Usada";"GB";"2022-11-07 10:40:18";6.62
"Servidor-SPTECH";"ram";"ram_Usada";"GB";"2022-11-07 10:40:16";6.63
"Servidor-SPTECH";"ram";"ram_Usada";"GB";"2022-11-07 10:40:15";6.63
"Servidor-SPTECH";"ram";"ram_Usada";"GB";"2022-11-07 10:40:13";6.62
"Servidor-SPTECH";"ram";"ram_Usada";"GB";"2022-11-07 10:40:11";6.62
"Servidor-SPTECH";"ram";"ram_Usada";"GB";"2022-11-07 10:40:10";6.62
"Servidor-SPTECH";"ram";"ram_Usada";"GB";"2022-11-07 10:40:08";6.62
"Servidor-SPTECH";"ram";"ram_Usada";"GB";"2022-11-07 10:40:07";6.62
"Servidor-SPTECH";"ram";"ram_Usada";"GB";"2022-11-07 10:40:05";6.62
"Servidor-SPTECH";"ram";"ram_Usada";"GB";"2022-11-07 10:40:03";6.61
"Servidor-SPTECH";"ram";"ram_Usada";"GB";"2022-11-07 10:40:02";6.62
"Servidor-SPTECH";"ram";"ram_Usada";"GB";"2022-11-07 10:40:00";6.61
"Servidor-SPTECH";"ram";"ram_Usada";"GB";"2022-11-07 10:39:59";6.59
"Servidor-SPTECH";"ram";"ram_Usada";"GB";"2022-11-07 10:39:57";6.61
"Servidor-SPTECH";"ram";"ram_Usada";"GB";"2022-11-07 10:39:55";6.62
"Servidor-SPTECH";"ram";"ram_Usada";"GB";"2022-11-07 10:39:54";6.64
"Servidor-SPTECH";"ram";"ram_Usada";"GB";"2022-11-07 10:39:52";6.61
"Servidor-SPTECH";"ram";"ram_Usada";"GB";"2022-11-07 10:39:50";6.61
"Servidor-SPTECH";"ram";"ram_Usada";"GB";"2022-11-07 10:39:49";6.61
"Servidor-SPTECH";"ram";"ram_Usada";"GB";"2022-11-07 10:39:47";6.61
"Servidor-SPTECH";"ram";"ram_Usada";"GB";"2022-11-07 10:39:46";6.62
"Servidor-SPTECH";"ram";"ram_Usada";"GB";"2022-11-07 10:39:44";6.61
"Servidor-SPTECH";"ram";"ram_Usada";"GB";"2022-11-07 10:39:42";6.61
"Servidor-SPTECH";"ram";"ram_Usada";"GB";"2022-11-07 10:39:41";6.61
"Servidor-SPTECH";"ram";"ram_Usada";"GB";"2022-11-07 10:39:39";6.63
"Servidor-SPTECH";"ram";"ram_Usada";"GB";"2022-11-07 10:39:38";6.63
"Servidor-SPTECH";"ram";"ram_Usada";"GB";"2022-11-07 10:39:36";6.63
"Servidor-SPTECH";"ram";"ram_Usada";"GB";"2022-11-07 10:39:34";6.6
"Servidor-SPTECH";"ram";"ram_Usada";"GB";"2022-11-07 10:39:33";6.64
"Servidor-SPTECH";"ram";"ram_Usada";"GB";"2022-11-07 10:39:31";6.63
"Servidor-SPTECH";"ram";"ram_Usada";"GB";"2022-11-07 10:39:30";6.63
"Servidor-SPTECH";"ram";"ram_Usada";"GB";"2022-11-07 10:39:28";6.63
"Servidor-SPTECH";"ram";"ram_Usada";"GB";"2022-11-07 10:39:26";6.61
"Servidor-SPTECH";"ram";"ram_Usada";"GB";"2022-11-07 10:39:25";6.61
"Servidor-SPTECH";"ram";"ram_Usada";"GB";"2022-11-07 10:39:23";6.61
"Servidor-SPTECH";"ram";"ram_Usada";"GB";"2022-11-07 10:39:22";6.62
"Servidor-SPTECH";"ram";"ram_Usada";"GB";"2022-11-07 10:39:20";6.61
"Servidor-SPTECH";"ram";"ram_Usada";"GB";"2022-11-07 10:39:18";6.61
"Servidor-SPTECH";"ram";"ram_Usada";"GB";"2022-11-07 10:39:17";6.61
"Servidor-SPTECH";"ram";"ram_Usada";"GB";"2022-11-07 10:39:15";6.61
"Servidor-SPTECH";"ram";"ram_Usada";"GB";"2022-11-07 10:39:14";6.6
"Servidor-SPTECH";"ram";"ram_Usada";"GB";"2022-11-07 10:39:12";6.6
"Servidor-SPTECH";"ram";"ram_Usada";"GB";"2022-11-07 10:39:11";6.6
"Servidor-SPTECH";"ram";"ram_Usada";"GB";"2022-11-07 10:39:09";6.6
"Servidor-SPTECH";"ram";"ram_Usada";"GB";"2022-11-07 10:39:07";6.6
"Servidor-SPTECH";"ram";"ram_Usada";"GB";"2022-11-07 10:39:06";6.6
"Servidor-SPTECH";"ram";"ram_Usada";"GB";"2022-11-07 10:39:04";6.58
"Servidor-SPTECH";"ram";"ram_Usada";"GB";"2022-11-07 10:39:02";6.6
"Servidor-SPTECH";"ram";"ram_Usada";"GB";"2022-11-07 10:39:01";6.61
"Servidor-SPTECH";"ram";"ram_Usada";"GB";"2022-11-07 10:38:59";6.6
"Servidor-SPTECH";"ram";"ram_Usada";"GB";"2022-11-07 10:38:58";6.6
"Servidor-SPTECH";"ram";"ram_Usada";"GB";"2022-11-07 10:38:56";6.6
"Servidor-SPTECH";"ram";"ram_Usada";"GB";"2022-11-07 10:38:55";6.6
"Servidor-SPTECH";"ram";"ram_Usada";"GB";"2022-11-07 10:38:53";6.6
"Servidor-SPTECH";"ram";"ram_Usada";"GB";"2022-11-07 10:38:51";6.59
"Servidor-SPTECH";"ram";"ram_Usada";"GB";"2022-11-07 10:38:50";6.6
"Servidor-SPTECH";"ram";"ram_Usada";"GB";"2022-11-07 10:38:48";6.6
"Servidor-SPTECH";"ram";"ram_Usada";"GB";"2022-11-07 10:38:47";6.6
"Servidor-SPTECH";"ram";"ram_Usada";"GB";"2022-11-07 10:38:45";6.6
"Servidor-SPTECH";"ram";"ram_Usada";"GB";"2022-11-07 10:38:44";6.6
"Servidor-SPTECH";"ram";"ram_Usada";"GB";"2022-11-07 10:38:42";6.6
"Servidor-SPTECH";"ram";"ram_Usada";"GB";"2022-11-07 10:38:40";6.58
"Servidor-SPTECH";"ram";"ram_Usada";"GB";"2022-11-07 10:38:39";6.63
"Servidor-SPTECH";"ram";"ram_Usada";"GB";"2022-11-07 10:38:37";6.64
"Servidor-SPTECH";"ram";"ram_Usada";"GB";"2022-11-07 10:38:35";6.61
"Servidor-SPTECH";"ram";"ram_Usada";"GB";"2022-11-07 10:38:34";6.6
"Servidor-SPTECH";"ram";"ram_Usada";"GB";"2022-11-07 10:38:32";6.6
"Servidor-SPTECH";"ram";"ram_Usada";"GB";"2022-11-07 10:38:31";6.61
"Servidor-SPTECH";"ram";"ram_Usada";"GB";"2022-11-07 10:38:29";6.6
"Servidor-SPTECH";"ram";"ram_Usada";"GB";"2022-11-07 10:38:27";6.6
"Servidor-SPTECH";"ram";"ram_Usada";"GB";"2022-11-07 10:38:26";6.59
"Servidor-SPTECH";"ram";"ram_Usada";"GB";"2022-11-07 10:38:24";6.59
"Servidor-SPTECH";"ram";"ram_Usada";"GB";"2022-11-07 10:38:23";6.6
"Servidor-SPTECH";"ram";"ram_Usada";"GB";"2022-11-07 10:38:21";6.59
"Servidor-SPTECH";"ram";"ram_Usada";"GB";"2022-11-07 10:38:20";6.59
"Servidor-SPTECH";"ram";"ram_Usada";"GB";"2022-11-07 10:38:18";6.59
"Servidor-SPTECH";"ram";"ram_Usada";"GB";"2022-11-07 10:38:16";6.56
"Servidor-SPTECH";"ram";"ram_Usada";"GB";"2022-11-07 10:38:15";6.59
"Servidor-SPTECH";"ram";"ram_Usada";"GB";"2022-11-07 10:38:13";6.59
"Servidor-SPTECH";"ram";"ram_Usada";"GB";"2022-11-07 10:38:11";6.59
"Servidor-SPTECH";"ram";"ram_Usada";"GB";"2022-11-07 10:38:10";6.59
"Servidor-SPTECH";"ram";"ram_Usada";"GB";"2022-11-07 10:38:08";6.59
"Servidor-SPTECH";"ram";"ram_Usada";"GB";"2022-11-07 10:38:07";6.59
"Servidor-SPTECH";"ram";"ram_Usada";"GB";"2022-11-07 10:38:05";6.59
"Servidor-SPTECH";"ram";"ram_Usada";"GB";"2022-11-07 10:38:03";6.59
"Servidor-SPTECH";"ram";"ram_Usada";"GB";"2022-11-07 10:38:02";6.59
"Servidor-SPTECH";"ram";"ram_Usada";"GB";"2022-11-07 10:38:00";6.59
"Servidor-SPTECH";"ram";"ram_Usada";"GB";"2022-11-07 10:37:59";6.59
"Servidor-SPTECH";"ram";"ram_Usada";"GB";"2022-11-07 10:37:57";6.58
"Servidor-SPTECH";"ram";"ram_Usada";"GB";"2022-11-07 10:37:55";6.59
"Servidor-SPTECH";"ram";"ram_Usada";"GB";"2022-11-07 10:37:54";6.59
"Servidor-SPTECH";"ram";"ram_Usada";"GB";"2022-11-07 10:37:52";6.56
"Servidor-SPTECH";"ram";"ram_Usada";"GB";"2022-11-07 10:37:51";6.59
"Servidor-SPTECH";"ram";"ram_Usada";"GB";"2022-11-07 10:37:49";6.59
"Servidor-SPTECH";"ram";"ram_Usada";"GB";"2022-11-07 10:37:48";6.59
"Servidor-SPTECH";"ram";"ram_Usada";"GB";"2022-11-07 10:37:46";6.56
"Servidor-SPTECH";"ram";"ram_Usada";"GB";"2022-11-07 10:37:44";6.59
"Servidor-SPTECH";"ram";"ram_Usada";"GB";"2022-11-07 10:37:43";6.59
"Servidor-SPTECH";"ram";"ram_Usada";"GB";"2022-11-07 10:37:41";6.59
"Servidor-SPTECH";"ram";"ram_Usada";"GB";"2022-11-07 10:37:39";6.61
"Servidor-SPTECH";"ram";"ram_Usada";"GB";"2022-11-07 10:37:38";6.62
"Servidor-SPTECH";"ram";"ram_Usada";"GB";"2022-11-07 10:37:36";6.62
"Servidor-SPTECH";"ram";"ram_Usada";"GB";"2022-11-07 10:37:35";6.62
"Servidor-SPTECH";"ram";"ram_Usada";"GB";"2022-11-07 10:37:33";6.62
"Servidor-SPTECH";"ram";"ram_Usada";"GB";"2022-11-07 10:37:31";6.63
"Servidor-SPTECH";"ram";"ram_Usada";"GB";"2022-11-07 10:37:30";6.62
"Servidor-SPTECH";"ram";"ram_Usada";"GB";"2022-11-07 10:37:28";6.6
"Servidor-SPTECH";"ram";"ram_Usada";"GB";"2022-11-07 10:37:27";6.64
"Servidor-SPTECH";"ram";"ram_Usada";"GB";"2022-11-07 10:37:25";6.61
"Servidor-SPTECH";"ram";"ram_Usada";"GB";"2022-11-07 10:37:23";6.61
"Servidor-SPTECH";"ram";"ram_Usada";"GB";"2022-11-07 10:37:22";6.59
"Servidor-SPTECH";"ram";"ram_Usada";"GB";"2022-11-07 10:37:20";6.63
"Servidor-SPTECH";"ram";"ram_Usada";"GB";"2022-11-07 10:37:19";6.63
"Servidor-SPTECH";"ram";"ram_Usada";"GB";"2022-11-07 10:37:17";6.61
"Servidor-SPTECH";"ram";"ram_Usada";"GB";"2022-11-07 10:37:15";6.71
"Servidor-SPTECH";"ram";"ram_Usada";"GB";"2022-11-07 10:37:14";6.71
"Servidor-SPTECH";"ram";"ram_Usada";"GB";"2022-11-07 10:37:12";6.71
"Servidor-SPTECH";"ram";"ram_Usada";"GB";"2022-11-07 10:37:11";6.71
"Servidor-SPTECH";"ram";"ram_Usada";"GB";"2022-11-07 10:37:09";6.72
"Servidor-SPTECH";"ram";"ram_Usada";"GB";"2022-11-07 10:37:07";6.72
"Servidor-SPTECH";"ram";"ram_Usada";"GB";"2022-11-07 10:37:06";6.72
"Servidor-SPTECH";"ram";"ram_Usada";"GB";"2022-11-07 10:37:04";6.71
"Servidor-SPTECH";"ram";"ram_Usada";"GB";"2022-11-07 10:37:03";6.71
"Servidor-SPTECH";"ram";"ram_Usada";"GB";"2022-11-07 10:37:01";6.71
"Servidor-SPTECH";"ram";"ram_Usada";"GB";"2022-11-07 10:36:59";6.7
"Servidor-SPTECH";"ram";"ram_Usada";"GB";"2022-11-07 10:36:58";6.65
"Servidor-SPTECH";"ram";"ram_Usada";"GB";"2022-11-07 10:36:56";6.68
"Servidor-SPTECH";"ram";"ram_Usada";"GB";"2022-11-07 10:36:55";6.68
"Servidor-SPTECH";"ram";"ram_Usada";"GB";"2022-11-07 10:36:53";6.67
"Servidor-SPTECH";"ram";"ram_Usada";"GB";"2022-11-07 10:36:51";6.69
"Servidor-SPTECH";"ram";"ram_Usada";"GB";"2022-11-07 10:36:49";6.65
"Servidor-SPTECH";"ram";"ram_Usada";"GB";"2022-11-07 10:36:48";6.64
"Servidor-SPTECH";"ram";"ram_Usada";"GB";"2022-11-07 10:36:46";6.63
"Servidor-SPTECH";"ram";"ram_Usada";"GB";"2022-11-07 10:36:44";6.65
"Servidor-SPTECH";"ram";"ram_Usada";"GB";"2022-11-07 10:36:43";6.65
"Servidor-SPTECH";"ram";"ram_Usada";"GB";"2022-11-07 10:36:41";6.63
"Servidor-SPTECH";"ram";"ram_Usada";"GB";"2022-11-07 10:36:40";6.6
"Servidor-SPTECH";"ram";"ram_Usada";"GB";"2022-11-07 10:36:38";6.65
"Servidor-SPTECH";"ram";"ram_Usada";"GB";"2022-11-07 10:36:36";6.65
"Servidor-SPTECH";"ram";"ram_Usada";"GB";"2022-11-07 10:36:35";6.66
"Servidor-SPTECH";"ram";"ram_Usada";"GB";"2022-11-07 10:36:33";6.65
"Servidor-SPTECH";"ram";"ram_Usada";"GB";"2022-11-07 10:36:32";6.66
"Servidor-SPTECH";"ram";"ram_Usada";"GB";"2022-11-07 10:36:30";6.62
"Servidor-SPTECH";"ram";"ram_Usada";"GB";"2022-11-07 10:36:28";6.62
"Servidor-SPTECH";"ram";"ram_Usada";"GB";"2022-11-07 10:36:27";6.6
"Servidor-SPTECH";"ram";"ram_Usada";"GB";"2022-11-07 10:36:25";6.59
"Servidor-SPTECH";"ram";"ram_Usada";"GB";"2022-11-07 10:36:23";6.6
"Servidor-SPTECH";"ram";"ram_Usada";"GB";"2022-11-07 10:36:22";6.62
"Servidor-SPTECH";"ram";"ram_Usada";"GB";"2022-11-07 10:36:20";6.64
"Servidor-SPTECH";"ram";"ram_Usada";"GB";"2022-11-07 10:36:19";6.65
"Servidor-SPTECH";"ram";"ram_Usada";"GB";"2022-11-07 10:36:17";6.7
"Servidor-SPTECH";"ram";"ram_Usada";"GB";"2022-11-07 10:36:15";6.7
"Servidor-SPTECH";"ram";"ram_Usada";"GB";"2022-11-07 10:36:14";6.7
"Servidor-SPTECH";"ram";"ram_Usada";"GB";"2022-11-07 10:36:12";6.72
"Servidor-SPTECH";"ram";"ram_Usada";"GB";"2022-11-07 10:36:11";6.72
"Servidor-SPTECH";"ram";"ram_Usada";"GB";"2022-11-07 10:36:09";6.72
"Servidor-SPTECH";"ram";"ram_Usada";"GB";"2022-11-07 10:36:07";6.72
"Servidor-SPTECH";"ram";"ram_Usada";"GB";"2022-11-07 10:36:06";6.71
"Servidor-SPTECH";"ram";"ram_Usada";"GB";"2022-11-07 10:36:04";6.68
"Servidor-SPTECH";"ram";"ram_Usada";"GB";"2022-11-07 10:36:02";6.69
"Servidor-SPTECH";"ram";"ram_Usada";"GB";"2022-11-07 10:36:01";6.67
"Servidor-SPTECH";"ram";"ram_Usada";"GB";"2022-11-07 10:35:59";6.66
"Servidor-SPTECH";"ram";"ram_Usada";"GB";"2022-11-07 10:35:57";6.62
"Servidor-SPTECH";"ram";"ram_Usada";"GB";"2022-11-07 10:35:56";6.63
"Servidor-SPTECH";"ram";"ram_Usada";"GB";"2022-11-07 10:35:54";6.63
"Servidor-SPTECH";"ram";"ram_Usada";"GB";"2022-11-07 10:35:52";6.59
"Servidor-SPTECH";"ram";"ram_Usada";"GB";"2022-11-07 10:35:51";6.59
"Servidor-SPTECH";"ram";"ram_Usada";"GB";"2022-11-07 10:35:49";6.59
"Servidor-SPTECH";"ram";"ram_Usada";"GB";"2022-11-07 10:35:47";6.6
"Servidor-SPTECH";"ram";"ram_Usada";"GB";"2022-11-07 10:35:46";6.56
"Servidor-SPTECH";"ram";"ram_Usada";"GB";"2022-11-07 10:35:44";6.6
"Servidor-SPTECH";"ram";"ram_Usada";"GB";"2022-11-07 10:35:43";6.6
"Servidor-SPTECH";"ram";"ram_Usada";"GB";"2022-11-07 10:35:41";6.59
"Servidor-SPTECH";"ram";"ram_Usada";"GB";"2022-11-07 10:35:40";6.56
"Servidor-SPTECH";"ram";"ram_Usada";"GB";"2022-11-07 10:35:38";6.61
"Servidor-SPTECH";"ram";"ram_Usada";"GB";"2022-11-07 10:35:36";6.61
"Servidor-SPTECH";"ram";"ram_Usada";"GB";"2022-11-07 10:35:35";6.62
"Servidor-SPTECH";"ram";"ram_Usada";"GB";"2022-11-07 10:35:33";6.59
"Servidor-SPTECH";"ram";"ram_Usada";"GB";"2022-11-07 10:35:31";6.67
"Servidor-SPTECH";"ram";"ram_Usada";"GB";"2022-11-07 10:35:30";6.66
"Servidor-SPTECH";"ram";"ram_Usada";"GB";"2022-11-07 10:35:28";6.66
"Servidor-SPTECH";"ram";"ram_Usada";"GB";"2022-11-07 10:35:27";6.66
"Servidor-SPTECH";"ram";"ram_Usada";"GB";"2022-11-07 10:35:25";6.67
"Servidor-SPTECH";"ram";"ram_Usada";"GB";"2022-11-07 10:35:23";6.67
"Servidor-SPTECH";"ram";"ram_Usada";"GB";"2022-11-07 10:35:22";6.66
"Servidor-SPTECH";"ram";"ram_Usada";"GB";"2022-11-07 10:35:20";6.7
"Servidor-SPTECH";"ram";"ram_Usada";"GB";"2022-11-07 10:35:19";6.69
"Servidor-SPTECH";"ram";"ram_Usada";"GB";"2022-11-07 10:35:17";6.7
"Servidor-SPTECH";"ram";"ram_Usada";"GB";"2022-11-07 10:35:15";6.69
"Servidor-SPTECH";"ram";"ram_Usada";"GB";"2022-11-07 10:35:14";6.78
"Servidor-SPTECH";"ram";"ram_Usada";"GB";"2022-11-07 10:35:12";6.74
"Servidor-SPTECH";"ram";"ram_Usada";"GB";"2022-11-07 10:35:10";6.7
"Servidor-SPTECH";"ram";"ram_Usada";"GB";"2022-11-07 10:35:09";6.69
"Servidor-SPTECH";"ram";"ram_Usada";"GB";"2022-11-07 10:35:07";6.68
"Servidor-SPTECH";"ram";"ram_Usada";"GB";"2022-11-07 10:35:05";6.68
"Servidor-SPTECH";"ram";"ram_Usada";"GB";"2022-11-07 10:35:04";6.65
"Servidor-SPTECH";"ram";"ram_Usada";"GB";"2022-11-07 10:35:02";6.68
"Servidor-SPTECH";"ram";"ram_Usada";"GB";"2022-11-07 10:35:00";6.66
"Servidor-SPTECH";"ram";"ram_Usada";"GB";"2022-11-07 10:34:59";6.66
"Servidor-SPTECH";"ram";"ram_Usada";"GB";"2022-11-07 10:34:57";6.63
"Servidor-SPTECH";"ram";"ram_Usada";"GB";"2022-11-07 10:34:56";6.66
"Servidor-SPTECH";"ram";"ram_Usada";"GB";"2022-11-07 10:34:54";6.66
"Servidor-SPTECH";"ram";"ram_Usada";"GB";"2022-11-07 10:34:52";6.67
"Servidor-SPTECH";"ram";"ram_Usada";"GB";"2022-11-07 10:34:51";6.66
"Servidor-SPTECH";"ram";"ram_Usada";"GB";"2022-11-07 10:34:49";6.66
"Servidor-SPTECH";"ram";"ram_Usada";"GB";"2022-11-07 10:34:47";6.63
"Servidor-SPTECH";"ram";"ram_Usada";"GB";"2022-11-07 10:34:46";6.6
"Servidor-SPTECH";"ram";"ram_Usada";"GB";"2022-11-07 10:34:44";6.63
"Servidor-SPTECH";"ram";"ram_Usada";"GB";"2022-11-07 10:34:42";6.63
"Servidor-SPTECH";"ram";"ram_Usada";"GB";"2022-11-07 10:34:40";6.62
"Servidor-SPTECH";"ram";"ram_Usada";"GB";"2022-11-07 10:34:39";6.75
"Servidor-SPTECH";"ram";"ram_Usada";"GB";"2022-11-07 10:34:37";6.75
"Servidor-SPTECH";"ram";"ram_Usada";"GB";"2022-11-07 10:34:35";6.76
"Servidor-SPTECH";"ram";"ram_Usada";"GB";"2022-11-07 10:34:34";6.74
"Servidor-SPTECH";"ram";"ram_Usada";"GB";"2022-11-07 10:34:32";6.76
"Servidor-SPTECH";"ram";"ram_Usada";"GB";"2022-11-07 10:34:30";6.75
"Servidor-SPTECH";"ram";"ram_Usada";"GB";"2022-11-07 10:34:29";6.76
"Servidor-SPTECH";"ram";"ram_Usada";"GB";"2022-11-07 10:34:27";6.73
"Servidor-SPTECH";"ram";"ram_Usada";"GB";"2022-11-07 10:34:25";6.76
"Servidor-SPTECH";"ram";"ram_Usada";"GB";"2022-11-07 10:34:24";6.76
"Servidor-SPTECH";"ram";"ram_Usada";"GB";"2022-11-07 10:34:22";6.76
"Servidor-SPTECH";"ram";"ram_Usada";"GB";"2022-11-07 10:34:20";6.76
"Servidor-SPTECH";"ram";"ram_Usada";"GB";"2022-11-07 10:34:18";6.76
"Servidor-SPTECH";"ram";"ram_Usada";"GB";"2022-11-07 10:34:17";6.76
"Servidor-SPTECH";"ram";"ram_Usada";"GB";"2022-11-07 10:34:15";6.73
"Servidor-SPTECH";"ram";"ram_Usada";"GB";"2022-11-07 10:34:14";6.76
"Servidor-SPTECH";"ram";"ram_Usada";"GB";"2022-11-07 10:34:12";6.76
"Servidor-SPTECH";"ram";"ram_Usada";"GB";"2022-11-07 10:34:10";6.76
"Servidor-SPTECH";"ram";"ram_Usada";"GB";"2022-11-07 10:34:09";6.76
"Servidor-SPTECH";"ram";"ram_Usada";"GB";"2022-11-07 10:34:07";6.76
"Servidor-SPTECH";"ram";"ram_Usada";"GB";"2022-11-07 10:34:05";6.76
"Servidor-SPTECH";"ram";"ram_Usada";"GB";"2022-11-07 10:34:04";6.76
"Servidor-SPTECH";"ram";"ram_Usada";"GB";"2022-11-07 10:34:02";6.76
"Servidor-SPTECH";"ram";"ram_Usada";"GB";"2022-11-07 10:34:00";6.8
"Servidor-SPTECH";"ram";"ram_Usada";"GB";"2022-11-07 10:33:59";6.8
"Servidor-SPTECH";"ram";"ram_Usada";"GB";"2022-11-07 10:33:57";6.81
"Servidor-SPTECH";"ram";"ram_Usada";"GB";"2022-11-07 10:33:56";6.81
"Servidor-SPTECH";"ram";"ram_Usada";"GB";"2022-11-07 10:33:54";6.83
"Servidor-SPTECH";"ram";"ram_Usada";"GB";"2022-11-07 10:33:52";6.83
"Servidor-SPTECH";"ram";"ram_Usada";"GB";"2022-11-07 10:33:50";6.81
"Servidor-SPTECH";"ram";"ram_Usada";"GB";"2022-11-07 10:33:48";6.82
"Servidor-SPTECH";"ram";"ram_Usada";"GB";"2022-11-07 10:33:47";6.82
"Servidor-SPTECH";"ram";"ram_Usada";"GB";"2022-11-07 10:33:45";6.81
"Servidor-SPTECH";"ram";"ram_Usada";"GB";"2022-11-07 10:33:44";6.84
"Servidor-SPTECH";"ram";"ram_Usada";"GB";"2022-11-07 10:33:42";6.9
"Servidor-SPTECH";"ram";"ram_Usada";"GB";"2022-11-07 10:33:40";6.89
"Servidor-SPTECH";"ram";"ram_Usada";"GB";"2022-11-07 10:33:38";6.9
"Servidor-SPTECH";"ram";"ram_Usada";"GB";"2022-11-07 10:33:37";6.86
"Servidor-SPTECH";"ram";"ram_Usada";"GB";"2022-11-07 10:33:34";6.84
"Servidor-SPTECH";"ram";"ram_Usada";"GB";"2022-11-07 10:33:33";6.82
"Servidor-SPTECH";"ram";"ram_Usada";"GB";"2022-11-07 10:33:31";6.8
"Servidor-SPTECH";"ram";"ram_Usada";"GB";"2022-11-07 10:33:29";6.85
"Servidor-SPTECH";"ram";"ram_Usada";"GB";"2022-11-07 10:33:28";6.85
"Servidor-SPTECH";"ram";"ram_Usada";"GB";"2022-11-07 10:33:26";6.84
"Servidor-SPTECH";"ram";"ram_Usada";"GB";"2022-11-07 10:33:24";6.93
"Servidor-SPTECH";"ram";"ram_Usada";"GB";"2022-11-07 10:33:22";6.94
"Servidor-SPTECH";"ram";"ram_Usada";"GB";"2022-11-07 10:33:21";6.94
"Servidor-SPTECH";"ram";"ram_Usada";"GB";"2022-11-07 10:33:19";6.94
"Servidor-SPTECH";"ram";"ram_Usada";"GB";"2022-11-07 10:33:17";6.94
"Servidor-SPTECH";"ram";"ram_Usada";"GB";"2022-11-07 10:33:16";6.93
"Servidor-SPTECH";"ram";"ram_Usada";"GB";"2022-11-07 10:33:14";6.93
"Servidor-SPTECH";"ram";"ram_Usada";"GB";"2022-11-07 10:33:13";6.92
"Servidor-SPTECH";"ram";"ram_Usada";"GB";"2022-11-07 10:33:11";6.95
"Servidor-SPTECH";"ram";"ram_Usada";"GB";"2022-11-07 10:33:09";6.95
"Servidor-SPTECH";"ram";"ram_Usada";"GB";"2022-11-07 10:33:07";6.94
"Servidor-SPTECH";"ram";"ram_Usada";"GB";"2022-11-07 10:33:06";6.93
"Servidor-SPTECH";"ram";"ram_Usada";"GB";"2022-11-07 10:33:04";6.95
"Servidor-SPTECH";"ram";"ram_Usada";"GB";"2022-11-07 10:33:02";6.92
"Servidor-SPTECH";"ram";"ram_Usada";"GB";"2022-11-07 10:33:00";6.92
"Servidor-SPTECH";"ram";"ram_Usada";"GB";"2022-11-07 10:32:59";6.92
"Servidor-SPTECH";"ram";"ram_Usada";"GB";"2022-11-07 10:32:57";6.91
"Servidor-SPTECH";"ram";"ram_Usada";"GB";"2022-11-07 10:32:55";6.9
"Servidor-SPTECH";"ram";"ram_Usada";"GB";"2022-11-07 10:32:54";6.89
"Servidor-SPTECH";"ram";"ram_Usada";"GB";"2022-11-07 10:32:52";6.89
"Servidor-SPTECH";"ram";"ram_Usada";"GB";"2022-11-07 10:32:50";6.89
"Servidor-SPTECH";"ram";"ram_Usada";"GB";"2022-11-07 10:32:49";6.89
"Servidor-SPTECH";"ram";"ram_Usada";"GB";"2022-11-07 10:32:47";6.89
"Servidor-SPTECH";"ram";"ram_Usada";"GB";"2022-11-07 10:32:45";6.88
"Servidor-SPTECH";"ram";"ram_Usada";"GB";"2022-11-07 10:32:44";6.89
"Servidor-SPTECH";"ram";"ram_Usada";"GB";"2022-11-07 10:32:42";6.85
"Servidor-SPTECH";"ram";"ram_Usada";"GB";"2022-11-07 10:32:41";6.85
"Servidor-SPTECH";"ram";"ram_Usada";"GB";"2022-11-07 10:32:39";6.87
"Servidor-SPTECH";"ram";"ram_Usada";"GB";"2022-11-07 10:32:37";6.85
"Servidor-SPTECH";"ram";"ram_Usada";"GB";"2022-11-07 10:32:35";6.85
"Servidor-SPTECH";"ram";"ram_Usada";"GB";"2022-11-07 10:32:33";6.83
"Servidor-SPTECH";"ram";"ram_Usada";"GB";"2022-11-07 10:32:32";6.81
"Servidor-SPTECH";"ram";"ram_Usada";"GB";"2022-11-07 10:32:30";6.81
"Servidor-SPTECH";"ram";"ram_Usada";"GB";"2022-11-07 10:32:28";6.81
"Servidor-SPTECH";"ram";"ram_Usada";"GB";"2022-11-07 10:32:27";6.82
"Servidor-SPTECH";"ram";"ram_Usada";"GB";"2022-11-07 10:32:25";6.81
"Servidor-SPTECH";"ram";"ram_Usada";"GB";"2022-11-07 10:32:24";6.8
"Servidor-SPTECH";"ram";"ram_Usada";"GB";"2022-11-07 10:32:22";6.8
"Servidor-SPTECH";"ram";"ram_Usada";"GB";"2022-11-07 10:32:20";6.81
"Servidor-SPTECH";"ram";"ram_Usada";"GB";"2022-11-07 10:32:19";6.81
"Servidor-SPTECH";"ram";"ram_Usada";"GB";"2022-11-07 10:32:17";6.81
"Servidor-SPTECH";"ram";"ram_Usada";"GB";"2022-11-07 10:32:15";6.82
"Servidor-SPTECH";"ram";"ram_Usada";"GB";"2022-11-07 10:32:14";6.8
"Servidor-SPTECH";"ram";"ram_Usada";"GB";"2022-11-07 10:32:12";6.8
"Servidor-SPTECH";"ram";"ram_Usada";"GB";"2022-11-07 10:32:10";6.8
"Servidor-SPTECH";"ram";"ram_Usada";"GB";"2022-11-07 10:32:09";6.8
"Servidor-SPTECH";"ram";"ram_Usada";"GB";"2022-11-07 10:32:07";6.8
"Servidor-SPTECH";"ram";"ram_Usada";"GB";"2022-11-07 10:32:05";6.81
"Servidor-SPTECH";"ram";"ram_Usada";"GB";"2022-11-07 10:32:04";6.81
"Servidor-SPTECH";"ram";"ram_Usada";"GB";"2022-11-07 10:32:02";6.82
"Servidor-SPTECH";"ram";"ram_Usada";"GB";"2022-11-07 10:32:00";6.82
"Servidor-SPTECH";"ram";"ram_Usada";"GB";"2022-11-07 10:31:59";6.87
"Servidor-SPTECH";"ram";"ram_Usada";"GB";"2022-11-07 10:31:57";6.86
"Servidor-SPTECH";"ram";"ram_Usada";"GB";"2022-11-07 10:31:55";6.87
"Servidor-SPTECH";"ram";"ram_Usada";"GB";"2022-11-07 10:31:54";6.86
"Servidor-SPTECH";"ram";"ram_Usada";"GB";"2022-11-07 10:31:52";6.86
"Servidor-SPTECH";"ram";"ram_Usada";"GB";"2022-11-07 10:31:50";6.86
"Servidor-SPTECH";"ram";"ram_Usada";"GB";"2022-11-07 10:31:49";6.87
"Servidor-SPTECH";"ram";"ram_Usada";"GB";"2022-11-07 10:31:47";6.87
"Servidor-SPTECH";"ram";"ram_Usada";"GB";"2022-11-07 10:31:45";6.88
"Servidor-SPTECH";"ram";"ram_Usada";"GB";"2022-11-07 10:31:44";6.88
"Servidor-SPTECH";"ram";"ram_Usada";"GB";"2022-11-07 10:31:42";6.85
"Servidor-SPTECH";"ram";"ram_Usada";"GB";"2022-11-07 10:31:40";6.83
"Servidor-SPTECH";"ram";"ram_Usada";"GB";"2022-11-07 10:31:38";6.86
"Servidor-SPTECH";"ram";"ram_Usada";"GB";"2022-11-07 10:31:37";6.84
"Servidor-SPTECH";"ram";"ram_Usada";"GB";"2022-11-07 10:31:35";6.84
"Servidor-SPTECH";"ram";"ram_Usada";"GB";"2022-11-07 10:31:33";6.88
"Servidor-SPTECH";"ram";"ram_Usada";"GB";"2022-11-07 10:31:31";6.87
"Servidor-SPTECH";"ram";"ram_Usada";"GB";"2022-11-07 10:31:30";6.86
"Servidor-SPTECH";"ram";"ram_Usada";"GB";"2022-11-07 10:31:28";6.86
"Servidor-SPTECH";"ram";"ram_Usada";"GB";"2022-11-07 10:31:26";6.84
"Servidor-SPTECH";"ram";"ram_Usada";"GB";"2022-11-07 10:31:25";6.84
"Servidor-SPTECH";"ram";"ram_Usada";"GB";"2022-11-07 10:31:23";6.85
"Servidor-SPTECH";"ram";"ram_Usada";"GB";"2022-11-07 10:31:22";6.85
"Servidor-SPTECH";"ram";"ram_Usada";"GB";"2022-11-07 10:31:20";6.85
"Servidor-SPTECH";"ram";"ram_Usada";"GB";"2022-11-07 10:31:18";6.86
"Servidor-SPTECH";"ram";"ram_Usada";"GB";"2022-11-07 10:31:17";6.82
"Servidor-SPTECH";"ram";"ram_Usada";"GB";"2022-11-07 10:31:15";6.83
"Servidor-SPTECH";"ram";"ram_Usada";"GB";"2022-11-07 10:31:13";6.79
"Servidor-SPTECH";"ram";"ram_Usada";"GB";"2022-11-07 10:31:11";6.78
"Servidor-SPTECH";"ram";"ram_Usada";"GB";"2022-11-07 10:31:10";6.79
"Servidor-SPTECH";"ram";"ram_Usada";"GB";"2022-11-07 10:31:08";6.77
"Servidor-SPTECH";"ram";"ram_Usada";"GB";"2022-11-07 10:31:06";6.78
"Servidor-SPTECH";"ram";"ram_Usada";"GB";"2022-11-07 10:31:04";6.74
"Servidor-SPTECH";"ram";"ram_Usada";"GB";"2022-11-07 10:31:03";6.74
"Servidor-SPTECH";"ram";"ram_Usada";"GB";"2022-11-07 10:31:01";6.75
"Servidor-SPTECH";"ram";"ram_Usada";"GB";"2022-11-07 10:30:59";6.74
"Servidor-SPTECH";"ram";"ram_Usada";"GB";"2022-11-07 10:30:58";6.73
"Servidor-SPTECH";"ram";"ram_Usada";"GB";"2022-11-07 10:30:56";6.73
"Servidor-SPTECH";"ram";"ram_Usada";"GB";"2022-11-07 10:30:54";6.73
"Servidor-SPTECH";"ram";"ram_Usada";"GB";"2022-11-07 10:30:53";6.74
"Servidor-SPTECH";"ram";"ram_Usada";"GB";"2022-11-07 10:30:51";6.74
"Servidor-SPTECH";"ram";"ram_Usada";"GB";"2022-11-07 10:30:49";6.73
"Servidor-SPTECH";"ram";"ram_Usada";"GB";"2022-11-07 10:30:47";6.72
"Servidor-SPTECH";"ram";"ram_Usada";"GB";"2022-11-07 10:30:46";6.72
"Servidor-SPTECH";"ram";"ram_Usada";"GB";"2022-11-07 10:30:44";6.73
"Servidor-SPTECH";"ram";"ram_Usada";"GB";"2022-11-07 10:30:42";6.72
"Servidor-SPTECH";"ram";"ram_Usada";"GB";"2022-11-07 10:30:40";6.78
"Servidor-SPTECH";"ram";"ram_Usada";"GB";"2022-11-07 10:30:39";6.82
"Servidor-SPTECH";"ram";"ram_Usada";"GB";"2022-11-07 10:30:37";6.88
"Servidor-SPTECH";"ram";"ram_Usada";"GB";"2022-11-07 10:30:35";6.86
"Servidor-SPTECH";"ram";"ram_Usada";"GB";"2022-11-07 10:30:34";6.92
"Servidor-SPTECH";"ram";"ram_Usada";"GB";"2022-11-07 10:30:32";6.92
"Servidor-SPTECH";"ram";"ram_Usada";"GB";"2022-11-07 10:30:30";6.94
"Servidor-SPTECH";"ram";"ram_Usada";"GB";"2022-11-07 10:30:29";6.96
"Servidor-SPTECH";"ram";"ram_Usada";"GB";"2022-11-07 10:30:27";6.96
"Servidor-SPTECH";"ram";"ram_Usada";"GB";"2022-11-07 10:30:25";6.97
"Servidor-SPTECH";"ram";"ram_Usada";"GB";"2022-11-07 10:30:23";6.9
"Servidor-SPTECH";"ram";"ram_Usada";"GB";"2022-11-07 10:30:21";6.86
"Servidor-SPTECH";"ram";"ram_Usada";"GB";"2022-11-07 10:30:20";6.83
"Servidor-SPTECH";"ram";"ram_Usada";"GB";"2022-11-07 10:30:18";6.83
"Servidor-SPTECH";"ram";"ram_Usada";"GB";"2022-11-07 10:30:16";6.8
"Servidor-SPTECH";"ram";"ram_Usada";"GB";"2022-11-07 10:30:14";6.77
"Servidor-SPTECH";"ram";"ram_Usada";"GB";"2022-11-07 10:30:13";6.77
"Servidor-SPTECH";"ram";"ram_Usada";"GB";"2022-11-07 10:30:11";6.77
"Servidor-SPTECH";"ram";"ram_Usada";"GB";"2022-11-07 10:30:09";6.79
"Servidor-SPTECH";"ram";"ram_Usada";"GB";"2022-11-07 10:30:08";6.79
"Servidor-SPTECH";"ram";"ram_Usada";"GB";"2022-11-07 10:30:06";6.81
"Servidor-SPTECH";"ram";"ram_Usada";"GB";"2022-11-07 10:30:05";6.82
"Servidor-SPTECH";"ram";"ram_Usada";"GB";"2022-11-07 10:30:03";6.89
"Servidor-SPTECH";"ram";"ram_Usada";"GB";"2022-11-07 10:30:01";6.9
"Servidor-SPTECH";"ram";"ram_Usada";"GB";"2022-11-07 10:29:59";6.96
"Servidor-SPTECH";"ram";"ram_Usada";"GB";"2022-11-07 10:29:57";6.97
"Servidor-SPTECH";"ram";"ram_Usada";"GB";"2022-11-07 10:29:56";6.98
"Servidor-SPTECH";"ram";"ram_Usada";"GB";"2022-11-07 10:29:54";6.99
"Servidor-SPTECH";"ram";"ram_Usada";"GB";"2022-11-07 10:29:52";6.92
"Servidor-SPTECH";"ram";"ram_Usada";"GB";"2022-11-07 10:29:50";6.91
"Servidor-SPTECH";"ram";"ram_Usada";"GB";"2022-11-07 10:29:49";6.89
"Servidor-SPTECH";"ram";"ram_Usada";"GB";"2022-11-07 10:29:47";6.88
"Servidor-SPTECH";"ram";"ram_Usada";"GB";"2022-11-07 10:29:46";6.82
"Servidor-SPTECH";"ram";"ram_Usada";"GB";"2022-11-07 10:29:44";6.76
"Servidor-SPTECH";"ram";"ram_Usada";"GB";"2022-11-07 10:29:42";6.77
"Servidor-SPTECH";"ram";"ram_Usada";"GB";"2022-11-07 10:29:41";6.74
"Servidor-SPTECH";"ram";"ram_Usada";"GB";"2022-11-07 10:29:39";6.76
"Servidor-SPTECH";"ram";"ram_Usada";"GB";"2022-11-07 10:29:37";6.77
"Servidor-SPTECH";"ram";"ram_Usada";"GB";"2022-11-07 10:29:36";6.77
"Servidor-SPTECH";"ram";"ram_Usada";"GB";"2022-11-07 10:29:34";6.77
"Servidor-SPTECH";"ram";"ram_Usada";"GB";"2022-11-07 10:29:33";6.78
"Servidor-SPTECH";"ram";"ram_Usada";"GB";"2022-11-07 10:29:31";6.81
"Servidor-SPTECH";"ram";"ram_Usada";"GB";"2022-11-07 10:29:29";6.82
"Servidor-SPTECH";"ram";"ram_Usada";"GB";"2022-11-07 10:29:28";6.82
"Servidor-SPTECH";"ram";"ram_Usada";"GB";"2022-11-07 10:29:26";6.83
"Servidor-SPTECH";"ram";"ram_Usada";"GB";"2022-11-07 10:29:25";6.78
"Servidor-SPTECH";"ram";"ram_Usada";"GB";"2022-11-07 10:29:23";6.78
"Servidor-SPTECH";"ram";"ram_Usada";"GB";"2022-11-07 10:29:21";6.87
"Servidor-SPTECH";"ram";"ram_Usada";"GB";"2022-11-07 10:29:20";6.87
"Servidor-SPTECH";"ram";"ram_Usada";"GB";"2022-11-07 10:29:18";6.86
"Servidor-SPTECH";"ram";"ram_Usada";"GB";"2022-11-07 10:29:17";6.87
"Servidor-SPTECH";"ram";"ram_Usada";"GB";"2022-11-07 10:29:15";6.85
"Servidor-SPTECH";"ram";"ram_Usada";"GB";"2022-11-07 10:29:13";6.87
"Servidor-SPTECH";"ram";"ram_Usada";"GB";"2022-11-07 10:29:12";6.85
"Servidor-SPTECH";"ram";"ram_Usada";"GB";"2022-11-07 10:29:10";6.88
"Servidor-SPTECH";"ram";"ram_Usada";"GB";"2022-11-07 10:29:09";6.87
"Servidor-SPTECH";"ram";"ram_Usada";"GB";"2022-11-07 10:29:07";6.87
"Servidor-SPTECH";"ram";"ram_Usada";"GB";"2022-11-07 10:29:05";6.87
"Servidor-SPTECH";"ram";"ram_Usada";"GB";"2022-11-07 10:29:04";6.88
"Servidor-SPTECH";"ram";"ram_Usada";"GB";"2022-11-07 10:29:02";6.88
"Servidor-SPTECH";"ram";"ram_Usada";"GB";"2022-11-07 10:29:00";6.87
"Servidor-SPTECH";"ram";"ram_Usada";"GB";"2022-11-07 10:28:59";6.88
"Servidor-SPTECH";"ram";"ram_Usada";"GB";"2022-11-07 10:28:57";6.87
"Servidor-SPTECH";"ram";"ram_Usada";"GB";"2022-11-07 10:28:55";6.87
"Servidor-SPTECH";"ram";"ram_Usada";"GB";"2022-11-07 10:28:54";6.86
"Servidor-SPTECH";"ram";"ram_Usada";"GB";"2022-11-07 10:28:52";6.89
"Servidor-SPTECH";"ram";"ram_Usada";"GB";"2022-11-07 10:28:50";6.89
"Servidor-SPTECH";"ram";"ram_Usada";"GB";"2022-11-07 10:28:49";6.89
"Servidor-SPTECH";"ram";"ram_Usada";"GB";"2022-11-07 10:28:47";6.89
"Servidor-SPTECH";"ram";"ram_Usada";"GB";"2022-11-07 10:28:45";6.89
"Servidor-SPTECH";"ram";"ram_Usada";"GB";"2022-11-07 10:28:44";6.9
"Servidor-SPTECH";"ram";"ram_Usada";"GB";"2022-11-07 10:28:42";6.91
"Servidor-SPTECH";"ram";"ram_Usada";"GB";"2022-11-07 10:28:40";6.91
"Servidor-SPTECH";"ram";"ram_Usada";"GB";"2022-11-07 10:28:39";6.97
"Servidor-SPTECH";"ram";"ram_Usada";"GB";"2022-11-07 10:28:37";6.99
"Servidor-SPTECH";"ram";"ram_Usada";"GB";"2022-11-07 10:28:36";6.95
"Servidor-SPTECH";"ram";"ram_Usada";"GB";"2022-11-07 10:28:34";6.99
"Servidor-SPTECH";"ram";"ram_Usada";"GB";"2022-11-07 10:28:32";6.95
"Servidor-SPTECH";"ram";"ram_Usada";"GB";"2022-11-07 10:28:30";6.9
"Servidor-SPTECH";"ram";"ram_Usada";"GB";"2022-11-07 10:28:29";6.86
"Servidor-SPTECH";"ram";"ram_Usada";"GB";"2022-11-07 10:28:27";6.88
"Servidor-SPTECH";"ram";"ram_Usada";"GB";"2022-11-07 10:28:25";6.83
"Servidor-SPTECH";"ram";"ram_Usada";"GB";"2022-11-07 10:28:23";6.88
"Servidor-SPTECH";"ram";"ram_Usada";"GB";"2022-11-07 10:28:21";6.89
"Servidor-SPTECH";"ram";"ram_Usada";"GB";"2022-11-07 10:28:20";6.91
"Servidor-SPTECH";"ram";"ram_Usada";"GB";"2022-11-07 10:28:18";7.01
"Servidor-SPTECH";"ram";"ram_Usada";"GB";"2022-11-07 10:28:16";6.99
"Servidor-SPTECH";"ram";"ram_Usada";"GB";"2022-11-07 10:28:14";7.0
"Servidor-SPTECH";"ram";"ram_Usada";"GB";"2022-11-07 10:28:12";7.02
"Servidor-SPTECH";"ram";"ram_Usada";"GB";"2022-11-07 10:28:11";7.02
"Servidor-SPTECH";"ram";"ram_Usada";"GB";"2022-11-07 10:28:09";7.04
"Servidor-SPTECH";"ram";"ram_Usada";"GB";"2022-11-07 10:28:07";7.05
"Servidor-SPTECH";"ram";"ram_Usada";"GB";"2022-11-07 10:28:05";7.03
"Servidor-SPTECH";"ram";"ram_Usada";"GB";"2022-11-07 10:28:04";6.95
"Servidor-SPTECH";"ram";"ram_Usada";"GB";"2022-11-07 10:28:02";6.96
"Servidor-SPTECH";"ram";"ram_Usada";"GB";"2022-11-07 10:28:00";6.97
"Servidor-SPTECH";"ram";"ram_Usada";"GB";"2022-11-07 10:27:58";6.99
"Servidor-SPTECH";"ram";"ram_Usada";"GB";"2022-11-07 10:27:57";6.99
"Servidor-SPTECH";"ram";"ram_Usada";"GB";"2022-11-07 10:27:55";7.0
"Servidor-SPTECH";"ram";"ram_Usada";"GB";"2022-11-07 10:27:53";6.94
"Servidor-SPTECH";"ram";"ram_Usada";"GB";"2022-11-07 10:27:51";6.91
"Servidor-SPTECH";"ram";"ram_Usada";"GB";"2022-11-07 10:27:50";6.86
"Servidor-SPTECH";"ram";"ram_Usada";"GB";"2022-11-07 10:27:48";6.86
"Servidor-SPTECH";"ram";"ram_Usada";"GB";"2022-11-07 10:27:46";6.86
"Servidor-SPTECH";"ram";"ram_Usada";"GB";"2022-11-07 10:27:44";6.83
"Servidor-SPTECH";"ram";"ram_Usada";"GB";"2022-11-07 10:27:43";6.97
"Servidor-SPTECH";"ram";"ram_Usada";"GB";"2022-11-07 10:27:41";6.99
"Servidor-SPTECH";"ram";"ram_Usada";"GB";"2022-11-07 10:27:39";7.03
"Servidor-SPTECH";"ram";"ram_Usada";"GB";"2022-11-07 10:27:38";7.06
"Servidor-SPTECH";"ram";"ram_Usada";"GB";"2022-11-07 10:27:36";7.07
"Servidor-SPTECH";"ram";"ram_Usada";"GB";"2022-11-07 10:27:35";7.03
"Servidor-SPTECH";"ram";"ram_Usada";"GB";"2022-11-07 10:27:33";7.06
"Servidor-SPTECH";"ram";"ram_Usada";"GB";"2022-11-07 10:27:31";7.08
"Servidor-SPTECH";"ram";"ram_Usada";"GB";"2022-11-07 10:27:29";7.05
"Servidor-SPTECH";"ram";"ram_Usada";"GB";"2022-11-07 10:27:27";7.04
"Servidor-SPTECH";"ram";"ram_Usada";"GB";"2022-11-07 10:27:26";7.08
"Servidor-SPTECH";"ram";"ram_Usada";"GB";"2022-11-07 10:27:24";7.11
"Servidor-SPTECH";"ram";"ram_Usada";"GB";"2022-11-07 10:27:23";7.11
"Servidor-SPTECH";"ram";"ram_Usada";"GB";"2022-11-07 10:27:21";7.11
"Servidor-SPTECH";"ram";"ram_Usada";"GB";"2022-11-07 10:27:19";7.1
"Servidor-SPTECH";"ram";"ram_Usada";"GB";"2022-11-07 10:27:18";7.06
"Servidor-SPTECH";"ram";"ram_Usada";"GB";"2022-11-07 10:27:16";7.04
"Servidor-SPTECH";"ram";"ram_Usada";"GB";"2022-11-07 10:27:14";7.03
"Servidor-SPTECH";"ram";"ram_Usada";"GB";"2022-11-07 10:27:12";7.02
"Servidor-SPTECH";"ram";"ram_Usada";"GB";"2022-11-07 10:27:10";7.01
"Servidor-SPTECH";"ram";"ram_Usada";"GB";"2022-11-07 10:27:09";7.03
"Servidor-SPTECH";"ram";"ram_Usada";"GB";"2022-11-07 10:27:07";7.03
"Servidor-SPTECH";"ram";"ram_Usada";"GB";"2022-11-07 10:27:05";6.94
"Servidor-SPTECH";"ram";"ram_Usada";"GB";"2022-11-07 10:27:04";6.97
"Servidor-SPTECH";"ram";"ram_Usada";"GB";"2022-11-07 10:27:02";6.9
"Servidor-SPTECH";"ram";"ram_Usada";"GB";"2022-11-07 10:27:00";6.89
"Servidor-SPTECH";"ram";"ram_Usada";"GB";"2022-11-07 10:26:58";6.86
"Servidor-SPTECH";"ram";"ram_Usada";"GB";"2022-11-07 10:26:57";6.86
"Servidor-SPTECH";"ram";"ram_Usada";"GB";"2022-11-07 10:26:55";6.86
"Servidor-SPTECH";"ram";"ram_Usada";"GB";"2022-11-07 10:26:54";6.85
"Servidor-SPTECH";"ram";"ram_Usada";"GB";"2022-11-07 10:26:52";6.85
"Servidor-SPTECH";"ram";"ram_Usada";"GB";"2022-11-07 10:26:50";6.84
"Servidor-SPTECH";"ram";"ram_Usada";"GB";"2022-11-07 10:26:49";6.85
"Servidor-SPTECH";"ram";"ram_Usada";"GB";"2022-11-07 10:26:47";6.82
"Servidor-SPTECH";"ram";"ram_Usada";"GB";"2022-11-07 10:26:46";6.85
"Servidor-SPTECH";"ram";"ram_Usada";"GB";"2022-11-07 10:26:44";6.85
"Servidor-SPTECH";"ram";"ram_Usada";"GB";"2022-11-07 10:26:42";6.84
"Servidor-SPTECH";"ram";"ram_Usada";"GB";"2022-11-07 10:26:41";6.85
"Servidor-SPTECH";"ram";"ram_Usada";"GB";"2022-11-07 10:26:39";6.88
"Servidor-SPTECH";"ram";"ram_Usada";"GB";"2022-11-07 10:26:37";6.87
"Servidor-SPTECH";"ram";"ram_Usada";"GB";"2022-11-07 10:26:36";6.8
"Servidor-SPTECH";"ram";"ram_Usada";"GB";"2022-11-07 10:26:34";6.8
"Servidor-SPTECH";"ram";"ram_Usada";"GB";"2022-11-07 10:26:32";6.75
"Servidor-SPTECH";"ram";"ram_Usada";"GB";"2022-11-07 10:26:31";6.74
"Servidor-SPTECH";"ram";"ram_Usada";"GB";"2022-11-07 10:26:29";6.74
"Servidor-SPTECH";"ram";"ram_Usada";"GB";"2022-11-07 10:26:27";6.74
"Servidor-SPTECH";"ram";"ram_Usada";"GB";"2022-11-07 10:26:25";6.74
"Servidor-SPTECH";"ram";"ram_Usada";"GB";"2022-11-07 10:26:24";6.74
"Servidor-SPTECH";"ram";"ram_Usada";"GB";"2022-11-07 10:26:22";6.74
"Servidor-SPTECH";"ram";"ram_Usada";"GB";"2022-11-07 10:26:21";6.74
"Servidor-SPTECH";"ram";"ram_Usada";"GB";"2022-11-07 10:26:19";6.74
"Servidor-SPTECH";"ram";"ram_Usada";"GB";"2022-11-07 10:26:17";6.75
"Servidor-SPTECH";"ram";"ram_Usada";"GB";"2022-11-07 10:26:16";6.75
"Servidor-SPTECH";"ram";"ram_Usada";"GB";"2022-11-07 10:26:14";6.75
"Servidor-SPTECH";"ram";"ram_Usada";"GB";"2022-11-07 10:26:13";6.77
"Servidor-SPTECH";"ram";"ram_Usada";"GB";"2022-11-07 10:26:11";6.78
"Servidor-SPTECH";"ram";"ram_Usada";"GB";"2022-11-07 10:26:09";6.86
"Servidor-SPTECH";"ram";"ram_Usada";"GB";"2022-11-07 10:26:08";6.85
"Servidor-SPTECH";"ram";"ram_Usada";"GB";"2022-11-07 10:26:06";6.86
"Servidor-SPTECH";"ram";"ram_Usada";"GB";"2022-11-07 10:26:04";6.87
"Servidor-SPTECH";"ram";"ram_Usada";"GB";"2022-11-07 10:26:03";6.89
"Servidor-SPTECH";"ram";"ram_Usada";"GB";"2022-11-07 10:26:01";6.91
"Servidor-SPTECH";"ram";"ram_Usada";"GB";"2022-11-07 10:25:59";6.92
"Servidor-SPTECH";"ram";"ram_Usada";"GB";"2022-11-07 10:25:58";6.94
"Servidor-SPTECH";"ram";"ram_Usada";"GB";"2022-11-07 10:25:56";6.95
"Servidor-SPTECH";"ram";"ram_Usada";"GB";"2022-11-07 10:25:54";6.93
"Servidor-SPTECH";"ram";"ram_Usada";"GB";"2022-11-07 10:25:53";6.95
"Servidor-SPTECH";"ram";"ram_Usada";"GB";"2022-11-07 10:25:51";6.95
"Servidor-SPTECH";"ram";"ram_Usada";"GB";"2022-11-07 10:25:50";6.96
"Servidor-SPTECH";"ram";"ram_Usada";"GB";"2022-11-07 10:25:48";6.94
"Servidor-SPTECH";"ram";"ram_Usada";"GB";"2022-11-07 10:25:46";6.93
"Servidor-SPTECH";"ram";"ram_Usada";"GB";"2022-11-07 10:25:44";6.85
"Servidor-SPTECH";"ram";"ram_Usada";"GB";"2022-11-07 10:25:43";6.87
"Servidor-SPTECH";"ram";"ram_Usada";"GB";"2022-11-07 10:25:41";6.9
"Servidor-SPTECH";"ram";"ram_Usada";"GB";"2022-11-07 10:25:40";6.91
"Servidor-SPTECH";"ram";"ram_Usada";"GB";"2022-11-07 10:25:38";6.97
"Servidor-SPTECH";"ram";"ram_Usada";"GB";"2022-11-07 10:25:36";6.94
"Servidor-SPTECH";"ram";"ram_Usada";"GB";"2022-11-07 10:25:34";6.87
"Servidor-SPTECH";"ram";"ram_Usada";"GB";"2022-11-07 10:25:32";6.84
"Servidor-SPTECH";"ram";"ram_Usada";"GB";"2022-11-07 10:25:30";6.92
"Servidor-SPTECH";"ram";"ram_Usada";"GB";"2022-11-07 10:25:29";6.86
"Servidor-SPTECH";"ram";"ram_Usada";"GB";"2022-11-07 10:25:27";6.77
"Servidor-SPTECH";"ram";"ram_Usada";"GB";"2022-11-07 10:25:25";6.58
"Servidor-SPTECH";"ram";"ram_Usada";"GB";"2022-11-07 10:25:23";6.49
"Servidor-SPTECH";"ram";"ram_Usada";"GB";"2022-11-07 10:25:22";6.5
"Servidor-SPTECH";"ram";"ram_Usada";"GB";"2022-11-07 10:25:20";6.45
"Servidor-SPTECH";"ram";"ram_Usada";"GB";"2022-11-07 10:25:18";6.44
"Servidor-SPTECH";"ram";"ram_Usada";"GB";"2022-11-07 10:25:17";6.42
"Servidor-SPTECH";"ram";"ram_Usada";"GB";"2022-11-07 10:25:15";6.4
"Servidor-SPTECH";"ram";"ram_Usada";"GB";"2022-11-07 10:25:13";6.4
"Servidor-SPTECH";"ram";"ram_Usada";"GB";"2022-11-07 10:25:11";6.41
"Servidor-SPTECH";"ram";"ram_Usada";"GB";"2022-11-07 10:25:10";6.42
"Servidor-SPTECH";"ram";"ram_Usada";"GB";"2022-11-07 10:25:08";6.41
"Servidor-SPTECH";"ram";"ram_Usada";"GB";"2022-11-07 10:25:06";6.44
"Servidor-SPTECH";"ram";"ram_Usada";"GB";"2022-11-07 10:25:05";6.45
"Servidor-SPTECH";"ram";"ram_Usada";"GB";"2022-11-07 10:25:03";6.45
"Servidor-SPTECH";"ram";"ram_Usada";"GB";"2022-11-07 10:25:01";6.4
"Servidor-SPTECH";"ram";"ram_Usada";"GB";"2022-11-07 10:25:00";6.37
"Servidor-SPTECH";"ram";"ram_Usada";"GB";"2022-11-07 10:24:58";6.37
"Servidor-SPTECH";"ram";"ram_Usada";"GB";"2022-11-07 10:24:56";6.36
"Servidor-SPTECH";"ram";"ram_Usada";"GB";"2022-11-07 10:24:55";6.4
"Servidor-SPTECH";"ram";"ram_Usada";"GB";"2022-11-07 10:24:53";6.4
"Servidor-SPTECH";"ram";"ram_Usada";"GB";"2022-11-07 10:24:51";6.41
"Servidor-SPTECH";"ram";"ram_Usada";"GB";"2022-11-07 10:24:50";6.39
"Servidor-SPTECH";"ram";"ram_Usada";"GB";"2022-11-07 10:24:48";6.4
"Servidor-SPTECH";"ram";"ram_Usada";"GB";"2022-11-07 10:24:47";6.38
"Servidor-SPTECH";"ram";"ram_Usada";"GB";"2022-11-07 10:24:45";6.4
"Servidor-SPTECH";"ram";"ram_Usada";"GB";"2022-11-07 10:24:43";6.36
"Servidor-SPTECH";"ram";"ram_Usada";"GB";"2022-11-07 10:24:42";6.36
"Servidor-SPTECH";"ram";"ram_Usada";"GB";"2022-11-07 10:24:40";6.37
"Servidor-SPTECH";"ram";"ram_Usada";"GB";"2022-11-07 10:24:39";6.48
"Servidor-SPTECH";"ram";"ram_Usada";"GB";"2022-11-07 10:24:37";6.47
"Servidor-SPTECH";"ram";"ram_Usada";"GB";"2022-11-07 10:24:35";6.46
"Servidor-SPTECH";"ram";"ram_Usada";"GB";"2022-11-07 10:24:34";6.46
"Servidor-SPTECH";"ram";"ram_Usada";"GB";"2022-11-07 10:24:32";6.4
"Servidor-SPTECH";"ram";"ram_Usada";"GB";"2022-11-07 10:24:31";6.41
"Servidor-SPTECH";"ram";"ram_Usada";"GB";"2022-11-07 10:24:29";6.4
"Servidor-SPTECH";"ram";"ram_Usada";"GB";"2022-11-07 10:24:27";6.42
"Servidor-SPTECH";"ram";"ram_Usada";"GB";"2022-11-07 10:24:25";6.43
"Servidor-SPTECH";"ram";"ram_Usada";"GB";"2022-11-07 10:24:24";6.42
"Servidor-SPTECH";"ram";"ram_Usada";"GB";"2022-11-07 10:24:22";6.46
"Servidor-SPTECH";"ram";"ram_Usada";"GB";"2022-11-07 10:24:21";6.47
"Servidor-SPTECH";"ram";"ram_Usada";"GB";"2022-11-07 10:24:19";6.45
"Servidor-SPTECH";"ram";"ram_Usada";"GB";"2022-11-07 10:24:17";6.4
"Servidor-SPTECH";"ram";"ram_Usada";"GB";"2022-11-07 10:24:16";6.42
"Servidor-SPTECH";"ram";"ram_Usada";"GB";"2022-11-07 10:24:14";6.42
"Servidor-SPTECH";"ram";"ram_Usada";"GB";"2022-11-07 10:24:13";6.47
"Servidor-SPTECH";"ram";"ram_Usada";"GB";"2022-11-07 10:24:11";6.56
"Servidor-SPTECH";"ram";"ram_Usada";"GB";"2022-11-07 10:24:09";6.55
"Servidor-SPTECH";"ram";"ram_Usada";"GB";"2022-11-07 10:24:08";6.49
"Servidor-SPTECH";"ram";"ram_Usada";"GB";"2022-11-07 10:24:06";6.49
"Servidor-SPTECH";"ram";"ram_Usada";"GB";"2022-11-07 10:24:04";6.49
"Servidor-SPTECH";"ram";"ram_Usada";"GB";"2022-11-07 10:24:03";6.56
"Servidor-SPTECH";"ram";"ram_Usada";"GB";"2022-11-07 10:24:01";6.61
"Servidor-SPTECH";"ram";"ram_Usada";"GB";"2022-11-07 10:23:59";6.61
"Servidor-SPTECH";"ram";"ram_Usada";"GB";"2022-11-07 10:23:58";6.6
"Servidor-SPTECH";"ram";"ram_Usada";"GB";"2022-11-07 10:23:56";6.59
"Servidor-SPTECH";"ram";"ram_Usada";"GB";"2022-11-07 10:23:55";6.62
"Servidor-SPTECH";"ram";"ram_Usada";"GB";"2022-11-07 10:23:53";6.62
"Servidor-SPTECH";"ram";"ram_Usada";"GB";"2022-11-07 10:23:51";6.64
"Servidor-SPTECH";"ram";"ram_Usada";"GB";"2022-11-07 10:23:49";6.8
"Servidor-SPTECH";"ram";"ram_Usada";"GB";"2022-11-07 10:23:47";6.79
"Servidor-SPTECH";"ram";"ram_Usada";"GB";"2022-11-07 10:23:46";6.81
"Servidor-SPTECH";"ram";"ram_Usada";"GB";"2022-11-07 10:23:44";6.8
"Servidor-SPTECH";"ram";"ram_Usada";"GB";"2022-11-07 10:23:42";6.74
"Servidor-SPTECH";"ram";"ram_Usada";"GB";"2022-11-07 10:23:41";6.74
"Servidor-SPTECH";"ram";"ram_Usada";"GB";"2022-11-07 10:23:39";6.79
"Servidor-SPTECH";"ram";"ram_Usada";"GB";"2022-11-07 10:23:38";6.83
"Servidor-SPTECH";"ram";"ram_Usada";"GB";"2022-11-07 10:23:36";6.75
"Servidor-SPTECH";"ram";"ram_Usada";"GB";"2022-11-07 10:23:34";6.75
"Servidor-SPTECH";"ram";"ram_Usada";"GB";"2022-11-07 10:23:33";6.74
"Servidor-SPTECH";"ram";"ram_Usada";"GB";"2022-11-07 10:23:31";6.74
"Servidor-SPTECH";"ram";"ram_Usada";"GB";"2022-11-07 10:23:29";6.75
"Servidor-SPTECH";"ram";"ram_Usada";"GB";"2022-11-07 10:23:28";6.71
"Servidor-SPTECH";"ram";"ram_Usada";"GB";"2022-11-07 10:23:26";6.75
"Servidor-SPTECH";"ram";"ram_Usada";"GB";"2022-11-07 10:23:24";6.71
"Servidor-SPTECH";"ram";"ram_Usada";"GB";"2022-11-07 10:23:23";6.68
"Servidor-SPTECH";"ram";"ram_Usada";"GB";"2022-11-07 10:23:21";6.67
"Servidor-SPTECH";"ram";"ram_Usada";"GB";"2022-11-07 10:23:19";6.67
"Servidor-SPTECH";"ram";"ram_Usada";"GB";"2022-11-07 10:23:18";6.68
"Servidor-SPTECH";"ram";"ram_Usada";"GB";"2022-11-07 10:23:16";6.67
"Servidor-SPTECH";"ram";"ram_Usada";"GB";"2022-11-07 10:23:14";6.68
"Servidor-SPTECH";"ram";"ram_Usada";"GB";"2022-11-07 10:23:13";6.69
"Servidor-SPTECH";"ram";"ram_Usada";"GB";"2022-11-07 10:23:11";6.69
"Servidor-SPTECH";"ram";"ram_Usada";"GB";"2022-11-07 10:23:09";6.69
"Servidor-SPTECH";"ram";"ram_Usada";"GB";"2022-11-07 10:23:08";6.69
"Servidor-SPTECH";"ram";"ram_Usada";"GB";"2022-11-07 10:23:06";6.68
"Servidor-SPTECH";"ram";"ram_Usada";"GB";"2022-11-07 10:23:04";6.67
"Servidor-SPTECH";"ram";"ram_Usada";"GB";"2022-11-07 10:23:03";6.64
"Servidor-SPTECH";"ram";"ram_Usada";"GB";"2022-11-07 10:23:01";6.64
"Servidor-SPTECH";"ram";"ram_Usada";"GB";"2022-11-07 10:22:59";6.63
"Servidor-SPTECH";"ram";"ram_Usada";"GB";"2022-11-07 10:22:58";6.66
"Servidor-SPTECH";"ram";"ram_Usada";"GB";"2022-11-07 10:22:56";6.67
"Servidor-SPTECH";"ram";"ram_Usada";"GB";"2022-11-07 10:22:54";6.68
"Servidor-SPTECH";"ram";"ram_Usada";"GB";"2022-11-07 10:22:53";6.68
"Servidor-SPTECH";"ram";"ram_Usada";"GB";"2022-11-07 10:22:51";6.71
"Servidor-SPTECH";"ram";"ram_Usada";"GB";"2022-11-07 10:22:49";6.71
"Servidor-SPTECH";"ram";"ram_Usada";"GB";"2022-11-07 10:22:48";6.72
"Servidor-SPTECH";"ram";"ram_Usada";"GB";"2022-11-07 10:22:46";6.73
"Servidor-SPTECH";"ram";"ram_Usada";"GB";"2022-11-07 10:22:45";6.71
"Servidor-SPTECH";"ram";"ram_Usada";"GB";"2022-11-07 10:22:43";6.72
"Servidor-SPTECH";"ram";"ram_Usada";"GB";"2022-11-07 10:22:41";6.63
"Servidor-SPTECH";"ram";"ram_Usada";"GB";"2022-11-07 10:22:39";6.65
"Servidor-SPTECH";"ram";"ram_Usada";"GB";"2022-11-07 10:22:38";6.71
"Servidor-SPTECH";"ram";"ram_Usada";"GB";"2022-11-07 10:22:36";6.69
"Servidor-SPTECH";"ram";"ram_Usada";"GB";"2022-11-07 10:22:34";6.77
"Servidor-SPTECH";"ram";"ram_Usada";"GB";"2022-11-07 10:22:32";6.74
"Servidor-SPTECH";"ram";"ram_Usada";"GB";"2022-11-07 10:22:30";6.77
"Servidor-SPTECH";"ram";"ram_Usada";"GB";"2022-11-07 10:22:29";6.78
"Servidor-SPTECH";"ram";"ram_Usada";"GB";"2022-11-07 10:22:27";6.78
"Servidor-SPTECH";"ram";"ram_Usada";"GB";"2022-11-07 10:22:25";6.77
"Servidor-SPTECH";"ram";"ram_Usada";"GB";"2022-11-07 10:22:23";6.77
"Servidor-SPTECH";"ram";"ram_Usada";"GB";"2022-11-07 10:22:22";6.77
"Servidor-SPTECH";"ram";"ram_Usada";"GB";"2022-11-07 10:22:20";6.79
"Servidor-SPTECH";"ram";"ram_Usada";"GB";"2022-11-07 10:22:18";6.79
"Servidor-SPTECH";"ram";"ram_Usada";"GB";"2022-11-07 10:22:17";6.8
"Servidor-SPTECH";"ram";"ram_Usada";"GB";"2022-11-07 10:22:15";6.78
"Servidor-SPTECH";"ram";"ram_Usada";"GB";"2022-11-07 10:22:13";6.81
"Servidor-SPTECH";"ram";"ram_Usada";"GB";"2022-11-07 10:22:11";6.75
"Servidor-SPTECH";"ram";"ram_Usada";"GB";"2022-11-07 10:22:10";6.75
"Servidor-SPTECH";"ram";"ram_Usada";"GB";"2022-11-07 10:22:08";6.75
"Servidor-SPTECH";"ram";"ram_Usada";"GB";"2022-11-07 10:22:06";6.74
"Servidor-SPTECH";"ram";"ram_Usada";"GB";"2022-11-07 10:22:04";6.74
"Servidor-SPTECH";"ram";"ram_Usada";"GB";"2022-11-07 10:22:03";6.75
"Servidor-SPTECH";"ram";"ram_Usada";"GB";"2022-11-07 10:22:01";6.75
"Servidor-SPTECH";"ram";"ram_Usada";"GB";"2022-11-07 10:21:59";6.77
"Servidor-SPTECH";"ram";"ram_Usada";"GB";"2022-11-07 10:21:58";6.53
"Servidor-SPTECH";"ram";"ram_Usada";"GB";"2022-11-07 10:21:56";6.54
"Servidor-SPTECH";"ram";"ram_Usada";"GB";"2022-11-07 10:21:54";6.5
"Servidor-SPTECH";"ram";"ram_Usada";"GB";"2022-11-07 10:21:53";6.5
"Servidor-SPTECH";"ram";"ram_Usada";"GB";"2022-11-07 10:21:51";6.49
"Servidor-SPTECH";"ram";"ram_Usada";"GB";"2022-11-07 10:21:49";6.5
"Servidor-SPTECH";"ram";"ram_Usada";"GB";"2022-11-07 10:21:48";6.46
"Servidor-SPTECH";"ram";"ram_Usada";"GB";"2022-11-07 10:21:46";6.49
"Servidor-SPTECH";"ram";"ram_Usada";"GB";"2022-11-07 10:21:45";6.48
"Servidor-SPTECH";"ram";"ram_Usada";"GB";"2022-11-07 10:21:43";6.48
"Servidor-SPTECH";"ram";"ram_Usada";"GB";"2022-11-07 10:21:41";6.51
"Servidor-SPTECH";"ram";"ram_Usada";"GB";"2022-11-07 10:21:39";6.52
"Servidor-SPTECH";"ram";"ram_Usada";"GB";"2022-11-07 10:21:38";6.5
"Servidor-SPTECH";"ram";"ram_Usada";"GB";"2022-11-07 10:21:36";6.46
"Servidor-SPTECH";"ram";"ram_Usada";"GB";"2022-11-07 10:21:34";6.46
"Servidor-SPTECH";"ram";"ram_Usada";"GB";"2022-11-07 10:21:33";6.45
"Servidor-SPTECH";"ram";"ram_Usada";"GB";"2022-11-07 10:21:31";6.46
"Servidor-SPTECH";"ram";"ram_Usada";"GB";"2022-11-07 10:21:30";6.47
"Servidor-SPTECH";"ram";"ram_Usada";"GB";"2022-11-07 10:21:28";6.48
"Servidor-SPTECH";"ram";"ram_Usada";"GB";"2022-11-07 10:21:26";6.49
"Servidor-SPTECH";"ram";"ram_Usada";"GB";"2022-11-07 10:21:25";6.47
"Servidor-SPTECH";"ram";"ram_Usada";"GB";"2022-11-07 10:21:23";6.43
"Servidor-SPTECH";"ram";"ram_Usada";"GB";"2022-11-07 10:21:22";6.41
"Servidor-SPTECH";"ram";"ram_Usada";"GB";"2022-11-07 10:21:20";6.47
"Servidor-SPTECH";"ram";"ram_Usada";"GB";"2022-11-07 10:21:19";6.51
"Servidor-SPTECH";"ram";"ram_Usada";"GB";"2022-11-07 10:21:17";6.52
"Servidor-SPTECH";"ram";"ram_Usada";"GB";"2022-11-07 10:21:15";6.52
"Servidor-SPTECH";"ram";"ram_Usada";"GB";"2022-11-07 10:21:14";6.5
"Servidor-SPTECH";"ram";"ram_Usada";"GB";"2022-11-07 10:21:12";6.51
"Servidor-SPTECH";"ram";"ram_Usada";"GB";"2022-11-07 10:21:11";6.53
"Servidor-SPTECH";"ram";"ram_Usada";"GB";"2022-11-07 10:21:09";6.53
"Servidor-SPTECH";"ram";"ram_Usada";"GB";"2022-11-07 10:21:07";6.53
"Servidor-SPTECH";"ram";"ram_Usada";"GB";"2022-11-07 10:21:06";6.54
"Servidor-SPTECH";"ram";"ram_Usada";"GB";"2022-11-07 10:21:04";6.52
"Servidor-SPTECH";"ram";"ram_Usada";"GB";"2022-11-07 10:21:02";6.51
"Servidor-SPTECH";"ram";"ram_Usada";"GB";"2022-11-07 10:21:01";6.51
"Servidor-SPTECH";"ram";"ram_Usada";"GB";"2022-11-07 10:20:59";6.47
"Servidor-SPTECH";"ram";"ram_Usada";"GB";"2022-11-07 10:20:57";6.47
"Servidor-SPTECH";"ram";"ram_Usada";"GB";"2022-11-07 10:20:55";6.55
"Servidor-SPTECH";"ram";"ram_Usada";"GB";"2022-11-07 10:20:54";6.53
"Servidor-SPTECH";"ram";"ram_Usada";"GB";"2022-11-07 10:20:52";6.55
"Servidor-SPTECH";"ram";"ram_Usada";"GB";"2022-11-07 10:20:51";6.55
"Servidor-SPTECH";"ram";"ram_Usada";"GB";"2022-11-07 10:20:49";6.55
"Servidor-SPTECH";"ram";"ram_Usada";"GB";"2022-11-07 10:20:47";6.56
"Servidor-SPTECH";"ram";"ram_Usada";"GB";"2022-11-07 10:20:46";6.53
"Servidor-SPTECH";"ram";"ram_Usada";"GB";"2022-11-07 10:20:44";6.49
"Servidor-SPTECH";"ram";"ram_Usada";"GB";"2022-11-07 10:20:42";6.5
"Servidor-SPTECH";"ram";"ram_Usada";"GB";"2022-11-07 10:20:41";6.48
"Servidor-SPTECH";"ram";"ram_Usada";"GB";"2022-11-07 10:20:39";6.54
"Servidor-SPTECH";"ram";"ram_Usada";"GB";"2022-11-07 10:20:37";6.55
"Servidor-SPTECH";"ram";"ram_Usada";"GB";"2022-11-07 10:20:36";6.54
"Servidor-SPTECH";"ram";"ram_Usada";"GB";"2022-11-07 10:20:34";6.53
"Servidor-SPTECH";"ram";"ram_Usada";"GB";"2022-11-07 10:20:32";6.54
"Servidor-SPTECH";"ram";"ram_Usada";"GB";"2022-11-07 10:20:31";6.52
"Servidor-SPTECH";"ram";"ram_Usada";"GB";"2022-11-07 10:20:29";6.5
"Servidor-SPTECH";"ram";"ram_Usada";"GB";"2022-11-07 10:20:27";6.49
"Servidor-SPTECH";"ram";"ram_Usada";"GB";"2022-11-07 10:20:25";6.5
"Servidor-SPTECH";"ram";"ram_Usada";"GB";"2022-11-07 10:20:24";6.49
"Servidor-SPTECH";"ram";"ram_Usada";"GB";"2022-11-07 10:20:22";6.43
"Servidor-SPTECH";"ram";"ram_Usada";"GB";"2022-11-07 10:20:21";6.43
"Servidor-SPTECH";"ram";"ram_Usada";"GB";"2022-11-07 10:20:19";6.44
"Servidor-SPTECH";"ram";"ram_Usada";"GB";"2022-11-07 10:20:17";6.44
"Servidor-SPTECH";"ram";"ram_Usada";"GB";"2022-11-07 10:20:16";6.46
"Servidor-SPTECH";"ram";"ram_Usada";"GB";"2022-11-07 10:20:14";6.47
"Servidor-SPTECH";"ram";"ram_Usada";"GB";"2022-11-07 10:20:12";6.46
"Servidor-SPTECH";"ram";"ram_Usada";"GB";"2022-11-07 10:20:11";6.47
"Servidor-SPTECH";"ram";"ram_Usada";"GB";"2022-11-07 10:20:09";6.48
"Servidor-SPTECH";"ram";"ram_Usada";"GB";"2022-11-07 10:20:07";6.49
"Servidor-SPTECH";"ram";"ram_Usada";"GB";"2022-11-07 10:20:06";6.49
"Servidor-SPTECH";"ram";"ram_Usada";"GB";"2022-11-07 10:20:04";6.43
"Servidor-SPTECH";"ram";"ram_Usada";"GB";"2022-11-07 10:20:03";6.44
"Servidor-SPTECH";"ram";"ram_Usada";"GB";"2022-11-07 10:20:01";6.4
"Servidor-SPTECH";"ram";"ram_Usada";"GB";"2022-11-07 10:19:59";6.32
"Servidor-SPTECH";"ram";"ram_Usada";"GB";"2022-11-07 10:19:57";6.3
"Servidor-SPTECH";"ram";"ram_Usada";"GB";"2022-11-07 10:19:56";6.29
"Servidor-SPTECH";"ram";"ram_Usada";"GB";"2022-11-07 10:19:54";6.3
"Servidor-SPTECH";"ram";"ram_Usada";"GB";"2022-11-07 10:19:52";6.26
"Servidor-SPTECH";"ram";"ram_Usada";"GB";"2022-11-07 10:19:51";6.25
"Servidor-SPTECH";"ram";"ram_Usada";"GB";"2022-11-07 10:19:49";6.25
"Servidor-SPTECH";"ram";"ram_Usada";"GB";"2022-11-07 10:19:48";6.27
"Servidor-SPTECH";"ram";"ram_Usada";"GB";"2022-11-07 10:19:46";6.27
"Servidor-SPTECH";"ram";"ram_Usada";"GB";"2022-11-07 10:19:45";6.28
"Servidor-SPTECH";"ram";"ram_Usada";"GB";"2022-11-07 10:19:43";6.29
"Servidor-SPTECH";"ram";"ram_Usada";"GB";"2022-11-07 10:19:41";6.3
"Servidor-SPTECH";"ram";"ram_Usada";"GB";"2022-11-07 10:19:40";6.3
"Servidor-SPTECH";"ram";"ram_Usada";"GB";"2022-11-07 10:19:38";6.34
"Servidor-SPTECH";"ram";"ram_Usada";"GB";"2022-11-07 10:19:37";6.34
"Servidor-SPTECH";"ram";"ram_Usada";"GB";"2022-11-07 10:19:35";6.36
"Servidor-SPTECH";"ram";"ram_Usada";"GB";"2022-11-07 10:19:33";6.34
"Servidor-SPTECH";"ram";"ram_Usada";"GB";"2022-11-07 10:19:32";6.35
"Servidor-SPTECH";"ram";"ram_Usada";"GB";"2022-11-07 10:19:30";6.37
"Servidor-SPTECH";"ram";"ram_Usada";"GB";"2022-11-07 10:19:28";6.36
"Servidor-SPTECH";"ram";"ram_Usada";"GB";"2022-11-07 10:19:26";6.22
"Servidor-SPTECH";"ram";"ram_Usada";"GB";"2022-11-07 10:19:24";6.23
"Servidor-SPTECH";"ram";"ram_Usada";"GB";"2022-11-07 10:19:23";6.22
"Servidor-SPTECH";"ram";"ram_Usada";"GB";"2022-11-07 10:19:21";6.28
"Servidor-SPTECH";"ram";"ram_Usada";"GB";"2022-11-07 10:19:20";6.31
"Servidor-SPTECH";"ram";"ram_Usada";"GB";"2022-11-07 10:19:18";6.31
"Servidor-SPTECH";"ram";"ram_Usada";"GB";"2022-11-07 10:19:17";6.31
"Servidor-SPTECH";"ram";"ram_Usada";"GB";"2022-11-07 10:19:15";6.31
"Servidor-SPTECH";"ram";"ram_Usada";"GB";"2022-11-07 10:19:13";6.32
"Servidor-SPTECH";"ram";"ram_Usada";"GB";"2022-11-07 10:19:12";6.33
"Servidor-SPTECH";"ram";"ram_Usada";"GB";"2022-11-07 10:19:10";6.33
"Servidor-SPTECH";"ram";"ram_Usada";"GB";"2022-11-07 10:19:08";6.32
"Servidor-SPTECH";"ram";"ram_Usada";"GB";"2022-11-07 10:19:07";6.33
"Servidor-SPTECH";"ram";"ram_Usada";"GB";"2022-11-07 10:19:05";6.33
"Servidor-SPTECH";"ram";"ram_Usada";"GB";"2022-11-07 10:19:03";6.33
"Servidor-SPTECH";"ram";"ram_Usada";"GB";"2022-11-07 10:19:02";6.34
"Servidor-SPTECH";"ram";"ram_Usada";"GB";"2022-11-07 10:19:00";6.34
"Servidor-SPTECH";"ram";"ram_Usada";"GB";"2022-11-07 10:18:59";6.34
"Servidor-SPTECH";"ram";"ram_Usada";"GB";"2022-11-07 10:18:57";6.35
"Servidor-SPTECH";"ram";"ram_Usada";"GB";"2022-11-07 10:18:55";6.33
"Servidor-SPTECH";"ram";"ram_Usada";"GB";"2022-11-07 10:18:53";6.3
"Servidor-SPTECH";"ram";"ram_Usada";"GB";"2022-11-07 10:18:52";6.3
"Servidor-SPTECH";"ram";"ram_Usada";"GB";"2022-11-07 10:18:50";6.3
"Servidor-SPTECH";"ram";"ram_Usada";"GB";"2022-11-07 10:18:48";6.3
"Servidor-SPTECH";"ram";"ram_Usada";"GB";"2022-11-07 10:18:47";6.3
"Servidor-SPTECH";"ram";"ram_Usada";"GB";"2022-11-07 10:18:45";6.31
"Servidor-SPTECH";"ram";"ram_Usada";"GB";"2022-11-07 10:18:44";6.31
"Servidor-SPTECH";"ram";"ram_Usada";"GB";"2022-11-07 10:18:42";6.32
"Servidor-SPTECH";"ram";"ram_Usada";"GB";"2022-11-07 10:18:40";6.34
"Servidor-SPTECH";"ram";"ram_Usada";"GB";"2022-11-07 10:18:39";6.37
"Servidor-SPTECH";"ram";"ram_Usada";"GB";"2022-11-07 10:18:37";6.37
"Servidor-SPTECH";"ram";"ram_Usada";"GB";"2022-11-07 10:18:36";6.37
"Servidor-SPTECH";"ram";"ram_Usada";"GB";"2022-11-07 10:18:34";6.37
"Servidor-SPTECH";"ram";"ram_Usada";"GB";"2022-11-07 10:18:32";6.36
"Servidor-SPTECH";"ram";"ram_Usada";"GB";"2022-11-07 10:18:31";6.36
"Servidor-SPTECH";"ram";"ram_Usada";"GB";"2022-11-07 10:18:29";6.36
"Servidor-SPTECH";"ram";"ram_Usada";"GB";"2022-11-07 10:18:28";6.36
"Servidor-SPTECH";"ram";"ram_Usada";"GB";"2022-11-07 10:18:26";6.36
"Servidor-SPTECH";"ram";"ram_Usada";"GB";"2022-11-07 10:18:24";6.36
"Servidor-SPTECH";"ram";"ram_Usada";"GB";"2022-11-07 10:18:23";6.41
"Servidor-SPTECH";"ram";"ram_Usada";"GB";"2022-11-07 10:18:21";6.41
"Servidor-SPTECH";"ram";"ram_Usada";"GB";"2022-11-07 10:18:20";6.41
"Servidor-SPTECH";"ram";"ram_Usada";"GB";"2022-11-07 10:18:18";6.41
"Servidor-SPTECH";"ram";"ram_Usada";"GB";"2022-11-07 10:18:16";6.42
"Servidor-SPTECH";"ram";"ram_Usada";"GB";"2022-11-07 10:18:15";6.42
"Servidor-SPTECH";"ram";"ram_Usada";"GB";"2022-11-07 10:18:13";6.42
"Servidor-SPTECH";"ram";"ram_Usada";"GB";"2022-11-07 10:18:12";6.42
"Servidor-SPTECH";"ram";"ram_Usada";"GB";"2022-11-07 10:18:10";6.42
"Servidor-SPTECH";"ram";"ram_Usada";"GB";"2022-11-07 10:18:08";6.42
"Servidor-SPTECH";"ram";"ram_Usada";"GB";"2022-11-07 10:18:07";6.42
"Servidor-SPTECH";"ram";"ram_Usada";"GB";"2022-11-07 10:18:05";6.39
"Servidor-SPTECH";"ram";"ram_Usada";"GB";"2022-11-07 10:18:04";6.39
"Servidor-SPTECH";"ram";"ram_Usada";"GB";"2022-11-07 10:18:02";6.37
"Servidor-SPTECH";"ram";"ram_Usada";"GB";"2022-11-07 10:18:00";6.37
"Servidor-SPTECH";"ram";"ram_Usada";"GB";"2022-11-07 10:17:59";6.34
"Servidor-SPTECH";"ram";"ram_Usada";"GB";"2022-11-07 10:17:57";6.33
"Servidor-SPTECH";"ram";"ram_Usada";"GB";"2022-11-07 10:17:56";6.33
"Servidor-SPTECH";"ram";"ram_Usada";"GB";"2022-11-07 10:17:54";6.33
"Servidor-SPTECH";"ram";"ram_Usada";"GB";"2022-11-07 10:17:52";6.34
"Servidor-SPTECH";"ram";"ram_Usada";"GB";"2022-11-07 10:17:51";6.33
"Servidor-SPTECH";"ram";"ram_Usada";"GB";"2022-11-07 10:17:49";6.34
"Servidor-SPTECH";"ram";"ram_Usada";"GB";"2022-11-07 10:17:48";6.33
"Servidor-SPTECH";"ram";"ram_Usada";"GB";"2022-11-07 10:17:46";6.33
"Servidor-SPTECH";"ram";"ram_Usada";"GB";"2022-11-07 10:17:44";6.34
"Servidor-SPTECH";"ram";"ram_Usada";"GB";"2022-11-07 10:17:43";6.33
"Servidor-SPTECH";"ram";"ram_Usada";"GB";"2022-11-07 10:17:41";6.33
"Servidor-SPTECH";"ram";"ram_Usada";"GB";"2022-11-07 10:17:40";6.33
"Servidor-SPTECH";"ram";"ram_Usada";"GB";"2022-11-07 10:17:38";6.35
"Servidor-SPTECH";"ram";"ram_Usada";"GB";"2022-11-07 10:17:36";6.35
"Servidor-SPTECH";"ram";"ram_Usada";"GB";"2022-11-07 10:17:35";6.35
"Servidor-SPTECH";"ram";"ram_Usada";"GB";"2022-11-07 10:17:33";6.35
"Servidor-SPTECH";"ram";"ram_Usada";"GB";"2022-11-07 10:17:32";6.34
"Servidor-SPTECH";"ram";"ram_Usada";"GB";"2022-11-07 10:17:30";6.35
"Servidor-SPTECH";"ram";"ram_Usada";"GB";"2022-11-07 10:17:28";6.35
"Servidor-SPTECH";"ram";"ram_Usada";"GB";"2022-11-07 10:17:27";6.37
"Servidor-SPTECH";"ram";"ram_Usada";"GB";"2022-11-07 10:17:25";6.37
"Servidor-SPTECH";"ram";"ram_Usada";"GB";"2022-11-07 10:17:24";6.35
"Servidor-SPTECH";"ram";"ram_Usada";"GB";"2022-11-07 10:17:22";6.34
"Servidor-SPTECH";"ram";"ram_Usada";"GB";"2022-11-07 10:17:20";6.35
"Servidor-SPTECH";"ram";"ram_Usada";"GB";"2022-11-07 10:17:19";6.35
"Servidor-SPTECH";"ram";"ram_Usada";"GB";"2022-11-07 10:17:17";6.36
"Servidor-SPTECH";"ram";"ram_Usada";"GB";"2022-11-07 10:17:15";6.37
"Servidor-SPTECH";"ram";"ram_Usada";"GB";"2022-11-07 10:17:14";6.35
"Servidor-SPTECH";"ram";"ram_Usada";"GB";"2022-11-07 10:17:12";6.36
"Servidor-SPTECH";"ram";"ram_Usada";"GB";"2022-11-07 10:17:11";6.36
"Servidor-SPTECH";"ram";"ram_Usada";"GB";"2022-11-07 10:17:09";6.37
"Servidor-SPTECH";"ram";"ram_Usada";"GB";"2022-11-07 10:17:07";6.36
"Servidor-SPTECH";"ram";"ram_Usada";"GB";"2022-11-07 10:17:06";6.36
"Servidor-SPTECH";"ram";"ram_Usada";"GB";"2022-11-07 10:17:04";6.34
"Servidor-SPTECH";"ram";"ram_Usada";"GB";"2022-11-07 10:17:03";6.35
"Servidor-SPTECH";"ram";"ram_Usada";"GB";"2022-11-07 10:17:01";6.34
"Servidor-SPTECH";"ram";"ram_Usada";"GB";"2022-11-07 10:16:59";6.35
"Servidor-SPTECH";"ram";"ram_Usada";"GB";"2022-11-07 10:16:58";6.34
"Servidor-SPTECH";"ram";"ram_Usada";"GB";"2022-11-07 10:16:56";6.34
"Servidor-SPTECH";"ram";"ram_Usada";"GB";"2022-11-07 10:16:55";6.34
"Servidor-SPTECH";"ram";"ram_Usada";"GB";"2022-11-07 10:16:53";6.34
"Servidor-SPTECH";"ram";"ram_Usada";"GB";"2022-11-07 10:16:52";6.34
"Servidor-SPTECH";"ram";"ram_Usada";"GB";"2022-11-07 10:16:50";6.33
"Servidor-SPTECH";"ram";"ram_Usada";"GB";"2022-11-07 10:16:48";6.34
"Servidor-SPTECH";"ram";"ram_Usada";"GB";"2022-11-07 10:16:47";6.34
"Servidor-SPTECH";"ram";"ram_Usada";"GB";"2022-11-07 10:16:45";6.34
"Servidor-SPTECH";"ram";"ram_Usada";"GB";"2022-11-07 10:16:43";6.34
"Servidor-SPTECH";"ram";"ram_Usada";"GB";"2022-11-07 10:16:42";6.33
"Servidor-SPTECH";"ram";"ram_Usada";"GB";"2022-11-07 10:16:40";6.33
"Servidor-SPTECH";"ram";"ram_Usada";"GB";"2022-11-07 10:16:38";6.36
"Servidor-SPTECH";"ram";"ram_Usada";"GB";"2022-11-07 10:16:37";6.36
"Servidor-SPTECH";"ram";"ram_Usada";"GB";"2022-11-07 10:16:35";6.35
"Servidor-SPTECH";"ram";"ram_Usada";"GB";"2022-11-07 10:16:34";6.36
"Servidor-SPTECH";"ram";"ram_Usada";"GB";"2022-11-07 10:16:32";6.36
"Servidor-SPTECH";"ram";"ram_Usada";"GB";"2022-11-07 10:16:30";6.35
"Servidor-SPTECH";"ram";"ram_Usada";"GB";"2022-11-07 10:16:29";6.36
"Servidor-SPTECH";"ram";"ram_Usada";"GB";"2022-11-07 10:16:27";6.35
"Servidor-SPTECH";"ram";"ram_Usada";"GB";"2022-11-07 10:16:26";6.36
"Servidor-SPTECH";"ram";"ram_Usada";"GB";"2022-11-07 10:16:24";6.36
"Servidor-SPTECH";"ram";"ram_Usada";"GB";"2022-11-07 10:16:22";6.41
"Servidor-SPTECH";"ram";"ram_Usada";"GB";"2022-11-07 10:16:21";6.43
"Servidor-SPTECH";"ram";"ram_Usada";"GB";"2022-11-07 10:16:19";6.46
"Servidor-SPTECH";"ram";"ram_Usada";"GB";"2022-11-07 10:16:18";6.46
"Servidor-SPTECH";"ram";"ram_Usada";"GB";"2022-11-07 10:16:16";6.47
"Servidor-SPTECH";"ram";"ram_Usada";"GB";"2022-11-07 10:16:14";6.47
"Servidor-SPTECH";"ram";"ram_Usada";"GB";"2022-11-07 10:16:13";6.49
"Servidor-SPTECH";"ram";"ram_Usada";"GB";"2022-11-07 10:16:12";6.48
"Servidor-SPTECH";"ram";"ram_Usada";"GB";"2022-11-07 10:16:10";6.49
"Servidor-SPTECH";"ram";"ram_Usada";"GB";"2022-11-07 10:16:09";6.49
"Servidor-SPTECH";"ram";"ram_Usada";"GB";"2022-11-07 10:16:07";6.5
"Servidor-SPTECH";"ram";"ram_Usada";"GB";"2022-11-07 10:16:06";6.45
"Servidor-SPTECH";"ram";"ram_Usada";"GB";"2022-11-07 10:16:04";6.45
"Servidor-SPTECH";"ram";"ram_Usada";"GB";"2022-11-07 10:16:02";6.43
"Servidor-SPTECH";"ram";"ram_Usada";"GB";"2022-11-07 10:16:01";6.48
"Servidor-SPTECH";"ram";"ram_Usada";"GB";"2022-11-07 10:15:59";6.48
"Servidor-SPTECH";"ram";"ram_Usada";"GB";"2022-11-07 10:15:57";6.48
"Servidor-SPTECH";"ram";"ram_Usada";"GB";"2022-11-07 10:15:56";6.47
"Servidor-SPTECH";"ram";"ram_Usada";"GB";"2022-11-07 10:15:54";6.48
"Servidor-SPTECH";"ram";"ram_Usada";"GB";"2022-11-07 10:15:52";6.48
"Servidor-SPTECH";"ram";"ram_Usada";"GB";"2022-11-07 10:15:51";6.38
"Servidor-SPTECH";"ram";"ram_Usada";"GB";"2022-11-07 10:15:49";6.38
"Servidor-SPTECH";"ram";"ram_Usada";"GB";"2022-11-07 10:15:48";6.38
"Servidor-SPTECH";"ram";"ram_Usada";"GB";"2022-11-07 10:15:46";6.4
"Servidor-SPTECH";"ram";"ram_Usada";"GB";"2022-11-07 10:15:44";6.37
"Servidor-SPTECH";"ram";"ram_Usada";"GB";"2022-11-07 10:15:43";6.36
"Servidor-SPTECH";"ram";"ram_Usada";"GB";"2022-11-07 10:15:41";6.36
"Servidor-SPTECH";"ram";"ram_Usada";"GB";"2022-11-07 10:15:39";6.33
"Servidor-SPTECH";"ram";"ram_Usada";"GB";"2022-11-07 10:15:38";6.33
"Servidor-SPTECH";"ram";"ram_Usada";"GB";"2022-11-07 10:15:36";6.34
"Servidor-SPTECH";"ram";"ram_Usada";"GB";"2022-11-07 10:15:34";6.35
"Servidor-SPTECH";"ram";"ram_Usada";"GB";"2022-11-07 10:15:32";6.35
"Servidor-SPTECH";"ram";"ram_Usada";"GB";"2022-11-07 10:15:31";6.35
"Servidor-SPTECH";"ram";"ram_Usada";"GB";"2022-11-07 10:15:29";6.34
"Servidor-SPTECH";"ram";"ram_Usada";"GB";"2022-11-07 10:15:28";6.34
"Servidor-SPTECH";"ram";"ram_Usada";"GB";"2022-11-07 10:15:26";6.35
"Servidor-SPTECH";"ram";"ram_Usada";"GB";"2022-11-07 10:15:24";6.31
"Servidor-SPTECH";"ram";"ram_Usada";"GB";"2022-11-07 10:15:22";6.31
"Servidor-SPTECH";"ram";"ram_Usada";"GB";"2022-11-07 10:15:21";6.31
"Servidor-SPTECH";"ram";"ram_Usada";"GB";"2022-11-07 10:15:14";6.31
"Servidor-SPTECH";"ram";"ram_Usada";"GB";"2022-11-07 10:15:12";6.29
"Servidor-SPTECH";"ram";"ram_Usada";"GB";"2022-11-07 10:15:11";6.29
"Servidor-SPTECH";"ram";"ram_Usada";"GB";"2022-11-07 10:15:09";6.29
"Servidor-SPTECH";"ram";"ram_Usada";"GB";"2022-11-07 10:15:07";6.3
"Servidor-SPTECH";"ram";"ram_Usada";"GB";"2022-11-07 10:15:06";6.29
"Servidor-SPTECH";"ram";"ram_Usada";"GB";"2022-11-07 10:15:04";6.29
"Servidor-SPTECH";"ram";"ram_Usada";"GB";"2022-11-07 10:15:03";6.22
"Servidor-SPTECH";"ram";"ram_Usada";"GB";"2022-11-07 10:15:01";6.21
"Servidor-SPTECH";"ram";"ram_Usada";"GB";"2022-11-07 10:14:59";6.21
"Servidor-SPTECH";"ram";"ram_Usada";"GB";"2022-11-07 10:14:58";6.19
"Servidor-SPTECH";"ram";"ram_Usada";"GB";"2022-11-07 10:14:56";6.19
"Servidor-SPTECH";"ram";"ram_Usada";"GB";"2022-11-07 10:14:54";6.19
"Servidor-SPTECH";"ram";"ram_Usada";"GB";"2022-11-07 10:14:53";6.19
"Servidor-SPTECH";"ram";"ram_Usada";"GB";"2022-11-07 10:14:51";6.2
"Servidor-SPTECH";"ram";"ram_Usada";"GB";"2022-11-07 10:14:49";6.2
"Servidor-SPTECH";"ram";"ram_Usada";"GB";"2022-11-07 10:14:48";6.2
"Servidor-SPTECH";"ram";"ram_Usada";"GB";"2022-11-07 10:14:46";6.22
"Servidor-SPTECH";"ram";"ram_Usada";"GB";"2022-11-07 10:14:44";6.27
"Servidor-SPTECH";"ram";"ram_Usada";"GB";"2022-11-07 10:14:42";6.28
"Servidor-SPTECH";"ram";"ram_Usada";"GB";"2022-11-07 10:14:41";6.27
"Servidor-SPTECH";"ram";"ram_Usada";"GB";"2022-11-07 10:14:39";6.28
"Servidor-SPTECH";"ram";"ram_Usada";"GB";"2022-11-07 10:14:37";6.28
"Servidor-SPTECH";"ram";"ram_Usada";"GB";"2022-11-07 10:14:35";6.27
"Servidor-SPTECH";"ram";"ram_Usada";"GB";"2022-11-07 10:14:34";6.27
"Servidor-SPTECH";"ram";"ram_Usada";"GB";"2022-11-07 10:14:32";6.19
"Servidor-SPTECH";"ram";"ram_Usada";"GB";"2022-11-07 10:14:30";6.18
"Servidor-SPTECH";"ram";"ram_Usada";"GB";"2022-11-07 10:14:29";6.18
"Servidor-SPTECH";"ram";"ram_Usada";"GB";"2022-11-07 10:14:27";6.19
"Servidor-SPTECH";"ram";"ram_Usada";"GB";"2022-11-07 10:14:25";6.18
"Servidor-SPTECH";"ram";"ram_Usada";"GB";"2022-11-07 10:14:24";6.2
"Servidor-SPTECH";"ram";"ram_Usada";"GB";"2022-11-07 10:14:22";6.2
"Servidor-SPTECH";"ram";"ram_Usada";"GB";"2022-11-07 10:14:21";6.23
"Servidor-SPTECH";"ram";"ram_Usada";"GB";"2022-11-07 10:14:19";6.32
"Servidor-SPTECH";"ram";"ram_Usada";"GB";"2022-11-07 10:14:18";6.35
"Servidor-SPTECH";"ram";"ram_Usada";"GB";"2022-11-07 10:14:16";6.35
"Servidor-SPTECH";"ram";"ram_Usada";"GB";"2022-11-07 10:14:14";6.36
"Servidor-SPTECH";"ram";"ram_Usada";"GB";"2022-11-07 10:14:13";6.35
"Servidor-SPTECH";"ram";"ram_Usada";"GB";"2022-11-07 10:14:11";6.34
"Servidor-SPTECH";"ram";"ram_Usada";"GB";"2022-11-07 10:14:09";6.34
"Servidor-SPTECH";"ram";"ram_Usada";"GB";"2022-11-07 10:14:07";6.34
"Servidor-SPTECH";"ram";"ram_Usada";"GB";"2022-11-07 10:14:06";6.34
"Servidor-SPTECH";"ram";"ram_Usada";"GB";"2022-11-07 10:14:04";6.3
"Servidor-SPTECH";"ram";"ram_Usada";"GB";"2022-11-07 10:14:02";6.3
"Servidor-SPTECH";"ram";"ram_Usada";"GB";"2022-11-07 10:14:01";6.28
"Servidor-SPTECH";"ram";"ram_Usada";"GB";"2022-11-07 10:13:59";6.28
"Servidor-SPTECH";"ram";"ram_Usada";"GB";"2022-11-07 10:13:58";6.27
"Servidor-SPTECH";"ram";"ram_Usada";"GB";"2022-11-07 10:13:56";6.26
"Servidor-SPTECH";"ram";"ram_Usada";"GB";"2022-11-07 10:13:54";6.25
"Servidor-SPTECH";"ram";"ram_Usada";"GB";"2022-11-07 10:13:53";6.26
"Servidor-SPTECH";"ram";"ram_Usada";"GB";"2022-11-07 10:13:51";6.25
"Servidor-SPTECH";"ram";"ram_Usada";"GB";"2022-11-07 10:13:49";6.25
"Servidor-SPTECH";"ram";"ram_Usada";"GB";"2022-11-07 10:13:48";6.29
"Servidor-SPTECH";"ram";"ram_Usada";"GB";"2022-11-07 10:13:46";6.29
"Servidor-SPTECH";"ram";"ram_Usada";"GB";"2022-11-07 10:13:45";6.29
"Servidor-SPTECH";"ram";"ram_Usada";"GB";"2022-11-07 10:13:43";6.29
"Servidor-SPTECH";"ram";"ram_Usada";"GB";"2022-11-07 10:13:41";6.29
"Servidor-SPTECH";"ram";"ram_Usada";"GB";"2022-11-07 10:13:40";6.29
"Servidor-SPTECH";"ram";"ram_Usada";"GB";"2022-11-07 10:13:38";6.32
"Servidor-SPTECH";"ram";"ram_Usada";"GB";"2022-11-07 10:13:37";6.32
"Servidor-SPTECH";"ram";"ram_Usada";"GB";"2022-11-07 10:13:35";6.32
"Servidor-SPTECH";"ram";"ram_Usada";"GB";"2022-11-07 10:13:33";6.33
"Servidor-SPTECH";"ram";"ram_Usada";"GB";"2022-11-07 10:13:32";6.34
"Servidor-SPTECH";"ram";"ram_Usada";"GB";"2022-11-07 10:13:30";6.35
"Servidor-SPTECH";"ram";"ram_Usada";"GB";"2022-11-07 10:13:29";6.36
"Servidor-SPTECH";"ram";"ram_Usada";"GB";"2022-11-07 10:13:27";6.37
"Servidor-SPTECH";"ram";"ram_Usada";"GB";"2022-11-07 10:13:26";6.39
"Servidor-SPTECH";"ram";"ram_Usada";"GB";"2022-11-07 10:13:24";6.41
"Servidor-SPTECH";"ram";"ram_Usada";"GB";"2022-11-07 10:13:22";6.4
"Servidor-SPTECH";"ram";"ram_Usada";"GB";"2022-11-07 10:13:21";6.4
"Servidor-SPTECH";"ram";"ram_Usada";"GB";"2022-11-07 10:13:19";6.39
"Servidor-SPTECH";"ram";"ram_Usada";"GB";"2022-11-07 10:13:17";6.39
"Servidor-SPTECH";"ram";"ram_Usada";"GB";"2022-11-07 10:13:16";6.39
"Servidor-SPTECH";"ram";"ram_Usada";"GB";"2022-11-07 10:13:14";6.36
"Servidor-SPTECH";"ram";"ram_Usada";"GB";"2022-11-07 10:13:12";6.36
"Servidor-SPTECH";"ram";"ram_Usada";"GB";"2022-11-07 10:13:11";6.35
"Servidor-SPTECH";"ram";"ram_Usada";"GB";"2022-11-07 10:13:09";6.36
"Servidor-SPTECH";"ram";"ram_Usada";"GB";"2022-11-07 10:13:07";6.37
"Servidor-SPTECH";"ram";"ram_Usada";"GB";"2022-11-07 10:13:06";6.42
"Servidor-SPTECH";"ram";"ram_Usada";"GB";"2022-11-07 10:13:04";6.43
"Servidor-SPTECH";"ram";"ram_Usada";"GB";"2022-11-07 10:13:02";6.44
"Servidor-SPTECH";"ram";"ram_Usada";"GB";"2022-11-07 10:13:01";6.43
"Servidor-SPTECH";"ram";"ram_Usada";"GB";"2022-11-07 10:12:59";6.43
"Servidor-SPTECH";"ram";"ram_Usada";"GB";"2022-11-07 10:12:58";6.44
"Servidor-SPTECH";"ram";"ram_Usada";"GB";"2022-11-07 10:12:56";6.43
"Servidor-SPTECH";"ram";"ram_Usada";"GB";"2022-11-07 10:12:55";6.44
"Servidor-SPTECH";"ram";"ram_Usada";"GB";"2022-11-07 10:12:53";6.44
"Servidor-SPTECH";"ram";"ram_Usada";"GB";"2022-11-07 10:12:51";6.44
"Servidor-SPTECH";"ram";"ram_Usada";"GB";"2022-11-07 10:12:49";6.46
"Servidor-SPTECH";"ram";"ram_Usada";"GB";"2022-11-07 10:12:48";6.41
"Servidor-SPTECH";"ram";"ram_Usada";"GB";"2022-11-07 10:12:46";6.41
"Servidor-SPTECH";"ram";"ram_Usada";"GB";"2022-11-07 10:12:44";6.44
"Servidor-SPTECH";"ram";"ram_Usada";"GB";"2022-11-07 10:12:43";6.46
"Servidor-SPTECH";"ram";"ram_Usada";"GB";"2022-11-07 10:12:41";6.48
"Servidor-SPTECH";"ram";"ram_Usada";"GB";"2022-11-07 10:12:39";6.53
"Servidor-SPTECH";"ram";"ram_Usada";"GB";"2022-11-07 10:12:37";6.5
"Servidor-SPTECH";"ram";"ram_Usada";"GB";"2022-11-07 10:12:36";6.48
"Servidor-SPTECH";"ram";"ram_Usada";"GB";"2022-11-07 10:12:34";6.48
"Servidor-SPTECH";"ram";"ram_Usada";"GB";"2022-11-07 10:12:32";6.47
"Servidor-SPTECH";"ram";"ram_Usada";"GB";"2022-11-07 10:12:30";6.43
"Servidor-SPTECH";"ram";"ram_Usada";"GB";"2022-11-07 10:12:29";6.43
"Servidor-SPTECH";"ram";"ram_Usada";"GB";"2022-11-07 10:12:27";6.46
"Servidor-SPTECH";"ram";"ram_Usada";"GB";"2022-11-07 10:12:26";6.46
"Servidor-SPTECH";"ram";"ram_Usada";"GB";"2022-11-07 10:12:24";6.37
"Servidor-SPTECH";"ram";"ram_Usada";"GB";"2022-11-07 10:12:22";6.44
"Servidor-SPTECH";"ram";"ram_Usada";"GB";"2022-11-07 10:12:20";6.44
"Servidor-SPTECH";"ram";"ram_Usada";"GB";"2022-11-07 10:12:19";6.44
"Servidor-SPTECH";"ram";"ram_Usada";"GB";"2022-11-07 10:12:17";6.44
"Servidor-SPTECH";"ram";"ram_Usada";"GB";"2022-11-07 10:12:15";6.44
"Servidor-SPTECH";"ram";"ram_Usada";"GB";"2022-11-07 10:12:14";6.38
"Servidor-SPTECH";"ram";"ram_Usada";"GB";"2022-11-07 10:12:12";6.38
"Servidor-SPTECH";"ram";"ram_Usada";"GB";"2022-11-07 10:12:11";6.36
"Servidor-SPTECH";"ram";"ram_Usada";"GB";"2022-11-07 10:12:09";6.36
"Servidor-SPTECH";"ram";"ram_Usada";"GB";"2022-11-07 10:12:07";6.33
"Servidor-SPTECH";"ram";"ram_Usada";"GB";"2022-11-07 10:12:06";6.3
"Servidor-SPTECH";"ram";"ram_Usada";"GB";"2022-11-07 10:12:04";6.31
"Servidor-SPTECH";"ram";"ram_Usada";"GB";"2022-11-07 10:12:03";6.35
"Servidor-SPTECH";"ram";"ram_Usada";"GB";"2022-11-07 10:12:01";6.34
"Servidor-SPTECH";"ram";"ram_Usada";"GB";"2022-11-07 10:11:59";6.34
"Servidor-SPTECH";"ram";"ram_Usada";"GB";"2022-11-07 10:11:58";6.35
"Servidor-SPTECH";"ram";"ram_Usada";"GB";"2022-11-07 10:11:56";6.35
"Servidor-SPTECH";"ram";"ram_Usada";"GB";"2022-11-07 10:11:54";6.32
"Servidor-SPTECH";"ram";"ram_Usada";"GB";"2022-11-07 10:11:53";6.32
"Servidor-SPTECH";"ram";"ram_Usada";"GB";"2022-11-07 10:11:51";6.31
"Servidor-SPTECH";"ram";"ram_Usada";"GB";"2022-11-07 10:11:49";6.31
"Servidor-SPTECH";"ram";"ram_Usada";"GB";"2022-11-07 10:11:48";6.3
"Servidor-SPTECH";"ram";"ram_Usada";"GB";"2022-11-07 10:11:46";6.38
"Servidor-SPTECH";"ram";"ram_Usada";"GB";"2022-11-07 10:11:45";6.37
"Servidor-SPTECH";"ram";"ram_Usada";"GB";"2022-11-07 10:11:43";6.38
"Servidor-SPTECH";"ram";"ram_Usada";"GB";"2022-11-07 10:11:41";6.38
"Servidor-SPTECH";"ram";"ram_Usada";"GB";"2022-11-07 10:11:40";6.39
"Servidor-SPTECH";"ram";"ram_Usada";"GB";"2022-11-07 10:11:38";6.42
"Servidor-SPTECH";"ram";"ram_Usada";"GB";"2022-11-07 10:11:36";6.41
"Servidor-SPTECH";"ram";"ram_Usada";"GB";"2022-11-07 10:11:35";6.43
"Servidor-SPTECH";"ram";"ram_Usada";"GB";"2022-11-07 10:11:33";6.43
"Servidor-SPTECH";"ram";"ram_Usada";"GB";"2022-11-07 10:11:32";6.4
"Servidor-SPTECH";"ram";"ram_Usada";"GB";"2022-11-07 10:11:30";6.4
"Servidor-SPTECH";"ram";"ram_Usada";"GB";"2022-11-07 10:11:28";6.4
"Servidor-SPTECH";"ram";"ram_Usada";"GB";"2022-11-07 10:11:26";6.39
"Servidor-SPTECH";"ram";"ram_Usada";"GB";"2022-11-07 10:11:25";6.37
"Servidor-SPTECH";"ram";"ram_Usada";"GB";"2022-11-07 10:11:23";6.36
"Servidor-SPTECH";"ram";"ram_Usada";"GB";"2022-11-07 10:11:22";6.4
"Servidor-SPTECH";"ram";"ram_Usada";"GB";"2022-11-07 10:11:20";6.4
"Servidor-SPTECH";"ram";"ram_Usada";"GB";"2022-11-07 10:11:19";6.4
"Servidor-SPTECH";"ram";"ram_Usada";"GB";"2022-11-07 10:11:17";6.36
"Servidor-SPTECH";"ram";"ram_Usada";"GB";"2022-11-07 10:11:15";6.39
"Servidor-SPTECH";"ram";"ram_Usada";"GB";"2022-11-07 10:11:14";6.39
"Servidor-SPTECH";"ram";"ram_Usada";"GB";"2022-11-07 10:11:12";6.4
"Servidor-SPTECH";"ram";"ram_Usada";"GB";"2022-11-07 10:11:10";6.41
"Servidor-SPTECH";"ram";"ram_Usada";"GB";"2022-11-07 10:11:09";6.41
"Servidor-SPTECH";"ram";"ram_Usada";"GB";"2022-11-07 10:11:07";6.35
"Servidor-SPTECH";"ram";"ram_Usada";"GB";"2022-11-07 10:11:05";6.27
"Servidor-SPTECH";"ram";"ram_Usada";"GB";"2022-11-07 10:11:04";6.27
"Servidor-SPTECH";"ram";"ram_Usada";"GB";"2022-11-07 10:11:02";6.28
"Servidor-SPTECH";"ram";"ram_Usada";"GB";"2022-11-07 10:11:01";6.29
"Servidor-SPTECH";"ram";"ram_Usada";"GB";"2022-11-07 10:10:59";6.29
"Servidor-SPTECH";"ram";"ram_Usada";"GB";"2022-11-07 10:10:57";6.3
"Servidor-SPTECH";"ram";"ram_Usada";"GB";"2022-11-07 10:10:56";6.29
"Servidor-SPTECH";"ram";"ram_Usada";"GB";"2022-11-07 10:10:54";6.3
"Servidor-SPTECH";"ram";"ram_Usada";"GB";"2022-11-07 10:10:53";6.34
"Servidor-SPTECH";"ram";"ram_Usada";"GB";"2022-11-07 10:10:51";6.4
"Servidor-SPTECH";"ram";"ram_Usada";"GB";"2022-11-07 10:10:49";6.37
"Servidor-SPTECH";"ram";"ram_Usada";"GB";"2022-11-07 10:10:48";6.38
"Servidor-SPTECH";"ram";"ram_Usada";"GB";"2022-11-07 10:10:46";6.52
"Servidor-SPTECH";"ram";"ram_Usada";"GB";"2022-11-07 10:10:45";6.54
"Servidor-SPTECH";"ram";"ram_Usada";"GB";"2022-11-07 10:10:43";6.54
"Servidor-SPTECH";"ram";"ram_Usada";"GB";"2022-11-07 10:10:41";6.56
"Servidor-SPTECH";"ram";"ram_Usada";"GB";"2022-11-07 10:10:40";6.83
"Servidor-SPTECH";"ram";"ram_Usada";"GB";"2022-11-07 10:10:38";6.34
"Servidor-SPTECH";"ram";"ram_Usada";"GB";"2022-11-07 10:10:36";6.34
"Servidor-SPTECH";"ram";"ram_Usada";"GB";"2022-11-07 10:10:34";6.34
"Servidor-SPTECH";"ram";"ram_Usada";"GB";"2022-11-07 10:10:33";6.33
"Servidor-SPTECH";"ram";"ram_Usada";"GB";"2022-11-07 10:10:31";6.34
"Servidor-SPTECH";"ram";"ram_Usada";"GB";"2022-11-07 10:10:29";6.3
"Servidor-SPTECH";"ram";"ram_Usada";"GB";"2022-11-07 10:10:27";6.33
"Servidor-SPTECH";"ram";"ram_Usada";"GB";"2022-11-07 10:10:26";6.3
"Servidor-SPTECH";"ram";"ram_Usada";"GB";"2022-11-07 10:10:24";6.3
"Servidor-SPTECH";"ram";"ram_Usada";"GB";"2022-11-07 10:10:23";6.31
"Servidor-SPTECH";"ram";"ram_Usada";"GB";"2022-11-07 10:10:21";6.33
"Servidor-SPTECH";"ram";"ram_Usada";"GB";"2022-11-07 10:10:19";6.29
"Servidor-SPTECH";"ram";"ram_Usada";"GB";"2022-11-07 10:10:18";6.3
"Servidor-SPTECH";"ram";"ram_Usada";"GB";"2022-11-07 10:10:16";6.3
"Servidor-SPTECH";"ram";"ram_Usada";"GB";"2022-11-07 10:10:14";6.31
"Servidor-SPTECH";"ram";"ram_Usada";"GB";"2022-11-07 10:10:13";6.31
"Servidor-SPTECH";"ram";"ram_Usada";"GB";"2022-11-07 10:10:11";6.31
"Servidor-SPTECH";"ram";"ram_Usada";"GB";"2022-11-07 10:10:10";6.28
"Servidor-SPTECH";"ram";"ram_Usada";"GB";"2022-11-07 10:10:08";6.28
"Servidor-SPTECH";"ram";"ram_Usada";"GB";"2022-11-07 10:10:06";6.2
"Servidor-SPTECH";"ram";"ram_Usada";"GB";"2022-11-07 10:10:05";6.24
"Servidor-SPTECH";"ram";"ram_Usada";"GB";"2022-11-07 10:10:03";6.26
"Servidor-SPTECH";"ram";"ram_Usada";"GB";"2022-11-07 10:10:02";6.26
"Servidor-SPTECH";"ram";"ram_Usada";"GB";"2022-11-07 10:10:00";6.26
"Servidor-SPTECH";"ram";"ram_Usada";"GB";"2022-11-07 10:09:58";6.25
"Servidor-SPTECH";"ram";"ram_Usada";"GB";"2022-11-07 10:09:57";6.18
"Servidor-SPTECH";"ram";"ram_Usada";"GB";"2022-11-07 10:09:55";6.19
"Servidor-SPTECH";"ram";"ram_Usada";"GB";"2022-11-07 10:09:53";6.18
"Servidor-SPTECH";"ram";"ram_Usada";"GB";"2022-11-07 10:09:52";6.2
"Servidor-SPTECH";"ram";"ram_Usada";"GB";"2022-11-07 10:09:50";6.2
"Servidor-SPTECH";"ram";"ram_Usada";"GB";"2022-11-07 10:09:49";6.18
"Servidor-SPTECH";"ram";"ram_Usada";"GB";"2022-11-07 10:09:47";6.16
"Servidor-SPTECH";"ram";"ram_Usada";"GB";"2022-11-07 10:09:45";6.16
"Servidor-SPTECH";"ram";"ram_Usada";"GB";"2022-11-07 10:09:44";6.15
"Servidor-SPTECH";"ram";"ram_Usada";"GB";"2022-11-07 10:09:42";6.15
"Servidor-SPTECH";"ram";"ram_Usada";"GB";"2022-11-07 10:09:41";6.15
"Servidor-SPTECH";"ram";"ram_Usada";"GB";"2022-11-07 10:09:39";6.18
"Servidor-SPTECH";"ram";"ram_Usada";"GB";"2022-11-07 10:09:38";6.18
"Servidor-SPTECH";"ram";"ram_Usada";"GB";"2022-11-07 10:09:36";6.18
"Servidor-SPTECH";"ram";"ram_Usada";"GB";"2022-11-07 10:09:34";6.19
"Servidor-SPTECH";"ram";"ram_Usada";"GB";"2022-11-07 10:09:33";6.19
"Servidor-SPTECH";"ram";"ram_Usada";"GB";"2022-11-07 10:09:31";6.18
"Servidor-SPTECH";"ram";"ram_Usada";"GB";"2022-11-07 10:09:30";6.22
"Servidor-SPTECH";"ram";"ram_Usada";"GB";"2022-11-07 10:09:28";6.23
"Servidor-SPTECH";"ram";"ram_Usada";"GB";"2022-11-07 10:09:27";6.23
"Servidor-SPTECH";"ram";"ram_Usada";"GB";"2022-11-07 10:09:25";6.26
"Servidor-SPTECH";"ram";"ram_Usada";"GB";"2022-11-07 10:09:23";6.27
"Servidor-SPTECH";"ram";"ram_Usada";"GB";"2022-11-07 10:09:22";6.28
"Servidor-SPTECH";"ram";"ram_Usada";"GB";"2022-11-07 10:09:20";6.29
"Servidor-SPTECH";"ram";"ram_Usada";"GB";"2022-11-07 10:09:19";6.33
"Servidor-SPTECH";"ram";"ram_Usada";"GB";"2022-11-07 10:09:17";6.49
"Servidor-SPTECH";"ram";"ram_Usada";"GB";"2022-11-07 10:09:15";6.49
"Servidor-SPTECH";"ram";"ram_Usada";"GB";"2022-11-07 10:09:14";6.5
"Servidor-SPTECH";"ram";"ram_Usada";"GB";"2022-11-07 10:09:12";6.51
"Servidor-SPTECH";"ram";"ram_Usada";"GB";"2022-11-07 10:09:10";6.48
"Servidor-SPTECH";"ram";"ram_Usada";"GB";"2022-11-07 10:09:08";6.55
"Servidor-SPTECH";"ram";"ram_Usada";"GB";"2022-11-07 10:09:07";6.58
"Servidor-SPTECH";"ram";"ram_Usada";"GB";"2022-11-07 10:09:05";6.8
"Servidor-SPTECH";"ram";"ram_Usada";"GB";"2022-11-07 10:09:03";6.73
"Servidor-SPTECH";"ram";"ram_Usada";"GB";"2022-11-07 10:09:01";6.72
"Servidor-SPTECH";"ram";"ram_Usada";"GB";"2022-11-07 10:09:00";6.69
"Servidor-SPTECH";"ram";"ram_Usada";"GB";"2022-11-07 10:08:58";6.63
"Servidor-SPTECH";"ram";"ram_Usada";"GB";"2022-11-07 10:08:56";6.57
"Servidor-SPTECH";"ram";"ram_Usada";"GB";"2022-11-07 10:08:54";6.59
"Servidor-SPTECH";"ram";"ram_Usada";"GB";"2022-11-07 10:08:53";6.59
"Servidor-SPTECH";"ram";"ram_Usada";"GB";"2022-11-07 10:08:51";6.59
"Servidor-SPTECH";"ram";"ram_Usada";"GB";"2022-11-07 10:08:50";6.59
"Servidor-SPTECH";"ram";"ram_Usada";"GB";"2022-11-07 10:08:48";6.57
"Servidor-SPTECH";"ram";"ram_Usada";"GB";"2022-11-07 10:08:47";6.55
"Servidor-SPTECH";"ram";"ram_Usada";"GB";"2022-11-07 10:08:45";6.53
"Servidor-SPTECH";"ram";"ram_Usada";"GB";"2022-11-07 10:08:43";6.53
"Servidor-SPTECH";"ram";"ram_Usada";"GB";"2022-11-07 10:08:42";6.58
"Servidor-SPTECH";"ram";"ram_Usada";"GB";"2022-11-07 10:08:40";6.58
"Servidor-SPTECH";"ram";"ram_Usada";"GB";"2022-11-07 10:08:38";6.6
"Servidor-SPTECH";"ram";"ram_Usada";"GB";"2022-11-07 10:08:37";6.6
"Servidor-SPTECH";"ram";"ram_Usada";"GB";"2022-11-07 10:08:35";6.59
"Servidor-SPTECH";"ram";"ram_Usada";"GB";"2022-11-07 10:08:34";6.52
"Servidor-SPTECH";"ram";"ram_Usada";"GB";"2022-11-07 10:08:32";6.52
"Servidor-SPTECH";"ram";"ram_Usada";"GB";"2022-11-07 10:08:31";6.52
"Servidor-SPTECH";"ram";"ram_Usada";"GB";"2022-11-07 10:08:29";6.53
"Servidor-SPTECH";"ram";"ram_Usada";"GB";"2022-11-07 10:08:27";6.53
"Servidor-SPTECH";"ram";"ram_Usada";"GB";"2022-11-07 10:08:26";6.53
"Servidor-SPTECH";"ram";"ram_Usada";"GB";"2022-11-07 10:08:24";6.53
"Servidor-SPTECH";"ram";"ram_Usada";"GB";"2022-11-07 10:08:22";6.54
"Servidor-SPTECH";"ram";"ram_Usada";"GB";"2022-11-07 10:08:21";6.6
"Servidor-SPTECH";"ram";"ram_Usada";"GB";"2022-11-07 10:08:19";6.56
"Servidor-SPTECH";"ram";"ram_Usada";"GB";"2022-11-07 10:08:17";6.53
"Servidor-SPTECH";"ram";"ram_Usada";"GB";"2022-11-07 10:08:15";6.51
"Servidor-SPTECH";"ram";"ram_Usada";"GB";"2022-11-07 10:08:14";6.56
"Servidor-SPTECH";"ram";"ram_Usada";"GB";"2022-11-07 10:08:12";6.53
"Servidor-SPTECH";"ram";"ram_Usada";"GB";"2022-11-07 10:08:11";6.49
"Servidor-SPTECH";"ram";"ram_Usada";"GB";"2022-11-07 10:08:09";6.49
"Servidor-SPTECH";"ram";"ram_Usada";"GB";"2022-11-07 10:08:07";6.49
"Servidor-SPTECH";"ram";"ram_Usada";"GB";"2022-11-07 10:08:06";6.5
"Servidor-SPTECH";"ram";"ram_Usada";"GB";"2022-11-07 10:08:04";6.5
"Servidor-SPTECH";"ram";"ram_Usada";"GB";"2022-11-07 10:08:03";6.5
"Servidor-SPTECH";"ram";"ram_Usada";"GB";"2022-11-07 10:08:01";6.57
"Servidor-SPTECH";"ram";"ram_Usada";"GB";"2022-11-07 10:07:59";6.57
"Servidor-SPTECH";"ram";"ram_Usada";"GB";"2022-11-07 10:07:58";6.59
"Servidor-SPTECH";"ram";"ram_Usada";"GB";"2022-11-07 10:07:56";6.51
"Servidor-SPTECH";"ram";"ram_Usada";"GB";"2022-11-07 10:07:55";6.55
"Servidor-SPTECH";"ram";"ram_Usada";"GB";"2022-11-07 10:07:53";6.56
"Servidor-SPTECH";"ram";"ram_Usada";"GB";"2022-11-07 10:07:51";6.56
"Servidor-SPTECH";"ram";"ram_Usada";"GB";"2022-11-07 10:07:50";6.67
"Servidor-SPTECH";"ram";"ram_Usada";"GB";"2022-11-07 10:07:48";6.64
"Servidor-SPTECH";"ram";"ram_Usada";"GB";"2022-11-07 10:07:46";6.63
"Servidor-SPTECH";"ram";"ram_Usada";"GB";"2022-11-07 10:07:45";6.63
"Servidor-SPTECH";"ram";"ram_Usada";"GB";"2022-11-07 10:07:43";6.63
"Servidor-SPTECH";"ram";"ram_Usada";"GB";"2022-11-07 10:07:42";6.68
"Servidor-SPTECH";"ram";"ram_Usada";"GB";"2022-11-07 10:07:40";6.68
"Servidor-SPTECH";"ram";"ram_Usada";"GB";"2022-11-07 10:07:38";6.69
"Servidor-SPTECH";"ram";"ram_Usada";"GB";"2022-11-07 10:07:36";6.65
"Servidor-SPTECH";"ram";"ram_Usada";"GB";"2022-11-07 10:07:35";6.66
"Servidor-SPTECH";"ram";"ram_Usada";"GB";"2022-11-07 10:07:33";6.67
"Servidor-SPTECH";"ram";"ram_Usada";"GB";"2022-11-07 10:07:31";6.64
"Servidor-SPTECH";"ram";"ram_Usada";"GB";"2022-11-07 10:07:30";6.64
"Servidor-SPTECH";"ram";"ram_Usada";"GB";"2022-11-07 10:07:28";6.64
"Servidor-SPTECH";"ram";"ram_Usada";"GB";"2022-11-07 10:07:26";6.67
"Servidor-SPTECH";"ram";"ram_Usada";"GB";"2022-11-07 10:07:25";6.68
"Servidor-SPTECH";"ram";"ram_Usada";"GB";"2022-11-07 10:07:23";6.68
"Servidor-SPTECH";"ram";"ram_Usada";"GB";"2022-11-07 10:07:22";6.66
"Servidor-SPTECH";"ram";"ram_Usada";"GB";"2022-11-07 10:07:20";6.65
"Servidor-SPTECH";"ram";"ram_Usada";"GB";"2022-11-07 10:07:18";6.67
"Servidor-SPTECH";"ram";"ram_Usada";"GB";"2022-11-07 10:07:17";6.68
"Servidor-SPTECH";"ram";"ram_Usada";"GB";"2022-11-07 10:07:15";6.68
"Servidor-SPTECH";"ram";"ram_Usada";"GB";"2022-11-07 10:07:13";6.7
"Servidor-SPTECH";"ram";"ram_Usada";"GB";"2022-11-07 10:07:12";6.7
"Servidor-SPTECH";"ram";"ram_Usada";"GB";"2022-11-07 10:07:10";6.64
"Servidor-SPTECH";"ram";"ram_Usada";"GB";"2022-11-07 10:07:09";6.63
"Servidor-SPTECH";"ram";"ram_Usada";"GB";"2022-11-07 10:07:07";6.63
"Servidor-SPTECH";"ram";"ram_Usada";"GB";"2022-11-07 10:07:05";6.62
"Servidor-SPTECH";"ram";"ram_Usada";"GB";"2022-11-07 10:07:04";6.61
"Servidor-SPTECH";"ram";"ram_Usada";"GB";"2022-11-07 10:07:02";6.62
"Servidor-SPTECH";"ram";"ram_Usada";"GB";"2022-11-07 10:07:00";6.62
"Servidor-SPTECH";"ram";"ram_Usada";"GB";"2022-11-07 10:06:59";6.61
"Servidor-SPTECH";"ram";"ram_Usada";"GB";"2022-11-07 10:06:57";6.61
"Servidor-SPTECH";"ram";"ram_Usada";"GB";"2022-11-07 10:06:56";6.6
"Servidor-SPTECH";"ram";"ram_Usada";"GB";"2022-11-07 10:06:54";6.6
"Servidor-SPTECH";"ram";"ram_Usada";"GB";"2022-11-07 10:06:52";6.59
"Servidor-SPTECH";"ram";"ram_Usada";"GB";"2022-11-07 10:06:51";6.58
"Servidor-SPTECH";"ram";"ram_Usada";"GB";"2022-11-07 10:06:49";6.58
"Servidor-SPTECH";"ram";"ram_Usada";"GB";"2022-11-07 10:06:48";6.59
"Servidor-SPTECH";"ram";"ram_Usada";"GB";"2022-11-07 10:06:46";6.6
"Servidor-SPTECH";"ram";"ram_Usada";"GB";"2022-11-07 10:06:44";6.66
"Servidor-SPTECH";"ram";"ram_Usada";"GB";"2022-11-07 10:06:43";6.67
"Servidor-SPTECH";"ram";"ram_Usada";"GB";"2022-11-07 10:06:41";6.67
"Servidor-SPTECH";"ram";"ram_Usada";"GB";"2022-11-07 10:06:39";6.67
"Servidor-SPTECH";"ram";"ram_Usada";"GB";"2022-11-07 10:06:38";6.69
"Servidor-SPTECH";"ram";"ram_Usada";"GB";"2022-11-07 10:06:36";6.7
"Servidor-SPTECH";"ram";"ram_Usada";"GB";"2022-11-07 10:06:34";6.71
"Servidor-SPTECH";"ram";"ram_Usada";"GB";"2022-11-07 10:06:33";6.68
"Servidor-SPTECH";"ram";"ram_Usada";"GB";"2022-11-07 10:06:31";6.69
"Servidor-SPTECH";"ram";"ram_Usada";"GB";"2022-11-07 10:06:29";6.69
"Servidor-SPTECH";"ram";"ram_Usada";"GB";"2022-11-07 10:06:28";6.74
"Servidor-SPTECH";"ram";"ram_Usada";"GB";"2022-11-07 10:06:26";6.72
"Servidor-SPTECH";"ram";"ram_Usada";"GB";"2022-11-07 10:06:24";6.72
"Servidor-SPTECH";"ram";"ram_Usada";"GB";"2022-11-07 10:06:23";6.71
"Servidor-SPTECH";"ram";"ram_Usada";"GB";"2022-11-07 10:06:21";6.7
"Servidor-SPTECH";"ram";"ram_Usada";"GB";"2022-11-07 10:06:20";6.7
"Servidor-SPTECH";"ram";"ram_Usada";"GB";"2022-11-07 10:06:18";6.68
"Servidor-SPTECH";"ram";"ram_Usada";"GB";"2022-11-07 10:06:16";6.68
"Servidor-SPTECH";"ram";"ram_Usada";"GB";"2022-11-07 10:06:15";6.67
"Servidor-SPTECH";"ram";"ram_Usada";"GB";"2022-11-07 10:06:13";6.67
"Servidor-SPTECH";"ram";"ram_Usada";"GB";"2022-11-07 10:06:12";6.64
"Servidor-SPTECH";"ram";"ram_Usada";"GB";"2022-11-07 10:06:10";6.62
"Servidor-SPTECH";"ram";"ram_Usada";"GB";"2022-11-07 10:06:08";6.64
"Servidor-SPTECH";"ram";"ram_Usada";"GB";"2022-11-07 10:06:07";6.65
"Servidor-SPTECH";"ram";"ram_Usada";"GB";"2022-11-07 10:06:05";6.66
"Servidor-SPTECH";"ram";"ram_Usada";"GB";"2022-11-07 10:06:04";6.66
"Servidor-SPTECH";"ram";"ram_Usada";"GB";"2022-11-07 10:06:02";6.66
"Servidor-SPTECH";"ram";"ram_Usada";"GB";"2022-11-07 10:06:00";6.65
"Servidor-SPTECH";"ram";"ram_Usada";"GB";"2022-11-07 10:05:59";6.65
"Servidor-SPTECH";"ram";"ram_Usada";"GB";"2022-11-07 10:05:57";6.66
"Servidor-SPTECH";"ram";"ram_Usada";"GB";"2022-11-07 10:05:55";6.64
"Servidor-SPTECH";"ram";"ram_Usada";"GB";"2022-11-07 10:05:54";6.65
"Servidor-SPTECH";"ram";"ram_Usada";"GB";"2022-11-07 10:05:52";6.66
"Servidor-SPTECH";"ram";"ram_Usada";"GB";"2022-11-07 10:05:51";6.68
"Servidor-SPTECH";"ram";"ram_Usada";"GB";"2022-11-07 10:05:49";6.7
"Servidor-SPTECH";"ram";"ram_Usada";"GB";"2022-11-07 10:05:47";6.68
"Servidor-SPTECH";"ram";"ram_Usada";"GB";"2022-11-07 10:05:45";6.7
"Servidor-SPTECH";"ram";"ram_Usada";"GB";"2022-11-07 10:05:44";6.7
"Servidor-SPTECH";"ram";"ram_Usada";"GB";"2022-11-07 10:05:42";6.71
"Servidor-SPTECH";"ram";"ram_Usada";"GB";"2022-11-07 10:05:40";6.73
"Servidor-SPTECH";"ram";"ram_Usada";"GB";"2022-11-07 10:05:38";6.7
"Servidor-SPTECH";"ram";"ram_Usada";"GB";"2022-11-07 10:05:36";6.62
"Servidor-SPTECH";"ram";"ram_Usada";"GB";"2022-11-07 10:05:35";6.63
"Servidor-SPTECH";"ram";"ram_Usada";"GB";"2022-11-07 10:05:33";6.63
"Servidor-SPTECH";"ram";"ram_Usada";"GB";"2022-11-07 10:05:31";6.65
"Servidor-SPTECH";"ram";"ram_Usada";"GB";"2022-11-07 10:05:30";6.65
"Servidor-SPTECH";"ram";"ram_Usada";"GB";"2022-11-07 10:05:28";6.62
"Servidor-SPTECH";"ram";"ram_Usada";"GB";"2022-11-07 10:05:27";6.62
"Servidor-SPTECH";"ram";"ram_Usada";"GB";"2022-11-07 10:05:25";6.65
"Servidor-SPTECH";"ram";"ram_Usada";"GB";"2022-11-07 10:05:23";6.66
"Servidor-SPTECH";"ram";"ram_Usada";"GB";"2022-11-07 10:05:22";6.66
"Servidor-SPTECH";"ram";"ram_Usada";"GB";"2022-11-07 10:05:20";6.66
"Servidor-SPTECH";"ram";"ram_Usada";"GB";"2022-11-07 10:05:18";6.69
"Servidor-SPTECH";"ram";"ram_Usada";"GB";"2022-11-07 10:05:17";6.7
"Servidor-SPTECH";"ram";"ram_Usada";"GB";"2022-11-07 10:05:15";6.65
"Servidor-SPTECH";"ram";"ram_Usada";"GB";"2022-11-07 10:05:13";6.59
"Servidor-SPTECH";"ram";"ram_Usada";"GB";"2022-11-07 10:05:12";6.56
"Servidor-SPTECH";"ram";"ram_Usada";"GB";"2022-11-07 10:05:10";6.51
"Servidor-SPTECH";"ram";"ram_Usada";"GB";"2022-11-07 10:05:08";6.48
"Servidor-SPTECH";"ram";"ram_Usada";"GB";"2022-11-07 10:05:06";6.48
"Servidor-SPTECH";"ram";"ram_Usada";"GB";"2022-11-07 10:05:05";6.5
"Servidor-SPTECH";"ram";"ram_Usada";"GB";"2022-11-07 10:05:03";6.48
"Servidor-SPTECH";"ram";"ram_Usada";"GB";"2022-11-07 10:05:01";6.49
"Servidor-SPTECH";"ram";"ram_Usada";"GB";"2022-11-07 10:05:00";6.46
"Servidor-SPTECH";"ram";"ram_Usada";"GB";"2022-11-07 10:04:58";6.4
"Servidor-SPTECH";"ram";"ram_Usada";"GB";"2022-11-07 10:04:56";6.39
"Servidor-SPTECH";"ram";"ram_Usada";"GB";"2022-11-07 10:04:55";6.35
"Servidor-SPTECH";"ram";"ram_Usada";"GB";"2022-11-07 10:04:53";6.34
"Servidor-SPTECH";"ram";"ram_Usada";"GB";"2022-11-07 10:04:51";6.35
"Servidor-SPTECH";"ram";"ram_Usada";"GB";"2022-11-07 10:04:50";6.35
"Servidor-SPTECH";"ram";"ram_Usada";"GB";"2022-11-07 10:04:48";6.33
"Servidor-SPTECH";"ram";"ram_Usada";"GB";"2022-11-07 10:04:47";6.33
"Servidor-SPTECH";"ram";"ram_Usada";"GB";"2022-11-07 10:04:45";6.33
"Servidor-SPTECH";"ram";"ram_Usada";"GB";"2022-11-07 10:04:43";6.33
"Servidor-SPTECH";"ram";"ram_Usada";"GB";"2022-11-07 10:04:42";6.32
"Servidor-SPTECH";"ram";"ram_Usada";"GB";"2022-11-07 10:04:40";6.36
"Servidor-SPTECH";"ram";"ram_Usada";"GB";"2022-11-07 10:04:39";6.51
"Servidor-SPTECH";"ram";"ram_Usada";"GB";"2022-11-07 10:04:37";6.5
"Servidor-SPTECH";"ram";"ram_Usada";"GB";"2022-11-07 10:04:35";6.51
"Servidor-SPTECH";"ram";"ram_Usada";"GB";"2022-11-07 10:04:34";6.5
"Servidor-SPTECH";"ram";"ram_Usada";"GB";"2022-11-07 10:04:32";6.49
"Servidor-SPTECH";"ram";"ram_Usada";"GB";"2022-11-07 10:04:30";6.5
"Servidor-SPTECH";"ram";"ram_Usada";"GB";"2022-11-07 10:04:29";6.5
"Servidor-SPTECH";"ram";"ram_Usada";"GB";"2022-11-07 10:04:27";6.5
"Servidor-SPTECH";"ram";"ram_Usada";"GB";"2022-11-07 10:04:26";6.49
"Servidor-SPTECH";"ram";"ram_Usada";"GB";"2022-11-07 10:04:24";6.49
"Servidor-SPTECH";"ram";"ram_Usada";"GB";"2022-11-07 10:04:23";6.49
"Servidor-SPTECH";"ram";"ram_Usada";"GB";"2022-11-07 10:04:21";6.5
"Servidor-SPTECH";"ram";"ram_Usada";"GB";"2022-11-07 10:04:19";6.62
"Servidor-SPTECH";"ram";"ram_Usada";"GB";"2022-11-07 10:04:18";6.7
"Servidor-SPTECH";"ram";"ram_Usada";"GB";"2022-11-07 10:04:16";6.89
"Servidor-SPTECH";"ram";"ram_Usada";"GB";"2022-11-07 10:04:14";6.89
"Servidor-SPTECH";"ram";"ram_Usada";"GB";"2022-11-07 10:04:13";6.89
"Servidor-SPTECH";"ram";"ram_Usada";"GB";"2022-11-07 10:04:11";6.89
"Servidor-SPTECH";"ram";"ram_Usada";"GB";"2022-11-07 10:04:10";6.9
"Servidor-SPTECH";"ram";"ram_Usada";"GB";"2022-11-07 10:04:08";6.9
"Servidor-SPTECH";"ram";"ram_Usada";"GB";"2022-11-07 10:04:06";6.93
"Servidor-SPTECH";"ram";"ram_Usada";"GB";"2022-11-07 10:04:05";6.93
"Servidor-SPTECH";"ram";"ram_Usada";"GB";"2022-11-07 10:04:03";6.94
"Servidor-SPTECH";"ram";"ram_Usada";"GB";"2022-11-07 10:04:02";7.03
"Servidor-SPTECH";"ram";"ram_Usada";"GB";"2022-11-07 10:04:00";7.08
"Servidor-SPTECH";"ram";"ram_Usada";"GB";"2022-11-07 10:03:58";7.1
"Servidor-SPTECH";"ram";"ram_Usada";"GB";"2022-11-07 10:03:57";7.01
"Servidor-SPTECH";"ram";"ram_Usada";"GB";"2022-11-07 10:03:55";7.13
"Servidor-SPTECH";"ram";"ram_Usada";"GB";"2022-11-07 10:03:53";7.13
"Servidor-SPTECH";"ram";"ram_Usada";"GB";"2022-11-07 10:03:52";7.1
"Servidor-SPTECH";"ram";"ram_Usada";"GB";"2022-11-07 10:03:50";7.08
"Servidor-SPTECH";"ram";"ram_Usada";"GB";"2022-11-07 10:03:48";7.07
"Servidor-SPTECH";"ram";"ram_Usada";"GB";"2022-11-07 10:03:47";7.06
"Servidor-SPTECH";"ram";"ram_Usada";"GB";"2022-11-07 10:03:45";7.06
"Servidor-SPTECH";"ram";"ram_Usada";"GB";"2022-11-07 10:03:43";7.06
"Servidor-SPTECH";"ram";"ram_Usada";"GB";"2022-11-07 10:03:42";7.09
"Servidor-SPTECH";"ram";"ram_Usada";"GB";"2022-11-07 10:03:40";7.09
"Servidor-SPTECH";"ram";"ram_Usada";"GB";"2022-11-07 10:03:39";7.12
"Servidor-SPTECH";"ram";"ram_Usada";"GB";"2022-11-07 10:03:37";7.18
"Servidor-SPTECH";"ram";"ram_Usada";"GB";"2022-11-07 10:03:35";7.19
"Servidor-SPTECH";"ram";"ram_Usada";"GB";"2022-11-07 10:03:34";7.16
"Servidor-SPTECH";"ram";"ram_Usada";"GB";"2022-11-07 10:03:32";7.33
"Servidor-SPTECH";"ram";"ram_Usada";"GB";"2022-11-07 10:03:30";7.34
"Servidor-SPTECH";"ram";"ram_Usada";"GB";"2022-11-07 10:03:29";7.37
"Servidor-SPTECH";"ram";"ram_Usada";"GB";"2022-11-07 10:03:27";7.48
"Servidor-SPTECH";"ram";"ram_Usada";"GB";"2022-11-07 10:03:25";7.45
"Servidor-SPTECH";"ram";"ram_Usada";"GB";"2022-11-07 10:03:24";7.73
"Servidor-SPTECH";"ram";"ram_Usada";"GB";"2022-11-07 10:03:22";7.34
"Servidor-SPTECH";"ram";"ram_Usada";"GB";"2022-11-07 10:03:20";7.3
"Servidor-SPTECH";"ram";"ram_Usada";"GB";"2022-11-07 10:03:18";7.28
"Servidor-SPTECH";"ram";"ram_Usada";"GB";"2022-11-07 10:03:17";7.26
"Servidor-SPTECH";"ram";"ram_Usada";"GB";"2022-11-07 10:03:15";7.26
"Servidor-SPTECH";"ram";"ram_Usada";"GB";"2022-11-07 10:03:13";7.26
"Servidor-SPTECH";"ram";"ram_Usada";"GB";"2022-11-07 10:03:12";7.25
"Servidor-SPTECH";"ram";"ram_Usada";"GB";"2022-11-07 10:03:10";7.25
"Servidor-SPTECH";"ram";"ram_Usada";"GB";"2022-11-07 10:03:09";7.25
"Servidor-SPTECH";"ram";"ram_Usada";"GB";"2022-11-07 10:03:07";7.26
"Servidor-SPTECH";"ram";"ram_Usada";"GB";"2022-11-07 10:03:05";7.25
"Servidor-SPTECH";"ram";"ram_Usada";"GB";"2022-11-07 10:03:04";7.26
"Servidor-SPTECH";"ram";"ram_Usada";"GB";"2022-11-07 10:03:02";7.26
"Servidor-SPTECH";"ram";"ram_Usada";"GB";"2022-11-07 10:03:01";7.26
"Servidor-SPTECH";"ram";"ram_Usada";"GB";"2022-11-07 10:02:59";7.26
"Servidor-SPTECH";"ram";"ram_Usada";"GB";"2022-11-07 10:02:58";7.25
"Servidor-SPTECH";"ram";"ram_Usada";"GB";"2022-11-07 10:02:56";7.29
"Servidor-SPTECH";"ram";"ram_Usada";"GB";"2022-11-07 10:02:54";7.24
"Servidor-SPTECH";"ram";"ram_Usada";"GB";"2022-11-07 10:02:53";7.21
"Servidor-SPTECH";"ram";"ram_Usada";"GB";"2022-11-07 10:02:51";7.22
"Servidor-SPTECH";"ram";"ram_Usada";"GB";"2022-11-07 10:02:49";7.23
"Servidor-SPTECH";"ram";"ram_Usada";"GB";"2022-11-07 10:02:48";7.24
"Servidor-SPTECH";"ram";"ram_Usada";"GB";"2022-11-07 10:02:46";7.23
"Servidor-SPTECH";"ram";"ram_Usada";"GB";"2022-11-07 10:02:45";7.24
"Servidor-SPTECH";"ram";"ram_Usada";"GB";"2022-11-07 10:02:43";7.22
"Servidor-SPTECH";"ram";"ram_Usada";"GB";"2022-11-07 10:02:41";7.18
"Servidor-SPTECH";"ram";"ram_Usada";"GB";"2022-11-08 12:21:11";6.48
"Servidor-SPTECH";"ram";"ram_Usada";"GB";"2022-11-08 12:21:09";6.48
"Servidor-SPTECH";"ram";"ram_Usada";"GB";"2022-11-08 12:21:08";6.49
"Servidor-SPTECH";"ram";"ram_Usada";"GB";"2022-11-08 12:21:06";6.5
"Servidor-SPTECH";"ram";"ram_Usada";"GB";"2022-11-08 12:21:05";6.51
"Servidor-SPTECH";"ram";"ram_Usada";"GB";"2022-11-08 12:21:04";6.51
"Servidor-SPTECH";"ram";"ram_Usada";"GB";"2022-11-08 12:21:02";6.51
"Servidor-SPTECH";"ram";"ram_Usada";"GB";"2022-11-08 12:21:01";6.5
"Servidor-SPTECH";"ram";"ram_Usada";"GB";"2022-11-08 12:20:59";6.49
"Servidor-SPTECH";"ram";"ram_Usada";"GB";"2022-11-08 12:20:58";6.48
"Servidor-SPTECH";"ram";"ram_Usada";"GB";"2022-11-08 12:20:56";6.46
"Servidor-SPTECH";"ram";"ram_Usada";"GB";"2022-11-08 12:20:55";6.44
"Servidor-SPTECH";"ram";"ram_Usada";"GB";"2022-11-08 12:20:53";6.44
"Servidor-SPTECH";"ram";"ram_Usada";"GB";"2022-11-08 12:20:52";6.44
"Servidor-SPTECH";"ram";"ram_Usada";"GB";"2022-11-08 12:20:50";6.41
"Servidor-SPTECH";"ram";"ram_Usada";"GB";"2022-11-08 12:20:49";6.43
"Servidor-SPTECH";"ram";"ram_Usada";"GB";"2022-11-08 12:20:48";6.42
"Servidor-SPTECH";"ram";"ram_Usada";"GB";"2022-11-08 12:20:46";6.43
"Servidor-SPTECH";"ram";"ram_Usada";"GB";"2022-11-08 12:20:45";6.4
"Servidor-SPTECH";"ram";"ram_Usada";"GB";"2022-11-08 12:20:43";6.43
"Servidor-SPTECH";"ram";"ram_Usada";"GB";"2022-11-08 12:20:42";6.47
"Servidor-SPTECH";"ram";"ram_Usada";"GB";"2022-11-08 12:20:40";6.47
"Servidor-SPTECH";"ram";"ram_Usada";"GB";"2022-11-08 12:20:39";6.45
"Servidor-SPTECH";"ram";"ram_Usada";"GB";"2022-11-08 12:20:38";6.47
"Servidor-SPTECH";"ram";"ram_Usada";"GB";"2022-11-08 12:20:36";6.5
"Servidor-SPTECH";"ram";"ram_Usada";"GB";"2022-11-08 12:20:35";6.5
"Servidor-SPTECH";"ram";"ram_Usada";"GB";"2022-11-08 12:20:33";6.53
"Servidor-SPTECH";"ram";"ram_Usada";"GB";"2022-11-08 12:20:32";6.51
"Servidor-SPTECH";"ram";"ram_Usada";"GB";"2022-11-08 12:20:30";6.51
"Servidor-SPTECH";"ram";"ram_Usada";"GB";"2022-11-08 12:20:29";6.51
"Servidor-SPTECH";"ram";"ram_Usada";"GB";"2022-11-08 12:20:27";6.52
"Servidor-SPTECH";"ram";"ram_Usada";"GB";"2022-11-08 12:20:26";6.51
"Servidor-SPTECH";"ram";"ram_Usada";"GB";"2022-11-08 12:20:24";6.41
"Servidor-SPTECH";"ram";"ram_Usada";"GB";"2022-11-08 12:20:23";6.4
"Servidor-SPTECH";"ram";"ram_Usada";"GB";"2022-11-08 12:20:22";6.37
"Servidor-SPTECH";"ram";"ram_Usada";"GB";"2022-11-08 12:20:20";6.39
"Servidor-SPTECH";"ram";"ram_Usada";"GB";"2022-11-08 12:20:19";6.38
"Servidor-SPTECH";"ram";"ram_Usada";"GB";"2022-11-08 12:20:17";6.38
"Servidor-SPTECH";"ram";"ram_Usada";"GB";"2022-11-08 12:20:16";6.4
"Servidor-SPTECH";"ram";"ram_Usada";"GB";"2022-11-08 12:20:14";6.4
"Servidor-SPTECH";"ram";"ram_Usada";"GB";"2022-11-08 12:20:13";6.4
"Servidor-SPTECH";"ram";"ram_Usada";"GB";"2022-11-08 12:20:11";6.4
"Servidor-SPTECH";"ram";"ram_Usada";"GB";"2022-11-08 12:20:10";6.42
"Servidor-SPTECH";"ram";"ram_Usada";"GB";"2022-11-08 12:20:09";6.43
"Servidor-SPTECH";"ram";"ram_Usada";"GB";"2022-11-08 12:20:07";6.44
"Servidor-SPTECH";"ram";"ram_Usada";"GB";"2022-11-08 12:20:06";6.47
"Servidor-SPTECH";"ram";"ram_Usada";"GB";"2022-11-08 12:20:04";6.47
"Servidor-SPTECH";"ram";"ram_Usada";"GB";"2022-11-08 12:20:03";6.49
"Servidor-SPTECH";"ram";"ram_Usada";"GB";"2022-11-08 12:20:01";6.49
"Servidor-SPTECH";"ram";"ram_Usada";"GB";"2022-11-08 12:20:00";6.47
"Servidor-SPTECH";"ram";"ram_Usada";"GB";"2022-11-08 12:19:58";6.46
"Servidor-SPTECH";"ram";"ram_Usada";"GB";"2022-11-08 12:19:57";6.45
"Servidor-SPTECH";"ram";"ram_Usada";"GB";"2022-11-08 12:19:55";6.44
"Servidor-SPTECH";"ram";"ram_Usada";"GB";"2022-11-08 12:19:54";6.22
"Servidor-SPTECH";"ram";"ram_Usada";"GB";"2022-11-08 12:19:52";6.23
"Servidor-SPTECH";"ram";"ram_Usada";"GB";"2022-11-08 12:19:51";6.23
"Servidor-SPTECH";"ram";"ram_Usada";"GB";"2022-11-08 12:19:50";6.25
"Servidor-SPTECH";"ram";"ram_Usada";"GB";"2022-11-08 12:19:48";6.23
"Servidor-SPTECH";"ram";"ram_Usada";"GB";"2022-11-08 12:19:47";6.23
"Servidor-SPTECH";"ram";"ram_Usada";"GB";"2022-11-08 12:19:45";6.23
"Servidor-SPTECH";"ram";"ram_Usada";"GB";"2022-11-08 12:19:44";6.23
"Servidor-SPTECH";"ram";"ram_Usada";"GB";"2022-11-08 12:19:42";6.26
"Servidor-SPTECH";"ram";"ram_Usada";"GB";"2022-11-08 12:19:41";6.29
"Servidor-SPTECH";"ram";"ram_Usada";"GB";"2022-11-08 12:19:39";6.3
"Servidor-SPTECH";"ram";"ram_Usada";"GB";"2022-11-08 12:19:38";6.28
"Servidor-SPTECH";"ram";"ram_Usada";"GB";"2022-11-08 12:19:37";6.19
"Servidor-SPTECH";"ram";"ram_Usada";"GB";"2022-11-08 12:19:35";6.19
"Servidor-SPTECH";"ram";"ram_Usada";"GB";"2022-11-08 12:19:34";6.19
"Servidor-SPTECH";"ram";"ram_Usada";"GB";"2022-11-08 12:19:32";6.17
"Servidor-SPTECH";"ram";"ram_Usada";"GB";"2022-11-08 12:19:31";6.18
"Servidor-SPTECH";"ram";"ram_Usada";"GB";"2022-11-08 12:19:29";6.17
"Servidor-SPTECH";"ram";"ram_Usada";"GB";"2022-11-08 12:19:28";6.17
"Servidor-SPTECH";"ram";"ram_Usada";"GB";"2022-11-08 12:19:26";6.17
"Servidor-SPTECH";"ram";"ram_Usada";"GB";"2022-11-08 12:19:25";6.17
"Servidor-SPTECH";"ram";"ram_Usada";"GB";"2022-11-08 12:19:24";6.16
"Servidor-SPTECH";"ram";"ram_Usada";"GB";"2022-11-08 12:19:22";6.15
"Servidor-SPTECH";"ram";"ram_Usada";"GB";"2022-11-08 12:19:21";6.15
"Servidor-SPTECH";"ram";"ram_Usada";"GB";"2022-11-08 12:19:19";6.14
"Servidor-SPTECH";"ram";"ram_Usada";"GB";"2022-11-08 12:19:18";6.14
"Servidor-SPTECH";"ram";"ram_Usada";"GB";"2022-11-08 12:19:16";6.13
"Servidor-SPTECH";"ram";"ram_Usada";"GB";"2022-11-08 12:19:15";6.13
"Servidor-SPTECH";"ram";"ram_Usada";"GB";"2022-11-08 12:19:13";6.13
"Servidor-SPTECH";"ram";"ram_Usada";"GB";"2022-11-08 12:19:12";6.11
"Servidor-SPTECH";"ram";"ram_Usada";"GB";"2022-11-08 12:19:11";6.14
"Servidor-SPTECH";"ram";"ram_Usada";"GB";"2022-11-08 12:19:09";6.14
"Servidor-SPTECH";"ram";"ram_Usada";"GB";"2022-11-08 12:19:08";6.14
"Servidor-SPTECH";"ram";"ram_Usada";"GB";"2022-11-08 12:19:06";6.14
"Servidor-SPTECH";"ram";"ram_Usada";"GB";"2022-11-08 12:19:05";6.14
"Servidor-SPTECH";"ram";"ram_Usada";"GB";"2022-11-08 12:19:03";6.15
"Servidor-SPTECH";"ram";"ram_Usada";"GB";"2022-11-08 12:19:02";6.14
"Servidor-SPTECH";"ram";"ram_Usada";"GB";"2022-11-08 12:19:00";6.13
"Servidor-SPTECH";"ram";"ram_Usada";"GB";"2022-11-08 12:18:59";6.13
"Servidor-SPTECH";"ram";"ram_Usada";"GB";"2022-11-08 12:18:57";6.13
"Servidor-SPTECH";"ram";"ram_Usada";"GB";"2022-11-08 12:18:56";6.14
"Servidor-SPTECH";"ram";"ram_Usada";"GB";"2022-11-08 12:18:54";6.14
"Servidor-SPTECH";"ram";"ram_Usada";"GB";"2022-11-08 12:18:53";6.15
"Servidor-SPTECH";"ram";"ram_Usada";"GB";"2022-11-08 12:18:52";6.15
"Servidor-SPTECH";"ram";"ram_Usada";"GB";"2022-11-08 12:18:50";6.14
"Servidor-SPTECH";"ram";"ram_Usada";"GB";"2022-11-08 12:18:49";6.12
"Servidor-SPTECH";"ram";"ram_Usada";"GB";"2022-11-08 12:18:47";6.13
"Servidor-SPTECH";"ram";"ram_Usada";"GB";"2022-11-08 12:18:46";6.12
"Servidor-SPTECH";"ram";"ram_Usada";"GB";"2022-11-08 12:18:44";6.12
"Servidor-SPTECH";"ram";"ram_Usada";"GB";"2022-11-08 12:18:43";6.13
"Servidor-SPTECH";"ram";"ram_Usada";"GB";"2022-11-08 12:18:41";6.16
"Servidor-SPTECH";"ram";"ram_Usada";"GB";"2022-11-08 12:18:40";6.16
"Servidor-SPTECH";"ram";"ram_Usada";"GB";"2022-11-08 12:18:39";6.16
"Servidor-SPTECH";"ram";"ram_Usada";"GB";"2022-11-08 12:18:37";6.16
"Servidor-SPTECH";"ram";"ram_Usada";"GB";"2022-11-08 12:18:36";6.18
"Servidor-SPTECH";"ram";"ram_Usada";"GB";"2022-11-08 12:18:34";6.16
"Servidor-SPTECH";"ram";"ram_Usada";"GB";"2022-11-08 12:18:33";6.14
"Servidor-SPTECH";"ram";"ram_Usada";"GB";"2022-11-08 12:18:31";6.14
"Servidor-SPTECH";"ram";"ram_Usada";"GB";"2022-11-08 12:18:30";6.11
"Servidor-SPTECH";"ram";"ram_Usada";"GB";"2022-11-08 12:18:28";6.18
"Servidor-SPTECH";"ram";"ram_Usada";"GB";"2022-11-08 12:18:27";6.21
"Servidor-SPTECH";"ram";"ram_Usada";"GB";"2022-11-08 12:18:25";6.2
"Servidor-SPTECH";"ram";"ram_Usada";"GB";"2022-11-08 12:18:24";6.21
"Servidor-SPTECH";"ram";"ram_Usada";"GB";"2022-11-08 12:18:23";6.22
"Servidor-SPTECH";"ram";"ram_Usada";"GB";"2022-11-08 12:18:21";6.22
"Servidor-SPTECH";"ram";"ram_Usada";"GB";"2022-11-08 12:18:20";6.37
"Servidor-SPTECH";"ram";"ram_Usada";"GB";"2022-11-08 12:18:18";6.39
"Servidor-SPTECH";"ram";"ram_Usada";"GB";"2022-11-08 12:18:17";6.4
"Servidor-SPTECH";"ram";"ram_Usada";"GB";"2022-11-08 12:18:15";6.4
"Servidor-SPTECH";"ram";"ram_Usada";"GB";"2022-11-08 12:18:14";6.4
"Servidor-SPTECH";"ram";"ram_Usada";"GB";"2022-11-08 12:18:12";6.41
"Servidor-SPTECH";"ram";"ram_Usada";"GB";"2022-11-08 12:18:11";6.41
"Servidor-SPTECH";"ram";"ram_Usada";"GB";"2022-11-08 12:18:10";6.4
"Servidor-SPTECH";"ram";"ram_Usada";"GB";"2022-11-08 12:18:08";6.41
"Servidor-SPTECH";"ram";"ram_Usada";"GB";"2022-11-08 12:18:07";6.43
"Servidor-SPTECH";"ram";"ram_Usada";"GB";"2022-11-08 12:18:05";6.43
"Servidor-SPTECH";"ram";"ram_Usada";"GB";"2022-11-08 12:18:04";6.43
"Servidor-SPTECH";"ram";"ram_Usada";"GB";"2022-11-08 12:18:02";6.41
"Servidor-SPTECH";"ram";"ram_Usada";"GB";"2022-11-08 12:18:01";6.42
"Servidor-SPTECH";"ram";"ram_Usada";"GB";"2022-11-08 12:17:59";6.42
"Servidor-SPTECH";"ram";"ram_Usada";"GB";"2022-11-08 12:17:58";6.42
"Servidor-SPTECH";"ram";"ram_Usada";"GB";"2022-11-08 12:17:57";6.43
"Servidor-SPTECH";"ram";"ram_Usada";"GB";"2022-11-08 12:17:55";6.42
"Servidor-SPTECH";"ram";"ram_Usada";"GB";"2022-11-08 12:17:54";6.4
"Servidor-SPTECH";"ram";"ram_Usada";"GB";"2022-11-08 12:17:52";6.44
"Servidor-SPTECH";"ram";"ram_Usada";"GB";"2022-11-08 12:17:51";6.44
"Servidor-SPTECH";"ram";"ram_Usada";"GB";"2022-11-08 12:17:49";6.42
"Servidor-SPTECH";"ram";"ram_Usada";"GB";"2022-11-08 12:17:48";6.41
"Servidor-SPTECH";"ram";"ram_Usada";"GB";"2022-11-08 12:17:46";6.42
"Servidor-SPTECH";"ram";"ram_Usada";"GB";"2022-11-08 12:17:45";6.42
"Servidor-SPTECH";"ram";"ram_Usada";"GB";"2022-11-08 12:17:43";6.42
"Servidor-SPTECH";"ram";"ram_Usada";"GB";"2022-11-08 12:17:42";6.44
"Servidor-SPTECH";"ram";"ram_Usada";"GB";"2022-11-08 12:17:41";6.44
"Servidor-SPTECH";"ram";"ram_Usada";"GB";"2022-11-08 12:17:39";6.45
"Servidor-SPTECH";"ram";"ram_Usada";"GB";"2022-11-08 12:17:38";6.46
"Servidor-SPTECH";"ram";"ram_Usada";"GB";"2022-11-08 12:17:36";6.46
"Servidor-SPTECH";"ram";"ram_Usada";"GB";"2022-11-08 12:17:35";6.46
"Servidor-SPTECH";"ram";"ram_Usada";"GB";"2022-11-08 12:17:33";6.46
"Servidor-SPTECH";"ram";"ram_Usada";"GB";"2022-11-08 12:17:32";6.43
"Servidor-SPTECH";"ram";"ram_Usada";"GB";"2022-11-08 12:17:31";6.43
"Servidor-SPTECH";"ram";"ram_Usada";"GB";"2022-11-08 12:17:29";6.43
"Servidor-SPTECH";"ram";"ram_Usada";"GB";"2022-11-08 12:17:28";6.44
"Servidor-SPTECH";"ram";"ram_Usada";"GB";"2022-11-08 12:17:26";6.44
"Servidor-SPTECH";"ram";"ram_Usada";"GB";"2022-11-08 12:17:25";6.44
"Servidor-SPTECH";"ram";"ram_Usada";"GB";"2022-11-08 12:17:23";6.44
"Servidor-SPTECH";"ram";"ram_Usada";"GB";"2022-11-08 12:17:22";6.45
"Servidor-SPTECH";"ram";"ram_Usada";"GB";"2022-11-08 12:17:20";6.45
"Servidor-SPTECH";"ram";"ram_Usada";"GB";"2022-11-08 12:17:19";6.43
"Servidor-SPTECH";"ram";"ram_Usada";"GB";"2022-11-08 12:17:18";6.43
"Servidor-SPTECH";"ram";"ram_Usada";"GB";"2022-11-08 12:17:16";6.46
"Servidor-SPTECH";"ram";"ram_Usada";"GB";"2022-11-08 12:17:15";6.46
"Servidor-SPTECH";"ram";"ram_Usada";"GB";"2022-11-08 12:17:13";6.48
"Servidor-SPTECH";"ram";"ram_Usada";"GB";"2022-11-08 12:17:12";6.49
"Servidor-SPTECH";"ram";"ram_Usada";"GB";"2022-11-08 12:17:10";6.48
"Servidor-SPTECH";"ram";"ram_Usada";"GB";"2022-11-08 12:17:09";6.47
"Servidor-SPTECH";"ram";"ram_Usada";"GB";"2022-11-08 12:17:07";6.48
"Servidor-SPTECH";"ram";"ram_Usada";"GB";"2022-11-08 12:17:06";6.47
"Servidor-SPTECH";"ram";"ram_Usada";"GB";"2022-11-08 12:17:05";6.45
"Servidor-SPTECH";"ram";"ram_Usada";"GB";"2022-11-08 12:17:03";6.45
"Servidor-SPTECH";"ram";"ram_Usada";"GB";"2022-11-08 12:17:02";6.43
"Servidor-SPTECH";"ram";"ram_Usada";"GB";"2022-11-08 12:17:00";6.44
"Servidor-SPTECH";"ram";"ram_Usada";"GB";"2022-11-08 12:16:59";6.43
"Servidor-SPTECH";"ram";"ram_Usada";"GB";"2022-11-08 12:16:57";6.43
"Servidor-SPTECH";"ram";"ram_Usada";"GB";"2022-11-08 12:16:56";6.42
"Servidor-SPTECH";"ram";"ram_Usada";"GB";"2022-11-08 12:16:54";6.4
"Servidor-SPTECH";"ram";"ram_Usada";"GB";"2022-11-08 12:16:53";6.41
"Servidor-SPTECH";"ram";"ram_Usada";"GB";"2022-11-08 12:16:52";6.45
"Servidor-SPTECH";"ram";"ram_Usada";"GB";"2022-11-08 12:16:50";6.43
"Servidor-SPTECH";"ram";"ram_Usada";"GB";"2022-11-08 12:16:49";6.45
"Servidor-SPTECH";"ram";"ram_Usada";"GB";"2022-11-08 12:16:47";6.45
"Servidor-SPTECH";"ram";"ram_Usada";"GB";"2022-11-08 12:16:46";6.5
"Servidor-SPTECH";"ram";"ram_Usada";"GB";"2022-11-08 12:16:44";6.51
"Servidor-SPTECH";"ram";"ram_Usada";"GB";"2022-11-08 12:16:43";6.51
"Servidor-SPTECH";"ram";"ram_Usada";"GB";"2022-11-08 12:16:41";6.57
"Servidor-SPTECH";"ram";"ram_Usada";"GB";"2022-11-08 12:16:40";6.61
"Servidor-SPTECH";"ram";"ram_Usada";"GB";"2022-11-08 12:16:39";6.62
"Servidor-SPTECH";"ram";"ram_Usada";"GB";"2022-11-08 12:16:37";6.64
"Servidor-SPTECH";"ram";"ram_Usada";"GB";"2022-11-08 12:16:36";6.68
"Servidor-SPTECH";"ram";"ram_Usada";"GB";"2022-11-08 12:16:34";6.67
"Servidor-SPTECH";"ram";"ram_Usada";"GB";"2022-11-08 12:16:33";6.56
"Servidor-SPTECH";"ram";"ram_Usada";"GB";"2022-11-08 12:16:31";6.54
"Servidor-SPTECH";"ram";"ram_Usada";"GB";"2022-11-08 12:16:30";6.52
"Servidor-SPTECH";"ram";"ram_Usada";"GB";"2022-11-08 12:16:29";6.52
"Servidor-SPTECH";"ram";"ram_Usada";"GB";"2022-11-08 12:16:27";6.52
"Servidor-SPTECH";"ram";"ram_Usada";"GB";"2022-11-08 12:16:26";6.5
"Servidor-SPTECH";"ram";"ram_Usada";"GB";"2022-11-08 12:16:24";6.5
"Servidor-SPTECH";"ram";"ram_Usada";"GB";"2022-11-08 12:16:23";6.5
"Servidor-SPTECH";"ram";"ram_Usada";"GB";"2022-11-08 12:16:21";6.5
"Servidor-SPTECH";"ram";"ram_Usada";"GB";"2022-11-08 12:16:20";6.5
"Servidor-SPTECH";"ram";"ram_Usada";"GB";"2022-11-08 12:16:19";6.5
"Servidor-SPTECH";"ram";"ram_Usada";"GB";"2022-11-08 12:16:17";6.49
"Servidor-SPTECH";"ram";"ram_Usada";"GB";"2022-11-08 12:16:16";6.49
"Servidor-SPTECH";"ram";"ram_Usada";"GB";"2022-11-08 12:16:14";6.47
"Servidor-SPTECH";"ram";"ram_Usada";"GB";"2022-11-08 12:16:13";6.44
"Servidor-SPTECH";"ram";"ram_Usada";"GB";"2022-11-08 12:16:11";6.41
"Servidor-SPTECH";"ram";"ram_Usada";"GB";"2022-11-08 12:16:10";6.44
"Servidor-SPTECH";"ram";"ram_Usada";"GB";"2022-11-08 12:16:08";6.44
"Servidor-SPTECH";"ram";"ram_Usada";"GB";"2022-11-08 12:16:07";6.44
"Servidor-SPTECH";"ram";"ram_Usada";"GB";"2022-11-08 12:16:06";6.46
"Servidor-SPTECH";"ram";"ram_Usada";"GB";"2022-11-08 12:16:04";6.45
"Servidor-SPTECH";"ram";"ram_Usada";"GB";"2022-11-08 12:16:03";6.44
"Servidor-SPTECH";"ram";"ram_Usada";"GB";"2022-11-08 12:16:01";6.44
"Servidor-SPTECH";"ram";"ram_Usada";"GB";"2022-11-08 12:16:00";6.45
"Servidor-SPTECH";"ram";"ram_Usada";"GB";"2022-11-08 12:15:58";6.44
"Servidor-SPTECH";"ram";"ram_Usada";"GB";"2022-11-08 12:15:57";6.45
"Servidor-SPTECH";"ram";"ram_Usada";"GB";"2022-11-08 12:15:55";6.45
"Servidor-SPTECH";"ram";"ram_Usada";"GB";"2022-11-08 12:15:54";6.45
"Servidor-SPTECH";"ram";"ram_Usada";"GB";"2022-11-08 12:15:53";6.46
"Servidor-SPTECH";"ram";"ram_Usada";"GB";"2022-11-08 12:15:51";6.45
"Servidor-SPTECH";"ram";"ram_Usada";"GB";"2022-11-08 12:15:50";6.43
"Servidor-SPTECH";"ram";"ram_Usada";"GB";"2022-11-08 12:15:48";6.43
"Servidor-SPTECH";"ram";"ram_Usada";"GB";"2022-11-08 12:15:47";6.43
"Servidor-SPTECH";"ram";"ram_Usada";"GB";"2022-11-08 12:15:45";6.43
"Servidor-SPTECH";"ram";"ram_Usada";"GB";"2022-11-08 12:15:44";6.43
"Servidor-SPTECH";"ram";"ram_Usada";"GB";"2022-11-08 12:15:42";6.43
"Servidor-SPTECH";"ram";"ram_Usada";"GB";"2022-11-08 12:15:41";6.46
"Servidor-SPTECH";"ram";"ram_Usada";"GB";"2022-11-08 12:15:40";6.48
"Servidor-SPTECH";"ram";"ram_Usada";"GB";"2022-11-08 12:15:38";6.48
"Servidor-SPTECH";"ram";"ram_Usada";"GB";"2022-11-08 12:15:37";6.5
"Servidor-SPTECH";"ram";"ram_Usada";"GB";"2022-11-08 12:15:35";6.48
"Servidor-SPTECH";"ram";"ram_Usada";"GB";"2022-11-08 12:15:34";6.5
"Servidor-SPTECH";"ram";"ram_Usada";"GB";"2022-11-08 12:15:32";6.49
"Servidor-SPTECH";"ram";"ram_Usada";"GB";"2022-11-08 12:15:31";6.5
"Servidor-SPTECH";"ram";"ram_Usada";"GB";"2022-11-08 12:15:29";6.47
"Servidor-SPTECH";"ram";"ram_Usada";"GB";"2022-11-08 12:15:28";6.5
"Servidor-SPTECH";"ram";"ram_Usada";"GB";"2022-11-08 12:15:26";6.49
"Servidor-SPTECH";"ram";"ram_Usada";"GB";"2022-11-08 12:15:25";6.49
"Servidor-SPTECH";"ram";"ram_Usada";"GB";"2022-11-08 12:15:24";6.51
"Servidor-SPTECH";"ram";"ram_Usada";"GB";"2022-11-08 12:15:22";6.51
"Servidor-SPTECH";"ram";"ram_Usada";"GB";"2022-11-08 12:15:21";6.51
"Servidor-SPTECH";"ram";"ram_Usada";"GB";"2022-11-08 12:15:19";6.51
"Servidor-SPTECH";"ram";"ram_Usada";"GB";"2022-11-08 12:15:18";6.53
"Servidor-SPTECH";"ram";"ram_Usada";"GB";"2022-11-08 12:15:16";6.55
"Servidor-SPTECH";"ram";"ram_Usada";"GB";"2022-11-08 12:15:15";6.55
"Servidor-SPTECH";"ram";"ram_Usada";"GB";"2022-11-08 12:15:14";6.56
"Servidor-SPTECH";"ram";"ram_Usada";"GB";"2022-11-08 12:15:12";6.56
"Servidor-SPTECH";"ram";"ram_Usada";"GB";"2022-11-08 12:15:11";6.56
"Servidor-SPTECH";"ram";"ram_Usada";"GB";"2022-11-08 12:15:09";6.56
"Servidor-SPTECH";"ram";"ram_Usada";"GB";"2022-11-08 12:15:08";6.55
"Servidor-SPTECH";"ram";"ram_Usada";"GB";"2022-11-08 12:15:06";6.56
"Servidor-SPTECH";"ram";"ram_Usada";"GB";"2022-11-08 12:15:05";6.45
"Servidor-SPTECH";"ram";"ram_Usada";"GB";"2022-11-08 12:15:04";6.48
"Servidor-SPTECH";"ram";"ram_Usada";"GB";"2022-11-08 12:15:02";6.46
"Servidor-SPTECH";"ram";"ram_Usada";"GB";"2022-11-08 12:15:01";6.47
"Servidor-SPTECH";"ram";"ram_Usada";"GB";"2022-11-08 12:14:59";6.35
"Servidor-SPTECH";"ram";"ram_Usada";"GB";"2022-11-08 12:14:58";6.36
"Servidor-SPTECH";"ram";"ram_Usada";"GB";"2022-11-08 12:14:56";6.35
"Servidor-SPTECH";"ram";"ram_Usada";"GB";"2022-11-08 12:14:55";6.37
"Servidor-SPTECH";"ram";"ram_Usada";"GB";"2022-11-08 12:14:53";6.4
"Servidor-SPTECH";"ram";"ram_Usada";"GB";"2022-11-08 12:14:52";6.48
"Servidor-SPTECH";"ram";"ram_Usada";"GB";"2022-11-08 12:14:51";6.47
"Servidor-SPTECH";"ram";"ram_Usada";"GB";"2022-11-08 12:14:49";6.5
"Servidor-SPTECH";"ram";"ram_Usada";"GB";"2022-11-08 12:14:48";6.52
"Servidor-SPTECH";"ram";"ram_Usada";"GB";"2022-11-08 12:14:46";6.52
"Servidor-SPTECH";"ram";"ram_Usada";"GB";"2022-11-08 12:14:45";6.53
"Servidor-SPTECH";"ram";"ram_Usada";"GB";"2022-11-08 12:14:43";6.51
"Servidor-SPTECH";"ram";"ram_Usada";"GB";"2022-11-08 12:14:42";6.55
"Servidor-SPTECH";"ram";"ram_Usada";"GB";"2022-11-08 12:14:40";6.29
"Servidor-SPTECH";"ram";"ram_Usada";"GB";"2022-11-08 12:14:39";6.28
"Servidor-SPTECH";"ram";"ram_Usada";"GB";"2022-11-08 12:14:37";6.28
"Servidor-SPTECH";"ram";"ram_Usada";"GB";"2022-11-08 12:14:36";6.28
"Servidor-SPTECH";"ram";"ram_Usada";"GB";"2022-11-08 12:14:35";6.29
"Servidor-SPTECH";"ram";"ram_Usada";"GB";"2022-11-08 12:14:33";6.3
"Servidor-SPTECH";"ram";"ram_Usada";"GB";"2022-11-08 12:14:32";6.28
"Servidor-SPTECH";"ram";"ram_Usada";"GB";"2022-11-08 12:14:30";6.29
"Servidor-SPTECH";"ram";"ram_Usada";"GB";"2022-11-08 12:14:29";6.25
"Servidor-SPTECH";"ram";"ram_Usada";"GB";"2022-11-08 12:14:27";6.28
"Servidor-SPTECH";"ram";"ram_Usada";"GB";"2022-11-08 12:14:26";6.28
"Servidor-SPTECH";"ram";"ram_Usada";"GB";"2022-11-08 12:14:24";6.28
"Servidor-SPTECH";"ram";"ram_Usada";"GB";"2022-11-08 12:14:23";6.25
"Servidor-SPTECH";"ram";"ram_Usada";"GB";"2022-11-08 12:14:22";6.29
"Servidor-SPTECH";"ram";"ram_Usada";"GB";"2022-11-08 12:14:20";6.3
"Servidor-SPTECH";"ram";"ram_Usada";"GB";"2022-11-08 12:14:19";6.28
"Servidor-SPTECH";"ram";"ram_Usada";"GB";"2022-11-08 12:14:17";6.28
"Servidor-SPTECH";"ram";"ram_Usada";"GB";"2022-11-08 12:14:16";6.28
"Servidor-SPTECH";"ram";"ram_Usada";"GB";"2022-11-08 12:14:14";6.29
"Servidor-SPTECH";"ram";"ram_Usada";"GB";"2022-11-08 12:14:13";6.26
"Servidor-SPTECH";"ram";"ram_Usada";"GB";"2022-11-08 12:14:11";6.27
"Servidor-SPTECH";"ram";"ram_Usada";"GB";"2022-11-08 12:14:10";6.28
"Servidor-SPTECH";"ram";"ram_Usada";"GB";"2022-11-08 12:14:09";6.28
"Servidor-SPTECH";"ram";"ram_Usada";"GB";"2022-11-08 12:14:07";6.27
"Servidor-SPTECH";"ram";"ram_Usada";"GB";"2022-11-08 12:14:06";6.28
"Servidor-SPTECH";"ram";"ram_Usada";"GB";"2022-11-08 12:14:04";6.28
"Servidor-SPTECH";"ram";"ram_Usada";"GB";"2022-11-08 12:14:03";6.28
"Servidor-SPTECH";"ram";"ram_Usada";"GB";"2022-11-08 12:14:01";6.28
"Servidor-SPTECH";"ram";"ram_Usada";"GB";"2022-11-08 12:14:00";6.29
"Servidor-SPTECH";"ram";"ram_Usada";"GB";"2022-11-08 12:13:59";6.3
"Servidor-SPTECH";"ram";"ram_Usada";"GB";"2022-11-08 12:13:57";6.31
"Servidor-SPTECH";"ram";"ram_Usada";"GB";"2022-11-08 12:13:56";6.3
"Servidor-SPTECH";"ram";"ram_Usada";"GB";"2022-11-08 12:13:54";6.32
"Servidor-SPTECH";"ram";"ram_Usada";"GB";"2022-11-08 12:13:53";6.29
"Servidor-SPTECH";"ram";"ram_Usada";"GB";"2022-11-08 12:13:51";6.3
"Servidor-SPTECH";"ram";"ram_Usada";"GB";"2022-11-08 12:13:50";6.27
"Servidor-SPTECH";"ram";"ram_Usada";"GB";"2022-11-08 12:13:48";6.32
"Servidor-SPTECH";"ram";"ram_Usada";"GB";"2022-11-08 12:13:47";6.28
"Servidor-SPTECH";"ram";"ram_Usada";"GB";"2022-11-08 12:13:45";6.21
"Servidor-SPTECH";"ram";"ram_Usada";"GB";"2022-11-08 12:13:44";6.11
"Servidor-SPTECH";"ram";"ram_Usada";"GB";"2022-11-08 12:13:43";6.09
"Servidor-SPTECH";"ram";"ram_Usada";"GB";"2022-11-08 12:13:41";6.11
"Servidor-SPTECH";"ram";"ram_Usada";"GB";"2022-11-08 12:13:40";6.13
"Servidor-SPTECH";"ram";"ram_Usada";"GB";"2022-11-08 12:13:38";6.14
"Servidor-SPTECH";"ram";"ram_Usada";"GB";"2022-11-08 12:13:37";6.16
"Servidor-SPTECH";"ram";"ram_Usada";"GB";"2022-11-08 12:13:35";6.2
"Servidor-SPTECH";"ram";"ram_Usada";"GB";"2022-11-08 12:13:34";6.21
"Servidor-SPTECH";"ram";"ram_Usada";"GB";"2022-11-08 12:13:33";6.2
"Servidor-SPTECH";"ram";"ram_Usada";"GB";"2022-11-08 12:13:31";6.19
"Servidor-SPTECH";"ram";"ram_Usada";"GB";"2022-11-08 12:13:30";6.21
"Servidor-SPTECH";"ram";"ram_Usada";"GB";"2022-11-08 12:13:28";6.21
"Servidor-SPTECH";"ram";"ram_Usada";"GB";"2022-11-08 12:13:27";6.32
"Servidor-SPTECH";"ram";"ram_Usada";"GB";"2022-11-08 12:13:25";6.3
"Servidor-SPTECH";"ram";"ram_Usada";"GB";"2022-11-08 12:13:24";6.25
"Servidor-SPTECH";"ram";"ram_Usada";"GB";"2022-11-08 12:13:22";6.24
"Servidor-SPTECH";"ram";"ram_Usada";"GB";"2022-11-08 12:13:21";6.39
"Servidor-SPTECH";"ram";"ram_Usada";"GB";"2022-11-08 12:13:20";6.78
"Servidor-SPTECH";"ram";"ram_Usada";"GB";"2022-11-08 12:13:18";7.15
"Servidor-SPTECH";"ram";"ram_Usada";"GB";"2022-11-08 12:13:16";7.22
"Servidor-SPTECH";"ram";"ram_Usada";"GB";"2022-11-08 12:13:15";7.29
"Servidor-SPTECH";"ram";"ram_Usada";"GB";"2022-11-08 12:13:14";7.28
"Servidor-SPTECH";"ram";"ram_Usada";"GB";"2022-11-08 12:13:12";7.18
"Servidor-SPTECH";"ram";"ram_Usada";"GB";"2022-11-08 12:13:10";7.13
"Servidor-SPTECH";"ram";"ram_Usada";"GB";"2022-11-08 12:13:09";7.18
"Servidor-SPTECH";"ram";"ram_Usada";"GB";"2022-11-08 12:13:08";7.08
"Servidor-SPTECH";"ram";"ram_Usada";"GB";"2022-11-08 12:13:06";7.06
"Servidor-SPTECH";"ram";"ram_Usada";"GB";"2022-11-08 12:13:05";6.87
"Servidor-SPTECH";"ram";"ram_Usada";"GB";"2022-11-08 12:13:03";6.86
"Servidor-SPTECH";"ram";"ram_Usada";"GB";"2022-11-08 12:13:02";6.77
"Servidor-SPTECH";"ram";"ram_Usada";"GB";"2022-11-08 12:13:00";6.76
"Servidor-SPTECH";"ram";"ram_Usada";"GB";"2022-11-08 12:12:59";6.73
"Servidor-SPTECH";"ram";"ram_Usada";"GB";"2022-11-08 12:12:57";6.76
"Servidor-SPTECH";"ram";"ram_Usada";"GB";"2022-11-08 12:12:56";6.76
"Servidor-SPTECH";"ram";"ram_Usada";"GB";"2022-11-08 12:12:54";6.76
"Servidor-SPTECH";"ram";"ram_Usada";"GB";"2022-11-08 12:12:53";6.73
"Servidor-SPTECH";"ram";"ram_Usada";"GB";"2022-11-08 12:12:52";6.76
"Servidor-SPTECH";"ram";"ram_Usada";"GB";"2022-11-08 12:12:50";6.76
"Servidor-SPTECH";"ram";"ram_Usada";"GB";"2022-11-08 12:12:49";6.75
"Servidor-SPTECH";"ram";"ram_Usada";"GB";"2022-11-08 12:12:47";6.76
"Servidor-SPTECH";"ram";"ram_Usada";"GB";"2022-11-08 12:12:46";6.75
"Servidor-SPTECH";"ram";"ram_Usada";"GB";"2022-11-08 12:12:44";6.73
"Servidor-SPTECH";"ram";"ram_Usada";"GB";"2022-11-08 12:12:43";6.73
"Servidor-SPTECH";"ram";"ram_Usada";"GB";"2022-11-08 12:12:41";6.76
"Servidor-SPTECH";"ram";"ram_Usada";"GB";"2022-11-08 12:12:40";6.78
"Servidor-SPTECH";"ram";"ram_Usada";"GB";"2022-11-08 12:12:39";6.76
"Servidor-SPTECH";"ram";"ram_Usada";"GB";"2022-11-08 12:12:37";6.75
"Servidor-SPTECH";"ram";"ram_Usada";"GB";"2022-11-08 12:12:36";6.84
"Servidor-SPTECH";"ram";"ram_Usada";"GB";"2022-11-08 12:12:34";6.83
"Servidor-SPTECH";"ram";"ram_Usada";"GB";"2022-11-08 12:12:33";6.82
"Servidor-SPTECH";"ram";"ram_Usada";"GB";"2022-11-08 12:12:31";6.81
"Servidor-SPTECH";"ram";"ram_Usada";"GB";"2022-11-08 12:12:30";6.77
"Servidor-SPTECH";"ram";"ram_Usada";"GB";"2022-11-08 12:12:28";6.71
"Servidor-SPTECH";"ram";"ram_Usada";"GB";"2022-11-08 12:12:27";6.75
"Servidor-SPTECH";"ram";"ram_Usada";"GB";"2022-11-08 12:12:26";6.75
"Servidor-SPTECH";"ram";"ram_Usada";"GB";"2022-11-08 12:12:24";6.8
"Servidor-SPTECH";"ram";"ram_Usada";"GB";"2022-11-08 12:12:23";6.76
"Servidor-SPTECH";"ram";"ram_Usada";"GB";"2022-11-08 12:12:21";6.8
"Servidor-SPTECH";"ram";"ram_Usada";"GB";"2022-11-08 12:12:20";6.77
"Servidor-SPTECH";"ram";"ram_Usada";"GB";"2022-11-08 12:12:18";6.77
"Servidor-SPTECH";"ram";"ram_Usada";"GB";"2022-11-08 12:12:17";6.74
"Servidor-SPTECH";"ram";"ram_Usada";"GB";"2022-11-08 12:12:15";6.78
"Servidor-SPTECH";"ram";"ram_Usada";"GB";"2022-11-08 12:12:14";6.79
"Servidor-SPTECH";"ram";"ram_Usada";"GB";"2022-11-08 12:12:13";6.8
"Servidor-SPTECH";"ram";"ram_Usada";"GB";"2022-11-08 12:12:11";6.81
"Servidor-SPTECH";"ram";"ram_Usada";"GB";"2022-11-08 12:12:10";6.85
"Servidor-SPTECH";"ram";"ram_Usada";"GB";"2022-11-08 12:12:08";6.85
"Servidor-SPTECH";"ram";"ram_Usada";"GB";"2022-11-08 12:12:07";6.86
"Servidor-SPTECH";"ram";"ram_Usada";"GB";"2022-11-08 12:12:05";6.81
"Servidor-SPTECH";"ram";"ram_Usada";"GB";"2022-11-08 12:12:04";6.76
"Servidor-SPTECH";"ram";"ram_Usada";"GB";"2022-11-08 12:12:02";6.74
"Servidor-SPTECH";"ram";"ram_Usada";"GB";"2022-11-08 12:12:01";6.84
"Servidor-SPTECH";"ram";"ram_Usada";"GB";"2022-11-08 12:11:59";6.9
"Servidor-SPTECH";"ram";"ram_Usada";"GB";"2022-11-08 12:11:58";6.88
"Servidor-SPTECH";"ram";"ram_Usada";"GB";"2022-11-08 12:11:56";6.77
"Servidor-SPTECH";"ram";"ram_Usada";"GB";"2022-11-08 12:11:55";6.73
"Servidor-SPTECH";"ram";"ram_Usada";"GB";"2022-11-08 12:11:53";6.7
"Servidor-SPTECH";"ram";"ram_Usada";"GB";"2022-11-08 12:11:52";6.7
"Servidor-SPTECH";"ram";"ram_Usada";"GB";"2022-11-08 12:11:50";6.71
"Servidor-SPTECH";"ram";"ram_Usada";"GB";"2022-11-08 12:11:49";6.66
"Servidor-SPTECH";"ram";"ram_Usada";"GB";"2022-11-08 12:11:47";6.66
"Servidor-SPTECH";"ram";"ram_Usada";"GB";"2022-11-08 12:11:46";6.63
"Servidor-SPTECH";"ram";"ram_Usada";"GB";"2022-11-08 12:11:45";6.66
"Servidor-SPTECH";"ram";"ram_Usada";"GB";"2022-11-08 12:11:43";6.68
"Servidor-SPTECH";"ram";"ram_Usada";"GB";"2022-11-08 12:11:42";6.71
"Servidor-SPTECH";"ram";"ram_Usada";"GB";"2022-11-08 12:11:40";6.68
"Servidor-SPTECH";"ram";"ram_Usada";"GB";"2022-11-08 12:11:39";6.7
"Servidor-SPTECH";"ram";"ram_Usada";"GB";"2022-11-08 12:11:37";6.71
"Servidor-SPTECH";"ram";"ram_Usada";"GB";"2022-11-08 12:11:36";6.69
"Servidor-SPTECH";"ram";"ram_Usada";"GB";"2022-11-08 12:11:35";6.66
"Servidor-SPTECH";"ram";"ram_Usada";"GB";"2022-11-08 12:11:33";6.7
"Servidor-SPTECH";"ram";"ram_Usada";"GB";"2022-11-08 12:11:32";6.69
"Servidor-SPTECH";"ram";"ram_Usada";"GB";"2022-11-08 12:11:30";6.67
"Servidor-SPTECH";"ram";"ram_Usada";"GB";"2022-11-08 12:11:29";6.78
"Servidor-SPTECH";"ram";"ram_Usada";"GB";"2022-11-08 12:11:27";6.79
"Servidor-SPTECH";"ram";"ram_Usada";"GB";"2022-11-08 12:11:26";6.81
"Servidor-SPTECH";"ram";"ram_Usada";"GB";"2022-11-08 12:11:24";6.82
"Servidor-SPTECH";"ram";"ram_Usada";"GB";"2022-11-08 12:11:23";6.83
"Servidor-SPTECH";"ram";"ram_Usada";"GB";"2022-11-08 12:11:22";6.83
"Servidor-SPTECH";"ram";"ram_Usada";"GB";"2022-11-08 12:11:20";6.83
"Servidor-SPTECH";"ram";"ram_Usada";"GB";"2022-11-08 12:11:19";6.8
"Servidor-SPTECH";"ram";"ram_Usada";"GB";"2022-11-08 12:11:17";6.87
"Servidor-SPTECH";"ram";"ram_Usada";"GB";"2022-11-08 12:11:16";6.92
"Servidor-SPTECH";"ram";"ram_Usada";"GB";"2022-11-08 12:11:14";6.91
"Servidor-SPTECH";"ram";"ram_Usada";"GB";"2022-11-08 12:11:13";6.92
"Servidor-SPTECH";"ram";"ram_Usada";"GB";"2022-11-08 12:11:12";6.94
"Servidor-SPTECH";"ram";"ram_Usada";"GB";"2022-11-08 12:11:10";6.9
"Servidor-SPTECH";"ram";"ram_Usada";"GB";"2022-11-08 12:11:09";6.93
"Servidor-SPTECH";"ram";"ram_Usada";"GB";"2022-11-08 12:11:07";6.93
"Servidor-SPTECH";"ram";"ram_Usada";"GB";"2022-11-08 12:11:06";6.95
"Servidor-SPTECH";"ram";"ram_Usada";"GB";"2022-11-08 12:11:04";6.92
"Servidor-SPTECH";"ram";"ram_Usada";"GB";"2022-11-08 12:11:03";6.96
"Servidor-SPTECH";"ram";"ram_Usada";"GB";"2022-11-08 12:11:01";6.94
"Servidor-SPTECH";"ram";"ram_Usada";"GB";"2022-11-08 12:11:00";6.92
"Servidor-SPTECH";"ram";"ram_Usada";"GB";"2022-11-08 12:10:58";6.89
"Servidor-SPTECH";"ram";"ram_Usada";"GB";"2022-11-08 12:10:57";6.91
"Servidor-SPTECH";"ram";"ram_Usada";"GB";"2022-11-08 12:10:56";7.02
"Servidor-SPTECH";"ram";"ram_Usada";"GB";"2022-11-08 12:10:54";7.06
"Servidor-SPTECH";"ram";"ram_Usada";"GB";"2022-11-08 12:10:53";7.05
"Servidor-SPTECH";"ram";"ram_Usada";"GB";"2022-11-08 12:10:51";7.07
"Servidor-SPTECH";"ram";"ram_Usada";"GB";"2022-11-08 12:10:50";7.04
"Servidor-SPTECH";"ram";"ram_Usada";"GB";"2022-11-08 12:10:48";7.05
"Servidor-SPTECH";"ram";"ram_Usada";"GB";"2022-11-08 12:10:47";6.9
"Servidor-SPTECH";"ram";"ram_Usada";"GB";"2022-11-08 12:10:45";6.94
"Servidor-SPTECH";"ram";"ram_Usada";"GB";"2022-11-08 12:10:44";6.93
"Servidor-SPTECH";"ram";"ram_Usada";"GB";"2022-11-08 12:10:42";6.96
"Servidor-SPTECH";"ram";"ram_Usada";"GB";"2022-11-08 12:10:41";6.8
"Servidor-SPTECH";"ram";"ram_Usada";"GB";"2022-11-08 12:10:39";6.8
"Servidor-SPTECH";"ram";"ram_Usada";"GB";"2022-11-08 12:10:38";6.8
"Servidor-SPTECH";"ram";"ram_Usada";"GB";"2022-11-08 12:10:36";6.81
"Servidor-SPTECH";"ram";"ram_Usada";"GB";"2022-11-08 12:10:35";6.81
"Servidor-SPTECH";"ram";"ram_Usada";"GB";"2022-11-08 12:10:34";6.81
"Servidor-SPTECH";"ram";"ram_Usada";"GB";"2022-11-08 12:10:32";6.8
"Servidor-SPTECH";"ram";"ram_Usada";"GB";"2022-11-08 12:10:31";6.86
"Servidor-SPTECH";"ram";"ram_Usada";"GB";"2022-11-08 12:10:29";6.86
"Servidor-SPTECH";"ram";"ram_Usada";"GB";"2022-11-08 12:10:28";6.9
"Servidor-SPTECH";"ram";"ram_Usada";"GB";"2022-11-08 12:10:26";6.93
"Servidor-SPTECH";"ram";"ram_Usada";"GB";"2022-11-08 12:10:25";6.93
"Servidor-SPTECH";"ram";"ram_Usada";"GB";"2022-11-08 12:10:23";6.94
"Servidor-SPTECH";"ram";"ram_Usada";"GB";"2022-11-08 12:10:22";6.9
"Servidor-SPTECH";"ram";"ram_Usada";"GB";"2022-11-08 12:10:20";7.0
"Servidor-SPTECH";"ram";"ram_Usada";"GB";"2022-11-08 12:10:19";6.79
"Servidor-SPTECH";"ram";"ram_Usada";"GB";"2022-11-08 12:10:17";6.79
"Servidor-SPTECH";"ram";"ram_Usada";"GB";"2022-11-08 12:10:16";6.73
"Servidor-SPTECH";"ram";"ram_Usada";"GB";"2022-11-08 12:10:14";6.76
"Servidor-SPTECH";"ram";"ram_Usada";"GB";"2022-11-08 12:10:13";6.73
"Servidor-SPTECH";"ram";"ram_Usada";"GB";"2022-11-08 12:10:11";6.82
"Servidor-SPTECH";"ram";"ram_Usada";"GB";"2022-11-08 12:10:10";6.89
"Servidor-SPTECH";"ram";"ram_Usada";"GB";"2022-11-08 12:10:08";6.69
"Servidor-SPTECH";"ram";"ram_Usada";"GB";"2022-11-08 12:10:07";6.69
"Servidor-SPTECH";"ram";"ram_Usada";"GB";"2022-11-08 12:10:05";6.68
"Servidor-SPTECH";"ram";"ram_Usada";"GB";"2022-11-08 12:10:04";6.65
"Servidor-SPTECH";"ram";"ram_Usada";"GB";"2022-11-08 12:10:02";6.66
"Servidor-SPTECH";"ram";"ram_Usada";"GB";"2022-11-08 12:10:01";6.67
"Servidor-SPTECH";"ram";"ram_Usada";"GB";"2022-11-08 12:10:00";6.66
"Servidor-SPTECH";"ram";"ram_Usada";"GB";"2022-11-08 12:09:58";6.62
"Servidor-SPTECH";"ram";"ram_Usada";"GB";"2022-11-08 12:09:57";6.64
"Servidor-SPTECH";"ram";"ram_Usada";"GB";"2022-11-08 12:09:55";6.64
"Servidor-SPTECH";"ram";"ram_Usada";"GB";"2022-11-08 12:09:54";6.63
"Servidor-SPTECH";"ram";"ram_Usada";"GB";"2022-11-08 12:09:52";6.62
"Servidor-SPTECH";"ram";"ram_Usada";"GB";"2022-11-08 12:09:51";6.64
"Servidor-SPTECH";"ram";"ram_Usada";"GB";"2022-11-08 12:09:49";6.6
"Servidor-SPTECH";"ram";"ram_Usada";"GB";"2022-11-08 12:09:48";6.62
"Servidor-SPTECH";"ram";"ram_Usada";"GB";"2022-11-08 12:09:47";6.6
"Servidor-SPTECH";"ram";"ram_Usada";"GB";"2022-11-08 12:09:45";6.62
"Servidor-SPTECH";"ram";"ram_Usada";"GB";"2022-11-08 12:09:44";6.64
"Servidor-SPTECH";"ram";"ram_Usada";"GB";"2022-11-08 12:09:42";6.71
"Servidor-SPTECH";"ram";"ram_Usada";"GB";"2022-11-08 12:09:41";6.77
"Servidor-SPTECH";"ram";"ram_Usada";"GB";"2022-11-08 12:09:39";6.78
"Servidor-SPTECH";"ram";"ram_Usada";"GB";"2022-11-08 12:09:38";6.78
"Servidor-SPTECH";"ram";"ram_Usada";"GB";"2022-11-08 12:09:36";6.79
"Servidor-SPTECH";"ram";"ram_Usada";"GB";"2022-11-08 12:09:35";6.8
"Servidor-SPTECH";"ram";"ram_Usada";"GB";"2022-11-08 12:09:33";6.79
"Servidor-SPTECH";"ram";"ram_Usada";"GB";"2022-11-08 12:09:32";6.77
"Servidor-SPTECH";"ram";"ram_Usada";"GB";"2022-11-08 12:09:31";6.78
"Servidor-SPTECH";"ram";"ram_Usada";"GB";"2022-11-08 12:09:29";6.73
"Servidor-SPTECH";"ram";"ram_Usada";"GB";"2022-11-08 12:09:28";6.77
"Servidor-SPTECH";"ram";"ram_Usada";"GB";"2022-11-08 12:09:26";7.01
"Servidor-SPTECH";"ram";"ram_Usada";"GB";"2022-11-08 12:09:25";7.04
"Servidor-SPTECH";"ram";"ram_Usada";"GB";"2022-11-08 12:09:24";7.08
"Servidor-SPTECH";"ram";"ram_Usada";"GB";"2022-11-08 12:09:22";7.1
"Servidor-SPTECH";"ram";"ram_Usada";"GB";"2022-11-08 12:09:21";7.06
"Servidor-SPTECH";"ram";"ram_Usada";"GB";"2022-11-08 12:09:19";7.04
"Servidor-SPTECH";"ram";"ram_Usada";"GB";"2022-11-08 12:09:18";6.76
"Servidor-SPTECH";"ram";"ram_Usada";"GB";"2022-11-08 12:09:16";6.73
"Servidor-SPTECH";"ram";"ram_Usada";"GB";"2022-11-08 12:09:15";6.75
"Servidor-SPTECH";"ram";"ram_Usada";"GB";"2022-11-08 12:09:13";6.73
"Servidor-SPTECH";"ram";"ram_Usada";"GB";"2022-11-08 12:09:12";6.65
"Servidor-SPTECH";"ram";"ram_Usada";"GB";"2022-11-08 12:09:10";6.66
"Servidor-SPTECH";"ram";"ram_Usada";"GB";"2022-11-08 12:09:09";6.66
"Servidor-SPTECH";"ram";"ram_Usada";"GB";"2022-11-08 12:09:08";6.67
"Servidor-SPTECH";"ram";"ram_Usada";"GB";"2022-11-08 12:09:06";6.63
"Servidor-SPTECH";"ram";"ram_Usada";"GB";"2022-11-08 12:09:05";6.62
"Servidor-SPTECH";"ram";"ram_Usada";"GB";"2022-11-08 12:09:03";6.61
"Servidor-SPTECH";"ram";"ram_Usada";"GB";"2022-11-08 12:09:02";6.61
"Servidor-SPTECH";"ram";"ram_Usada";"GB";"2022-11-08 12:09:00";6.61
"Servidor-SPTECH";"ram";"ram_Usada";"GB";"2022-11-08 12:08:59";6.65
"Servidor-SPTECH";"ram";"ram_Usada";"GB";"2022-11-08 12:08:57";6.65
"Servidor-SPTECH";"ram";"ram_Usada";"GB";"2022-11-08 12:08:56";6.66
"Servidor-SPTECH";"ram";"ram_Usada";"GB";"2022-11-08 12:08:54";6.56
"Servidor-SPTECH";"ram";"ram_Usada";"GB";"2022-11-08 12:08:53";6.53
"Servidor-SPTECH";"ram";"ram_Usada";"GB";"2022-11-08 12:08:52";6.54
"Servidor-SPTECH";"ram";"ram_Usada";"GB";"2022-11-08 12:08:50";6.55
"Servidor-SPTECH";"ram";"ram_Usada";"GB";"2022-11-08 12:08:49";6.54
"Servidor-SPTECH";"ram";"ram_Usada";"GB";"2022-11-08 12:08:47";6.63
"Servidor-SPTECH";"ram";"ram_Usada";"GB";"2022-11-08 12:08:46";6.46
"Servidor-SPTECH";"ram";"ram_Usada";"GB";"2022-11-08 12:08:44";6.49
"Servidor-SPTECH";"ram";"ram_Usada";"GB";"2022-11-08 12:08:43";6.24
"Servidor-SPTECH";"ram";"ram_Usada";"GB";"2022-11-08 12:08:42";6.26
"Servidor-SPTECH";"ram";"ram_Usada";"GB";"2022-11-08 12:08:40";6.23
"Servidor-SPTECH";"ram";"ram_Usada";"GB";"2022-11-08 12:08:39";6.24
"Servidor-SPTECH";"ram";"ram_Usada";"GB";"2022-11-08 12:08:37";6.26
"Servidor-SPTECH";"ram";"ram_Usada";"GB";"2022-11-08 12:08:36";6.25
"Servidor-SPTECH";"ram";"ram_Usada";"GB";"2022-11-08 12:08:34";6.07
"Servidor-SPTECH";"ram";"ram_Usada";"GB";"2022-11-08 12:08:33";6.19
"Servidor-SPTECH";"ram";"ram_Usada";"GB";"2022-11-08 12:08:31";6.18
"Servidor-SPTECH";"ram";"ram_Usada";"GB";"2022-11-08 12:08:30";6.18
"Servidor-SPTECH";"ram";"ram_Usada";"GB";"2022-11-08 12:08:28";6.2
"Servidor-SPTECH";"ram";"ram_Usada";"GB";"2022-11-08 12:08:27";6.25
"Servidor-SPTECH";"ram";"ram_Usada";"GB";"2022-11-08 12:08:25";6.25
"Servidor-SPTECH";"ram";"ram_Usada";"GB";"2022-11-08 12:08:24";6.24
"Servidor-SPTECH";"ram";"ram_Usada";"GB";"2022-11-08 12:08:23";6.27
"Servidor-SPTECH";"ram";"ram_Usada";"GB";"2022-11-08 12:08:21";6.15
"Servidor-SPTECH";"ram";"ram_Usada";"GB";"2022-11-08 12:08:20";6.04
"Servidor-SPTECH";"ram";"ram_Usada";"GB";"2022-11-08 12:08:18";6.05
"Servidor-SPTECH";"ram";"ram_Usada";"GB";"2022-11-08 12:08:17";6.04
"Servidor-SPTECH";"ram";"ram_Usada";"GB";"2022-11-08 12:08:15";5.94
"Servidor-SPTECH";"ram";"ram_Usada";"GB";"2022-11-08 12:08:14";5.96
"Servidor-SPTECH";"ram";"ram_Usada";"GB";"2022-11-08 12:08:12";5.94
"Servidor-SPTECH";"ram";"ram_Usada";"GB";"2022-11-08 12:08:11";6.02
"Servidor-SPTECH";"ram";"ram_Usada";"GB";"2022-11-08 12:08:10";6.02
"Servidor-SPTECH";"ram";"ram_Usada";"GB";"2022-11-08 12:08:08";6.01
"Servidor-SPTECH";"ram";"ram_Usada";"GB";"2022-11-08 12:08:07";6.0
"Servidor-SPTECH";"ram";"ram_Usada";"GB";"2022-11-08 12:08:05";6.66
"Servidor-SPTECH";"ram";"ram_Usada";"GB";"2022-11-08 12:08:04";6.78
"Servidor-SPTECH";"ram";"ram_Usada";"GB";"2022-11-08 12:08:02";6.45
"Servidor-SPTECH";"ram";"ram_Usada";"GB";"2022-11-08 12:08:01";6.81
"Servidor-SPTECH";"ram";"ram_Usada";"GB";"2022-11-08 12:07:59";6.58
"Servidor-SPTECH";"ram";"ram_Usada";"GB";"2022-11-08 12:07:58";6.57
"Servidor-SPTECH";"ram";"ram_Usada";"GB";"2022-11-08 12:07:56";6.57
"Servidor-SPTECH";"ram";"ram_Usada";"GB";"2022-11-08 12:07:55";6.54
"Servidor-SPTECH";"ram";"ram_Usada";"GB";"2022-11-08 12:07:53";6.53
"Servidor-SPTECH";"ram";"ram_Usada";"GB";"2022-11-08 12:07:52";6.44
"Servidor-SPTECH";"ram";"ram_Usada";"GB";"2022-11-08 12:07:50";6.43
"Servidor-SPTECH";"ram";"ram_Usada";"GB";"2022-11-08 12:07:49";6.44
"Servidor-SPTECH";"ram";"ram_Usada";"GB";"2022-11-08 12:07:47";6.58
"Servidor-SPTECH";"ram";"ram_Usada";"GB";"2022-11-08 12:07:46";6.56
"Servidor-SPTECH";"ram";"ram_Usada";"GB";"2022-11-08 12:07:45";6.6
"Servidor-SPTECH";"ram";"ram_Usada";"GB";"2022-11-08 12:07:43";6.6
"Servidor-SPTECH";"ram";"ram_Usada";"GB";"2022-11-08 12:07:42";6.64
"Servidor-SPTECH";"ram";"ram_Usada";"GB";"2022-11-08 12:07:40";6.29
"Servidor-SPTECH";"ram";"ram_Usada";"GB";"2022-11-08 12:07:39";6.28
"Servidor-SPTECH";"ram";"ram_Usada";"GB";"2022-11-08 12:07:37";6.3
"Servidor-SPTECH";"ram";"ram_Usada";"GB";"2022-11-08 12:07:36";6.32
"Servidor-SPTECH";"ram";"ram_Usada";"GB";"2022-11-08 12:07:34";6.45
"Servidor-SPTECH";"ram";"ram_Usada";"GB";"2022-11-08 12:07:33";6.45
"Servidor-SPTECH";"ram";"ram_Usada";"GB";"2022-11-08 12:07:31";6.45
"Servidor-SPTECH";"ram";"ram_Usada";"GB";"2022-11-08 12:07:30";6.47
"Servidor-SPTECH";"ram";"ram_Usada";"GB";"2022-11-08 12:07:29";6.46
"Servidor-SPTECH";"ram";"ram_Usada";"GB";"2022-11-08 12:07:27";6.41
"Servidor-SPTECH";"ram";"ram_Usada";"GB";"2022-11-08 12:07:26";6.38
"Servidor-SPTECH";"ram";"ram_Usada";"GB";"2022-11-08 12:07:24";6.35
"Servidor-SPTECH";"ram";"ram_Usada";"GB";"2022-11-08 12:07:23";6.34
"Servidor-SPTECH";"ram";"ram_Usada";"GB";"2022-11-08 12:07:21";6.31
"Servidor-SPTECH";"ram";"ram_Usada";"GB";"2022-11-08 12:07:20";6.21
"Servidor-SPTECH";"ram";"ram_Usada";"GB";"2022-11-08 12:07:18";5.93
"Servidor-SPTECH";"ram";"ram_Usada";"GB";"2022-11-08 12:07:17";5.93
"Servidor-SPTECH";"ram";"ram_Usada";"GB";"2022-11-08 12:07:15";5.93
"Servidor-SPTECH";"ram";"ram_Usada";"GB";"2022-11-08 12:07:14";5.94
"Servidor-SPTECH";"ram";"ram_Usada";"GB";"2022-11-08 12:07:12";5.95
"Servidor-SPTECH";"ram";"ram_Usada";"GB";"2022-11-08 12:07:11";5.93
"Servidor-SPTECH";"ram";"ram_Usada";"GB";"2022-11-08 12:07:10";5.91
"Servidor-SPTECH";"ram";"ram_Usada";"GB";"2022-11-08 12:07:08";5.91
"Servidor-SPTECH";"ram";"ram_Usada";"GB";"2022-11-08 12:07:07";5.93
"Servidor-SPTECH";"ram";"ram_Usada";"GB";"2022-11-08 12:07:05";5.93
"Servidor-SPTECH";"ram";"ram_Usada";"GB";"2022-11-08 12:07:04";5.92
"Servidor-SPTECH";"ram";"ram_Usada";"GB";"2022-11-08 12:07:02";5.91
"Servidor-SPTECH";"ram";"ram_Usada";"GB";"2022-11-08 12:07:01";5.91
"Servidor-SPTECH";"ram";"ram_Usada";"GB";"2022-11-08 12:06:59";5.9
"Servidor-SPTECH";"ram";"ram_Usada";"GB";"2022-11-08 12:06:58";5.91
"Servidor-SPTECH";"ram";"ram_Usada";"GB";"2022-11-08 12:06:56";5.9
"Servidor-SPTECH";"ram";"ram_Usada";"GB";"2022-11-08 12:06:55";5.95
"Servidor-SPTECH";"ram";"ram_Usada";"GB";"2022-11-08 12:06:54";5.94
"Servidor-SPTECH";"ram";"ram_Usada";"GB";"2022-11-08 12:06:52";5.94
"Servidor-SPTECH";"ram";"ram_Usada";"GB";"2022-11-08 12:06:51";5.94
"Servidor-SPTECH";"ram";"ram_Usada";"GB";"2022-11-08 12:06:49";5.94
"Servidor-SPTECH";"ram";"ram_Usada";"GB";"2022-11-08 12:06:48";5.94
"Servidor-SPTECH";"ram";"ram_Usada";"GB";"2022-11-08 12:06:46";5.94
"Servidor-SPTECH";"ram";"ram_Usada";"GB";"2022-11-08 12:06:45";5.94
"Servidor-SPTECH";"ram";"ram_Usada";"GB";"2022-11-08 12:06:43";5.94
"Servidor-SPTECH";"ram";"ram_Usada";"GB";"2022-11-08 12:06:42";5.96
"Servidor-SPTECH";"ram";"ram_Usada";"GB";"2022-11-08 12:06:41";5.96
"Servidor-SPTECH";"ram";"ram_Usada";"GB";"2022-11-08 12:06:39";5.96
"Servidor-SPTECH";"ram";"ram_Usada";"GB";"2022-11-08 12:06:38";5.97
"Servidor-SPTECH";"ram";"ram_Usada";"GB";"2022-11-08 12:06:36";5.97
"Servidor-SPTECH";"ram";"ram_Usada";"GB";"2022-11-08 12:06:35";5.95
"Servidor-SPTECH";"ram";"ram_Usada";"GB";"2022-11-08 12:06:33";5.95
"Servidor-SPTECH";"ram";"ram_Usada";"GB";"2022-11-08 12:06:32";5.93
"Servidor-SPTECH";"ram";"ram_Usada";"GB";"2022-11-08 12:06:30";5.94
"Servidor-SPTECH";"ram";"ram_Usada";"GB";"2022-11-08 12:06:29";5.94
"Servidor-SPTECH";"ram";"ram_Usada";"GB";"2022-11-08 12:06:27";5.93
"Servidor-SPTECH";"ram";"ram_Usada";"GB";"2022-11-08 12:06:26";5.93
"Servidor-SPTECH";"ram";"ram_Usada";"GB";"2022-11-08 12:06:25";5.94
"Servidor-SPTECH";"ram";"ram_Usada";"GB";"2022-11-08 12:06:23";5.93
"Servidor-SPTECH";"ram";"ram_Usada";"GB";"2022-11-08 12:06:22";5.93
"Servidor-SPTECH";"ram";"ram_Usada";"GB";"2022-11-08 12:06:20";5.93
"Servidor-SPTECH";"ram";"ram_Usada";"GB";"2022-11-08 12:06:19";5.93
"Servidor-SPTECH";"ram";"ram_Usada";"GB";"2022-11-08 12:06:17";5.93
"Servidor-SPTECH";"ram";"ram_Usada";"GB";"2022-11-08 12:06:16";5.93
"Servidor-SPTECH";"ram";"ram_Usada";"GB";"2022-11-08 12:06:14";5.93
"Servidor-SPTECH";"ram";"ram_Usada";"GB";"2022-11-08 12:06:13";5.93
"Servidor-SPTECH";"ram";"ram_Usada";"GB";"2022-11-08 12:06:11";5.93
"Servidor-SPTECH";"ram";"ram_Usada";"GB";"2022-11-08 12:06:10";5.94
"Servidor-SPTECH";"ram";"ram_Usada";"GB";"2022-11-08 12:06:09";5.94
"Servidor-SPTECH";"ram";"ram_Usada";"GB";"2022-11-08 12:06:07";5.94
"Servidor-SPTECH";"ram";"ram_Usada";"GB";"2022-11-08 12:06:06";5.95
"Servidor-SPTECH";"ram";"ram_Usada";"GB";"2022-11-08 12:06:04";5.94
"Servidor-SPTECH";"ram";"ram_Usada";"GB";"2022-11-08 12:06:03";5.94
"Servidor-SPTECH";"ram";"ram_Usada";"GB";"2022-11-08 12:06:01";5.93
"Servidor-SPTECH";"ram";"ram_Usada";"GB";"2022-11-08 12:06:00";5.94
"Servidor-SPTECH";"ram";"ram_Usada";"GB";"2022-11-08 12:05:58";5.93
"Servidor-SPTECH";"ram";"ram_Usada";"GB";"2022-11-08 12:05:57";5.93
"Servidor-SPTECH";"ram";"ram_Usada";"GB";"2022-11-08 12:05:55";5.93
"Servidor-SPTECH";"ram";"ram_Usada";"GB";"2022-11-08 12:05:54";5.93
"Servidor-SPTECH";"ram";"ram_Usada";"GB";"2022-11-08 12:05:53";5.92
"Servidor-SPTECH";"ram";"ram_Usada";"GB";"2022-11-08 12:05:51";5.93
"Servidor-SPTECH";"ram";"ram_Usada";"GB";"2022-11-08 12:05:50";5.92
"Servidor-SPTECH";"ram";"ram_Usada";"GB";"2022-11-08 12:05:48";5.92
"Servidor-SPTECH";"ram";"ram_Usada";"GB";"2022-11-08 12:05:47";5.93
"Servidor-SPTECH";"ram";"ram_Usada";"GB";"2022-11-08 12:05:45";5.92
"Servidor-SPTECH";"ram";"ram_Usada";"GB";"2022-11-08 12:05:44";5.92
"Servidor-SPTECH";"ram";"ram_Usada";"GB";"2022-11-08 12:05:42";5.92
"Servidor-SPTECH";"ram";"ram_Usada";"GB";"2022-11-08 12:05:41";5.95
"Servidor-SPTECH";"ram";"ram_Usada";"GB";"2022-11-08 12:05:40";5.95
"Servidor-SPTECH";"ram";"ram_Usada";"GB";"2022-11-08 12:05:38";5.95
"Servidor-SPTECH";"ram";"ram_Usada";"GB";"2022-11-08 12:05:37";5.95
"Servidor-SPTECH";"ram";"ram_Usada";"GB";"2022-11-08 12:05:35";5.95
"Servidor-SPTECH";"ram";"ram_Usada";"GB";"2022-11-08 12:05:34";5.95
"Servidor-SPTECH";"ram";"ram_Usada";"GB";"2022-11-08 12:05:32";5.94
"Servidor-SPTECH";"ram";"ram_Usada";"GB";"2022-11-08 12:05:31";5.92
"Servidor-SPTECH";"ram";"ram_Usada";"GB";"2022-11-08 12:05:29";5.94
"Servidor-SPTECH";"ram";"ram_Usada";"GB";"2022-11-08 12:05:28";5.94
"Servidor-SPTECH";"ram";"ram_Usada";"GB";"2022-11-08 12:05:26";5.94
"Servidor-SPTECH";"ram";"ram_Usada";"GB";"2022-11-08 12:05:25";5.93
"Servidor-SPTECH";"ram";"ram_Usada";"GB";"2022-11-08 12:05:24";5.93
"Servidor-SPTECH";"ram";"ram_Usada";"GB";"2022-11-08 12:05:22";5.94
"Servidor-SPTECH";"ram";"ram_Usada";"GB";"2022-11-08 12:05:21";5.93
"Servidor-SPTECH";"ram";"ram_Usada";"GB";"2022-11-08 12:05:19";5.93
"Servidor-SPTECH";"ram";"ram_Usada";"GB";"2022-11-08 12:05:18";5.93
"Servidor-SPTECH";"ram";"ram_Usada";"GB";"2022-11-08 12:05:16";5.93
"Servidor-SPTECH";"ram";"ram_Usada";"GB";"2022-11-08 12:05:15";5.93
"Servidor-SPTECH";"ram";"ram_Usada";"GB";"2022-11-08 12:05:13";5.93
"Servidor-SPTECH";"ram";"ram_Usada";"GB";"2022-11-08 12:05:12";5.94
"Servidor-SPTECH";"ram";"ram_Usada";"GB";"2022-11-08 12:05:10";5.93
"Servidor-SPTECH";"ram";"ram_Usada";"GB";"2022-11-08 12:05:09";5.93
"Servidor-SPTECH";"ram";"ram_Usada";"GB";"2022-11-08 12:05:08";5.93
"Servidor-SPTECH";"ram";"ram_Usada";"GB";"2022-11-08 12:05:06";5.95
"Servidor-SPTECH";"ram";"ram_Usada";"GB";"2022-11-08 12:05:05";5.94
"Servidor-SPTECH";"ram";"ram_Usada";"GB";"2022-11-08 12:05:03";5.94
"Servidor-SPTECH";"ram";"ram_Usada";"GB";"2022-11-08 12:05:02";5.92
"Servidor-SPTECH";"ram";"ram_Usada";"GB";"2022-11-08 12:05:00";5.93
"Servidor-SPTECH";"ram";"ram_Usada";"GB";"2022-11-08 12:04:59";5.92
"Servidor-SPTECH";"ram";"ram_Usada";"GB";"2022-11-08 12:04:57";5.92
"Servidor-SPTECH";"ram";"ram_Usada";"GB";"2022-11-08 12:04:56";5.92
"Servidor-SPTECH";"ram";"ram_Usada";"GB";"2022-11-08 12:04:55";5.9
"Servidor-SPTECH";"ram";"ram_Usada";"GB";"2022-11-08 12:04:53";5.92
"Servidor-SPTECH";"ram";"ram_Usada";"GB";"2022-11-08 12:04:52";5.92
"Servidor-SPTECH";"ram";"ram_Usada";"GB";"2022-11-08 12:04:50";5.93
"Servidor-SPTECH";"ram";"ram_Usada";"GB";"2022-11-08 12:04:49";5.92
"Servidor-SPTECH";"ram";"ram_Usada";"GB";"2022-11-08 12:04:47";5.93
"Servidor-SPTECH";"ram";"ram_Usada";"GB";"2022-11-08 12:04:46";5.94
"Servidor-SPTECH";"ram";"ram_Usada";"GB";"2022-11-08 12:04:44";5.93
"Servidor-SPTECH";"ram";"ram_Usada";"GB";"2022-11-08 12:04:43";5.93
"Servidor-SPTECH";"ram";"ram_Usada";"GB";"2022-11-08 12:04:42";5.95
"Servidor-SPTECH";"ram";"ram_Usada";"GB";"2022-11-08 12:04:40";5.96
"Servidor-SPTECH";"ram";"ram_Usada";"GB";"2022-11-08 12:04:39";5.96
"Servidor-SPTECH";"ram";"ram_Usada";"GB";"2022-11-08 12:04:37";5.95
"Servidor-SPTECH";"ram";"ram_Usada";"GB";"2022-11-08 12:04:36";5.96
"Servidor-SPTECH";"ram";"ram_Usada";"GB";"2022-11-08 12:04:34";5.97
"Servidor-SPTECH";"ram";"ram_Usada";"GB";"2022-11-08 12:04:33";5.96
"Servidor-SPTECH";"ram";"ram_Usada";"GB";"2022-11-08 12:04:31";5.95
"Servidor-SPTECH";"ram";"ram_Usada";"GB";"2022-11-08 12:04:30";5.95
"Servidor-SPTECH";"ram";"ram_Usada";"GB";"2022-11-08 12:04:29";5.95
"Servidor-SPTECH";"ram";"ram_Usada";"GB";"2022-11-08 12:04:27";5.95
"Servidor-SPTECH";"ram";"ram_Usada";"GB";"2022-11-08 12:04:26";5.95
"Servidor-SPTECH";"ram";"ram_Usada";"GB";"2022-11-08 12:04:24";5.95
"Servidor-SPTECH";"ram";"ram_Usada";"GB";"2022-11-08 12:04:23";5.95
"Servidor-SPTECH";"ram";"ram_Usada";"GB";"2022-11-08 12:04:21";5.95
"Servidor-SPTECH";"ram";"ram_Usada";"GB";"2022-11-08 12:04:20";5.95
"Servidor-SPTECH";"ram";"ram_Usada";"GB";"2022-11-08 12:04:18";5.96
"Servidor-SPTECH";"ram";"ram_Usada";"GB";"2022-11-08 12:04:17";5.96
"Servidor-SPTECH";"ram";"ram_Usada";"GB";"2022-11-08 12:04:15";5.96
"Servidor-SPTECH";"ram";"ram_Usada";"GB";"2022-11-08 12:04:14";5.93
"Servidor-SPTECH";"ram";"ram_Usada";"GB";"2022-11-08 12:04:13";5.88
"Servidor-SPTECH";"ram";"ram_Usada";"GB";"2022-11-08 12:04:11";5.88
"Servidor-SPTECH";"ram";"ram_Usada";"GB";"2022-11-08 12:04:10";5.87
"Servidor-SPTECH";"ram";"ram_Usada";"GB";"2022-11-08 12:04:08";5.84
"Servidor-SPTECH";"ram";"ram_Usada";"GB";"2022-11-08 12:04:07";5.84
"Servidor-SPTECH";"ram";"ram_Usada";"GB";"2022-11-08 12:04:05";5.84
"Servidor-SPTECH";"ram";"ram_Usada";"GB";"2022-11-08 12:04:04";5.85
"Servidor-SPTECH";"ram";"ram_Usada";"GB";"2022-11-08 12:04:02";5.83
"Servidor-SPTECH";"ram";"ram_Usada";"GB";"2022-11-08 12:04:01";5.83
"Servidor-SPTECH";"ram";"ram_Usada";"GB";"2022-11-08 12:04:00";5.83
"Servidor-SPTECH";"ram";"ram_Usada";"GB";"2022-11-08 12:03:58";5.83
"Servidor-SPTECH";"ram";"ram_Usada";"GB";"2022-11-08 12:03:57";5.83
"Servidor-SPTECH";"ram";"ram_Usada";"GB";"2022-11-08 12:03:55";5.83
"Servidor-SPTECH";"ram";"ram_Usada";"GB";"2022-11-08 12:03:54";5.84
"Servidor-SPTECH";"ram";"ram_Usada";"GB";"2022-11-08 12:03:52";5.83
"Servidor-SPTECH";"ram";"ram_Usada";"GB";"2022-11-08 12:03:51";5.83
"Servidor-SPTECH";"ram";"ram_Usada";"GB";"2022-11-08 12:03:49";5.82
"Servidor-SPTECH";"ram";"ram_Usada";"GB";"2022-11-08 12:03:48";5.83
"Servidor-SPTECH";"ram";"ram_Usada";"GB";"2022-11-08 12:03:46";5.83
"Servidor-SPTECH";"ram";"ram_Usada";"GB";"2022-11-08 12:03:45";5.82
"Servidor-SPTECH";"ram";"ram_Usada";"GB";"2022-11-08 12:03:44";5.83
"Servidor-SPTECH";"ram";"ram_Usada";"GB";"2022-11-08 12:03:42";5.83
"Servidor-SPTECH";"ram";"ram_Usada";"GB";"2022-11-08 12:03:41";5.85
"Servidor-SPTECH";"ram";"ram_Usada";"GB";"2022-11-08 12:03:39";5.85
"Servidor-SPTECH";"ram";"ram_Usada";"GB";"2022-11-08 12:03:38";5.84
"Servidor-SPTECH";"ram";"ram_Usada";"GB";"2022-11-08 12:03:36";5.83
"Servidor-SPTECH";"ram";"ram_Usada";"GB";"2022-11-08 12:03:35";5.85
"Servidor-SPTECH";"ram";"ram_Usada";"GB";"2022-11-08 12:03:33";5.85
"Servidor-SPTECH";"ram";"ram_Usada";"GB";"2022-11-08 12:03:32";5.83
"Servidor-SPTECH";"ram";"ram_Usada";"GB";"2022-11-08 12:03:31";5.83
"Servidor-SPTECH";"ram";"ram_Usada";"GB";"2022-11-08 12:03:29";5.84
"Servidor-SPTECH";"ram";"ram_Usada";"GB";"2022-11-08 12:03:28";5.83
"Servidor-SPTECH";"ram";"ram_Usada";"GB";"2022-11-08 12:03:26";5.83
"Servidor-SPTECH";"ram";"ram_Usada";"GB";"2022-11-08 12:03:25";5.83
"Servidor-SPTECH";"ram";"ram_Usada";"GB";"2022-11-08 12:03:23";5.83
"Servidor-SPTECH";"ram";"ram_Usada";"GB";"2022-11-08 12:03:22";5.84
"Servidor-SPTECH";"ram";"ram_Usada";"GB";"2022-11-08 12:03:20";5.84
"Servidor-SPTECH";"ram";"ram_Usada";"GB";"2022-11-08 12:03:19";5.84
"Servidor-SPTECH";"ram";"ram_Usada";"GB";"2022-11-08 12:03:17";5.85
"Servidor-SPTECH";"ram";"ram_Usada";"GB";"2022-11-08 12:03:16";5.85
"Servidor-SPTECH";"ram";"ram_Usada";"GB";"2022-11-08 12:03:15";5.85
"Servidor-SPTECH";"ram";"ram_Usada";"GB";"2022-11-08 12:03:13";5.85
"Servidor-SPTECH";"ram";"ram_Usada";"GB";"2022-11-08 12:03:12";5.85
"Servidor-SPTECH";"ram";"ram_Usada";"GB";"2022-11-08 12:03:10";5.85
"Servidor-SPTECH";"ram";"ram_Usada";"GB";"2022-11-08 12:03:09";5.85
"Servidor-SPTECH";"ram";"ram_Usada";"GB";"2022-11-08 12:03:07";5.85
"Servidor-SPTECH";"ram";"ram_Usada";"GB";"2022-11-08 12:03:06";5.86
"Servidor-SPTECH";"ram";"ram_Usada";"GB";"2022-11-08 12:03:04";5.85
"Servidor-SPTECH";"ram";"ram_Usada";"GB";"2022-11-08 12:03:03";5.85
"Servidor-SPTECH";"ram";"ram_Usada";"GB";"2022-11-08 12:03:01";5.84
"Servidor-SPTECH";"ram";"ram_Usada";"GB";"2022-11-08 12:03:00";5.85
"Servidor-SPTECH";"ram";"ram_Usada";"GB";"2022-11-08 12:02:59";5.84
"Servidor-SPTECH";"ram";"ram_Usada";"GB";"2022-11-08 12:02:57";5.84
"Servidor-SPTECH";"ram";"ram_Usada";"GB";"2022-11-08 12:02:56";5.84
"Servidor-SPTECH";"ram";"ram_Usada";"GB";"2022-11-08 12:02:54";5.81
"Servidor-SPTECH";"ram";"ram_Usada";"GB";"2022-11-08 12:02:53";5.83
"Servidor-SPTECH";"ram";"ram_Usada";"GB";"2022-11-08 12:02:51";5.83
"Servidor-SPTECH";"ram";"ram_Usada";"GB";"2022-11-08 12:02:50";5.84
"Servidor-SPTECH";"ram";"ram_Usada";"GB";"2022-11-08 12:02:48";5.83
"Servidor-SPTECH";"ram";"ram_Usada";"GB";"2022-11-08 12:02:47";5.83
"Servidor-SPTECH";"ram";"ram_Usada";"GB";"2022-11-08 12:02:46";5.83
"Servidor-SPTECH";"ram";"ram_Usada";"GB";"2022-11-08 12:02:44";5.83
"Servidor-SPTECH";"ram";"ram_Usada";"GB";"2022-11-08 12:02:43";5.83
"Servidor-SPTECH";"ram";"ram_Usada";"GB";"2022-11-08 12:02:41";5.85
"Servidor-SPTECH";"ram";"ram_Usada";"GB";"2022-11-08 12:02:40";5.85
"Servidor-SPTECH";"ram";"ram_Usada";"GB";"2022-11-08 12:02:38";5.85
"Servidor-SPTECH";"ram";"ram_Usada";"GB";"2022-11-08 12:02:37";5.85
"Servidor-SPTECH";"ram";"ram_Usada";"GB";"2022-11-08 12:02:35";5.86
"Servidor-SPTECH";"ram";"ram_Usada";"GB";"2022-11-08 12:02:34";5.86
"Servidor-SPTECH";"ram";"ram_Usada";"GB";"2022-11-08 12:02:32";5.84
"Servidor-SPTECH";"ram";"ram_Usada";"GB";"2022-11-08 12:02:31";5.84
"Servidor-SPTECH";"ram";"ram_Usada";"GB";"2022-11-08 12:02:30";5.84
"Servidor-SPTECH";"ram";"ram_Usada";"GB";"2022-11-08 12:02:28";5.84
"Servidor-SPTECH";"ram";"ram_Usada";"GB";"2022-11-08 12:02:27";5.84
"Servidor-SPTECH";"ram";"ram_Usada";"GB";"2022-11-08 12:02:25";5.84
"Servidor-SPTECH";"ram";"ram_Usada";"GB";"2022-11-08 12:02:24";5.84
"Servidor-SPTECH";"ram";"ram_Usada";"GB";"2022-11-08 12:02:22";5.84
"Servidor-SPTECH";"ram";"ram_Usada";"GB";"2022-11-08 12:02:21";5.84
"Servidor-SPTECH";"ram";"ram_Usada";"GB";"2022-11-08 12:02:19";5.84
"Servidor-SPTECH";"ram";"ram_Usada";"GB";"2022-11-08 12:02:18";5.81
"Servidor-SPTECH";"ram";"ram_Usada";"GB";"2022-11-08 12:02:17";5.83
"Servidor-SPTECH";"ram";"ram_Usada";"GB";"2022-11-08 12:02:15";5.84
"Servidor-SPTECH";"ram";"ram_Usada";"GB";"2022-11-08 12:02:14";5.84
"Servidor-SPTECH";"ram";"ram_Usada";"GB";"2022-11-08 12:02:12";5.8
"Servidor-SPTECH";"ram";"ram_Usada";"GB";"2022-11-08 12:02:11";5.83
"Servidor-SPTECH";"ram";"ram_Usada";"GB";"2022-11-08 12:02:09";5.83
"Servidor-SPTECH";"ram";"ram_Usada";"GB";"2022-11-08 12:02:08";5.83
"Servidor-SPTECH";"ram";"ram_Usada";"GB";"2022-11-08 12:02:06";5.84
"Servidor-SPTECH";"ram";"ram_Usada";"GB";"2022-11-08 12:02:05";5.84
"Servidor-SPTECH";"ram";"ram_Usada";"GB";"2022-11-08 12:02:04";5.83
"Servidor-SPTECH";"ram";"ram_Usada";"GB";"2022-11-08 12:02:02";5.82
"Servidor-SPTECH";"ram";"ram_Usada";"GB";"2022-11-08 12:02:01";5.83
"Servidor-SPTECH";"ram";"ram_Usada";"GB";"2022-11-08 12:01:59";5.82
"Servidor-SPTECH";"ram";"ram_Usada";"GB";"2022-11-08 12:01:58";5.82
"Servidor-SPTECH";"ram";"ram_Usada";"GB";"2022-11-08 12:01:56";5.81
"Servidor-SPTECH";"ram";"ram_Usada";"GB";"2022-11-08 12:01:55";5.82
"Servidor-SPTECH";"ram";"ram_Usada";"GB";"2022-11-08 12:01:53";5.82
"Servidor-SPTECH";"ram";"ram_Usada";"GB";"2022-11-08 12:01:52";5.82
"Servidor-SPTECH";"ram";"ram_Usada";"GB";"2022-11-08 12:01:50";5.82
"Servidor-SPTECH";"ram";"ram_Usada";"GB";"2022-11-08 12:01:49";5.82
"Servidor-SPTECH";"ram";"ram_Usada";"GB";"2022-11-08 12:01:48";5.82
"Servidor-SPTECH";"ram";"ram_Usada";"GB";"2022-11-08 12:01:46";5.81
"Servidor-SPTECH";"ram";"ram_Usada";"GB";"2022-11-08 12:01:45";5.81
"Servidor-SPTECH";"ram";"ram_Usada";"GB";"2022-11-08 12:01:43";5.81
"Servidor-SPTECH";"ram";"ram_Usada";"GB";"2022-11-08 12:01:42";5.8
"Servidor-SPTECH";"ram";"ram_Usada";"GB";"2022-11-08 12:01:40";5.84
"Servidor-SPTECH";"ram";"ram_Usada";"GB";"2022-11-08 12:01:39";5.83
"Servidor-SPTECH";"ram";"ram_Usada";"GB";"2022-11-08 12:01:37";5.83
"Servidor-SPTECH";"ram";"ram_Usada";"GB";"2022-11-08 12:01:36";5.81
"Servidor-SPTECH";"ram";"ram_Usada";"GB";"2022-11-08 12:01:35";5.84
"Servidor-SPTECH";"ram";"ram_Usada";"GB";"2022-11-08 12:01:33";5.84
"Servidor-SPTECH";"ram";"ram_Usada";"GB";"2022-11-08 12:01:32";5.83
"Servidor-SPTECH";"ram";"ram_Usada";"GB";"2022-11-08 12:01:30";5.8
"Servidor-SPTECH";"ram";"ram_Usada";"GB";"2022-11-08 12:01:29";5.83
"Servidor-SPTECH";"ram";"ram_Usada";"GB";"2022-11-08 12:01:27";5.82
"Servidor-SPTECH";"ram";"ram_Usada";"GB";"2022-11-08 12:01:26";5.82
"Servidor-SPTECH";"ram";"ram_Usada";"GB";"2022-11-08 12:01:24";5.82
"Servidor-SPTECH";"ram";"ram_Usada";"GB";"2022-11-08 12:01:23";5.82
"Servidor-SPTECH";"ram";"ram_Usada";"GB";"2022-11-08 12:01:21";5.82
"Servidor-SPTECH";"ram";"ram_Usada";"GB";"2022-11-08 12:01:20";5.83
"Servidor-SPTECH";"ram";"ram_Usada";"GB";"2022-11-08 12:01:19";5.83
"Servidor-SPTECH";"ram";"ram_Usada";"GB";"2022-11-08 12:01:17";5.83
"Servidor-SPTECH";"ram";"ram_Usada";"GB";"2022-11-08 12:01:16";5.83
"Servidor-SPTECH";"ram";"ram_Usada";"GB";"2022-11-08 12:01:14";5.83
"Servidor-SPTECH";"ram";"ram_Usada";"GB";"2022-11-08 12:01:13";5.83
"Servidor-SPTECH";"ram";"ram_Usada";"GB";"2022-11-08 12:01:11";5.83
"Servidor-SPTECH";"ram";"ram_Usada";"GB";"2022-11-08 12:01:10";5.83
"Servidor-SPTECH";"ram";"ram_Usada";"GB";"2022-11-08 12:01:08";5.83
"Servidor-SPTECH";"ram";"ram_Usada";"GB";"2022-11-08 12:01:07";5.83
"Servidor-SPTECH";"ram";"ram_Usada";"GB";"2022-11-08 12:01:05";5.84
"Servidor-SPTECH";"ram";"ram_Usada";"GB";"2022-11-08 12:01:04";5.83
"Servidor-SPTECH";"ram";"ram_Usada";"GB";"2022-11-08 12:01:03";5.81
"Servidor-SPTECH";"ram";"ram_Usada";"GB";"2022-11-08 12:01:01";5.81
"Servidor-SPTECH";"ram";"ram_Usada";"GB";"2022-11-08 12:01:00";5.78
"Servidor-SPTECH";"ram";"ram_Usada";"GB";"2022-11-08 12:00:58";5.81
"Servidor-SPTECH";"ram";"ram_Usada";"GB";"2022-11-08 12:00:57";5.81
"Servidor-SPTECH";"ram";"ram_Usada";"GB";"2022-11-08 12:00:55";5.81
"Servidor-SPTECH";"ram";"ram_Usada";"GB";"2022-11-08 12:00:54";5.79
"Servidor-SPTECH";"ram";"ram_Usada";"GB";"2022-11-08 12:00:52";5.81
"Servidor-SPTECH";"ram";"ram_Usada";"GB";"2022-11-08 12:00:51";5.81
"Servidor-SPTECH";"ram";"ram_Usada";"GB";"2022-11-08 12:00:50";5.81
"Servidor-SPTECH";"ram";"ram_Usada";"GB";"2022-11-08 12:00:48";5.81
"Servidor-SPTECH";"ram";"ram_Usada";"GB";"2022-11-08 12:00:47";5.81
"Servidor-SPTECH";"ram";"ram_Usada";"GB";"2022-11-08 12:00:45";5.81
"Servidor-SPTECH";"ram";"ram_Usada";"GB";"2022-11-08 12:00:44";5.81
"Servidor-SPTECH";"ram";"ram_Usada";"GB";"2022-11-08 12:00:42";5.81
"Servidor-SPTECH";"ram";"ram_Usada";"GB";"2022-11-08 12:00:41";5.83
"Servidor-SPTECH";"ram";"ram_Usada";"GB";"2022-11-08 12:00:39";5.83
"Servidor-SPTECH";"ram";"ram_Usada";"GB";"2022-11-08 12:00:38";5.83
"Servidor-SPTECH";"ram";"ram_Usada";"GB";"2022-11-08 12:00:37";5.84
"Servidor-SPTECH";"ram";"ram_Usada";"GB";"2022-11-08 12:00:35";5.84
"Servidor-SPTECH";"ram";"ram_Usada";"GB";"2022-11-08 12:00:34";5.84
"Servidor-SPTECH";"ram";"ram_Usada";"GB";"2022-11-08 12:00:32";5.81
"Servidor-SPTECH";"ram";"ram_Usada";"GB";"2022-11-08 12:00:31";5.81
"Servidor-SPTECH";"ram";"ram_Usada";"GB";"2022-11-08 12:00:29";5.81
"Servidor-SPTECH";"ram";"ram_Usada";"GB";"2022-11-08 12:00:28";5.81
"Servidor-SPTECH";"ram";"ram_Usada";"GB";"2022-11-08 12:00:26";5.81
"Servidor-SPTECH";"ram";"ram_Usada";"GB";"2022-11-08 12:00:25";5.81
"Servidor-SPTECH";"ram";"ram_Usada";"GB";"2022-11-08 12:00:23";5.78
"Servidor-SPTECH";"ram";"ram_Usada";"GB";"2022-11-08 12:00:22";5.81
"Servidor-SPTECH";"ram";"ram_Usada";"GB";"2022-11-08 12:00:21";5.81
"Servidor-SPTECH";"ram";"ram_Usada";"GB";"2022-11-08 12:00:19";5.82
"Servidor-SPTECH";"ram";"ram_Usada";"GB";"2022-11-08 12:00:18";5.78
"Servidor-SPTECH";"ram";"ram_Usada";"GB";"2022-11-08 12:00:16";5.8
"Servidor-SPTECH";"ram";"ram_Usada";"GB";"2022-11-08 12:00:15";5.81
"Servidor-SPTECH";"ram";"ram_Usada";"GB";"2022-11-08 12:00:13";5.8
"Servidor-SPTECH";"ram";"ram_Usada";"GB";"2022-11-08 12:00:12";5.78
"Servidor-SPTECH";"ram";"ram_Usada";"GB";"2022-11-08 12:00:10";5.8
"Servidor-SPTECH";"ram";"ram_Usada";"GB";"2022-11-08 12:00:09";5.79
"Servidor-SPTECH";"ram";"ram_Usada";"GB";"2022-11-08 12:00:08";5.8
"Servidor-SPTECH";"ram";"ram_Usada";"GB";"2022-11-08 12:00:06";5.8
"Servidor-SPTECH";"ram";"ram_Usada";"GB";"2022-11-08 12:00:05";5.8
"Servidor-SPTECH";"ram";"ram_Usada";"GB";"2022-11-08 12:00:03";5.8
"Servidor-SPTECH";"ram";"ram_Usada";"GB";"2022-11-08 12:00:02";5.79
"Servidor-SPTECH";"ram";"ram_Usada";"GB";"2022-11-08 12:00:00";5.78
"Servidor-SPTECH";"ram";"ram_Usada";"GB";"2022-11-08 11:59:59";5.78
"Servidor-SPTECH";"ram";"ram_Usada";"GB";"2022-11-08 11:59:57";5.78
"Servidor-SPTECH";"ram";"ram_Usada";"GB";"2022-11-08 11:59:56";5.78
"Servidor-SPTECH";"ram";"ram_Usada";"GB";"2022-11-08 11:59:54";5.78
"Servidor-SPTECH";"ram";"ram_Usada";"GB";"2022-11-08 11:59:53";5.77
"Servidor-SPTECH";"ram";"ram_Usada";"GB";"2022-11-08 11:59:52";5.76
"Servidor-SPTECH";"ram";"ram_Usada";"GB";"2022-11-08 11:59:50";5.76
"Servidor-SPTECH";"ram";"ram_Usada";"GB";"2022-11-08 11:59:49";5.76
"Servidor-SPTECH";"ram";"ram_Usada";"GB";"2022-11-08 11:59:47";5.74
"Servidor-SPTECH";"ram";"ram_Usada";"GB";"2022-11-08 11:59:46";5.75
"Servidor-SPTECH";"ram";"ram_Usada";"GB";"2022-11-08 11:59:44";5.74
"Servidor-SPTECH";"ram";"ram_Usada";"GB";"2022-11-08 11:59:43";5.74
"Servidor-SPTECH";"ram";"ram_Usada";"GB";"2022-11-08 11:59:41";5.74
"Servidor-SPTECH";"ram";"ram_Usada";"GB";"2022-11-08 11:59:40";5.82
"Servidor-SPTECH";"ram";"ram_Usada";"GB";"2022-11-08 11:59:38";5.82
"Servidor-SPTECH";"ram";"ram_Usada";"GB";"2022-11-08 11:59:37";5.82
"Servidor-SPTECH";"ram";"ram_Usada";"GB";"2022-11-08 11:59:36";5.81
"Servidor-SPTECH";"ram";"ram_Usada";"GB";"2022-11-08 11:59:34";5.82
"Servidor-SPTECH";"ram";"ram_Usada";"GB";"2022-11-08 11:59:33";5.82
"Servidor-SPTECH";"ram";"ram_Usada";"GB";"2022-11-08 11:59:31";5.81
"Servidor-SPTECH";"ram";"ram_Usada";"GB";"2022-11-08 11:59:30";5.78
"Servidor-SPTECH";"ram";"ram_Usada";"GB";"2022-11-08 11:59:28";5.81
"Servidor-SPTECH";"ram";"ram_Usada";"GB";"2022-11-08 11:59:27";5.8
"Servidor-SPTECH";"ram";"ram_Usada";"GB";"2022-11-08 11:59:25";5.81
"Servidor-SPTECH";"ram";"ram_Usada";"GB";"2022-11-08 11:59:24";5.8
"Servidor-SPTECH";"ram";"ram_Usada";"GB";"2022-11-08 11:59:23";5.8
"Servidor-SPTECH";"ram";"ram_Usada";"GB";"2022-11-08 11:59:21";5.8
"Servidor-SPTECH";"ram";"ram_Usada";"GB";"2022-11-08 11:59:20";5.81
"Servidor-SPTECH";"ram";"ram_Usada";"GB";"2022-11-08 11:59:18";5.8
"Servidor-SPTECH";"ram";"ram_Usada";"GB";"2022-11-08 11:59:17";5.81
"Servidor-SPTECH";"ram";"ram_Usada";"GB";"2022-11-08 11:59:15";5.81
"Servidor-SPTECH";"ram";"ram_Usada";"GB";"2022-11-08 11:59:14";5.81
"Servidor-SPTECH";"ram";"ram_Usada";"GB";"2022-11-08 11:59:12";5.81
"Servidor-SPTECH";"ram";"ram_Usada";"GB";"2022-11-08 11:59:11";5.81
"Servidor-SPTECH";"ram";"ram_Usada";"GB";"2022-11-08 11:59:09";5.81
"Servidor-SPTECH";"ram";"ram_Usada";"GB";"2022-11-08 11:59:08";5.81
"Servidor-SPTECH";"ram";"ram_Usada";"GB";"2022-11-08 11:59:07";5.81
"Servidor-SPTECH";"ram";"ram_Usada";"GB";"2022-11-08 11:59:05";5.79
"Servidor-SPTECH";"ram";"ram_Usada";"GB";"2022-11-08 11:59:04";5.82
"Servidor-SPTECH";"ram";"ram_Usada";"GB";"2022-11-08 11:59:02";5.8
"Servidor-SPTECH";"ram";"ram_Usada";"GB";"2022-11-08 11:59:01";5.8
"Servidor-SPTECH";"ram";"ram_Usada";"GB";"2022-11-08 11:58:59";5.77
"Servidor-SPTECH";"ram";"ram_Usada";"GB";"2022-11-08 11:58:58";5.81
"Servidor-SPTECH";"ram";"ram_Usada";"GB";"2022-11-08 11:58:56";5.8
"Servidor-SPTECH";"ram";"ram_Usada";"GB";"2022-11-08 11:58:55";5.79
"Servidor-SPTECH";"ram";"ram_Usada";"GB";"2022-11-08 11:58:54";5.76
"Servidor-SPTECH";"ram";"ram_Usada";"GB";"2022-11-08 11:58:52";5.78
"Servidor-SPTECH";"ram";"ram_Usada";"GB";"2022-11-08 11:58:51";5.79
"Servidor-SPTECH";"ram";"ram_Usada";"GB";"2022-11-08 11:58:49";5.78
"Servidor-SPTECH";"ram";"ram_Usada";"GB";"2022-11-08 11:58:48";5.76
"Servidor-SPTECH";"ram";"ram_Usada";"GB";"2022-11-08 11:58:46";5.78
"Servidor-SPTECH";"ram";"ram_Usada";"GB";"2022-11-08 11:58:45";5.78
"Servidor-SPTECH";"ram";"ram_Usada";"GB";"2022-11-08 11:58:43";5.79
"Servidor-SPTECH";"ram";"ram_Usada";"GB";"2022-11-08 11:58:42";5.8
"Servidor-SPTECH";"ram";"ram_Usada";"GB";"2022-11-08 11:58:40";5.8
"Servidor-SPTECH";"ram";"ram_Usada";"GB";"2022-11-08 11:58:39";5.8
"Servidor-SPTECH";"ram";"ram_Usada";"GB";"2022-11-08 11:58:38";5.81
"Servidor-SPTECH";"ram";"ram_Usada";"GB";"2022-11-08 11:58:36";5.81
"Servidor-SPTECH";"ram";"ram_Usada";"GB";"2022-11-08 11:58:35";5.81
"Servidor-SPTECH";"ram";"ram_Usada";"GB";"2022-11-08 11:58:33";5.81
"Servidor-SPTECH";"ram";"ram_Usada";"GB";"2022-11-08 11:58:32";5.81
"Servidor-SPTECH";"ram";"ram_Usada";"GB";"2022-11-08 11:58:30";5.8
"Servidor-SPTECH";"ram";"ram_Usada";"GB";"2022-11-08 11:58:29";5.8
"Servidor-SPTECH";"ram";"ram_Usada";"GB";"2022-11-08 11:58:27";5.8
"Servidor-SPTECH";"ram";"ram_Usada";"GB";"2022-11-08 11:58:26";5.8
"Servidor-SPTECH";"ram";"ram_Usada";"GB";"2022-11-08 11:58:25";5.8
"Servidor-SPTECH";"ram";"ram_Usada";"GB";"2022-11-08 11:58:23";5.77
"Servidor-SPTECH";"ram";"ram_Usada";"GB";"2022-11-08 11:58:22";5.8
"Servidor-SPTECH";"ram";"ram_Usada";"GB";"2022-11-08 11:58:20";5.8
"Servidor-SPTECH";"ram";"ram_Usada";"GB";"2022-11-08 11:58:19";5.8
"Servidor-SPTECH";"ram";"ram_Usada";"GB";"2022-11-08 11:58:17";5.77
"Servidor-SPTECH";"ram";"ram_Usada";"GB";"2022-11-08 11:58:16";5.8
"Servidor-SPTECH";"ram";"ram_Usada";"GB";"2022-11-08 11:58:14";5.8
"Servidor-SPTECH";"ram";"ram_Usada";"GB";"2022-11-08 11:58:13";5.8
"Servidor-SPTECH";"ram";"ram_Usada";"GB";"2022-11-08 11:58:11";5.77
"Servidor-SPTECH";"ram";"ram_Usada";"GB";"2022-11-08 11:58:10";5.8
"Servidor-SPTECH";"ram";"ram_Usada";"GB";"2022-11-08 11:58:09";5.8
"Servidor-SPTECH";"ram";"ram_Usada";"GB";"2022-11-08 11:58:07";5.8
"Servidor-SPTECH";"ram";"ram_Usada";"GB";"2022-11-08 11:58:06";5.8
"Servidor-SPTECH";"ram";"ram_Usada";"GB";"2022-11-08 11:58:04";5.8
"Servidor-SPTECH";"ram";"ram_Usada";"GB";"2022-11-08 11:58:03";5.81
"Servidor-SPTECH";"ram";"ram_Usada";"GB";"2022-11-08 11:58:01";5.79
"Servidor-SPTECH";"ram";"ram_Usada";"GB";"2022-11-08 11:58:00";5.78
"Servidor-SPTECH";"ram";"ram_Usada";"GB";"2022-11-08 11:57:58";5.78
"Servidor-SPTECH";"ram";"ram_Usada";"GB";"2022-11-08 11:57:57";5.78
"Servidor-SPTECH";"ram";"ram_Usada";"GB";"2022-11-08 11:57:56";5.79
"Servidor-SPTECH";"ram";"ram_Usada";"GB";"2022-11-08 11:57:54";5.79
"Servidor-SPTECH";"ram";"ram_Usada";"GB";"2022-11-08 11:57:53";5.79
"Servidor-SPTECH";"ram";"ram_Usada";"GB";"2022-11-08 11:57:51";5.79
"Servidor-SPTECH";"ram";"ram_Usada";"GB";"2022-11-08 11:57:50";5.79
"Servidor-SPTECH";"ram";"ram_Usada";"GB";"2022-11-08 11:57:48";5.79
"Servidor-SPTECH";"ram";"ram_Usada";"GB";"2022-11-08 11:57:47";5.76
"Servidor-SPTECH";"ram";"ram_Usada";"GB";"2022-11-08 11:57:45";5.78
"Servidor-SPTECH";"ram";"ram_Usada";"GB";"2022-11-08 11:57:44";5.78
"Servidor-SPTECH";"ram";"ram_Usada";"GB";"2022-11-08 11:57:42";5.78
"Servidor-SPTECH";"ram";"ram_Usada";"GB";"2022-11-08 11:57:41";5.77
"Servidor-SPTECH";"ram";"ram_Usada";"GB";"2022-11-08 11:57:40";5.8
"Servidor-SPTECH";"ram";"ram_Usada";"GB";"2022-11-08 11:57:38";5.81
"Servidor-SPTECH";"ram";"ram_Usada";"GB";"2022-11-08 11:57:37";5.8
"Servidor-SPTECH";"ram";"ram_Usada";"GB";"2022-11-08 11:57:35";5.78
"Servidor-SPTECH";"ram";"ram_Usada";"GB";"2022-11-08 11:57:34";5.81
"Servidor-SPTECH";"ram";"ram_Usada";"GB";"2022-11-08 11:57:32";5.8
"Servidor-SPTECH";"ram";"ram_Usada";"GB";"2022-11-08 11:57:31";5.8
"Servidor-SPTECH";"ram";"ram_Usada";"GB";"2022-11-08 11:57:29";5.77
"Servidor-SPTECH";"ram";"ram_Usada";"GB";"2022-11-08 11:57:28";5.8
"Servidor-SPTECH";"ram";"ram_Usada";"GB";"2022-11-08 11:57:27";5.8
"Servidor-SPTECH";"ram";"ram_Usada";"GB";"2022-11-08 11:57:25";5.8
"Servidor-SPTECH";"ram";"ram_Usada";"GB";"2022-11-08 11:57:24";5.8
"Servidor-SPTECH";"ram";"ram_Usada";"GB";"2022-11-08 11:57:22";5.8
"Servidor-SPTECH";"ram";"ram_Usada";"GB";"2022-11-08 11:57:21";5.8
"Servidor-SPTECH";"ram";"ram_Usada";"GB";"2022-11-08 11:57:19";5.8
"Servidor-SPTECH";"ram";"ram_Usada";"GB";"2022-11-08 11:57:18";5.8
"Servidor-SPTECH";"ram";"ram_Usada";"GB";"2022-11-08 11:57:16";5.8
"Servidor-SPTECH";"ram";"ram_Usada";"GB";"2022-11-08 11:57:15";5.8
"Servidor-SPTECH";"ram";"ram_Usada";"GB";"2022-11-08 11:57:13";5.8
"Servidor-SPTECH";"ram";"ram_Usada";"GB";"2022-11-08 11:57:12";5.79
"Servidor-SPTECH";"ram";"ram_Usada";"GB";"2022-11-08 11:57:11";5.79
"Servidor-SPTECH";"ram";"ram_Usada";"GB";"2022-11-08 11:57:09";5.79
"Servidor-SPTECH";"ram";"ram_Usada";"GB";"2022-11-08 11:57:08";5.79
"Servidor-SPTECH";"ram";"ram_Usada";"GB";"2022-11-08 11:57:06";5.8
"Servidor-SPTECH";"ram";"ram_Usada";"GB";"2022-11-08 11:57:05";5.77
"Servidor-SPTECH";"ram";"ram_Usada";"GB";"2022-11-08 11:57:03";5.8
"Servidor-SPTECH";"ram";"ram_Usada";"GB";"2022-11-08 11:57:02";5.78
"Servidor-SPTECH";"ram";"ram_Usada";"GB";"2022-11-08 11:57:00";5.78
"Servidor-SPTECH";"ram";"ram_Usada";"GB";"2022-11-08 11:56:59";5.76
"Servidor-SPTECH";"ram";"ram_Usada";"GB";"2022-11-08 11:56:57";5.78
"Servidor-SPTECH";"ram";"ram_Usada";"GB";"2022-11-08 11:56:56";5.78
"Servidor-SPTECH";"ram";"ram_Usada";"GB";"2022-11-08 11:56:55";5.78
"Servidor-SPTECH";"ram";"ram_Usada";"GB";"2022-11-08 11:56:53";5.76
"Servidor-SPTECH";"ram";"ram_Usada";"GB";"2022-11-08 11:56:52";5.8
"Servidor-SPTECH";"ram";"ram_Usada";"GB";"2022-11-08 11:56:50";5.76
"Servidor-SPTECH";"ram";"ram_Usada";"GB";"2022-11-08 11:56:49";5.78
"Servidor-SPTECH";"ram";"ram_Usada";"GB";"2022-11-08 11:56:47";5.75
"Servidor-SPTECH";"ram";"ram_Usada";"GB";"2022-11-08 11:56:46";5.77
"Servidor-SPTECH";"ram";"ram_Usada";"GB";"2022-11-08 11:56:45";5.77
"Servidor-SPTECH";"ram";"ram_Usada";"GB";"2022-11-08 11:56:43";5.77
"Servidor-SPTECH";"ram";"ram_Usada";"GB";"2022-11-08 11:56:42";5.79
"Servidor-SPTECH";"ram";"ram_Usada";"GB";"2022-11-08 11:56:40";5.8
"Servidor-SPTECH";"ram";"ram_Usada";"GB";"2022-11-08 11:56:39";5.79
"Servidor-SPTECH";"ram";"ram_Usada";"GB";"2022-11-08 11:56:37";5.79
"Servidor-SPTECH";"ram";"ram_Usada";"GB";"2022-11-08 11:56:36";5.81
"Servidor-SPTECH";"ram";"ram_Usada";"GB";"2022-11-08 11:56:34";5.8
"Servidor-SPTECH";"ram";"ram_Usada";"GB";"2022-11-08 11:56:33";5.8
"Servidor-SPTECH";"ram";"ram_Usada";"GB";"2022-11-08 11:56:31";5.79
"Servidor-SPTECH";"ram";"ram_Usada";"GB";"2022-11-08 11:56:30";5.79
"Servidor-SPTECH";"ram";"ram_Usada";"GB";"2022-11-08 11:56:29";5.76
"Servidor-SPTECH";"ram";"ram_Usada";"GB";"2022-11-08 11:56:27";5.78
"Servidor-SPTECH";"ram";"ram_Usada";"GB";"2022-11-08 11:56:26";5.79
"Servidor-SPTECH";"ram";"ram_Usada";"GB";"2022-11-08 11:56:24";5.78
"Servidor-SPTECH";"ram";"ram_Usada";"GB";"2022-11-08 11:56:23";5.75
"Servidor-SPTECH";"ram";"ram_Usada";"GB";"2022-11-08 11:56:21";5.79
"Servidor-SPTECH";"ram";"ram_Usada";"GB";"2022-11-08 11:56:20";5.78
"Servidor-SPTECH";"ram";"ram_Usada";"GB";"2022-11-08 11:56:18";5.78
"Servidor-SPTECH";"ram";"ram_Usada";"GB";"2022-11-08 11:56:17";5.75
"Servidor-SPTECH";"ram";"ram_Usada";"GB";"2022-11-08 11:56:16";5.78
"Servidor-SPTECH";"ram";"ram_Usada";"GB";"2022-11-08 11:56:14";5.78
"Servidor-SPTECH";"ram";"ram_Usada";"GB";"2022-11-08 11:56:13";5.78
"Servidor-SPTECH";"ram";"ram_Usada";"GB";"2022-11-08 11:56:11";5.76
"Servidor-SPTECH";"ram";"ram_Usada";"GB";"2022-11-08 11:56:10";5.78
"Servidor-SPTECH";"ram";"ram_Usada";"GB";"2022-11-08 11:56:08";5.78
"Servidor-SPTECH";"ram";"ram_Usada";"GB";"2022-11-08 11:56:07";5.78
"Servidor-SPTECH";"ram";"ram_Usada";"GB";"2022-11-08 11:56:05";5.79
"Servidor-SPTECH";"ram";"ram_Usada";"GB";"2022-11-08 11:56:04";5.79
"Servidor-SPTECH";"ram";"ram_Usada";"GB";"2022-11-08 11:56:03";5.79
"Servidor-SPTECH";"ram";"ram_Usada";"GB";"2022-11-08 11:56:01";5.77
"Servidor-SPTECH";"ram";"ram_Usada";"GB";"2022-11-08 11:56:00";5.78
"Servidor-SPTECH";"ram";"ram_Usada";"GB";"2022-11-08 11:55:58";5.77
"Servidor-SPTECH";"ram";"ram_Usada";"GB";"2022-11-08 11:55:57";5.78
"Servidor-SPTECH";"ram";"ram_Usada";"GB";"2022-11-08 11:55:55";5.78
"Servidor-SPTECH";"ram";"ram_Usada";"GB";"2022-11-08 11:55:54";5.77
"Servidor-SPTECH";"ram";"ram_Usada";"GB";"2022-11-08 11:55:52";5.77
"Servidor-SPTECH";"ram";"ram_Usada";"GB";"2022-11-08 11:55:51";5.77
"Servidor-SPTECH";"ram";"ram_Usada";"GB";"2022-11-08 11:55:49";5.77
"Servidor-SPTECH";"ram";"ram_Usada";"GB";"2022-11-08 11:55:48";5.77
"Servidor-SPTECH";"ram";"ram_Usada";"GB";"2022-11-08 11:55:47";5.74
"Servidor-SPTECH";"ram";"ram_Usada";"GB";"2022-11-08 11:55:45";5.77
"Servidor-SPTECH";"ram";"ram_Usada";"GB";"2022-11-08 11:55:44";5.77
"Servidor-SPTECH";"ram";"ram_Usada";"GB";"2022-11-08 11:55:42";5.76
"Servidor-SPTECH";"ram";"ram_Usada";"GB";"2022-11-08 11:55:41";5.77
"Servidor-SPTECH";"ram";"ram_Usada";"GB";"2022-11-08 11:55:39";5.8
"Servidor-SPTECH";"ram";"ram_Usada";"GB";"2022-11-08 11:55:38";5.8
"Servidor-SPTECH";"ram";"ram_Usada";"GB";"2022-11-08 11:55:36";5.81
"Servidor-SPTECH";"ram";"ram_Usada";"GB";"2022-11-08 11:55:35";5.78
"Servidor-SPTECH";"ram";"ram_Usada";"GB";"2022-11-08 11:55:33";5.8
"Servidor-SPTECH";"ram";"ram_Usada";"GB";"2022-11-08 11:55:32";5.79
"Servidor-SPTECH";"ram";"ram_Usada";"GB";"2022-11-08 11:55:31";5.77
"Servidor-SPTECH";"ram";"ram_Usada";"GB";"2022-11-08 11:55:29";5.74
"Servidor-SPTECH";"ram";"ram_Usada";"GB";"2022-11-08 11:55:28";5.76
"Servidor-SPTECH";"ram";"ram_Usada";"GB";"2022-11-08 11:55:26";5.76
"Servidor-SPTECH";"ram";"ram_Usada";"GB";"2022-11-08 11:55:25";5.76
"Servidor-SPTECH";"ram";"ram_Usada";"GB";"2022-11-08 11:55:23";5.76
"Servidor-SPTECH";"ram";"ram_Usada";"GB";"2022-11-08 11:55:22";5.76
"Servidor-SPTECH";"ram";"ram_Usada";"GB";"2022-11-08 11:55:20";5.77
"Servidor-SPTECH";"ram";"ram_Usada";"GB";"2022-11-08 11:55:19";5.76
"Servidor-SPTECH";"ram";"ram_Usada";"GB";"2022-11-08 11:55:18";5.76
"Servidor-SPTECH";"ram";"ram_Usada";"GB";"2022-11-08 11:55:16";5.76
"Servidor-SPTECH";"ram";"ram_Usada";"GB";"2022-11-08 11:55:15";5.76
"Servidor-SPTECH";"ram";"ram_Usada";"GB";"2022-11-08 11:55:13";5.76
"Servidor-SPTECH";"ram";"ram_Usada";"GB";"2022-11-08 11:55:12";5.75
"Servidor-SPTECH";"ram";"ram_Usada";"GB";"2022-11-08 11:55:10";5.73
"Servidor-SPTECH";"ram";"ram_Usada";"GB";"2022-11-08 11:55:09";5.76
"Servidor-SPTECH";"ram";"ram_Usada";"GB";"2022-11-08 11:55:07";5.76
"Servidor-SPTECH";"ram";"ram_Usada";"GB";"2022-11-08 11:55:06";5.77
"Servidor-SPTECH";"ram";"ram_Usada";"GB";"2022-11-08 11:55:05";5.74
"Servidor-SPTECH";"ram";"ram_Usada";"GB";"2022-11-08 11:55:03";5.77
"Servidor-SPTECH";"ram";"ram_Usada";"GB";"2022-11-08 11:55:02";5.74
"Servidor-SPTECH";"ram";"ram_Usada";"GB";"2022-11-08 11:55:00";5.76
"Servidor-SPTECH";"ram";"ram_Usada";"GB";"2022-11-08 11:54:59";5.72
"Servidor-SPTECH";"ram";"ram_Usada";"GB";"2022-11-08 11:54:57";5.75
"Servidor-SPTECH";"ram";"ram_Usada";"GB";"2022-11-08 11:54:56";5.75
"Servidor-SPTECH";"ram";"ram_Usada";"GB";"2022-11-08 11:54:54";5.75
"Servidor-SPTECH";"ram";"ram_Usada";"GB";"2022-11-08 11:54:53";5.72
"Servidor-SPTECH";"ram";"ram_Usada";"GB";"2022-11-08 11:54:51";5.75
"Servidor-SPTECH";"ram";"ram_Usada";"GB";"2022-11-08 11:54:50";5.75
"Servidor-SPTECH";"ram";"ram_Usada";"GB";"2022-11-08 11:54:49";5.75
"Servidor-SPTECH";"ram";"ram_Usada";"GB";"2022-11-08 11:54:47";5.75
"Servidor-SPTECH";"ram";"ram_Usada";"GB";"2022-11-08 11:54:46";5.75
"Servidor-SPTECH";"ram";"ram_Usada";"GB";"2022-11-08 11:54:44";5.76
"Servidor-SPTECH";"ram";"ram_Usada";"GB";"2022-11-08 11:54:43";5.75
"Servidor-SPTECH";"ram";"ram_Usada";"GB";"2022-11-08 11:54:41";5.78
"Servidor-SPTECH";"ram";"ram_Usada";"GB";"2022-11-08 11:54:40";5.78
"Servidor-SPTECH";"ram";"ram_Usada";"GB";"2022-11-08 11:54:38";5.77
"Servidor-SPTECH";"ram";"ram_Usada";"GB";"2022-11-08 11:54:37";5.77
"Servidor-SPTECH";"ram";"ram_Usada";"GB";"2022-11-08 11:54:36";5.79
"Servidor-SPTECH";"ram";"ram_Usada";"GB";"2022-11-08 11:54:34";5.75
"Servidor-SPTECH";"ram";"ram_Usada";"GB";"2022-11-08 11:54:33";5.78
"Servidor-SPTECH";"ram";"ram_Usada";"GB";"2022-11-08 11:54:31";5.77
"Servidor-SPTECH";"ram";"ram_Usada";"GB";"2022-11-08 11:54:30";5.77
"Servidor-SPTECH";"ram";"ram_Usada";"GB";"2022-11-08 11:54:28";5.74
"Servidor-SPTECH";"ram";"ram_Usada";"GB";"2022-11-08 11:54:27";5.77
"Servidor-SPTECH";"ram";"ram_Usada";"GB";"2022-11-08 11:54:25";5.77
"Servidor-SPTECH";"ram";"ram_Usada";"GB";"2022-11-08 11:54:24";5.77
"Servidor-SPTECH";"ram";"ram_Usada";"GB";"2022-11-08 11:54:23";5.74
"Servidor-SPTECH";"ram";"ram_Usada";"GB";"2022-11-08 11:54:21";5.77
"Servidor-SPTECH";"ram";"ram_Usada";"GB";"2022-11-08 11:54:20";5.78
"Servidor-SPTECH";"ram";"ram_Usada";"GB";"2022-11-08 11:54:18";5.77
"Servidor-SPTECH";"ram";"ram_Usada";"GB";"2022-11-08 11:54:17";5.74
"Servidor-SPTECH";"ram";"ram_Usada";"GB";"2022-11-08 11:54:15";5.77
"Servidor-SPTECH";"ram";"ram_Usada";"GB";"2022-11-08 11:54:14";5.77
"Servidor-SPTECH";"ram";"ram_Usada";"GB";"2022-11-08 11:54:12";5.77
"Servidor-SPTECH";"ram";"ram_Usada";"GB";"2022-11-08 11:54:11";5.77
"Servidor-SPTECH";"ram";"ram_Usada";"GB";"2022-11-08 11:54:09";5.78
"Servidor-SPTECH";"ram";"ram_Usada";"GB";"2022-11-08 11:54:08";5.77
"Servidor-SPTECH";"ram";"ram_Usada";"GB";"2022-11-08 11:54:07";5.78
"Servidor-SPTECH";"ram";"ram_Usada";"GB";"2022-11-08 11:54:05";5.78
"Servidor-SPTECH";"ram";"ram_Usada";"GB";"2022-11-08 11:54:04";5.78
"Servidor-SPTECH";"ram";"ram_Usada";"GB";"2022-11-08 11:54:02";5.76
"Servidor-SPTECH";"ram";"ram_Usada";"GB";"2022-11-08 11:54:01";5.77
"Servidor-SPTECH";"ram";"ram_Usada";"GB";"2022-11-08 11:53:59";5.76
"Servidor-SPTECH";"ram";"ram_Usada";"GB";"2022-11-08 11:53:58";5.76
"Servidor-SPTECH";"ram";"ram_Usada";"GB";"2022-11-08 11:53:56";5.76
"Servidor-SPTECH";"ram";"ram_Usada";"GB";"2022-11-08 11:53:55";5.76
"Servidor-SPTECH";"ram";"ram_Usada";"GB";"2022-11-08 11:53:54";5.76
"Servidor-SPTECH";"ram";"ram_Usada";"GB";"2022-11-08 11:53:52";5.76
"Servidor-SPTECH";"ram";"ram_Usada";"GB";"2022-11-08 11:53:51";5.77
"Servidor-SPTECH";"ram";"ram_Usada";"GB";"2022-11-08 11:53:49";5.75
"Servidor-SPTECH";"ram";"ram_Usada";"GB";"2022-11-08 11:53:48";5.75
"Servidor-SPTECH";"ram";"ram_Usada";"GB";"2022-11-08 11:53:46";5.75
"Servidor-SPTECH";"ram";"ram_Usada";"GB";"2022-11-08 11:53:45";5.75
"Servidor-SPTECH";"ram";"ram_Usada";"GB";"2022-11-08 11:53:43";5.75
"Servidor-SPTECH";"ram";"ram_Usada";"GB";"2022-11-08 11:53:42";5.77
"Servidor-SPTECH";"ram";"ram_Usada";"GB";"2022-11-08 11:53:40";5.77
"Servidor-SPTECH";"ram";"ram_Usada";"GB";"2022-11-08 11:53:39";5.77
"Servidor-SPTECH";"ram";"ram_Usada";"GB";"2022-11-08 11:53:38";5.76
"Servidor-SPTECH";"ram";"ram_Usada";"GB";"2022-11-08 11:53:36";5.78
"Servidor-SPTECH";"ram";"ram_Usada";"GB";"2022-11-08 11:53:35";5.78
"Servidor-SPTECH";"ram";"ram_Usada";"GB";"2022-11-08 11:53:33";5.78
"Servidor-SPTECH";"ram";"ram_Usada";"GB";"2022-11-08 11:53:32";5.76
"Servidor-SPTECH";"ram";"ram_Usada";"GB";"2022-11-08 11:53:30";5.76
"Servidor-SPTECH";"ram";"ram_Usada";"GB";"2022-11-08 11:53:29";5.76
"Servidor-SPTECH";"ram";"ram_Usada";"GB";"2022-11-08 11:53:27";5.76
"Servidor-SPTECH";"ram";"ram_Usada";"GB";"2022-11-08 11:53:26";5.76
"Servidor-SPTECH";"ram";"ram_Usada";"GB";"2022-11-08 11:53:25";5.75
"Servidor-SPTECH";"ram";"ram_Usada";"GB";"2022-11-08 11:53:23";5.75
"Servidor-SPTECH";"ram";"ram_Usada";"GB";"2022-11-08 11:53:22";5.75
"Servidor-SPTECH";"ram";"ram_Usada";"GB";"2022-11-08 11:53:20";5.75
"Servidor-SPTECH";"ram";"ram_Usada";"GB";"2022-11-08 11:53:19";5.75
"Servidor-SPTECH";"ram";"ram_Usada";"GB";"2022-11-08 11:53:17";5.75
"Servidor-SPTECH";"ram";"ram_Usada";"GB";"2022-11-08 11:53:16";5.75
"Servidor-SPTECH";"ram";"ram_Usada";"GB";"2022-11-08 11:53:14";5.77
"Servidor-SPTECH";"ram";"ram_Usada";"GB";"2022-11-08 11:53:13";5.76
"Servidor-SPTECH";"ram";"ram_Usada";"GB";"2022-11-08 11:53:11";5.76
"Servidor-SPTECH";"ram";"ram_Usada";"GB";"2022-11-08 11:53:10";5.76
"Servidor-SPTECH";"ram";"ram_Usada";"GB";"2022-11-08 11:53:09";5.76
"Servidor-SPTECH";"ram";"ram_Usada";"GB";"2022-11-08 11:53:07";5.76
"Servidor-SPTECH";"ram";"ram_Usada";"GB";"2022-11-08 11:53:06";5.77
"Servidor-SPTECH";"ram";"ram_Usada";"GB";"2022-11-08 11:53:04";5.77
"Servidor-SPTECH";"ram";"ram_Usada";"GB";"2022-11-08 11:53:03";5.77
"Servidor-SPTECH";"ram";"ram_Usada";"GB";"2022-11-08 11:53:01";5.74
"Servidor-SPTECH";"ram";"ram_Usada";"GB";"2022-11-08 11:53:00";5.74
"Servidor-SPTECH";"ram";"ram_Usada";"GB";"2022-11-08 11:52:58";5.74
"Servidor-SPTECH";"ram";"ram_Usada";"GB";"2022-11-08 11:52:57";5.74
"Servidor-SPTECH";"ram";"ram_Usada";"GB";"2022-11-08 11:52:56";5.74
"Servidor-SPTECH";"ram";"ram_Usada";"GB";"2022-11-08 11:52:54";5.74
"Servidor-SPTECH";"ram";"ram_Usada";"GB";"2022-11-08 11:52:53";5.73
"Servidor-SPTECH";"ram";"ram_Usada";"GB";"2022-11-08 11:52:51";5.75
"Servidor-SPTECH";"ram";"ram_Usada";"GB";"2022-11-08 11:52:50";5.72
"Servidor-SPTECH";"ram";"ram_Usada";"GB";"2022-11-08 11:52:48";5.75
"Servidor-SPTECH";"ram";"ram_Usada";"GB";"2022-11-08 11:52:47";5.75
"Servidor-SPTECH";"ram";"ram_Usada";"GB";"2022-11-08 11:52:45";5.75
"Servidor-SPTECH";"ram";"ram_Usada";"GB";"2022-11-08 11:52:44";5.75
"Servidor-SPTECH";"ram";"ram_Usada";"GB";"2022-11-08 11:52:43";5.75
"Servidor-SPTECH";"ram";"ram_Usada";"GB";"2022-11-08 11:52:41";5.78
"Servidor-SPTECH";"ram";"ram_Usada";"GB";"2022-11-08 11:52:40";5.77
"Servidor-SPTECH";"ram";"ram_Usada";"GB";"2022-11-08 11:52:38";5.77
"Servidor-SPTECH";"ram";"ram_Usada";"GB";"2022-11-08 11:52:37";5.77
"Servidor-SPTECH";"ram";"ram_Usada";"GB";"2022-11-08 11:52:35";5.78
"Servidor-SPTECH";"ram";"ram_Usada";"GB";"2022-11-08 11:52:34";5.78
"Servidor-SPTECH";"ram";"ram_Usada";"GB";"2022-11-08 11:52:32";5.75
"Servidor-SPTECH";"ram";"ram_Usada";"GB";"2022-11-08 11:52:31";5.75
"Servidor-SPTECH";"ram";"ram_Usada";"GB";"2022-11-08 11:52:29";5.76
"Servidor-SPTECH";"ram";"ram_Usada";"GB";"2022-11-08 11:52:28";5.75
"Servidor-SPTECH";"ram";"ram_Usada";"GB";"2022-11-08 11:52:27";5.75
"Servidor-SPTECH";"ram";"ram_Usada";"GB";"2022-11-08 11:52:25";5.75
"Servidor-SPTECH";"ram";"ram_Usada";"GB";"2022-11-08 11:52:24";5.74
"Servidor-SPTECH";"ram";"ram_Usada";"GB";"2022-11-08 11:52:22";5.75
"Servidor-SPTECH";"ram";"ram_Usada";"GB";"2022-11-08 11:52:21";5.74
"Servidor-SPTECH";"ram";"ram_Usada";"GB";"2022-11-08 11:52:19";5.74
"Servidor-SPTECH";"ram";"ram_Usada";"GB";"2022-11-08 11:52:18";5.74
"Servidor-SPTECH";"ram";"ram_Usada";"GB";"2022-11-08 11:52:16";5.74
"Servidor-SPTECH";"ram";"ram_Usada";"GB";"2022-11-08 11:52:15";5.75
"Servidor-SPTECH";"ram";"ram_Usada";"GB";"2022-11-08 11:52:14";5.76
"Servidor-SPTECH";"ram";"ram_Usada";"GB";"2022-11-08 11:52:12";5.75
"Servidor-SPTECH";"ram";"ram_Usada";"GB";"2022-11-08 11:52:11";5.75
"Servidor-SPTECH";"ram";"ram_Usada";"GB";"2022-11-08 11:52:09";5.74
"Servidor-SPTECH";"ram";"ram_Usada";"GB";"2022-11-08 11:52:08";5.74
"Servidor-SPTECH";"ram";"ram_Usada";"GB";"2022-11-08 11:52:06";5.75
"Servidor-SPTECH";"ram";"ram_Usada";"GB";"2022-11-08 11:52:05";5.75
"Servidor-SPTECH";"ram";"ram_Usada";"GB";"2022-11-08 11:52:03";5.75
"Servidor-SPTECH";"ram";"ram_Usada";"GB";"2022-11-08 11:52:02";5.73
"Servidor-SPTECH";"ram";"ram_Usada";"GB";"2022-11-08 11:52:01";5.73
"Servidor-SPTECH";"ram";"ram_Usada";"GB";"2022-11-08 11:51:59";5.73
"Servidor-SPTECH";"ram";"ram_Usada";"GB";"2022-11-08 11:51:58";5.73
"Servidor-SPTECH";"ram";"ram_Usada";"GB";"2022-11-08 11:51:56";5.72
"Servidor-SPTECH";"ram";"ram_Usada";"GB";"2022-11-08 11:51:55";5.72
"Servidor-SPTECH";"ram";"ram_Usada";"GB";"2022-11-08 11:51:53";5.8
"Servidor-SPTECH";"ram";"ram_Usada";"GB";"2022-11-08 11:51:52";5.78
"Servidor-SPTECH";"ram";"ram_Usada";"GB";"2022-11-08 11:51:50";5.77
"Servidor-SPTECH";"ram";"ram_Usada";"GB";"2022-11-08 11:51:49";5.78
"Servidor-SPTECH";"ram";"ram_Usada";"GB";"2022-11-08 11:51:47";5.77
"Servidor-SPTECH";"ram";"ram_Usada";"GB";"2022-11-08 11:51:46";5.77
"Servidor-SPTECH";"ram";"ram_Usada";"GB";"2022-11-08 11:51:45";5.77
"Servidor-SPTECH";"ram";"ram_Usada";"GB";"2022-11-08 11:51:43";5.77
"Servidor-SPTECH";"ram";"ram_Usada";"GB";"2022-11-08 11:51:42";5.79
"Servidor-SPTECH";"ram";"ram_Usada";"GB";"2022-11-08 11:51:40";5.79
"Servidor-SPTECH";"ram";"ram_Usada";"GB";"2022-11-08 11:51:39";5.79
"Servidor-SPTECH";"ram";"ram_Usada";"GB";"2022-11-08 11:51:37";5.79
"Servidor-SPTECH";"ram";"ram_Usada";"GB";"2022-11-08 11:51:36";5.8
"Servidor-SPTECH";"ram";"ram_Usada";"GB";"2022-11-08 11:51:34";5.8
"Servidor-SPTECH";"ram";"ram_Usada";"GB";"2022-11-08 11:51:33";5.8
"Servidor-SPTECH";"ram";"ram_Usada";"GB";"2022-11-08 11:51:31";5.76
"Servidor-SPTECH";"ram";"ram_Usada";"GB";"2022-11-08 11:51:30";5.79
"Servidor-SPTECH";"ram";"ram_Usada";"GB";"2022-11-08 11:51:29";5.79
"Servidor-SPTECH";"ram";"ram_Usada";"GB";"2022-11-08 11:51:27";5.79
"Servidor-SPTECH";"ram";"ram_Usada";"GB";"2022-11-08 11:51:26";5.79
"Servidor-SPTECH";"ram";"ram_Usada";"GB";"2022-11-08 11:51:24";5.79
"Servidor-SPTECH";"ram";"ram_Usada";"GB";"2022-11-08 11:51:23";5.78
"Servidor-SPTECH";"ram";"ram_Usada";"GB";"2022-11-08 11:51:21";5.78
"Servidor-SPTECH";"ram";"ram_Usada";"GB";"2022-11-08 11:51:20";5.79
"Servidor-SPTECH";"ram";"ram_Usada";"GB";"2022-11-08 11:51:18";5.78
"Servidor-SPTECH";"ram";"ram_Usada";"GB";"2022-11-08 11:51:17";5.78
"Servidor-SPTECH";"ram";"ram_Usada";"GB";"2022-11-08 11:51:16";5.78
"Servidor-SPTECH";"ram";"ram_Usada";"GB";"2022-11-08 11:51:14";5.78
"Servidor-SPTECH";"ram";"ram_Usada";"GB";"2022-11-08 11:51:13";5.78
"Servidor-SPTECH";"ram";"ram_Usada";"GB";"2022-11-08 11:51:11";5.78
"Servidor-SPTECH";"ram";"ram_Usada";"GB";"2022-11-08 11:51:10";5.79
"Servidor-SPTECH";"ram";"ram_Usada";"GB";"2022-11-08 11:51:08";5.79
"Servidor-SPTECH";"ram";"ram_Usada";"GB";"2022-11-08 11:51:07";5.79
"Servidor-SPTECH";"ram";"ram_Usada";"GB";"2022-11-08 11:51:05";5.79
"Servidor-SPTECH";"ram";"ram_Usada";"GB";"2022-11-08 11:51:04";5.79
"Servidor-SPTECH";"ram";"ram_Usada";"GB";"2022-11-08 11:51:02";5.79
"Servidor-SPTECH";"ram";"ram_Usada";"GB";"2022-11-08 11:51:01";5.78
"Servidor-SPTECH";"ram";"ram_Usada";"GB";"2022-11-08 11:51:00";5.78
"Servidor-SPTECH";"ram";"ram_Usada";"GB";"2022-11-08 11:50:58";5.78
"Servidor-SPTECH";"ram";"ram_Usada";"GB";"2022-11-08 11:50:57";5.78
"Servidor-SPTECH";"ram";"ram_Usada";"GB";"2022-11-08 11:50:55";5.78
"Servidor-SPTECH";"ram";"ram_Usada";"GB";"2022-11-08 11:50:54";5.78
"Servidor-SPTECH";"ram";"ram_Usada";"GB";"2022-11-08 11:50:52";5.79
"Servidor-SPTECH";"ram";"ram_Usada";"GB";"2022-11-08 11:50:51";5.78
"Servidor-SPTECH";"ram";"ram_Usada";"GB";"2022-11-08 11:50:49";5.77
"Servidor-SPTECH";"ram";"ram_Usada";"GB";"2022-11-08 11:50:48";5.78
"Servidor-SPTECH";"ram";"ram_Usada";"GB";"2022-11-08 11:50:47";5.77
"Servidor-SPTECH";"ram";"ram_Usada";"GB";"2022-11-08 11:50:45";5.78
"Servidor-SPTECH";"ram";"ram_Usada";"GB";"2022-11-08 11:50:44";5.77
"Servidor-SPTECH";"ram";"ram_Usada";"GB";"2022-11-08 11:50:42";5.77
"Servidor-SPTECH";"ram";"ram_Usada";"GB";"2022-11-08 11:50:41";5.8
"Servidor-SPTECH";"ram";"ram_Usada";"GB";"2022-11-08 11:50:39";5.8
"Servidor-SPTECH";"ram";"ram_Usada";"GB";"2022-11-08 11:50:38";5.8
"Servidor-SPTECH";"ram";"ram_Usada";"GB";"2022-11-08 11:50:36";5.81
"Servidor-SPTECH";"ram";"ram_Usada";"GB";"2022-11-08 11:50:35";5.81
"Servidor-SPTECH";"ram";"ram_Usada";"GB";"2022-11-08 11:50:34";5.81
"Servidor-SPTECH";"ram";"ram_Usada";"GB";"2022-11-08 11:50:32";5.8
"Servidor-SPTECH";"ram";"ram_Usada";"GB";"2022-11-08 11:50:31";5.8
"Servidor-SPTECH";"ram";"ram_Usada";"GB";"2022-11-08 11:50:29";5.8
"Servidor-SPTECH";"ram";"ram_Usada";"GB";"2022-11-08 11:50:28";5.8
"Servidor-SPTECH";"ram";"ram_Usada";"GB";"2022-11-08 11:50:26";5.8
"Servidor-SPTECH";"ram";"ram_Usada";"GB";"2022-11-08 11:50:25";5.8
"Servidor-SPTECH";"ram";"ram_Usada";"GB";"2022-11-08 11:50:23";5.8
"Servidor-SPTECH";"ram";"ram_Usada";"GB";"2022-11-08 11:50:22";5.8
"Servidor-SPTECH";"ram";"ram_Usada";"GB";"2022-11-08 11:50:20";5.78
"Servidor-SPTECH";"ram";"ram_Usada";"GB";"2022-11-08 11:50:19";5.79
"Servidor-SPTECH";"ram";"ram_Usada";"GB";"2022-11-08 11:50:18";5.77
"Servidor-SPTECH";"ram";"ram_Usada";"GB";"2022-11-08 11:50:16";5.77
"Servidor-SPTECH";"ram";"ram_Usada";"GB";"2022-11-08 11:50:15";5.77
"Servidor-SPTECH";"ram";"ram_Usada";"GB";"2022-11-08 11:50:13";5.74
"Servidor-SPTECH";"ram";"ram_Usada";"GB";"2022-11-08 11:50:12";5.77
"Servidor-SPTECH";"ram";"ram_Usada";"GB";"2022-11-08 11:50:10";5.77
"Servidor-SPTECH";"ram";"ram_Usada";"GB";"2022-11-08 11:50:09";5.78
"Servidor-SPTECH";"ram";"ram_Usada";"GB";"2022-11-08 11:50:07";5.77
"Servidor-SPTECH";"ram";"ram_Usada";"GB";"2022-11-08 11:50:06";5.78
"Servidor-SPTECH";"ram";"ram_Usada";"GB";"2022-11-08 11:50:05";5.78
"Servidor-SPTECH";"ram";"ram_Usada";"GB";"2022-11-08 11:50:03";5.78
"Servidor-SPTECH";"ram";"ram_Usada";"GB";"2022-11-08 11:50:02";5.77
"Servidor-SPTECH";"ram";"ram_Usada";"GB";"2022-11-08 11:50:00";5.77
"Servidor-SPTECH";"ram";"ram_Usada";"GB";"2022-11-08 11:49:59";5.77
"Servidor-SPTECH";"ram";"ram_Usada";"GB";"2022-11-08 11:49:57";5.77
"Servidor-SPTECH";"ram";"ram_Usada";"GB";"2022-11-08 11:49:56";5.77
"Servidor-SPTECH";"ram";"ram_Usada";"GB";"2022-11-08 11:49:54";5.77
"Servidor-SPTECH";"ram";"ram_Usada";"GB";"2022-11-08 11:49:53";5.77
"Servidor-SPTECH";"ram";"ram_Usada";"GB";"2022-11-08 11:49:52";5.76
"Servidor-SPTECH";"ram";"ram_Usada";"GB";"2022-11-08 11:49:50";5.76
"Servidor-SPTECH";"ram";"ram_Usada";"GB";"2022-11-08 11:49:49";5.76
"Servidor-SPTECH";"ram";"ram_Usada";"GB";"2022-11-08 11:49:47";5.76
"Servidor-SPTECH";"ram";"ram_Usada";"GB";"2022-11-08 11:49:46";5.75
"Servidor-SPTECH";"ram";"ram_Usada";"GB";"2022-11-08 11:49:44";5.75
"Servidor-SPTECH";"ram";"ram_Usada";"GB";"2022-11-08 11:49:43";5.72
"Servidor-SPTECH";"ram";"ram_Usada";"GB";"2022-11-08 11:49:41";5.82
"Servidor-SPTECH";"ram";"ram_Usada";"GB";"2022-11-08 11:49:40";5.88
"Servidor-SPTECH";"ram";"ram_Usada";"GB";"2022-11-08 11:49:39";5.87
"Servidor-SPTECH";"ram";"ram_Usada";"GB";"2022-11-08 11:49:37";5.84
"Servidor-SPTECH";"ram";"ram_Usada";"GB";"2022-11-08 11:49:36";5.88
"Servidor-SPTECH";"ram";"ram_Usada";"GB";"2022-11-08 11:49:34";5.88
"Servidor-SPTECH";"ram";"ram_Usada";"GB";"2022-11-08 11:49:33";5.89
"Servidor-SPTECH";"ram";"ram_Usada";"GB";"2022-11-08 11:49:31";5.87
"Servidor-SPTECH";"ram";"ram_Usada";"GB";"2022-11-08 11:49:30";5.88
"Servidor-SPTECH";"ram";"ram_Usada";"GB";"2022-11-08 11:49:28";5.87
"Servidor-SPTECH";"ram";"ram_Usada";"GB";"2022-11-08 11:49:27";5.87
"Servidor-SPTECH";"ram";"ram_Usada";"GB";"2022-11-08 11:49:26";5.87
"Servidor-SPTECH";"ram";"ram_Usada";"GB";"2022-11-08 11:49:24";5.87
"Servidor-SPTECH";"ram";"ram_Usada";"GB";"2022-11-08 11:49:23";5.87
"Servidor-SPTECH";"ram";"ram_Usada";"GB";"2022-11-08 11:49:21";5.87
"Servidor-SPTECH";"ram";"ram_Usada";"GB";"2022-11-08 11:49:20";5.88
"Servidor-SPTECH";"ram";"ram_Usada";"GB";"2022-11-08 11:49:18";5.88
"Servidor-SPTECH";"ram";"ram_Usada";"GB";"2022-11-08 11:49:17";5.88
"Servidor-SPTECH";"ram";"ram_Usada";"GB";"2022-11-08 11:49:16";5.88
"Servidor-SPTECH";"ram";"ram_Usada";"GB";"2022-11-08 11:49:14";5.89
"Servidor-SPTECH";"ram";"ram_Usada";"GB";"2022-11-08 11:49:13";5.89
"Servidor-SPTECH";"ram";"ram_Usada";"GB";"2022-11-08 11:49:11";5.89
"Servidor-SPTECH";"ram";"ram_Usada";"GB";"2022-11-08 11:49:10";5.89
"Servidor-SPTECH";"ram";"ram_Usada";"GB";"2022-11-08 11:49:08";5.89
"Servidor-SPTECH";"ram";"ram_Usada";"GB";"2022-11-08 11:49:07";5.86
"Servidor-SPTECH";"ram";"ram_Usada";"GB";"2022-11-08 11:49:05";5.9
"Servidor-SPTECH";"ram";"ram_Usada";"GB";"2022-11-08 11:49:04";5.9
"Servidor-SPTECH";"ram";"ram_Usada";"GB";"2022-11-08 11:49:03";5.9
"Servidor-SPTECH";"ram";"ram_Usada";"GB";"2022-11-08 11:49:01";5.85
"Servidor-SPTECH";"ram";"ram_Usada";"GB";"2022-11-08 11:49:00";5.88
"Servidor-SPTECH";"ram";"ram_Usada";"GB";"2022-11-08 11:48:58";5.88
"Servidor-SPTECH";"ram";"ram_Usada";"GB";"2022-11-08 11:48:57";5.9
"Servidor-SPTECH";"ram";"ram_Usada";"GB";"2022-11-08 11:48:55";5.89
"Servidor-SPTECH";"ram";"ram_Usada";"GB";"2022-11-08 11:48:54";5.89
"Servidor-SPTECH";"ram";"ram_Usada";"GB";"2022-11-08 11:48:52";5.89
"Servidor-SPTECH";"ram";"ram_Usada";"GB";"2022-11-08 11:48:51";5.89
"Servidor-SPTECH";"ram";"ram_Usada";"GB";"2022-11-08 11:48:50";5.9
"Servidor-SPTECH";"ram";"ram_Usada";"GB";"2022-11-08 11:48:48";5.9
"Servidor-SPTECH";"ram";"ram_Usada";"GB";"2022-11-08 11:48:47";5.89
"Servidor-SPTECH";"ram";"ram_Usada";"GB";"2022-11-08 11:48:45";5.89
"Servidor-SPTECH";"ram";"ram_Usada";"GB";"2022-11-08 11:48:44";5.9
"Servidor-SPTECH";"ram";"ram_Usada";"GB";"2022-11-08 11:48:42";5.89
"Servidor-SPTECH";"ram";"ram_Usada";"GB";"2022-11-08 11:48:41";5.92
"Servidor-SPTECH";"ram";"ram_Usada";"GB";"2022-11-08 11:48:39";5.92
"Servidor-SPTECH";"ram";"ram_Usada";"GB";"2022-11-08 11:48:38";5.92
"Servidor-SPTECH";"ram";"ram_Usada";"GB";"2022-11-08 11:48:37";5.92
"Servidor-SPTECH";"ram";"ram_Usada";"GB";"2022-11-08 11:48:35";5.93
"Servidor-SPTECH";"ram";"ram_Usada";"GB";"2022-11-08 11:48:34";5.93
"Servidor-SPTECH";"ram";"ram_Usada";"GB";"2022-11-08 11:48:32";5.92
"Servidor-SPTECH";"ram";"ram_Usada";"GB";"2022-11-08 11:48:31";5.89
"Servidor-SPTECH";"ram";"ram_Usada";"GB";"2022-11-08 11:48:29";5.92
"Servidor-SPTECH";"ram";"ram_Usada";"GB";"2022-11-08 11:48:28";5.93
"Servidor-SPTECH";"ram";"ram_Usada";"GB";"2022-11-08 11:48:26";5.92
"Servidor-SPTECH";"ram";"ram_Usada";"GB";"2022-11-08 11:48:25";5.9
"Servidor-SPTECH";"ram";"ram_Usada";"GB";"2022-11-08 11:48:24";5.93
"Servidor-SPTECH";"ram";"ram_Usada";"GB";"2022-11-08 11:48:22";5.93
"Servidor-SPTECH";"ram";"ram_Usada";"GB";"2022-11-08 11:48:21";5.93
"Servidor-SPTECH";"ram";"ram_Usada";"GB";"2022-11-08 11:48:19";5.93
"Servidor-SPTECH";"ram";"ram_Usada";"GB";"2022-11-08 11:48:18";5.94
"Servidor-SPTECH";"ram";"ram_Usada";"GB";"2022-11-08 11:48:16";5.93
"Servidor-SPTECH";"ram";"ram_Usada";"GB";"2022-11-08 11:48:15";5.94
"Servidor-SPTECH";"ram";"ram_Usada";"GB";"2022-11-08 11:48:13";5.94
"Servidor-SPTECH";"ram";"ram_Usada";"GB";"2022-11-08 11:48:12";5.94
"Servidor-SPTECH";"ram";"ram_Usada";"GB";"2022-11-08 11:48:11";5.94
"Servidor-SPTECH";"ram";"ram_Usada";"GB";"2022-11-08 11:48:09";5.94
"Servidor-SPTECH";"ram";"ram_Usada";"GB";"2022-11-08 11:48:08";5.94
"Servidor-SPTECH";"ram";"ram_Usada";"GB";"2022-11-08 11:48:06";5.95
"Servidor-SPTECH";"ram";"ram_Usada";"GB";"2022-11-08 11:48:05";5.95
"Servidor-SPTECH";"ram";"ram_Usada";"GB";"2022-11-08 11:48:03";5.95
"Servidor-SPTECH";"ram";"ram_Usada";"GB";"2022-11-08 11:48:02";5.95
"Servidor-SPTECH";"ram";"ram_Usada";"GB";"2022-11-08 11:48:00";5.95
"Servidor-SPTECH";"ram";"ram_Usada";"GB";"2022-11-08 11:47:59";5.95
"Servidor-SPTECH";"ram";"ram_Usada";"GB";"2022-11-08 11:47:58";5.95
"Servidor-SPTECH";"ram";"ram_Usada";"GB";"2022-11-08 11:47:56";5.95
"Servidor-SPTECH";"ram";"ram_Usada";"GB";"2022-11-08 11:47:55";5.92
"Servidor-SPTECH";"ram";"ram_Usada";"GB";"2022-11-08 11:47:53";5.96
"Servidor-SPTECH";"ram";"ram_Usada";"GB";"2022-11-08 11:47:52";5.96
"Servidor-SPTECH";"ram";"ram_Usada";"GB";"2022-11-08 11:47:50";5.96
"Servidor-SPTECH";"ram";"ram_Usada";"GB";"2022-11-08 11:47:49";5.94
"Servidor-SPTECH";"ram";"ram_Usada";"GB";"2022-11-08 11:47:47";5.95
"Servidor-SPTECH";"ram";"ram_Usada";"GB";"2022-11-08 11:47:46";5.95
"Servidor-SPTECH";"ram";"ram_Usada";"GB";"2022-11-08 11:47:44";5.95
"Servidor-SPTECH";"ram";"ram_Usada";"GB";"2022-11-08 11:47:43";5.95
"Servidor-SPTECH";"ram";"ram_Usada";"GB";"2022-11-08 11:47:42";6.0
"Servidor-SPTECH";"ram";"ram_Usada";"GB";"2022-11-08 11:47:40";6.0
"Servidor-SPTECH";"ram";"ram_Usada";"GB";"2022-11-08 11:47:39";6.01
"Servidor-SPTECH";"ram";"ram_Usada";"GB";"2022-11-08 11:47:37";6.01
"Servidor-SPTECH";"ram";"ram_Usada";"GB";"2022-11-08 11:47:36";6.03
"Servidor-SPTECH";"ram";"ram_Usada";"GB";"2022-11-08 11:47:34";6.03
"Servidor-SPTECH";"ram";"ram_Usada";"GB";"2022-11-08 11:47:33";6.03
"Servidor-SPTECH";"ram";"ram_Usada";"GB";"2022-11-08 11:47:31";6.02
"Servidor-SPTECH";"ram";"ram_Usada";"GB";"2022-11-08 11:47:30";6.02
"Servidor-SPTECH";"ram";"ram_Usada";"GB";"2022-11-08 11:47:28";6.02
"Servidor-SPTECH";"ram";"ram_Usada";"GB";"2022-11-08 11:47:27";6.02
"Servidor-SPTECH";"ram";"ram_Usada";"GB";"2022-11-08 11:47:26";6.02
"Servidor-SPTECH";"ram";"ram_Usada";"GB";"2022-11-08 11:47:24";6.02
"Servidor-SPTECH";"ram";"ram_Usada";"GB";"2022-11-08 11:47:23";6.02
"Servidor-SPTECH";"ram";"ram_Usada";"GB";"2022-11-08 11:47:21";6.02
"Servidor-SPTECH";"ram";"ram_Usada";"GB";"2022-11-08 11:47:20";6.03
"Servidor-SPTECH";"ram";"ram_Usada";"GB";"2022-11-08 11:47:18";6.0
"Servidor-SPTECH";"ram";"ram_Usada";"GB";"2022-11-08 11:47:17";6.03
"Servidor-SPTECH";"ram";"ram_Usada";"GB";"2022-11-08 11:47:15";6.03
"Servidor-SPTECH";"ram";"ram_Usada";"GB";"2022-11-08 11:47:14";6.04
"Servidor-SPTECH";"ram";"ram_Usada";"GB";"2022-11-08 11:47:13";6.01
"Servidor-SPTECH";"ram";"ram_Usada";"GB";"2022-11-08 11:47:11";6.04
"Servidor-SPTECH";"ram";"ram_Usada";"GB";"2022-11-08 11:47:10";6.06
"Servidor-SPTECH";"ram";"ram_Usada";"GB";"2022-11-08 11:47:08";6.06
"Servidor-SPTECH";"ram";"ram_Usada";"GB";"2022-11-08 11:47:07";6.01
"Servidor-SPTECH";"ram";"ram_Usada";"GB";"2022-11-08 11:47:05";6.0
"Servidor-SPTECH";"ram";"ram_Usada";"GB";"2022-11-08 11:47:04";5.99
"Servidor-SPTECH";"ram";"ram_Usada";"GB";"2022-11-08 11:47:02";5.99
"Servidor-SPTECH";"ram";"ram_Usada";"GB";"2022-11-08 11:47:01";5.98
"Servidor-SPTECH";"ram";"ram_Usada";"GB";"2022-11-08 11:46:59";5.98
"Servidor-SPTECH";"ram";"ram_Usada";"GB";"2022-11-08 11:46:58";5.98
"Servidor-SPTECH";"ram";"ram_Usada";"GB";"2022-11-08 11:46:57";5.98
"Servidor-SPTECH";"ram";"ram_Usada";"GB";"2022-11-08 11:46:55";5.98
"Servidor-SPTECH";"ram";"ram_Usada";"GB";"2022-11-08 11:46:54";5.98
"Servidor-SPTECH";"ram";"ram_Usada";"GB";"2022-11-08 11:46:52";5.97
"Servidor-SPTECH";"ram";"ram_Usada";"GB";"2022-11-08 11:46:51";5.98
"Servidor-SPTECH";"ram";"ram_Usada";"GB";"2022-11-08 11:46:49";5.98
"Servidor-SPTECH";"ram";"ram_Usada";"GB";"2022-11-08 11:46:48";5.98
"Servidor-SPTECH";"ram";"ram_Usada";"GB";"2022-11-08 11:46:46";5.98
"Servidor-SPTECH";"ram";"ram_Usada";"GB";"2022-11-08 11:46:45";5.97
"Servidor-SPTECH";"ram";"ram_Usada";"GB";"2022-11-08 11:46:44";5.97
"Servidor-SPTECH";"ram";"ram_Usada";"GB";"2022-11-08 11:46:42";5.97
"Servidor-SPTECH";"ram";"ram_Usada";"GB";"2022-11-08 11:46:41";5.99
"Servidor-SPTECH";"ram";"ram_Usada";"GB";"2022-11-08 11:46:39";6.0
"Servidor-SPTECH";"ram";"ram_Usada";"GB";"2022-11-08 11:46:38";6.0
"Servidor-SPTECH";"ram";"ram_Usada";"GB";"2022-11-08 11:46:36";5.98
"Servidor-SPTECH";"ram";"ram_Usada";"GB";"2022-11-08 11:46:35";6.01
"Servidor-SPTECH";"ram";"ram_Usada";"GB";"2022-11-08 11:46:33";6.01
"Servidor-SPTECH";"ram";"ram_Usada";"GB";"2022-11-08 11:46:32";6.0
"Servidor-SPTECH";"ram";"ram_Usada";"GB";"2022-11-08 11:46:31";5.96
"Servidor-SPTECH";"ram";"ram_Usada";"GB";"2022-11-08 11:46:29";6.0
"Servidor-SPTECH";"ram";"ram_Usada";"GB";"2022-11-08 11:46:28";6.0
"Servidor-SPTECH";"ram";"ram_Usada";"GB";"2022-11-08 11:46:26";6.0
"Servidor-SPTECH";"ram";"ram_Usada";"GB";"2022-11-08 11:46:25";5.97
"Servidor-SPTECH";"ram";"ram_Usada";"GB";"2022-11-08 11:46:23";6.0
"Servidor-SPTECH";"ram";"ram_Usada";"GB";"2022-11-08 11:46:22";6.01
"Servidor-SPTECH";"ram";"ram_Usada";"GB";"2022-11-08 11:46:20";6.0
"Servidor-SPTECH";"ram";"ram_Usada";"GB";"2022-11-08 11:46:19";6.0
"Servidor-SPTECH";"ram";"ram_Usada";"GB";"2022-11-08 11:46:18";6.0
"Servidor-SPTECH";"ram";"ram_Usada";"GB";"2022-11-08 11:46:16";6.01
"Servidor-SPTECH";"ram";"ram_Usada";"GB";"2022-11-08 11:46:15";6.01
"Servidor-SPTECH";"ram";"ram_Usada";"GB";"2022-11-08 11:46:13";6.01
"Servidor-SPTECH";"ram";"ram_Usada";"GB";"2022-11-08 11:46:12";6.03
"Servidor-SPTECH";"ram";"ram_Usada";"GB";"2022-11-08 11:46:10";6.02
"Servidor-SPTECH";"ram";"ram_Usada";"GB";"2022-11-08 11:46:09";6.03
"Servidor-SPTECH";"ram";"ram_Usada";"GB";"2022-11-08 11:46:07";6.02
"Servidor-SPTECH";"ram";"ram_Usada";"GB";"2022-11-08 11:46:06";6.01
"Servidor-SPTECH";"ram";"ram_Usada";"GB";"2022-11-08 11:46:04";6.03
"Servidor-SPTECH";"ram";"ram_Usada";"GB";"2022-11-08 11:46:03";6.03
"Servidor-SPTECH";"ram";"ram_Usada";"GB";"2022-11-08 11:46:02";6.02
"Servidor-SPTECH";"ram";"ram_Usada";"GB";"2022-11-08 11:46:00";5.99
"Servidor-SPTECH";"ram";"ram_Usada";"GB";"2022-11-08 11:45:59";6.03
"Servidor-SPTECH";"ram";"ram_Usada";"GB";"2022-11-08 11:45:57";6.03
"Servidor-SPTECH";"ram";"ram_Usada";"GB";"2022-11-08 11:45:56";6.03
"Servidor-SPTECH";"ram";"ram_Usada";"GB";"2022-11-08 11:45:54";6.0
"Servidor-SPTECH";"ram";"ram_Usada";"GB";"2022-11-08 11:45:53";6.03
"Servidor-SPTECH";"ram";"ram_Usada";"GB";"2022-11-08 11:45:52";6.03
"Servidor-SPTECH";"ram";"ram_Usada";"GB";"2022-11-08 11:45:50";6.03
"Servidor-SPTECH";"ram";"ram_Usada";"GB";"2022-11-08 11:45:49";6.0
"Servidor-SPTECH";"ram";"ram_Usada";"GB";"2022-11-08 11:45:47";6.03
"Servidor-SPTECH";"ram";"ram_Usada";"GB";"2022-11-08 11:45:46";6.04
"Servidor-SPTECH";"ram";"ram_Usada";"GB";"2022-11-08 11:45:44";6.03
"Servidor-SPTECH";"ram";"ram_Usada";"GB";"2022-11-08 11:45:43";6.04
"Servidor-SPTECH";"ram";"ram_Usada";"GB";"2022-11-08 11:45:41";6.06
"Servidor-SPTECH";"ram";"ram_Usada";"GB";"2022-11-08 11:45:40";6.07
"Servidor-SPTECH";"ram";"ram_Usada";"GB";"2022-11-08 11:45:38";6.06
"Servidor-SPTECH";"ram";"ram_Usada";"GB";"2022-11-08 11:45:37";6.07
"Servidor-SPTECH";"ram";"ram_Usada";"GB";"2022-11-08 11:45:36";6.08
"Servidor-SPTECH";"ram";"ram_Usada";"GB";"2022-11-08 11:45:34";6.08
"Servidor-SPTECH";"ram";"ram_Usada";"GB";"2022-11-08 11:45:33";6.09
"Servidor-SPTECH";"ram";"ram_Usada";"GB";"2022-11-08 11:45:31";6.07
"Servidor-SPTECH";"ram";"ram_Usada";"GB";"2022-11-08 11:45:30";6.06
"Servidor-SPTECH";"ram";"ram_Usada";"GB";"2022-11-08 11:45:28";6.07
"Servidor-SPTECH";"ram";"ram_Usada";"GB";"2022-11-08 11:45:27";6.08
"Servidor-SPTECH";"ram";"ram_Usada";"GB";"2022-11-08 11:45:25";6.08
"Servidor-SPTECH";"ram";"ram_Usada";"GB";"2022-11-08 11:45:24";6.05
"Servidor-SPTECH";"ram";"ram_Usada";"GB";"2022-11-08 11:45:23";6.08
"Servidor-SPTECH";"ram";"ram_Usada";"GB";"2022-11-08 11:45:21";6.08
"Servidor-SPTECH";"ram";"ram_Usada";"GB";"2022-11-08 11:45:20";6.08
"Servidor-SPTECH";"ram";"ram_Usada";"GB";"2022-11-08 11:45:18";6.05
"Servidor-SPTECH";"ram";"ram_Usada";"GB";"2022-11-08 11:45:17";6.09
"Servidor-SPTECH";"ram";"ram_Usada";"GB";"2022-11-08 11:45:15";6.08
"Servidor-SPTECH";"ram";"ram_Usada";"GB";"2022-11-08 11:45:14";6.07
"Servidor-SPTECH";"ram";"ram_Usada";"GB";"2022-11-08 11:45:12";6.05
"Servidor-SPTECH";"ram";"ram_Usada";"GB";"2022-11-08 11:45:11";6.08
"Servidor-SPTECH";"ram";"ram_Usada";"GB";"2022-11-08 11:45:10";6.08
"Servidor-SPTECH";"ram";"ram_Usada";"GB";"2022-11-08 11:45:08";6.08
"Servidor-SPTECH";"ram";"ram_Usada";"GB";"2022-11-08 11:45:07";6.08
"Servidor-SPTECH";"ram";"ram_Usada";"GB";"2022-11-08 11:45:05";6.09
"Servidor-SPTECH";"ram";"ram_Usada";"GB";"2022-11-08 11:45:04";6.1
"Servidor-SPTECH";"ram";"ram_Usada";"GB";"2022-11-08 11:45:02";6.09
"Servidor-SPTECH";"ram";"ram_Usada";"GB";"2022-11-08 11:45:01";6.08
"Servidor-SPTECH";"ram";"ram_Usada";"GB";"2022-11-08 11:45:00";6.07
"Servidor-SPTECH";"ram";"ram_Usada";"GB";"2022-11-08 11:44:58";6.08
"Servidor-SPTECH";"ram";"ram_Usada";"GB";"2022-11-08 11:44:57";6.08
"Servidor-SPTECH";"ram";"ram_Usada";"GB";"2022-11-08 11:44:55";6.08
"Servidor-SPTECH";"ram";"ram_Usada";"GB";"2022-11-08 11:44:54";6.05
"Servidor-SPTECH";"ram";"ram_Usada";"GB";"2022-11-08 11:44:52";6.08
"Servidor-SPTECH";"ram";"ram_Usada";"GB";"2022-11-08 11:44:51";6.09
"Servidor-SPTECH";"ram";"ram_Usada";"GB";"2022-11-08 11:44:49";6.09
"Servidor-SPTECH";"ram";"ram_Usada";"GB";"2022-11-08 11:44:48";6.07
"Servidor-SPTECH";"ram";"ram_Usada";"GB";"2022-11-08 11:44:46";6.09
"Servidor-SPTECH";"ram";"ram_Usada";"GB";"2022-11-08 11:44:45";6.09
"Servidor-SPTECH";"ram";"ram_Usada";"GB";"2022-11-08 11:44:44";6.09
"Servidor-SPTECH";"ram";"ram_Usada";"GB";"2022-11-08 11:44:42";6.06
"Servidor-SPTECH";"ram";"ram_Usada";"GB";"2022-11-08 11:44:41";6.15
"Servidor-SPTECH";"ram";"ram_Usada";"GB";"2022-11-08 11:44:39";6.1
"Servidor-SPTECH";"ram";"ram_Usada";"GB";"2022-11-08 11:44:38";6.11
"Servidor-SPTECH";"ram";"ram_Usada";"GB";"2022-11-08 11:44:36";6.09
"Servidor-SPTECH";"ram";"ram_Usada";"GB";"2022-11-08 11:44:35";6.12
"Servidor-SPTECH";"ram";"ram_Usada";"GB";"2022-11-08 11:44:33";6.14
"Servidor-SPTECH";"ram";"ram_Usada";"GB";"2022-11-08 11:44:32";6.16
"Servidor-SPTECH";"ram";"ram_Usada";"GB";"2022-11-08 11:44:31";6.16
"Servidor-SPTECH";"ram";"ram_Usada";"GB";"2022-11-08 11:44:29";6.16
"Servidor-SPTECH";"ram";"ram_Usada";"GB";"2022-11-08 11:44:28";6.17
"Servidor-SPTECH";"ram";"ram_Usada";"GB";"2022-11-08 11:44:26";6.16
"Servidor-SPTECH";"ram";"ram_Usada";"GB";"2022-11-08 11:44:25";6.17
"Servidor-SPTECH";"ram";"ram_Usada";"GB";"2022-11-08 11:44:23";6.16
"Servidor-SPTECH";"ram";"ram_Usada";"GB";"2022-11-08 11:44:22";6.16
"Servidor-SPTECH";"ram";"ram_Usada";"GB";"2022-11-08 11:44:20";6.16
"Servidor-SPTECH";"ram";"ram_Usada";"GB";"2022-11-08 11:44:19";6.17
"Servidor-SPTECH";"ram";"ram_Usada";"GB";"2022-11-08 11:44:17";6.14
"Servidor-SPTECH";"ram";"ram_Usada";"GB";"2022-11-08 11:44:16";6.17
"Servidor-SPTECH";"ram";"ram_Usada";"GB";"2022-11-08 11:44:15";6.17
"Servidor-SPTECH";"ram";"ram_Usada";"GB";"2022-11-08 11:44:13";6.17
"Servidor-SPTECH";"ram";"ram_Usada";"GB";"2022-11-08 11:44:12";6.17
"Servidor-SPTECH";"ram";"ram_Usada";"GB";"2022-11-08 11:44:10";6.17
"Servidor-SPTECH";"ram";"ram_Usada";"GB";"2022-11-08 11:44:09";6.17
"Servidor-SPTECH";"ram";"ram_Usada";"GB";"2022-11-08 11:44:07";6.17
"Servidor-SPTECH";"ram";"ram_Usada";"GB";"2022-11-08 11:44:06";6.18
"Servidor-SPTECH";"ram";"ram_Usada";"GB";"2022-11-08 11:44:04";6.18
"Servidor-SPTECH";"ram";"ram_Usada";"GB";"2022-11-08 11:44:03";6.18
"Servidor-SPTECH";"ram";"ram_Usada";"GB";"2022-11-08 11:44:02";6.17
"Servidor-SPTECH";"ram";"ram_Usada";"GB";"2022-11-08 11:44:00";6.16
"Servidor-SPTECH";"ram";"ram_Usada";"GB";"2022-11-08 11:43:59";6.19
"Servidor-SPTECH";"ram";"ram_Usada";"GB";"2022-11-08 11:43:57";6.16
"Servidor-SPTECH";"ram";"ram_Usada";"GB";"2022-11-08 11:43:56";6.17
"Servidor-SPTECH";"ram";"ram_Usada";"GB";"2022-11-08 11:43:54";6.17
"Servidor-SPTECH";"ram";"ram_Usada";"GB";"2022-11-08 11:43:53";6.17
"Servidor-SPTECH";"ram";"ram_Usada";"GB";"2022-11-08 11:43:52";6.17
"Servidor-SPTECH";"ram";"ram_Usada";"GB";"2022-11-08 11:43:50";6.18
"Servidor-SPTECH";"ram";"ram_Usada";"GB";"2022-11-08 11:43:49";6.18
"Servidor-SPTECH";"ram";"ram_Usada";"GB";"2022-11-08 11:43:47";6.18
"Servidor-SPTECH";"ram";"ram_Usada";"GB";"2022-11-08 11:43:46";6.18
"Servidor-SPTECH";"ram";"ram_Usada";"GB";"2022-11-08 11:43:44";6.19
"Servidor-SPTECH";"ram";"ram_Usada";"GB";"2022-11-08 11:43:43";6.19
"Servidor-SPTECH";"ram";"ram_Usada";"GB";"2022-11-08 11:43:41";6.21
"Servidor-SPTECH";"ram";"ram_Usada";"GB";"2022-11-08 11:43:40";6.22
"Servidor-SPTECH";"ram";"ram_Usada";"GB";"2022-11-08 11:43:39";6.22
"Servidor-SPTECH";"ram";"ram_Usada";"GB";"2022-11-08 11:43:37";6.22
"Servidor-SPTECH";"ram";"ram_Usada";"GB";"2022-11-08 11:43:36";6.24
"Servidor-SPTECH";"ram";"ram_Usada";"GB";"2022-11-08 11:43:34";6.23
"Servidor-SPTECH";"ram";"ram_Usada";"GB";"2022-11-08 11:43:33";6.23
"Servidor-SPTECH";"ram";"ram_Usada";"GB";"2022-11-08 11:43:31";6.22
"Servidor-SPTECH";"ram";"ram_Usada";"GB";"2022-11-08 11:43:30";6.22
"Servidor-SPTECH";"ram";"ram_Usada";"GB";"2022-11-08 11:43:28";6.22
"Servidor-SPTECH";"ram";"ram_Usada";"GB";"2022-11-08 11:43:27";6.22
"Servidor-SPTECH";"ram";"ram_Usada";"GB";"2022-11-08 11:43:26";6.22
"Servidor-SPTECH";"ram";"ram_Usada";"GB";"2022-11-08 11:43:24";6.21
"Servidor-SPTECH";"ram";"ram_Usada";"GB";"2022-11-08 11:43:23";6.22
"Servidor-SPTECH";"ram";"ram_Usada";"GB";"2022-11-08 11:43:21";6.21
"Servidor-SPTECH";"ram";"ram_Usada";"GB";"2022-11-08 11:43:20";6.21
"Servidor-SPTECH";"ram";"ram_Usada";"GB";"2022-11-08 11:43:18";6.21
"Servidor-SPTECH";"ram";"ram_Usada";"GB";"2022-11-08 11:43:17";6.21
"Servidor-SPTECH";"ram";"ram_Usada";"GB";"2022-11-08 11:43:15";6.22
"Servidor-SPTECH";"ram";"ram_Usada";"GB";"2022-11-08 11:43:14";6.22
"Servidor-SPTECH";"ram";"ram_Usada";"GB";"2022-11-08 11:43:13";6.22
"Servidor-SPTECH";"ram";"ram_Usada";"GB";"2022-11-08 11:43:11";6.22
"Servidor-SPTECH";"ram";"ram_Usada";"GB";"2022-11-08 11:43:10";6.23
"Servidor-SPTECH";"ram";"ram_Usada";"GB";"2022-11-08 11:43:08";6.23
"Servidor-SPTECH";"ram";"ram_Usada";"GB";"2022-11-08 11:43:07";6.22
"Servidor-SPTECH";"ram";"ram_Usada";"GB";"2022-11-08 11:43:05";6.23
"Servidor-SPTECH";"ram";"ram_Usada";"GB";"2022-11-08 11:43:04";6.3
"Servidor-SPTECH";"ram";"ram_Usada";"GB";"2022-11-08 11:43:02";6.31
"Servidor-SPTECH";"ram";"ram_Usada";"GB";"2022-11-08 11:43:01";6.29
"Servidor-SPTECH";"ram";"ram_Usada";"GB";"2022-11-08 11:42:59";6.29
"Servidor-SPTECH";"ram";"ram_Usada";"GB";"2022-11-08 11:42:58";6.29
"Servidor-SPTECH";"ram";"ram_Usada";"GB";"2022-11-08 11:42:57";6.3
"Servidor-SPTECH";"ram";"ram_Usada";"GB";"2022-11-08 11:42:55";6.25
"Servidor-SPTECH";"ram";"ram_Usada";"GB";"2022-11-08 11:42:54";6.31
"Servidor-SPTECH";"ram";"ram_Usada";"GB";"2022-11-08 11:42:52";6.15
"Servidor-SPTECH";"ram";"ram_Usada";"GB";"2022-11-08 11:42:51";6.06
"Servidor-SPTECH";"ram";"ram_Usada";"GB";"2022-11-08 11:42:49";6.05
"Servidor-SPTECH";"ram";"ram_Usada";"GB";"2022-11-08 11:42:48";6.05
"Servidor-SPTECH";"ram";"ram_Usada";"GB";"2022-11-08 11:42:46";6.05
"Servidor-SPTECH";"ram";"ram_Usada";"GB";"2022-11-08 11:42:45";6.05
"Servidor-SPTECH";"ram";"ram_Usada";"GB";"2022-11-08 11:42:43";6.05
"Servidor-SPTECH";"ram";"ram_Usada";"GB";"2022-11-08 11:42:42";6.08
"Servidor-SPTECH";"ram";"ram_Usada";"GB";"2022-11-08 11:42:41";6.08
"Servidor-SPTECH";"ram";"ram_Usada";"GB";"2022-11-08 11:42:39";6.05
"Servidor-SPTECH";"ram";"ram_Usada";"GB";"2022-11-08 11:42:38";6.08
"Servidor-SPTECH";"ram";"ram_Usada";"GB";"2022-11-08 11:42:36";6.09
"Servidor-SPTECH";"ram";"ram_Usada";"GB";"2022-11-08 11:42:35";6.09
"Servidor-SPTECH";"ram";"ram_Usada";"GB";"2022-11-08 11:42:33";6.09
"Servidor-SPTECH";"ram";"ram_Usada";"GB";"2022-11-08 11:42:32";6.05
"Servidor-SPTECH";"ram";"ram_Usada";"GB";"2022-11-08 11:42:30";6.05
"Servidor-SPTECH";"ram";"ram_Usada";"GB";"2022-11-08 11:42:29";6.05
"Servidor-SPTECH";"ram";"ram_Usada";"GB";"2022-11-08 11:42:28";6.06
"Servidor-SPTECH";"ram";"ram_Usada";"GB";"2022-11-08 11:42:26";6.06
"Servidor-SPTECH";"ram";"ram_Usada";"GB";"2022-11-08 11:42:25";6.06
"Servidor-SPTECH";"ram";"ram_Usada";"GB";"2022-11-08 11:42:23";6.06
"Servidor-SPTECH";"ram";"ram_Usada";"GB";"2022-11-08 11:42:22";6.06
"Servidor-SPTECH";"ram";"ram_Usada";"GB";"2022-11-08 11:42:20";6.06
"Servidor-SPTECH";"ram";"ram_Usada";"GB";"2022-11-08 11:42:19";6.06
"Servidor-SPTECH";"ram";"ram_Usada";"GB";"2022-11-08 11:42:18";6.08
"Servidor-SPTECH";"ram";"ram_Usada";"GB";"2022-11-08 11:42:16";6.07
"Servidor-SPTECH";"ram";"ram_Usada";"GB";"2022-11-08 11:42:15";6.07
"Servidor-SPTECH";"ram";"ram_Usada";"GB";"2022-11-08 11:42:13";6.08
"Servidor-SPTECH";"ram";"ram_Usada";"GB";"2022-11-08 11:42:12";6.08
"Servidor-SPTECH";"ram";"ram_Usada";"GB";"2022-11-08 11:42:10";6.07
"Servidor-SPTECH";"ram";"ram_Usada";"GB";"2022-11-08 11:42:09";6.07
"Servidor-SPTECH";"ram";"ram_Usada";"GB";"2022-11-08 11:42:07";6.08
"Servidor-SPTECH";"ram";"ram_Usada";"GB";"2022-11-08 11:42:06";6.08
"Servidor-SPTECH";"ram";"ram_Usada";"GB";"2022-11-08 11:42:05";6.09
"Servidor-SPTECH";"ram";"ram_Usada";"GB";"2022-11-08 11:42:03";6.07
"Servidor-SPTECH";"ram";"ram_Usada";"GB";"2022-11-08 11:42:02";6.07
"Servidor-SPTECH";"ram";"ram_Usada";"GB";"2022-11-08 11:42:00";6.09
"Servidor-SPTECH";"ram";"ram_Usada";"GB";"2022-11-08 11:41:59";6.09
"Servidor-SPTECH";"ram";"ram_Usada";"GB";"2022-11-08 11:41:57";6.06
"Servidor-SPTECH";"ram";"ram_Usada";"GB";"2022-11-08 11:41:56";6.06
"Servidor-SPTECH";"ram";"ram_Usada";"GB";"2022-11-08 11:41:54";6.05
"Servidor-SPTECH";"ram";"ram_Usada";"GB";"2022-11-08 11:41:53";6.05
"Servidor-SPTECH";"ram";"ram_Usada";"GB";"2022-11-08 11:41:52";6.05
"Servidor-SPTECH";"ram";"ram_Usada";"GB";"2022-11-08 11:41:50";6.04
"Servidor-SPTECH";"ram";"ram_Usada";"GB";"2022-11-08 11:41:49";6.04
"Servidor-SPTECH";"ram";"ram_Usada";"GB";"2022-11-08 11:41:47";6.03
"Servidor-SPTECH";"ram";"ram_Usada";"GB";"2022-11-08 11:41:46";6.03
"Servidor-SPTECH";"ram";"ram_Usada";"GB";"2022-11-08 11:41:44";6.03
"Servidor-SPTECH";"ram";"ram_Usada";"GB";"2022-11-08 11:41:43";6.03
"Servidor-SPTECH";"ram";"ram_Usada";"GB";"2022-11-08 11:41:41";6.05
"Servidor-SPTECH";"ram";"ram_Usada";"GB";"2022-11-08 11:41:40";6.05
"Servidor-SPTECH";"ram";"ram_Usada";"GB";"2022-11-08 11:41:39";6.06
"Servidor-SPTECH";"ram";"ram_Usada";"GB";"2022-11-08 11:41:37";6.06
"Servidor-SPTECH";"ram";"ram_Usada";"GB";"2022-11-08 11:41:36";6.07
"Servidor-SPTECH";"ram";"ram_Usada";"GB";"2022-11-08 11:41:34";6.07
"Servidor-SPTECH";"ram";"ram_Usada";"GB";"2022-11-08 11:41:33";6.04
"Servidor-SPTECH";"ram";"ram_Usada";"GB";"2022-11-08 11:41:31";6.05
"Servidor-SPTECH";"ram";"ram_Usada";"GB";"2022-11-08 11:41:30";6.05
"Servidor-SPTECH";"ram";"ram_Usada";"GB";"2022-11-08 11:41:28";6.05
"Servidor-SPTECH";"ram";"ram_Usada";"GB";"2022-11-08 11:41:27";6.04
"Servidor-SPTECH";"ram";"ram_Usada";"GB";"2022-11-08 11:41:26";6.06
"Servidor-SPTECH";"ram";"ram_Usada";"GB";"2022-11-08 11:41:24";6.05
"Servidor-SPTECH";"ram";"ram_Usada";"GB";"2022-11-08 11:41:23";6.05
"Servidor-SPTECH";"ram";"ram_Usada";"GB";"2022-11-08 11:41:21";6.08
"Servidor-SPTECH";"ram";"ram_Usada";"GB";"2022-11-08 11:41:20";6.08
"Servidor-SPTECH";"ram";"ram_Usada";"GB";"2022-11-08 11:41:18";6.08
"Servidor-SPTECH";"ram";"ram_Usada";"GB";"2022-11-08 11:41:17";6.09
"Servidor-SPTECH";"ram";"ram_Usada";"GB";"2022-11-08 11:41:15";6.1
"Servidor-SPTECH";"ram";"ram_Usada";"GB";"2022-11-08 11:41:14";6.09
"Servidor-SPTECH";"ram";"ram_Usada";"GB";"2022-11-08 11:41:13";6.09
"Servidor-SPTECH";"ram";"ram_Usada";"GB";"2022-11-08 11:41:11";6.09
"Servidor-SPTECH";"ram";"ram_Usada";"GB";"2022-11-08 11:41:10";6.1
"Servidor-SPTECH";"ram";"ram_Usada";"GB";"2022-11-08 11:41:08";6.1
"Servidor-SPTECH";"ram";"ram_Usada";"GB";"2022-11-08 11:41:07";6.1
"Servidor-SPTECH";"ram";"ram_Usada";"GB";"2022-11-08 11:41:05";6.11
"Servidor-SPTECH";"ram";"ram_Usada";"GB";"2022-11-08 11:41:04";6.11
"Servidor-SPTECH";"ram";"ram_Usada";"GB";"2022-11-08 11:41:02";6.11
"Servidor-SPTECH";"ram";"ram_Usada";"GB";"2022-11-08 11:41:01";6.08
"Servidor-SPTECH";"ram";"ram_Usada";"GB";"2022-11-08 11:41:00";6.07
"Servidor-SPTECH";"ram";"ram_Usada";"GB";"2022-11-08 11:40:58";6.07
"Servidor-SPTECH";"ram";"ram_Usada";"GB";"2022-11-08 11:40:57";6.04
"Servidor-SPTECH";"ram";"ram_Usada";"GB";"2022-11-08 11:40:55";6.07
"Servidor-SPTECH";"ram";"ram_Usada";"GB";"2022-11-08 11:40:54";6.07
"Servidor-SPTECH";"ram";"ram_Usada";"GB";"2022-11-08 11:40:52";6.07
"Servidor-SPTECH";"ram";"ram_Usada";"GB";"2022-11-08 11:40:51";6.04
"Servidor-SPTECH";"ram";"ram_Usada";"GB";"2022-11-08 11:40:49";6.08
"Servidor-SPTECH";"ram";"ram_Usada";"GB";"2022-11-08 11:40:48";6.07
"Servidor-SPTECH";"ram";"ram_Usada";"GB";"2022-11-08 11:40:47";6.08
"Servidor-SPTECH";"ram";"ram_Usada";"GB";"2022-11-08 11:40:45";6.08
"Servidor-SPTECH";"ram";"ram_Usada";"GB";"2022-11-08 11:40:44";6.09
"Servidor-SPTECH";"ram";"ram_Usada";"GB";"2022-11-08 11:40:42";6.08
"Servidor-SPTECH";"ram";"ram_Usada";"GB";"2022-11-08 11:40:41";6.13
"Servidor-SPTECH";"ram";"ram_Usada";"GB";"2022-11-08 11:40:39";6.13
"Servidor-SPTECH";"ram";"ram_Usada";"GB";"2022-11-08 11:40:38";6.13
"Servidor-SPTECH";"ram";"ram_Usada";"GB";"2022-11-08 11:40:36";6.13
"Servidor-SPTECH";"ram";"ram_Usada";"GB";"2022-11-08 11:40:35";6.14
"Servidor-SPTECH";"ram";"ram_Usada";"GB";"2022-11-08 11:40:33";6.14
"Servidor-SPTECH";"ram";"ram_Usada";"GB";"2022-11-08 11:40:32";6.12
"Servidor-SPTECH";"ram";"ram_Usada";"GB";"2022-11-08 11:40:31";6.11
"Servidor-SPTECH";"ram";"ram_Usada";"GB";"2022-11-08 11:40:29";6.1
"Servidor-SPTECH";"ram";"ram_Usada";"GB";"2022-11-08 11:40:28";6.11
"Servidor-SPTECH";"ram";"ram_Usada";"GB";"2022-11-08 11:40:26";6.11
"Servidor-SPTECH";"ram";"ram_Usada";"GB";"2022-11-08 11:40:25";6.11
"Servidor-SPTECH";"ram";"ram_Usada";"GB";"2022-11-08 11:40:23";6.12
"Servidor-SPTECH";"ram";"ram_Usada";"GB";"2022-11-08 11:40:22";6.12
"Servidor-SPTECH";"ram";"ram_Usada";"GB";"2022-11-08 11:40:20";6.1
"Servidor-SPTECH";"ram";"ram_Usada";"GB";"2022-11-08 11:40:19";6.12
"Servidor-SPTECH";"ram";"ram_Usada";"GB";"2022-11-08 11:40:18";6.12
"Servidor-SPTECH";"ram";"ram_Usada";"GB";"2022-11-08 11:40:16";6.11
"Servidor-SPTECH";"ram";"ram_Usada";"GB";"2022-11-08 11:40:15";6.1
"Servidor-SPTECH";"ram";"ram_Usada";"GB";"2022-11-08 11:40:13";6.11
"Servidor-SPTECH";"ram";"ram_Usada";"GB";"2022-11-08 11:40:12";6.11
"Servidor-SPTECH";"ram";"ram_Usada";"GB";"2022-11-08 11:40:10";6.1
"Servidor-SPTECH";"ram";"ram_Usada";"GB";"2022-11-08 11:40:09";6.1
"Servidor-SPTECH";"ram";"ram_Usada";"GB";"2022-11-08 11:40:07";6.11
"Servidor-SPTECH";"ram";"ram_Usada";"GB";"2022-11-08 11:40:06";6.12
"Servidor-SPTECH";"ram";"ram_Usada";"GB";"2022-11-08 11:40:04";6.13
"Servidor-SPTECH";"ram";"ram_Usada";"GB";"2022-11-08 11:40:03";6.13
"Servidor-SPTECH";"ram";"ram_Usada";"GB";"2022-11-08 11:40:02";6.11
"Servidor-SPTECH";"ram";"ram_Usada";"GB";"2022-11-08 11:40:00";6.12
"Servidor-SPTECH";"ram";"ram_Usada";"GB";"2022-11-08 11:39:59";6.11
"Servidor-SPTECH";"ram";"ram_Usada";"GB";"2022-11-08 11:39:57";6.12
"Servidor-SPTECH";"ram";"ram_Usada";"GB";"2022-11-08 11:39:56";6.11
"Servidor-SPTECH";"ram";"ram_Usada";"GB";"2022-11-08 11:39:54";6.12
"Servidor-SPTECH";"ram";"ram_Usada";"GB";"2022-11-08 11:39:53";6.12
"Servidor-SPTECH";"ram";"ram_Usada";"GB";"2022-11-08 11:39:51";6.13
"Servidor-SPTECH";"ram";"ram_Usada";"GB";"2022-11-08 11:39:50";6.12
"Servidor-SPTECH";"ram";"ram_Usada";"GB";"2022-11-08 11:39:49";6.12
"Servidor-SPTECH";"ram";"ram_Usada";"GB";"2022-11-08 11:39:47";6.12
"Servidor-SPTECH";"ram";"ram_Usada";"GB";"2022-11-08 11:39:46";6.11
"Servidor-SPTECH";"ram";"ram_Usada";"GB";"2022-11-08 11:39:44";6.1
"Servidor-SPTECH";"ram";"ram_Usada";"GB";"2022-11-08 11:39:43";6.1
"Servidor-SPTECH";"ram";"ram_Usada";"GB";"2022-11-08 11:39:41";6.16
"Servidor-SPTECH";"ram";"ram_Usada";"GB";"2022-11-08 11:39:40";6.25
"Servidor-SPTECH";"ram";"ram_Usada";"GB";"2022-11-08 11:39:38";6.22
"Servidor-SPTECH";"ram";"ram_Usada";"GB";"2022-11-08 11:39:37";6.25
"Servidor-SPTECH";"ram";"ram_Usada";"GB";"2022-11-08 11:39:35";6.26
"Servidor-SPTECH";"ram";"ram_Usada";"GB";"2022-11-08 11:39:34";6.26
"Servidor-SPTECH";"ram";"ram_Usada";"GB";"2022-11-08 11:39:33";6.23
"Servidor-SPTECH";"ram";"ram_Usada";"GB";"2022-11-08 11:39:31";6.25
"Servidor-SPTECH";"ram";"ram_Usada";"GB";"2022-11-08 11:39:30";6.25
"Servidor-SPTECH";"ram";"ram_Usada";"GB";"2022-11-08 11:39:28";6.26
"Servidor-SPTECH";"ram";"ram_Usada";"GB";"2022-11-08 11:39:27";6.26
"Servidor-SPTECH";"ram";"ram_Usada";"GB";"2022-11-08 11:39:25";6.26
"Servidor-SPTECH";"ram";"ram_Usada";"GB";"2022-11-08 11:39:24";6.25
"Servidor-SPTECH";"ram";"ram_Usada";"GB";"2022-11-08 11:39:22";6.25
"Servidor-SPTECH";"ram";"ram_Usada";"GB";"2022-11-08 11:39:21";6.26
"Servidor-SPTECH";"ram";"ram_Usada";"GB";"2022-11-08 11:39:20";6.26
"Servidor-SPTECH";"ram";"ram_Usada";"GB";"2022-11-08 11:39:18";6.26
"Servidor-SPTECH";"ram";"ram_Usada";"GB";"2022-11-08 11:39:17";6.26
"Servidor-SPTECH";"ram";"ram_Usada";"GB";"2022-11-08 11:39:15";6.26
"Servidor-SPTECH";"ram";"ram_Usada";"GB";"2022-11-08 11:39:14";6.26
"Servidor-SPTECH";"ram";"ram_Usada";"GB";"2022-11-08 11:39:12";6.29
"Servidor-SPTECH";"ram";"ram_Usada";"GB";"2022-11-08 11:39:11";6.29
"Servidor-SPTECH";"ram";"ram_Usada";"GB";"2022-11-08 11:39:09";6.3
"Servidor-SPTECH";"ram";"ram_Usada";"GB";"2022-11-08 11:39:08";6.3
"Servidor-SPTECH";"ram";"ram_Usada";"GB";"2022-11-08 11:39:07";6.3
"Servidor-SPTECH";"ram";"ram_Usada";"GB";"2022-11-08 11:39:05";6.31
"Servidor-SPTECH";"ram";"ram_Usada";"GB";"2022-11-08 11:39:04";6.31
"Servidor-SPTECH";"ram";"ram_Usada";"GB";"2022-11-08 11:39:02";6.28
"Servidor-SPTECH";"ram";"ram_Usada";"GB";"2022-11-08 11:39:01";6.29
"Servidor-SPTECH";"ram";"ram_Usada";"GB";"2022-11-08 11:38:59";6.29
"Servidor-SPTECH";"ram";"ram_Usada";"GB";"2022-11-08 11:38:58";6.29
"Servidor-SPTECH";"ram";"ram_Usada";"GB";"2022-11-08 11:38:56";6.26
"Servidor-SPTECH";"ram";"ram_Usada";"GB";"2022-11-08 11:38:55";6.28
"Servidor-SPTECH";"ram";"ram_Usada";"GB";"2022-11-08 11:38:54";6.29
"Servidor-SPTECH";"ram";"ram_Usada";"GB";"2022-11-08 11:38:52";6.29
"Servidor-SPTECH";"ram";"ram_Usada";"GB";"2022-11-08 11:38:51";6.29
"Servidor-SPTECH";"ram";"ram_Usada";"GB";"2022-11-08 11:38:49";6.29
"Servidor-SPTECH";"ram";"ram_Usada";"GB";"2022-11-08 11:38:48";6.29
"Servidor-SPTECH";"ram";"ram_Usada";"GB";"2022-11-08 11:38:46";6.29
"Servidor-SPTECH";"ram";"ram_Usada";"GB";"2022-11-08 11:38:45";6.3
"Servidor-SPTECH";"ram";"ram_Usada";"GB";"2022-11-08 11:38:43";6.27
"Servidor-SPTECH";"ram";"ram_Usada";"GB";"2022-11-08 11:38:42";6.27
"Servidor-SPTECH";"ram";"ram_Usada";"GB";"2022-11-08 11:38:41";6.29
"Servidor-SPTECH";"ram";"ram_Usada";"GB";"2022-11-08 11:38:39";6.3
"Servidor-SPTECH";"ram";"ram_Usada";"GB";"2022-11-08 11:38:38";6.3
"Servidor-SPTECH";"ram";"ram_Usada";"GB";"2022-11-08 11:38:36";6.3
"Servidor-SPTECH";"ram";"ram_Usada";"GB";"2022-11-08 11:38:35";6.31
"Servidor-SPTECH";"ram";"ram_Usada";"GB";"2022-11-08 11:38:33";6.31
"Servidor-SPTECH";"ram";"ram_Usada";"GB";"2022-11-08 11:38:32";6.27
"Servidor-SPTECH";"ram";"ram_Usada";"GB";"2022-11-08 11:38:30";6.3
"Servidor-SPTECH";"ram";"ram_Usada";"GB";"2022-11-08 11:38:29";6.3
"Servidor-SPTECH";"ram";"ram_Usada";"GB";"2022-11-08 11:38:28";6.3
"Servidor-SPTECH";"ram";"ram_Usada";"GB";"2022-11-08 11:38:26";6.27
"Servidor-SPTECH";"ram";"ram_Usada";"GB";"2022-11-08 11:38:25";6.3
"Servidor-SPTECH";"ram";"ram_Usada";"GB";"2022-11-08 11:38:23";6.3
"Servidor-SPTECH";"ram";"ram_Usada";"GB";"2022-11-08 11:38:22";6.3
"Servidor-SPTECH";"ram";"ram_Usada";"GB";"2022-11-08 11:38:20";6.27
"Servidor-SPTECH";"ram";"ram_Usada";"GB";"2022-11-08 11:38:19";6.3
"Servidor-SPTECH";"ram";"ram_Usada";"GB";"2022-11-08 11:38:18";6.3
"Servidor-SPTECH";"ram";"ram_Usada";"GB";"2022-11-08 11:38:16";6.31
"Servidor-SPTECH";"ram";"ram_Usada";"GB";"2022-11-08 11:38:15";6.4
"Servidor-SPTECH";"ram";"ram_Usada";"GB";"2022-11-08 11:38:13";6.4
"Servidor-SPTECH";"ram";"ram_Usada";"GB";"2022-11-08 11:38:12";6.4
"Servidor-SPTECH";"ram";"ram_Usada";"GB";"2022-11-08 11:38:10";6.41
"Servidor-SPTECH";"ram";"ram_Usada";"GB";"2022-11-08 11:38:09";6.4
"Servidor-SPTECH";"ram";"ram_Usada";"GB";"2022-11-08 11:38:07";6.4
"Servidor-SPTECH";"ram";"ram_Usada";"GB";"2022-11-08 11:38:06";6.41
"Servidor-SPTECH";"ram";"ram_Usada";"GB";"2022-11-08 11:38:05";6.41
"Servidor-SPTECH";"ram";"ram_Usada";"GB";"2022-11-08 11:38:03";6.42
"Servidor-SPTECH";"ram";"ram_Usada";"GB";"2022-11-08 11:38:02";6.38
"Servidor-SPTECH";"ram";"ram_Usada";"GB";"2022-11-08 11:38:00";6.38
"Servidor-SPTECH";"ram";"ram_Usada";"GB";"2022-11-08 11:37:59";6.38
"Servidor-SPTECH";"ram";"ram_Usada";"GB";"2022-11-08 11:37:57";6.38
"Servidor-SPTECH";"ram";"ram_Usada";"GB";"2022-11-08 11:37:56";6.35
"Servidor-SPTECH";"ram";"ram_Usada";"GB";"2022-11-08 11:37:54";6.38
"Servidor-SPTECH";"ram";"ram_Usada";"GB";"2022-11-08 11:37:53";6.38
"Servidor-SPTECH";"ram";"ram_Usada";"GB";"2022-11-08 11:37:51";6.38
"Servidor-SPTECH";"ram";"ram_Usada";"GB";"2022-11-08 11:37:50";6.39
"Servidor-SPTECH";"ram";"ram_Usada";"GB";"2022-11-08 11:37:49";6.42
"Servidor-SPTECH";"ram";"ram_Usada";"GB";"2022-11-08 11:37:47";6.44
"Servidor-SPTECH";"ram";"ram_Usada";"GB";"2022-11-08 11:37:46";6.44
"Servidor-SPTECH";"ram";"ram_Usada";"GB";"2022-11-08 11:37:44";6.42
"Servidor-SPTECH";"ram";"ram_Usada";"GB";"2022-11-08 11:37:43";6.44
"Servidor-SPTECH";"ram";"ram_Usada";"GB";"2022-11-08 11:37:41";6.47
"Servidor-SPTECH";"ram";"ram_Usada";"GB";"2022-11-08 11:37:40";6.47
"Servidor-SPTECH";"ram";"ram_Usada";"GB";"2022-11-08 11:37:38";6.47
"Servidor-SPTECH";"ram";"ram_Usada";"GB";"2022-11-08 11:37:37";6.47
"Servidor-SPTECH";"ram";"ram_Usada";"GB";"2022-11-08 11:37:36";6.48
"Servidor-SPTECH";"ram";"ram_Usada";"GB";"2022-11-08 11:37:34";6.49
"Servidor-SPTECH";"ram";"ram_Usada";"GB";"2022-11-08 11:37:33";6.48
"Servidor-SPTECH";"ram";"ram_Usada";"GB";"2022-11-08 11:37:31";6.47
"Servidor-SPTECH";"ram";"ram_Usada";"GB";"2022-11-08 11:37:30";6.46
"Servidor-SPTECH";"ram";"ram_Usada";"GB";"2022-11-08 11:37:28";6.46
"Servidor-SPTECH";"ram";"ram_Usada";"GB";"2022-11-08 11:37:27";6.46
"Servidor-SPTECH";"ram";"ram_Usada";"GB";"2022-11-08 11:37:25";6.47
"Servidor-SPTECH";"ram";"ram_Usada";"GB";"2022-11-08 11:37:24";6.47
"Servidor-SPTECH";"ram";"ram_Usada";"GB";"2022-11-08 11:37:23";6.47
"Servidor-SPTECH";"ram";"ram_Usada";"GB";"2022-11-08 11:37:21";6.47
"Servidor-SPTECH";"ram";"ram_Usada";"GB";"2022-11-08 11:37:20";6.44
"Servidor-SPTECH";"ram";"ram_Usada";"GB";"2022-11-08 11:37:18";6.48
"Servidor-SPTECH";"ram";"ram_Usada";"GB";"2022-11-08 11:37:17";6.47
"Servidor-SPTECH";"ram";"ram_Usada";"GB";"2022-11-08 11:37:15";6.47
"Servidor-SPTECH";"ram";"ram_Usada";"GB";"2022-11-08 11:37:14";6.44
"Servidor-SPTECH";"ram";"ram_Usada";"GB";"2022-11-08 11:37:12";6.48
"Servidor-SPTECH";"ram";"ram_Usada";"GB";"2022-11-08 11:37:11";6.49
"Servidor-SPTECH";"ram";"ram_Usada";"GB";"2022-11-08 11:37:10";6.48
"Servidor-SPTECH";"ram";"ram_Usada";"GB";"2022-11-08 11:37:08";6.45
"Servidor-SPTECH";"ram";"ram_Usada";"GB";"2022-11-08 11:37:07";6.49
"Servidor-SPTECH";"ram";"ram_Usada";"GB";"2022-11-08 11:37:05";6.52
"Servidor-SPTECH";"ram";"ram_Usada";"GB";"2022-11-08 11:37:04";6.49
"Servidor-SPTECH";"ram";"ram_Usada";"GB";"2022-11-08 11:37:02";6.49
"Servidor-SPTECH";"ram";"ram_Usada";"GB";"2022-11-08 11:37:01";6.47
"Servidor-SPTECH";"ram";"ram_Usada";"GB";"2022-11-08 11:36:59";6.46
"Servidor-SPTECH";"ram";"ram_Usada";"GB";"2022-11-08 11:36:58";6.46
"Servidor-SPTECH";"ram";"ram_Usada";"GB";"2022-11-08 11:36:56";6.46
"Servidor-SPTECH";"ram";"ram_Usada";"GB";"2022-11-08 11:36:55";6.46
"Servidor-SPTECH";"ram";"ram_Usada";"GB";"2022-11-08 11:36:54";6.46
"Servidor-SPTECH";"ram";"ram_Usada";"GB";"2022-11-08 11:36:52";6.45
"Servidor-SPTECH";"ram";"ram_Usada";"GB";"2022-11-08 11:36:51";6.74
"Servidor-SPTECH";"ram";"ram_Usada";"GB";"2022-11-08 11:36:49";6.65
"Servidor-SPTECH";"ram";"ram_Usada";"GB";"2022-11-08 11:36:48";6.63
"Servidor-SPTECH";"ram";"ram_Usada";"GB";"2022-11-08 11:36:46";6.67
"Servidor-SPTECH";"ram";"ram_Usada";"GB";"2022-11-08 11:36:45";6.48
"Servidor-SPTECH";"ram";"ram_Usada";"GB";"2022-11-08 11:36:43";6.39
"Servidor-SPTECH";"ram";"ram_Usada";"GB";"2022-11-08 11:36:42";6.41
"Servidor-SPTECH";"ram";"ram_Usada";"GB";"2022-11-08 11:36:40";6.42
"Servidor-SPTECH";"ram";"ram_Usada";"GB";"2022-11-08 11:36:39";6.41
"Servidor-SPTECH";"ram";"ram_Usada";"GB";"2022-11-08 11:36:37";6.41
"Servidor-SPTECH";"ram";"ram_Usada";"GB";"2022-11-08 11:36:36";6.42
"Servidor-SPTECH";"ram";"ram_Usada";"GB";"2022-11-08 11:36:34";6.42
"Servidor-SPTECH";"ram";"ram_Usada";"GB";"2022-11-08 11:36:33";6.42
"Servidor-SPTECH";"ram";"ram_Usada";"GB";"2022-11-08 11:36:31";6.38
"Servidor-SPTECH";"ram";"ram_Usada";"GB";"2022-11-08 11:36:30";6.4
"Servidor-SPTECH";"ram";"ram_Usada";"GB";"2022-11-08 11:36:29";6.4
"Servidor-SPTECH";"ram";"ram_Usada";"GB";"2022-11-08 11:36:27";6.39
"Servidor-SPTECH";"ram";"ram_Usada";"GB";"2022-11-08 11:36:26";6.36
"Servidor-SPTECH";"ram";"ram_Usada";"GB";"2022-11-08 11:36:24";6.39
"Servidor-SPTECH";"ram";"ram_Usada";"GB";"2022-11-08 11:36:23";6.39
"Servidor-SPTECH";"ram";"ram_Usada";"GB";"2022-11-08 11:36:21";6.39
"Servidor-SPTECH";"ram";"ram_Usada";"GB";"2022-11-08 11:36:20";6.36
"Servidor-SPTECH";"ram";"ram_Usada";"GB";"2022-11-08 11:36:18";6.39
"Servidor-SPTECH";"ram";"ram_Usada";"GB";"2022-11-08 11:36:17";6.39
"Servidor-SPTECH";"ram";"ram_Usada";"GB";"2022-11-08 11:36:15";6.39
"Servidor-SPTECH";"ram";"ram_Usada";"GB";"2022-11-08 11:36:14";6.36
"Servidor-SPTECH";"ram";"ram_Usada";"GB";"2022-11-08 11:36:13";6.46
"Servidor-SPTECH";"ram";"ram_Usada";"GB";"2022-11-08 11:36:11";6.46
"Servidor-SPTECH";"ram";"ram_Usada";"GB";"2022-11-08 11:36:10";6.46
"Servidor-SPTECH";"ram";"ram_Usada";"GB";"2022-11-08 11:36:08";6.46
"Servidor-SPTECH";"ram";"ram_Usada";"GB";"2022-11-08 11:36:07";6.46
"Servidor-SPTECH";"ram";"ram_Usada";"GB";"2022-11-08 11:36:05";6.47
"Servidor-SPTECH";"ram";"ram_Usada";"GB";"2022-11-08 11:36:04";6.47
"Servidor-SPTECH";"ram";"ram_Usada";"GB";"2022-11-08 11:36:02";6.47
"Servidor-SPTECH";"ram";"ram_Usada";"GB";"2022-11-08 11:36:01";6.45
"Servidor-SPTECH";"ram";"ram_Usada";"GB";"2022-11-08 11:36:00";6.44
"Servidor-SPTECH";"ram";"ram_Usada";"GB";"2022-11-08 11:35:58";6.45
"Servidor-SPTECH";"ram";"ram_Usada";"GB";"2022-11-08 11:35:57";6.44
"Servidor-SPTECH";"ram";"ram_Usada";"GB";"2022-11-08 11:35:55";6.44
"Servidor-SPTECH";"ram";"ram_Usada";"GB";"2022-11-08 11:35:54";6.44
"Servidor-SPTECH";"ram";"ram_Usada";"GB";"2022-11-08 11:35:52";6.44
"Servidor-SPTECH";"ram";"ram_Usada";"GB";"2022-11-08 11:35:51";6.44
"Servidor-SPTECH";"ram";"ram_Usada";"GB";"2022-11-08 11:35:49";6.41
"Servidor-SPTECH";"ram";"ram_Usada";"GB";"2022-11-08 11:35:48";6.43
"Servidor-SPTECH";"ram";"ram_Usada";"GB";"2022-11-08 11:35:47";6.43
"Servidor-SPTECH";"ram";"ram_Usada";"GB";"2022-11-08 11:35:45";6.43
"Servidor-SPTECH";"ram";"ram_Usada";"GB";"2022-11-08 11:35:44";6.4
"Servidor-SPTECH";"ram";"ram_Usada";"GB";"2022-11-08 11:35:42";6.42
"Servidor-SPTECH";"ram";"ram_Usada";"GB";"2022-11-08 11:35:41";6.42
"Servidor-SPTECH";"ram";"ram_Usada";"GB";"2022-11-08 11:35:39";6.43
"Servidor-SPTECH";"ram";"ram_Usada";"GB";"2022-11-08 11:35:38";6.4
"Servidor-SPTECH";"ram";"ram_Usada";"GB";"2022-11-08 11:35:36";6.42
"Servidor-SPTECH";"ram";"ram_Usada";"GB";"2022-11-08 11:35:35";6.43
"Servidor-SPTECH";"ram";"ram_Usada";"GB";"2022-11-08 11:35:33";6.43
"Servidor-SPTECH";"ram";"ram_Usada";"GB";"2022-11-08 11:35:32";6.39
"Servidor-SPTECH";"ram";"ram_Usada";"GB";"2022-11-08 11:35:31";6.41
"Servidor-SPTECH";"ram";"ram_Usada";"GB";"2022-11-08 11:35:29";6.42
"Servidor-SPTECH";"ram";"ram_Usada";"GB";"2022-11-08 11:35:28";6.42
"Servidor-SPTECH";"ram";"ram_Usada";"GB";"2022-11-08 11:35:26";6.41
"Servidor-SPTECH";"ram";"ram_Usada";"GB";"2022-11-08 11:35:25";6.41
"Servidor-SPTECH";"ram";"ram_Usada";"GB";"2022-11-08 11:35:23";6.41
"Servidor-SPTECH";"ram";"ram_Usada";"GB";"2022-11-08 11:35:22";6.41
"Servidor-SPTECH";"ram";"ram_Usada";"GB";"2022-11-08 11:35:20";6.41
"Servidor-SPTECH";"ram";"ram_Usada";"GB";"2022-11-08 11:35:19";6.41
"Servidor-SPTECH";"ram";"ram_Usada";"GB";"2022-11-08 11:35:17";6.41
"Servidor-SPTECH";"ram";"ram_Usada";"GB";"2022-11-08 11:35:16";6.41
"Servidor-SPTECH";"ram";"ram_Usada";"GB";"2022-11-08 11:35:15";6.41
"Servidor-SPTECH";"ram";"ram_Usada";"GB";"2022-11-08 11:35:13";6.38
"Servidor-SPTECH";"ram";"ram_Usada";"GB";"2022-11-08 11:35:12";6.41
"Servidor-SPTECH";"ram";"ram_Usada";"GB";"2022-11-08 11:35:10";6.4
"Servidor-SPTECH";"ram";"ram_Usada";"GB";"2022-11-08 11:35:09";6.4
"Servidor-SPTECH";"ram";"ram_Usada";"GB";"2022-11-08 11:35:07";6.37
"Servidor-SPTECH";"ram";"ram_Usada";"GB";"2022-11-08 11:35:06";6.41
"Servidor-SPTECH";"ram";"ram_Usada";"GB";"2022-11-08 11:35:04";6.41
"Servidor-SPTECH";"ram";"ram_Usada";"GB";"2022-11-08 11:35:03";6.41
"Servidor-SPTECH";"ram";"ram_Usada";"GB";"2022-11-08 11:35:02";6.37
"Servidor-SPTECH";"ram";"ram_Usada";"GB";"2022-11-08 11:35:00";6.39
"Servidor-SPTECH";"ram";"ram_Usada";"GB";"2022-11-08 11:34:59";6.39
"Servidor-SPTECH";"ram";"ram_Usada";"GB";"2022-11-08 11:34:57";6.4
"Servidor-SPTECH";"ram";"ram_Usada";"GB";"2022-11-08 11:34:56";6.38
"Servidor-SPTECH";"ram";"ram_Usada";"GB";"2022-11-08 11:34:54";6.4
"Servidor-SPTECH";"ram";"ram_Usada";"GB";"2022-11-08 11:34:53";6.4
"Servidor-SPTECH";"ram";"ram_Usada";"GB";"2022-11-08 11:34:51";6.41
"Servidor-SPTECH";"ram";"ram_Usada";"GB";"2022-11-08 11:34:50";6.37
"Servidor-SPTECH";"ram";"ram_Usada";"GB";"2022-11-08 11:34:49";6.4
"Servidor-SPTECH";"ram";"ram_Usada";"GB";"2022-11-08 11:34:47";6.4
"Servidor-SPTECH";"ram";"ram_Usada";"GB";"2022-11-08 11:34:46";6.4
"Servidor-SPTECH";"ram";"ram_Usada";"GB";"2022-11-08 11:34:44";6.4
"Servidor-SPTECH";"ram";"ram_Usada";"GB";"2022-11-08 11:34:43";6.4
"Servidor-SPTECH";"ram";"ram_Usada";"GB";"2022-11-08 11:34:41";6.4
"Servidor-SPTECH";"ram";"ram_Usada";"GB";"2022-11-08 11:34:40";6.4
"Servidor-SPTECH";"ram";"ram_Usada";"GB";"2022-11-08 11:34:38";6.4
"Servidor-SPTECH";"ram";"ram_Usada";"GB";"2022-11-08 11:34:37";6.4
"Servidor-SPTECH";"ram";"ram_Usada";"GB";"2022-11-08 11:34:36";6.41
"Servidor-SPTECH";"ram";"ram_Usada";"GB";"2022-11-08 11:34:34";6.41
"Servidor-SPTECH";"ram";"ram_Usada";"GB";"2022-11-08 11:34:33";6.41
"Servidor-SPTECH";"ram";"ram_Usada";"GB";"2022-11-08 11:34:31";6.35
"Servidor-SPTECH";"ram";"ram_Usada";"GB";"2022-11-08 11:34:30";6.39
"Servidor-SPTECH";"ram";"ram_Usada";"GB";"2022-11-08 11:34:28";6.39
"Servidor-SPTECH";"ram";"ram_Usada";"GB";"2022-11-08 11:34:27";6.39
"Servidor-SPTECH";"ram";"ram_Usada";"GB";"2022-11-08 11:34:25";6.36
"Servidor-SPTECH";"ram";"ram_Usada";"GB";"2022-11-08 11:34:24";6.39
"Servidor-SPTECH";"ram";"ram_Usada";"GB";"2022-11-08 11:34:22";6.39
"Servidor-SPTECH";"ram";"ram_Usada";"GB";"2022-11-08 11:34:21";6.39
"Servidor-SPTECH";"ram";"ram_Usada";"GB";"2022-11-08 11:34:20";6.36
"Servidor-SPTECH";"ram";"ram_Usada";"GB";"2022-11-08 11:34:18";6.39
"Servidor-SPTECH";"ram";"ram_Usada";"GB";"2022-11-08 11:34:17";6.39
"Servidor-SPTECH";"ram";"ram_Usada";"GB";"2022-11-08 11:34:15";6.39
"Servidor-SPTECH";"ram";"ram_Usada";"GB";"2022-11-08 11:34:14";6.36
"Servidor-SPTECH";"ram";"ram_Usada";"GB";"2022-11-08 11:34:12";6.39
"Servidor-SPTECH";"ram";"ram_Usada";"GB";"2022-11-08 11:34:11";6.38
"Servidor-SPTECH";"ram";"ram_Usada";"GB";"2022-11-08 11:34:09";6.39
"Servidor-SPTECH";"ram";"ram_Usada";"GB";"2022-11-08 11:34:08";6.38
"Servidor-SPTECH";"ram";"ram_Usada";"GB";"2022-11-08 11:34:07";6.39
"Servidor-SPTECH";"ram";"ram_Usada";"GB";"2022-11-08 11:34:05";6.39
"Servidor-SPTECH";"ram";"ram_Usada";"GB";"2022-11-08 11:34:04";6.39
"Servidor-SPTECH";"ram";"ram_Usada";"GB";"2022-11-08 11:34:02";6.39
"Servidor-SPTECH";"ram";"ram_Usada";"GB";"2022-11-08 11:34:01";6.37
"Servidor-SPTECH";"ram";"ram_Usada";"GB";"2022-11-08 11:33:59";6.35
"Servidor-SPTECH";"ram";"ram_Usada";"GB";"2022-11-08 11:33:58";6.35
"Servidor-SPTECH";"ram";"ram_Usada";"GB";"2022-11-08 11:33:56";6.35
"Servidor-SPTECH";"ram";"ram_Usada";"GB";"2022-11-08 11:33:55";6.32
"Servidor-SPTECH";"ram";"ram_Usada";"GB";"2022-11-08 11:33:54";6.35
"Servidor-SPTECH";"ram";"ram_Usada";"GB";"2022-11-08 11:33:52";6.34
"Servidor-SPTECH";"ram";"ram_Usada";"GB";"2022-11-08 11:33:51";6.35
"Servidor-SPTECH";"ram";"ram_Usada";"GB";"2022-11-08 11:33:49";6.33
"Servidor-SPTECH";"ram";"ram_Usada";"GB";"2022-11-08 11:33:48";6.36
"Servidor-SPTECH";"ram";"ram_Usada";"GB";"2022-11-08 11:33:46";6.36
"Servidor-SPTECH";"ram";"ram_Usada";"GB";"2022-11-08 11:33:45";6.36
"Servidor-SPTECH";"ram";"ram_Usada";"GB";"2022-11-08 11:33:43";6.32
"Servidor-SPTECH";"ram";"ram_Usada";"GB";"2022-11-08 11:33:42";6.34
"Servidor-SPTECH";"ram";"ram_Usada";"GB";"2022-11-08 11:33:41";6.34
"Servidor-SPTECH";"ram";"ram_Usada";"GB";"2022-11-08 11:33:39";6.34
"Servidor-SPTECH";"ram";"ram_Usada";"GB";"2022-11-08 11:33:38";6.32
"Servidor-SPTECH";"ram";"ram_Usada";"GB";"2022-11-08 11:33:36";6.35
"Servidor-SPTECH";"ram";"ram_Usada";"GB";"2022-11-08 11:33:35";6.35
"Servidor-SPTECH";"ram";"ram_Usada";"GB";"2022-11-08 11:33:33";6.35
"Servidor-SPTECH";"ram";"ram_Usada";"GB";"2022-11-08 11:33:32";6.34
"Servidor-SPTECH";"ram";"ram_Usada";"GB";"2022-11-08 11:33:30";6.35
"Servidor-SPTECH";"ram";"ram_Usada";"GB";"2022-11-08 11:33:29";6.34
"Servidor-SPTECH";"ram";"ram_Usada";"GB";"2022-11-08 11:33:28";6.34
"Servidor-SPTECH";"ram";"ram_Usada";"GB";"2022-11-08 11:33:26";6.34
"Servidor-SPTECH";"ram";"ram_Usada";"GB";"2022-11-08 11:33:25";6.34
"Servidor-SPTECH";"ram";"ram_Usada";"GB";"2022-11-08 11:33:23";6.34
"Servidor-SPTECH";"ram";"ram_Usada";"GB";"2022-11-08 11:33:22";6.34
"Servidor-SPTECH";"ram";"ram_Usada";"GB";"2022-11-08 11:33:20";6.34
"Servidor-SPTECH";"ram";"ram_Usada";"GB";"2022-11-08 11:33:19";6.31
"Servidor-SPTECH";"ram";"ram_Usada";"GB";"2022-11-08 11:33:17";6.34
"Servidor-SPTECH";"ram";"ram_Usada";"GB";"2022-11-08 11:33:16";6.5
"Servidor-SPTECH";"ram";"ram_Usada";"GB";"2022-11-08 11:33:15";6.57
"Servidor-SPTECH";"ram";"ram_Usada";"GB";"2022-11-08 11:33:13";6.57
"Servidor-SPTECH";"ram";"ram_Usada";"GB";"2022-11-08 11:33:12";6.59
"Servidor-SPTECH";"ram";"ram_Usada";"GB";"2022-11-08 11:33:10";6.59
"Servidor-SPTECH";"ram";"ram_Usada";"GB";"2022-11-08 11:33:09";6.59
"Servidor-SPTECH";"ram";"ram_Usada";"GB";"2022-11-08 11:33:07";6.57
"Servidor-SPTECH";"ram";"ram_Usada";"GB";"2022-11-08 11:33:06";6.61
"Servidor-SPTECH";"ram";"ram_Usada";"GB";"2022-11-08 11:33:04";6.6
"Servidor-SPTECH";"ram";"ram_Usada";"GB";"2022-11-08 11:33:03";6.6
"Servidor-SPTECH";"ram";"ram_Usada";"GB";"2022-11-08 11:33:02";6.54
"Servidor-SPTECH";"ram";"ram_Usada";"GB";"2022-11-08 11:33:00";6.58
"Servidor-SPTECH";"ram";"ram_Usada";"GB";"2022-11-08 11:32:59";6.58
"Servidor-SPTECH";"ram";"ram_Usada";"GB";"2022-11-08 11:32:57";6.57
"Servidor-SPTECH";"ram";"ram_Usada";"GB";"2022-11-08 11:32:56";6.57
"Servidor-SPTECH";"ram";"ram_Usada";"GB";"2022-11-08 11:32:54";6.58
"Servidor-SPTECH";"ram";"ram_Usada";"GB";"2022-11-08 11:32:53";6.58
"Servidor-SPTECH";"ram";"ram_Usada";"GB";"2022-11-08 11:32:51";6.58
"Servidor-SPTECH";"ram";"ram_Usada";"GB";"2022-11-08 11:32:50";6.59
"Servidor-SPTECH";"ram";"ram_Usada";"GB";"2022-11-08 11:32:49";6.6
"Servidor-SPTECH";"ram";"ram_Usada";"GB";"2022-11-08 11:32:47";6.65
"Servidor-SPTECH";"ram";"ram_Usada";"GB";"2022-11-08 11:32:46";6.68
"Servidor-SPTECH";"ram";"ram_Usada";"GB";"2022-11-08 11:32:44";6.68
"Servidor-SPTECH";"ram";"ram_Usada";"GB";"2022-11-08 11:24:10";7.31
"Servidor-SPTECH";"ram";"ram_Usada";"GB";"2022-11-08 11:24:08";7.26
"Servidor-SPTECH";"ram";"ram_Usada";"GB";"2022-11-08 11:24:06";7.15
"Servidor-SPTECH";"ram";"ram_Usada";"GB";"2022-11-08 11:24:05";6.9
"Servidor-SPTECH";"ram";"ram_Usada";"GB";"2022-11-08 11:24:03";6.89
"Servidor-SPTECH";"ram";"ram_Usada";"GB";"2022-11-08 11:24:02";6.93
"Servidor-SPTECH";"ram";"ram_Usada";"GB";"2022-11-08 11:24:01";6.93
"Servidor-SPTECH";"ram";"ram_Usada";"GB";"2022-11-08 11:23:59";6.92
"Servidor-SPTECH";"ram";"ram_Usada";"GB";"2022-11-08 11:23:58";6.91
"Servidor-SPTECH";"ram";"ram_Usada";"GB";"2022-11-08 11:23:56";6.91
"Servidor-SPTECH";"ram";"ram_Usada";"GB";"2022-11-08 11:23:55";6.92
"Servidor-SPTECH";"ram";"ram_Usada";"GB";"2022-11-08 11:23:53";6.91
"Servidor-SPTECH";"ram";"ram_Usada";"GB";"2022-11-08 11:23:52";6.92
"Servidor-SPTECH";"ram";"ram_Usada";"GB";"2022-11-08 11:23:51";6.89
"Servidor-SPTECH";"ram";"ram_Usada";"GB";"2022-11-08 11:23:49";6.92
"Servidor-SPTECH";"ram";"ram_Usada";"GB";"2022-11-08 11:23:48";6.9
"Servidor-SPTECH";"ram";"ram_Usada";"GB";"2022-11-08 11:23:46";6.9
"Servidor-SPTECH";"ram";"ram_Usada";"GB";"2022-11-08 11:23:45";6.87
"Servidor-SPTECH";"ram";"ram_Usada";"GB";"2022-11-08 11:23:43";6.9
"Servidor-SPTECH";"ram";"ram_Usada";"GB";"2022-11-08 11:23:42";6.89
"Servidor-SPTECH";"ram";"ram_Usada";"GB";"2022-11-08 11:23:41";6.94
"Servidor-SPTECH";"ram";"ram_Usada";"GB";"2022-11-08 11:23:39";6.96
"Servidor-SPTECH";"ram";"ram_Usada";"GB";"2022-11-08 11:23:38";6.98
"Servidor-SPTECH";"ram";"ram_Usada";"GB";"2022-11-08 11:23:36";6.98
"Servidor-SPTECH";"ram";"ram_Usada";"GB";"2022-11-08 11:23:35";7.16
"Servidor-SPTECH";"ram";"ram_Usada";"GB";"2022-11-08 11:23:33";7.16
"Servidor-SPTECH";"ram";"ram_Usada";"GB";"2022-11-08 11:23:32";7.15
"Servidor-SPTECH";"ram";"ram_Usada";"GB";"2022-11-08 11:23:30";7.13
"Servidor-SPTECH";"ram";"ram_Usada";"GB";"2022-11-08 11:23:29";6.76
"Servidor-SPTECH";"ram";"ram_Usada";"GB";"2022-11-08 11:23:27";6.76
"Servidor-SPTECH";"ram";"ram_Usada";"GB";"2022-11-08 11:23:26";6.65
"Servidor-SPTECH";"ram";"ram_Usada";"GB";"2022-11-08 11:23:24";6.66
"Servidor-SPTECH";"ram";"ram_Usada";"GB";"2022-11-08 11:23:23";6.65
"Servidor-SPTECH";"ram";"ram_Usada";"GB";"2022-11-08 11:23:21";6.65
"Servidor-SPTECH";"ram";"ram_Usada";"GB";"2022-11-08 11:23:20";6.66
"Servidor-SPTECH";"ram";"ram_Usada";"GB";"2022-11-08 11:23:19";6.65
"Servidor-SPTECH";"ram";"ram_Usada";"GB";"2022-11-08 11:23:17";6.66
"Servidor-SPTECH";"ram";"ram_Usada";"GB";"2022-11-08 11:23:16";6.65
"Servidor-SPTECH";"ram";"ram_Usada";"GB";"2022-11-08 11:23:14";6.63
"Servidor-SPTECH";"ram";"ram_Usada";"GB";"2022-11-08 11:23:13";6.66
"Servidor-SPTECH";"ram";"ram_Usada";"GB";"2022-11-08 11:23:11";6.66
"Servidor-SPTECH";"ram";"ram_Usada";"GB";"2022-11-08 11:23:10";6.66
"Servidor-SPTECH";"ram";"ram_Usada";"GB";"2022-11-08 11:23:09";6.63
"Servidor-SPTECH";"ram";"ram_Usada";"GB";"2022-11-08 11:23:07";6.66
"Servidor-SPTECH";"ram";"ram_Usada";"GB";"2022-11-08 11:23:06";6.7
"Servidor-SPTECH";"ram";"ram_Usada";"GB";"2022-11-08 11:23:04";6.7
"Servidor-SPTECH";"ram";"ram_Usada";"GB";"2022-11-08 11:23:03";6.67
"Servidor-SPTECH";"ram";"ram_Usada";"GB";"2022-11-08 11:23:01";6.68
"Servidor-SPTECH";"ram";"ram_Usada";"GB";"2022-11-08 11:23:00";6.68
"Servidor-SPTECH";"ram";"ram_Usada";"GB";"2022-11-08 11:22:58";6.69
"Servidor-SPTECH";"ram";"ram_Usada";"GB";"2022-11-08 11:22:57";6.7
"Servidor-SPTECH";"ram";"ram_Usada";"GB";"2022-11-08 11:22:56";6.7
"Servidor-SPTECH";"ram";"ram_Usada";"GB";"2022-11-08 11:22:54";6.7
"Servidor-SPTECH";"ram";"ram_Usada";"GB";"2022-11-08 11:22:53";6.71
"Servidor-SPTECH";"ram";"ram_Usada";"GB";"2022-11-08 11:22:51";6.71
"Servidor-SPTECH";"ram";"ram_Usada";"GB";"2022-11-08 11:22:50";6.71
"Servidor-SPTECH";"ram";"ram_Usada";"GB";"2022-11-08 11:22:48";6.67
"Servidor-SPTECH";"ram";"ram_Usada";"GB";"2022-11-08 11:22:47";6.68
"Servidor-SPTECH";"ram";"ram_Usada";"GB";"2022-11-08 11:22:46";6.68
"Servidor-SPTECH";"ram";"ram_Usada";"GB";"2022-11-08 11:22:44";6.66
"Servidor-SPTECH";"ram";"ram_Usada";"GB";"2022-11-08 11:22:43";6.67
"Servidor-SPTECH";"ram";"ram_Usada";"GB";"2022-11-08 11:22:41";6.69
"Servidor-SPTECH";"ram";"ram_Usada";"GB";"2022-11-08 11:22:40";6.72
"Servidor-SPTECH";"ram";"ram_Usada";"GB";"2022-11-08 11:22:38";6.71
"Servidor-SPTECH";"ram";"ram_Usada";"GB";"2022-11-08 11:22:37";6.71
"Servidor-SPTECH";"ram";"ram_Usada";"GB";"2022-11-08 11:22:36";6.74
"Servidor-SPTECH";"ram";"ram_Usada";"GB";"2022-11-08 11:22:34";6.74
"Servidor-SPTECH";"ram";"ram_Usada";"GB";"2022-11-08 11:22:33";6.94
"Servidor-SPTECH";"ram";"ram_Usada";"GB";"2022-11-08 11:22:31";6.92
"Servidor-SPTECH";"ram";"ram_Usada";"GB";"2022-11-08 11:22:30";6.95
"Servidor-SPTECH";"ram";"ram_Usada";"GB";"2022-11-08 11:22:28";7.03
"Servidor-SPTECH";"ram";"ram_Usada";"GB";"2022-11-08 11:22:27";7.03
"Servidor-SPTECH";"ram";"ram_Usada";"GB";"2022-11-08 11:22:26";7.0
"Servidor-SPTECH";"ram";"ram_Usada";"GB";"2022-11-08 11:22:24";6.99
"Servidor-SPTECH";"ram";"ram_Usada";"GB";"2022-11-08 11:22:23";7.13
"Servidor-SPTECH";"ram";"ram_Usada";"GB";"2022-11-08 11:22:21";7.13
"Servidor-SPTECH";"ram";"ram_Usada";"GB";"2022-11-08 11:22:20";7.18
"Servidor-SPTECH";"ram";"ram_Usada";"GB";"2022-11-08 11:22:19";7.19
"Servidor-SPTECH";"ram";"ram_Usada";"GB";"2022-11-08 11:22:17";7.23
"Servidor-SPTECH";"ram";"ram_Usada";"GB";"2022-11-08 11:22:16";7.27
"Servidor-SPTECH";"ram";"ram_Usada";"GB";"2022-11-08 11:22:14";7.08
"Servidor-SPTECH";"ram";"ram_Usada";"GB";"2022-11-08 11:22:13";7.03
"Servidor-SPTECH";"ram";"ram_Usada";"GB";"2022-11-08 11:22:11";6.94
"Servidor-SPTECH";"ram";"ram_Usada";"GB";"2022-11-08 11:22:10";6.87
"Servidor-SPTECH";"ram";"ram_Usada";"GB";"2022-11-08 11:22:08";6.82
"Servidor-SPTECH";"ram";"ram_Usada";"GB";"2022-11-08 11:22:07";6.8
"Servidor-SPTECH";"ram";"ram_Usada";"GB";"2022-11-08 11:22:05";6.81
"Servidor-SPTECH";"ram";"ram_Usada";"GB";"2022-11-08 11:22:04";6.76
"Servidor-SPTECH";"ram";"ram_Usada";"GB";"2022-11-08 11:22:03";6.73
"Servidor-SPTECH";"ram";"ram_Usada";"GB";"2022-11-08 11:22:01";6.76
"Servidor-SPTECH";"ram";"ram_Usada";"GB";"2022-11-08 11:22:00";6.76
"Servidor-SPTECH";"ram";"ram_Usada";"GB";"2022-11-08 11:21:58";6.73
"Servidor-SPTECH";"ram";"ram_Usada";"GB";"2022-11-08 11:21:57";6.72
"Servidor-SPTECH";"ram";"ram_Usada";"GB";"2022-11-08 11:21:55";6.72
"Servidor-SPTECH";"ram";"ram_Usada";"GB";"2022-11-08 11:21:54";6.71
"Servidor-SPTECH";"ram";"ram_Usada";"GB";"2022-11-08 11:21:52";6.76
"Servidor-SPTECH";"ram";"ram_Usada";"GB";"2022-11-08 11:21:51";6.78
"Servidor-SPTECH";"ram";"ram_Usada";"GB";"2022-11-08 11:21:49";6.78
"Servidor-SPTECH";"ram";"ram_Usada";"GB";"2022-11-08 11:21:48";6.79
"Servidor-SPTECH";"ram";"ram_Usada";"GB";"2022-11-08 11:21:47";6.79
"Servidor-SPTECH";"ram";"ram_Usada";"GB";"2022-11-08 11:21:45";6.77
"Servidor-SPTECH";"ram";"ram_Usada";"GB";"2022-11-08 11:21:44";6.71
"Servidor-SPTECH";"ram";"ram_Usada";"GB";"2022-11-08 11:21:42";6.66
"Servidor-SPTECH";"ram";"ram_Usada";"GB";"2022-11-08 11:21:41";6.69
"Servidor-SPTECH";"ram";"ram_Usada";"GB";"2022-11-08 11:21:39";6.69
"Servidor-SPTECH";"ram";"ram_Usada";"GB";"2022-11-08 11:21:38";6.69
"Servidor-SPTECH";"ram";"ram_Usada";"GB";"2022-11-08 11:21:36";6.74
"Servidor-SPTECH";"ram";"ram_Usada";"GB";"2022-11-08 11:21:35";6.74
"Servidor-SPTECH";"ram";"ram_Usada";"GB";"2022-11-08 11:21:34";6.76
"Servidor-SPTECH";"ram";"ram_Usada";"GB";"2022-11-08 11:21:32";6.73
"Servidor-SPTECH";"ram";"ram_Usada";"GB";"2022-11-08 11:21:31";6.75
"Servidor-SPTECH";"ram";"ram_Usada";"GB";"2022-11-08 11:21:29";6.76
"Servidor-SPTECH";"ram";"ram_Usada";"GB";"2022-11-08 11:21:28";6.75
"Servidor-SPTECH";"ram";"ram_Usada";"GB";"2022-11-08 11:21:26";6.72
"Servidor-SPTECH";"ram";"ram_Usada";"GB";"2022-11-08 11:21:25";6.76
"Servidor-SPTECH";"ram";"ram_Usada";"GB";"2022-11-08 11:21:23";6.75
"Servidor-SPTECH";"ram";"ram_Usada";"GB";"2022-11-08 11:21:22";6.81
"Servidor-SPTECH";"ram";"ram_Usada";"GB";"2022-11-08 11:21:20";6.78
"Servidor-SPTECH";"ram";"ram_Usada";"GB";"2022-11-08 11:21:19";6.82
"Servidor-SPTECH";"ram";"ram_Usada";"GB";"2022-11-08 11:21:17";6.82
"Servidor-SPTECH";"ram";"ram_Usada";"GB";"2022-11-08 11:21:16";6.85
"Servidor-SPTECH";"ram";"ram_Usada";"GB";"2022-11-08 11:21:14";6.82
"Servidor-SPTECH";"ram";"ram_Usada";"GB";"2022-11-08 11:21:13";6.79
"Servidor-SPTECH";"ram";"ram_Usada";"GB";"2022-11-08 11:21:11";6.81
"Servidor-SPTECH";"ram";"ram_Usada";"GB";"2022-11-08 11:21:10";6.79
"Servidor-SPTECH";"ram";"ram_Usada";"GB";"2022-11-08 11:21:08";6.69
"Servidor-SPTECH";"ram";"ram_Usada";"GB";"2022-11-08 11:21:07";6.66
"Servidor-SPTECH";"ram";"ram_Usada";"GB";"2022-11-08 11:21:05";6.76
"Servidor-SPTECH";"ram";"ram_Usada";"GB";"2022-11-08 11:21:04";6.76
"Servidor-SPTECH";"ram";"ram_Usada";"GB";"2022-11-08 11:21:02";6.76
"Servidor-SPTECH";"ram";"ram_Usada";"GB";"2022-11-08 11:21:01";6.71
"Servidor-SPTECH";"ram";"ram_Usada";"GB";"2022-11-08 11:21:00";6.7
"Servidor-SPTECH";"ram";"ram_Usada";"GB";"2022-11-08 11:20:58";6.7
"Servidor-SPTECH";"ram";"ram_Usada";"GB";"2022-11-08 11:20:57";6.68
"Servidor-SPTECH";"ram";"ram_Usada";"GB";"2022-11-08 11:20:55";6.67
"Servidor-SPTECH";"ram";"ram_Usada";"GB";"2022-11-08 11:20:54";6.69
"Servidor-SPTECH";"ram";"ram_Usada";"GB";"2022-11-08 11:20:52";6.68
"Servidor-SPTECH";"ram";"ram_Usada";"GB";"2022-11-08 11:20:51";6.65
"Servidor-SPTECH";"ram";"ram_Usada";"GB";"2022-11-08 11:20:49";6.68
"Servidor-SPTECH";"ram";"ram_Usada";"GB";"2022-11-08 11:20:48";6.69
"Servidor-SPTECH";"ram";"ram_Usada";"GB";"2022-11-08 11:20:46";6.69
"Servidor-SPTECH";"ram";"ram_Usada";"GB";"2022-11-08 11:20:45";6.7
"Servidor-SPTECH";"ram";"ram_Usada";"GB";"2022-11-08 11:20:43";6.7
"Servidor-SPTECH";"ram";"ram_Usada";"GB";"2022-11-08 11:20:42";6.73
"Servidor-SPTECH";"ram";"ram_Usada";"GB";"2022-11-08 11:20:41";6.74
"Servidor-SPTECH";"ram";"ram_Usada";"GB";"2022-11-08 11:20:39";6.74
"Servidor-SPTECH";"ram";"ram_Usada";"GB";"2022-11-08 11:20:38";6.76
"Servidor-SPTECH";"ram";"ram_Usada";"GB";"2022-11-08 11:20:36";6.76
"Servidor-SPTECH";"ram";"ram_Usada";"GB";"2022-11-08 11:20:34";6.8
"Servidor-SPTECH";"ram";"ram_Usada";"GB";"2022-11-08 11:20:33";6.77
"Servidor-SPTECH";"ram";"ram_Usada";"GB";"2022-11-08 11:20:32";6.72
"Servidor-SPTECH";"ram";"ram_Usada";"GB";"2022-11-08 11:20:30";6.69
"Servidor-SPTECH";"ram";"ram_Usada";"GB";"2022-11-08 11:20:29";6.69
"Servidor-SPTECH";"ram";"ram_Usada";"GB";"2022-11-08 11:20:27";6.68
"Servidor-SPTECH";"ram";"ram_Usada";"GB";"2022-11-08 11:20:26";6.65
"Servidor-SPTECH";"ram";"ram_Usada";"GB";"2022-11-08 11:20:24";6.68
"Servidor-SPTECH";"ram";"ram_Usada";"GB";"2022-11-08 11:20:23";6.68
"Servidor-SPTECH";"ram";"ram_Usada";"GB";"2022-11-08 11:20:21";6.69
"Servidor-SPTECH";"ram";"ram_Usada";"GB";"2022-11-08 11:20:20";6.67
"Servidor-SPTECH";"ram";"ram_Usada";"GB";"2022-11-08 11:20:19";6.69
"Servidor-SPTECH";"ram";"ram_Usada";"GB";"2022-11-08 11:20:17";6.66
"Servidor-SPTECH";"ram";"ram_Usada";"GB";"2022-11-08 11:20:16";6.66
"Servidor-SPTECH";"ram";"ram_Usada";"GB";"2022-11-08 11:20:14";6.63
"Servidor-SPTECH";"ram";"ram_Usada";"GB";"2022-11-08 11:20:13";6.66
"Servidor-SPTECH";"ram";"ram_Usada";"GB";"2022-11-08 11:20:11";6.62
"Servidor-SPTECH";"ram";"ram_Usada";"GB";"2022-11-08 11:20:10";6.61
"Servidor-SPTECH";"ram";"ram_Usada";"GB";"2022-11-08 11:20:09";6.61
"Servidor-SPTECH";"ram";"ram_Usada";"GB";"2022-11-08 11:20:07";6.6
"Servidor-SPTECH";"ram";"ram_Usada";"GB";"2022-11-08 11:20:06";6.6
"Servidor-SPTECH";"ram";"ram_Usada";"GB";"2022-11-08 11:20:04";6.61
"Servidor-SPTECH";"ram";"ram_Usada";"GB";"2022-11-08 11:20:03";6.61
"Servidor-SPTECH";"ram";"ram_Usada";"GB";"2022-11-08 11:20:01";6.59
"Servidor-SPTECH";"ram";"ram_Usada";"GB";"2022-11-08 11:20:00";6.59
"Servidor-SPTECH";"ram";"ram_Usada";"GB";"2022-11-08 11:19:58";6.58
"Servidor-SPTECH";"ram";"ram_Usada";"GB";"2022-11-08 11:19:57";6.58
"Servidor-SPTECH";"ram";"ram_Usada";"GB";"2022-11-08 11:19:56";6.61
"Servidor-SPTECH";"ram";"ram_Usada";"GB";"2022-11-08 11:19:54";6.62
"Servidor-SPTECH";"ram";"ram_Usada";"GB";"2022-11-08 11:19:53";6.62
"Servidor-SPTECH";"ram";"ram_Usada";"GB";"2022-11-08 11:19:51";6.62
"Servidor-SPTECH";"ram";"ram_Usada";"GB";"2022-11-08 11:19:50";6.58
"Servidor-SPTECH";"ram";"ram_Usada";"GB";"2022-11-08 11:19:48";6.6
"Servidor-SPTECH";"ram";"ram_Usada";"GB";"2022-11-08 11:19:47";6.6
"Servidor-SPTECH";"ram";"ram_Usada";"GB";"2022-11-08 11:19:46";6.6
"Servidor-SPTECH";"ram";"ram_Usada";"GB";"2022-11-08 11:19:44";6.62
"Servidor-SPTECH";"ram";"ram_Usada";"GB";"2022-11-08 11:19:43";6.72
"Servidor-SPTECH";"ram";"ram_Usada";"GB";"2022-11-08 11:19:41";6.73
"Servidor-SPTECH";"ram";"ram_Usada";"GB";"2022-11-08 11:19:40";6.8
"Servidor-SPTECH";"ram";"ram_Usada";"GB";"2022-11-08 11:19:38";6.77
"Servidor-SPTECH";"ram";"ram_Usada";"GB";"2022-11-08 11:19:37";6.8
"Servidor-SPTECH";"ram";"ram_Usada";"GB";"2022-11-08 11:19:35";6.8
"Servidor-SPTECH";"ram";"ram_Usada";"GB";"2022-11-08 11:19:34";6.8
"Servidor-SPTECH";"ram";"ram_Usada";"GB";"2022-11-08 11:19:33";6.79
"Servidor-SPTECH";"ram";"ram_Usada";"GB";"2022-11-08 11:19:31";6.77
"Servidor-SPTECH";"ram";"ram_Usada";"GB";"2022-11-08 11:19:30";6.78
"Servidor-SPTECH";"ram";"ram_Usada";"GB";"2022-11-08 11:19:28";6.78
"Servidor-SPTECH";"ram";"ram_Usada";"GB";"2022-11-08 11:19:27";6.78
"Servidor-SPTECH";"ram";"ram_Usada";"GB";"2022-11-08 11:19:25";6.78
"Servidor-SPTECH";"ram";"ram_Usada";"GB";"2022-11-08 11:19:24";6.78
"Servidor-SPTECH";"ram";"ram_Usada";"GB";"2022-11-08 11:19:23";6.79
"Servidor-SPTECH";"ram";"ram_Usada";"GB";"2022-11-08 11:19:21";6.78
"Servidor-SPTECH";"ram";"ram_Usada";"GB";"2022-11-08 11:19:20";6.76
"Servidor-SPTECH";"ram";"ram_Usada";"GB";"2022-11-08 11:19:18";6.76
"Servidor-SPTECH";"ram";"ram_Usada";"GB";"2022-11-08 11:19:17";6.75
"Servidor-SPTECH";"ram";"ram_Usada";"GB";"2022-11-08 11:19:16";6.76
"Servidor-SPTECH";"ram";"ram_Usada";"GB";"2022-11-08 11:19:14";6.73
"Servidor-SPTECH";"ram";"ram_Usada";"GB";"2022-11-08 11:19:13";6.76
"Servidor-SPTECH";"ram";"ram_Usada";"GB";"2022-11-08 11:19:11";6.76
"Servidor-SPTECH";"ram";"ram_Usada";"GB";"2022-11-08 11:19:10";6.78
"Servidor-SPTECH";"ram";"ram_Usada";"GB";"2022-11-08 11:19:08";6.78
"Servidor-SPTECH";"ram";"ram_Usada";"GB";"2022-11-08 11:19:07";6.78
"Servidor-SPTECH";"ram";"ram_Usada";"GB";"2022-11-08 11:19:05";6.77
"Servidor-SPTECH";"ram";"ram_Usada";"GB";"2022-11-08 11:19:04";6.79
"Servidor-SPTECH";"ram";"ram_Usada";"GB";"2022-11-08 11:19:03";6.79
"Servidor-SPTECH";"ram";"ram_Usada";"GB";"2022-11-08 11:19:01";6.77
"Servidor-SPTECH";"ram";"ram_Usada";"GB";"2022-11-08 11:19:00";6.77
"Servidor-SPTECH";"ram";"ram_Usada";"GB";"2022-11-08 11:18:58";6.76
"Servidor-SPTECH";"ram";"ram_Usada";"GB";"2022-11-08 11:18:57";6.75
"Servidor-SPTECH";"ram";"ram_Usada";"GB";"2022-11-08 11:18:55";6.72
"Servidor-SPTECH";"ram";"ram_Usada";"GB";"2022-11-08 11:18:54";6.75
"Servidor-SPTECH";"ram";"ram_Usada";"GB";"2022-11-08 11:18:53";6.76
"Servidor-SPTECH";"ram";"ram_Usada";"GB";"2022-11-08 11:18:51";6.75
"Servidor-SPTECH";"ram";"ram_Usada";"GB";"2022-11-08 11:18:50";6.73
"Servidor-SPTECH";"ram";"ram_Usada";"GB";"2022-11-08 11:18:48";6.76
"Servidor-SPTECH";"ram";"ram_Usada";"GB";"2022-11-08 11:18:47";6.76
"Servidor-SPTECH";"ram";"ram_Usada";"GB";"2022-11-08 11:18:45";6.77
"Servidor-SPTECH";"ram";"ram_Usada";"GB";"2022-11-08 11:18:44";6.73
"Servidor-SPTECH";"ram";"ram_Usada";"GB";"2022-11-08 11:18:42";6.76
"Servidor-SPTECH";"ram";"ram_Usada";"GB";"2022-11-08 11:18:41";6.78
"Servidor-SPTECH";"ram";"ram_Usada";"GB";"2022-11-08 11:18:40";6.78
"Servidor-SPTECH";"ram";"ram_Usada";"GB";"2022-11-08 11:18:38";6.77
"Servidor-SPTECH";"ram";"ram_Usada";"GB";"2022-11-08 11:18:37";6.81
"Servidor-SPTECH";"ram";"ram_Usada";"GB";"2022-11-08 11:18:35";6.81
"Servidor-SPTECH";"ram";"ram_Usada";"GB";"2022-11-08 11:18:34";6.82
"Servidor-SPTECH";"ram";"ram_Usada";"GB";"2022-11-08 11:18:32";6.82
"Servidor-SPTECH";"ram";"ram_Usada";"GB";"2022-11-08 11:18:31";6.82
"Servidor-SPTECH";"ram";"ram_Usada";"GB";"2022-11-08 11:18:29";6.81
"Servidor-SPTECH";"ram";"ram_Usada";"GB";"2022-11-08 11:18:28";6.79
"Servidor-SPTECH";"ram";"ram_Usada";"GB";"2022-11-08 11:18:27";6.78
"Servidor-SPTECH";"ram";"ram_Usada";"GB";"2022-11-08 11:18:25";6.78
"Servidor-SPTECH";"ram";"ram_Usada";"GB";"2022-11-08 11:18:24";6.79
"Servidor-SPTECH";"ram";"ram_Usada";"GB";"2022-11-08 11:18:22";6.78
"Servidor-SPTECH";"ram";"ram_Usada";"GB";"2022-11-08 11:18:21";6.78
"Servidor-SPTECH";"ram";"ram_Usada";"GB";"2022-11-08 11:18:19";6.75
"Servidor-SPTECH";"ram";"ram_Usada";"GB";"2022-11-08 11:18:18";6.76
"Servidor-SPTECH";"ram";"ram_Usada";"GB";"2022-11-08 11:18:17";6.76
"Servidor-SPTECH";"ram";"ram_Usada";"GB";"2022-11-08 11:18:15";6.76
"Servidor-SPTECH";"ram";"ram_Usada";"GB";"2022-11-08 11:18:14";6.74
"Servidor-SPTECH";"ram";"ram_Usada";"GB";"2022-11-08 11:18:12";6.77
"Servidor-SPTECH";"ram";"ram_Usada";"GB";"2022-11-08 11:18:11";6.78
"Servidor-SPTECH";"ram";"ram_Usada";"GB";"2022-11-08 11:18:09";6.78
"Servidor-SPTECH";"ram";"ram_Usada";"GB";"2022-11-08 11:18:08";6.75
"Servidor-SPTECH";"ram";"ram_Usada";"GB";"2022-11-08 11:18:06";6.8
"Servidor-SPTECH";"ram";"ram_Usada";"GB";"2022-11-08 11:18:05";6.81
"Servidor-SPTECH";"ram";"ram_Usada";"GB";"2022-11-08 11:18:04";6.79
"Servidor-SPTECH";"ram";"ram_Usada";"GB";"2022-11-08 11:18:02";6.78
"Servidor-SPTECH";"ram";"ram_Usada";"GB";"2022-11-08 11:18:01";6.79
"Servidor-SPTECH";"ram";"ram_Usada";"GB";"2022-11-08 11:17:59";6.79
"Servidor-SPTECH";"ram";"ram_Usada";"GB";"2022-11-08 11:17:58";6.83
"Servidor-SPTECH";"ram";"ram_Usada";"GB";"2022-11-08 11:17:56";6.84
"Servidor-SPTECH";"ram";"ram_Usada";"GB";"2022-11-08 11:17:55";6.83
"Servidor-SPTECH";"ram";"ram_Usada";"GB";"2022-11-08 11:17:54";6.81
"Servidor-SPTECH";"ram";"ram_Usada";"GB";"2022-11-08 11:17:52";6.83
"Servidor-SPTECH";"ram";"ram_Usada";"GB";"2022-11-08 11:17:51";6.81
"Servidor-SPTECH";"ram";"ram_Usada";"GB";"2022-11-08 11:17:49";6.8
"Servidor-SPTECH";"ram";"ram_Usada";"GB";"2022-11-08 11:17:48";6.82
"Servidor-SPTECH";"ram";"ram_Usada";"GB";"2022-11-08 11:17:46";6.84
"Servidor-SPTECH";"ram";"ram_Usada";"GB";"2022-11-08 11:17:45";6.84
"Servidor-SPTECH";"ram";"ram_Usada";"GB";"2022-11-08 11:17:44";6.85
"Servidor-SPTECH";"ram";"ram_Usada";"GB";"2022-11-08 11:17:42";6.85
"Servidor-SPTECH";"ram";"ram_Usada";"GB";"2022-11-08 11:17:41";6.86
"Servidor-SPTECH";"ram";"ram_Usada";"GB";"2022-11-08 11:17:39";7.03
"Servidor-SPTECH";"ram";"ram_Usada";"GB";"2022-11-08 11:17:38";7.02
"Servidor-SPTECH";"ram";"ram_Usada";"GB";"2022-11-08 11:17:36";7.05
"Servidor-SPTECH";"ram";"ram_Usada";"GB";"2022-11-08 11:17:35";7.01
"Servidor-SPTECH";"ram";"ram_Usada";"GB";"2022-11-08 11:17:33";7.0
"Servidor-SPTECH";"ram";"ram_Usada";"GB";"2022-11-08 11:17:32";7.0
"Servidor-SPTECH";"ram";"ram_Usada";"GB";"2022-11-08 11:17:30";6.98
"Servidor-SPTECH";"ram";"ram_Usada";"GB";"2022-11-08 11:17:29";6.98
"Servidor-SPTECH";"ram";"ram_Usada";"GB";"2022-11-08 11:17:28";6.99
"Servidor-SPTECH";"ram";"ram_Usada";"GB";"2022-11-08 11:17:26";7.0
"Servidor-SPTECH";"ram";"ram_Usada";"GB";"2022-11-08 11:17:25";7.0
"Servidor-SPTECH";"ram";"ram_Usada";"GB";"2022-11-08 11:17:23";6.99
"Servidor-SPTECH";"ram";"ram_Usada";"GB";"2022-11-08 11:17:22";7.0
"Servidor-SPTECH";"ram";"ram_Usada";"GB";"2022-11-08 11:17:20";6.99
"Servidor-SPTECH";"ram";"ram_Usada";"GB";"2022-11-08 11:17:19";7.03
"Servidor-SPTECH";"ram";"ram_Usada";"GB";"2022-11-08 11:17:17";7.03
"Servidor-SPTECH";"ram";"ram_Usada";"GB";"2022-11-08 11:17:16";6.74
"Servidor-SPTECH";"ram";"ram_Usada";"GB";"2022-11-08 11:17:14";6.75
"Servidor-SPTECH";"ram";"ram_Usada";"GB";"2022-11-08 11:17:13";6.74
"Servidor-SPTECH";"ram";"ram_Usada";"GB";"2022-11-08 11:17:11";6.74
"Servidor-SPTECH";"ram";"ram_Usada";"GB";"2022-11-08 11:17:10";6.75
"Servidor-SPTECH";"ram";"ram_Usada";"GB";"2022-11-08 11:17:09";6.75
"Servidor-SPTECH";"ram";"ram_Usada";"GB";"2022-11-08 11:17:07";6.75
"Servidor-SPTECH";"ram";"ram_Usada";"GB";"2022-11-08 11:17:06";6.75
"Servidor-SPTECH";"ram";"ram_Usada";"GB";"2022-11-08 11:17:04";6.75
"Servidor-SPTECH";"ram";"ram_Usada";"GB";"2022-11-08 11:17:03";6.75
"Servidor-SPTECH";"ram";"ram_Usada";"GB";"2022-11-08 11:17:01";6.73
"Servidor-SPTECH";"ram";"ram_Usada";"GB";"2022-11-08 11:17:00";6.77
"Servidor-SPTECH";"ram";"ram_Usada";"GB";"2022-11-08 11:16:58";6.77
"Servidor-SPTECH";"ram";"ram_Usada";"GB";"2022-11-08 11:16:57";6.78
"Servidor-SPTECH";"ram";"ram_Usada";"GB";"2022-11-08 11:16:55";6.8
"Servidor-SPTECH";"ram";"ram_Usada";"GB";"2022-11-08 11:16:54";6.81
"Servidor-SPTECH";"ram";"ram_Usada";"GB";"2022-11-08 11:16:53";6.82
"Servidor-SPTECH";"ram";"ram_Usada";"GB";"2022-11-08 11:16:51";6.82
"Servidor-SPTECH";"ram";"ram_Usada";"GB";"2022-11-08 11:16:50";6.83
"Servidor-SPTECH";"ram";"ram_Usada";"GB";"2022-11-08 11:16:48";6.72
"Servidor-SPTECH";"ram";"ram_Usada";"GB";"2022-11-08 11:16:47";6.66
"Servidor-SPTECH";"ram";"ram_Usada";"GB";"2022-11-08 11:16:45";6.62
"Servidor-SPTECH";"ram";"ram_Usada";"GB";"2022-11-08 11:16:44";6.61
"Servidor-SPTECH";"ram";"ram_Usada";"GB";"2022-11-08 11:16:42";6.63
"Servidor-SPTECH";"ram";"ram_Usada";"GB";"2022-11-08 11:16:41";6.64
"Servidor-SPTECH";"ram";"ram_Usada";"GB";"2022-11-08 11:16:39";6.64
"Servidor-SPTECH";"ram";"ram_Usada";"GB";"2022-11-08 11:16:38";6.64
"Servidor-SPTECH";"ram";"ram_Usada";"GB";"2022-11-08 11:16:36";6.64
"Servidor-SPTECH";"ram";"ram_Usada";"GB";"2022-11-08 11:16:35";6.63
"Servidor-SPTECH";"ram";"ram_Usada";"GB";"2022-11-08 11:16:33";6.66
"Servidor-SPTECH";"ram";"ram_Usada";"GB";"2022-11-08 11:16:32";6.69
"Servidor-SPTECH";"ram";"ram_Usada";"GB";"2022-11-08 11:16:30";6.68
"Servidor-SPTECH";"ram";"ram_Usada";"GB";"2022-11-08 11:16:29";6.67
"Servidor-SPTECH";"ram";"ram_Usada";"GB";"2022-11-08 11:16:28";6.69
"Servidor-SPTECH";"ram";"ram_Usada";"GB";"2022-11-08 11:16:26";6.64
"Servidor-SPTECH";"ram";"ram_Usada";"GB";"2022-11-08 11:16:25";6.63
"Servidor-SPTECH";"ram";"ram_Usada";"GB";"2022-11-08 11:16:23";6.62
"Servidor-SPTECH";"ram";"ram_Usada";"GB";"2022-11-08 11:16:22";6.62
"Servidor-SPTECH";"ram";"ram_Usada";"GB";"2022-11-08 11:16:20";6.62
"Servidor-SPTECH";"ram";"ram_Usada";"GB";"2022-11-08 11:16:19";6.62
"Servidor-SPTECH";"ram";"ram_Usada";"GB";"2022-11-08 11:16:17";6.6
"Servidor-SPTECH";"ram";"ram_Usada";"GB";"2022-11-08 11:16:16";6.6
"Servidor-SPTECH";"ram";"ram_Usada";"GB";"2022-11-08 11:16:14";6.61
"Servidor-SPTECH";"ram";"ram_Usada";"GB";"2022-11-08 11:16:13";6.6
"Servidor-SPTECH";"ram";"ram_Usada";"GB";"2022-11-08 11:16:12";6.6
"Servidor-SPTECH";"ram";"ram_Usada";"GB";"2022-11-08 11:16:10";6.59
"Servidor-SPTECH";"ram";"ram_Usada";"GB";"2022-11-08 11:16:09";6.59
"Servidor-SPTECH";"ram";"ram_Usada";"GB";"2022-11-08 11:16:07";6.59
"Servidor-SPTECH";"ram";"ram_Usada";"GB";"2022-11-08 11:16:06";6.6
"Servidor-SPTECH";"ram";"ram_Usada";"GB";"2022-11-08 11:16:04";6.6
"Servidor-SPTECH";"ram";"ram_Usada";"GB";"2022-11-08 11:16:03";6.6
"Servidor-SPTECH";"ram";"ram_Usada";"GB";"2022-11-08 11:16:01";6.58
"Servidor-SPTECH";"ram";"ram_Usada";"GB";"2022-11-08 11:16:00";6.58
"Servidor-SPTECH";"ram";"ram_Usada";"GB";"2022-11-08 11:15:58";6.58
"Servidor-SPTECH";"ram";"ram_Usada";"GB";"2022-11-08 11:15:57";6.59
"Servidor-SPTECH";"ram";"ram_Usada";"GB";"2022-11-08 11:15:56";6.6
"Servidor-SPTECH";"ram";"ram_Usada";"GB";"2022-11-08 11:15:54";6.6
"Servidor-SPTECH";"ram";"ram_Usada";"GB";"2022-11-08 11:15:53";6.57
"Servidor-SPTECH";"ram";"ram_Usada";"GB";"2022-11-08 11:15:51";6.6
"Servidor-SPTECH";"ram";"ram_Usada";"GB";"2022-11-08 11:15:50";6.6
"Servidor-SPTECH";"ram";"ram_Usada";"GB";"2022-11-08 11:15:48";6.6
"Servidor-SPTECH";"ram";"ram_Usada";"GB";"2022-11-08 11:15:47";6.58
"Servidor-SPTECH";"ram";"ram_Usada";"GB";"2022-11-08 11:15:45";6.6
"Servidor-SPTECH";"ram";"ram_Usada";"GB";"2022-11-08 11:15:44";6.61
"Servidor-SPTECH";"ram";"ram_Usada";"GB";"2022-11-08 11:15:42";6.59
"Servidor-SPTECH";"ram";"ram_Usada";"GB";"2022-11-08 11:15:41";6.6
"Servidor-SPTECH";"ram";"ram_Usada";"GB";"2022-11-08 11:15:40";6.6
"Servidor-SPTECH";"ram";"ram_Usada";"GB";"2022-11-08 11:15:38";6.58
"Servidor-SPTECH";"ram";"ram_Usada";"GB";"2022-11-08 11:15:37";6.58
"Servidor-SPTECH";"ram";"ram_Usada";"GB";"2022-11-08 11:15:35";6.59
"Servidor-SPTECH";"ram";"ram_Usada";"GB";"2022-11-08 11:15:34";6.6
"Servidor-SPTECH";"ram";"ram_Usada";"GB";"2022-11-08 11:15:32";6.59
"Servidor-SPTECH";"ram";"ram_Usada";"GB";"2022-11-08 11:15:31";6.59
"Servidor-SPTECH";"ram";"ram_Usada";"GB";"2022-11-08 11:15:30";6.56
"Servidor-SPTECH";"ram";"ram_Usada";"GB";"2022-11-08 11:15:28";6.55
"Servidor-SPTECH";"ram";"ram_Usada";"GB";"2022-11-08 11:15:27";6.55
"Servidor-SPTECH";"ram";"ram_Usada";"GB";"2022-11-08 11:15:25";6.56
"Servidor-SPTECH";"ram";"ram_Usada";"GB";"2022-11-08 11:15:24";6.57
"Servidor-SPTECH";"ram";"ram_Usada";"GB";"2022-11-08 11:15:22";6.57
"Servidor-SPTECH";"ram";"ram_Usada";"GB";"2022-11-08 11:15:21";6.57
"Servidor-SPTECH";"ram";"ram_Usada";"GB";"2022-11-08 11:15:19";6.58
"Servidor-SPTECH";"ram";"ram_Usada";"GB";"2022-11-08 11:15:18";6.6
"Servidor-SPTECH";"ram";"ram_Usada";"GB";"2022-11-08 11:15:16";6.57
"Servidor-SPTECH";"ram";"ram_Usada";"GB";"2022-11-08 11:15:15";6.61
"Servidor-SPTECH";"ram";"ram_Usada";"GB";"2022-11-08 11:15:13";6.62
"Servidor-SPTECH";"ram";"ram_Usada";"GB";"2022-11-08 11:15:12";6.62
"Servidor-SPTECH";"ram";"ram_Usada";"GB";"2022-11-08 11:15:11";6.6
"Servidor-SPTECH";"ram";"ram_Usada";"GB";"2022-11-08 11:15:09";6.65
"Servidor-SPTECH";"ram";"ram_Usada";"GB";"2022-11-08 11:15:08";6.64
"Servidor-SPTECH";"ram";"ram_Usada";"GB";"2022-11-08 11:15:06";6.65
"Servidor-SPTECH";"ram";"ram_Usada";"GB";"2022-11-08 11:15:05";6.63
"Servidor-SPTECH";"ram";"ram_Usada";"GB";"2022-11-08 11:15:03";6.61
"Servidor-SPTECH";"ram";"ram_Usada";"GB";"2022-11-08 11:15:02";6.59
"Servidor-SPTECH";"ram";"ram_Usada";"GB";"2022-11-08 11:15:00";6.58
"Servidor-SPTECH";"ram";"ram_Usada";"GB";"2022-11-08 11:14:59";6.56
"Servidor-SPTECH";"ram";"ram_Usada";"GB";"2022-11-08 11:14:57";6.58
"Servidor-SPTECH";"ram";"ram_Usada";"GB";"2022-11-08 11:14:56";6.57
"Servidor-SPTECH";"ram";"ram_Usada";"GB";"2022-11-08 11:14:54";6.58
"Servidor-SPTECH";"ram";"ram_Usada";"GB";"2022-11-08 11:14:53";6.59
"Servidor-SPTECH";"ram";"ram_Usada";"GB";"2022-11-08 11:14:51";6.58
"Servidor-SPTECH";"ram";"ram_Usada";"GB";"2022-11-08 11:14:50";6.61
"Servidor-SPTECH";"ram";"ram_Usada";"GB";"2022-11-08 11:14:49";6.61
"Servidor-SPTECH";"ram";"ram_Usada";"GB";"2022-11-08 11:14:47";6.61
"Servidor-SPTECH";"ram";"ram_Usada";"GB";"2022-11-08 11:14:46";6.6
"Servidor-SPTECH";"ram";"ram_Usada";"GB";"2022-11-08 11:14:44";6.61
"Servidor-SPTECH";"ram";"ram_Usada";"GB";"2022-11-08 11:14:43";6.61
"Servidor-SPTECH";"ram";"ram_Usada";"GB";"2022-11-08 11:14:41";6.64
"Servidor-SPTECH";"ram";"ram_Usada";"GB";"2022-11-08 11:14:40";6.63
"Servidor-SPTECH";"ram";"ram_Usada";"GB";"2022-11-08 11:14:38";6.64
"Servidor-SPTECH";"ram";"ram_Usada";"GB";"2022-11-08 11:14:37";6.63
"Servidor-SPTECH";"ram";"ram_Usada";"GB";"2022-11-08 11:14:35";6.65
"Servidor-SPTECH";"ram";"ram_Usada";"GB";"2022-11-08 11:14:34";6.65
"Servidor-SPTECH";"ram";"ram_Usada";"GB";"2022-11-08 11:14:32";6.64
"Servidor-SPTECH";"ram";"ram_Usada";"GB";"2022-11-08 11:14:31";6.63
"Servidor-SPTECH";"ram";"ram_Usada";"GB";"2022-11-08 11:14:30";6.64
"Servidor-SPTECH";"ram";"ram_Usada";"GB";"2022-11-08 11:14:28";6.63
"Servidor-SPTECH";"ram";"ram_Usada";"GB";"2022-11-08 11:14:27";6.64
"Servidor-SPTECH";"ram";"ram_Usada";"GB";"2022-11-08 11:14:25";6.66
"Servidor-SPTECH";"ram";"ram_Usada";"GB";"2022-11-08 11:14:24";6.67
"Servidor-SPTECH";"ram";"ram_Usada";"GB";"2022-11-08 11:14:22";6.64
"Servidor-SPTECH";"ram";"ram_Usada";"GB";"2022-11-08 11:14:21";6.66
"Servidor-SPTECH";"ram";"ram_Usada";"GB";"2022-11-08 11:14:19";6.67
"Servidor-SPTECH";"ram";"ram_Usada";"GB";"2022-11-08 11:14:18";6.66
"Servidor-SPTECH";"ram";"ram_Usada";"GB";"2022-11-08 11:14:16";6.64
"Servidor-SPTECH";"ram";"ram_Usada";"GB";"2022-11-08 11:14:15";6.7
"Servidor-SPTECH";"ram";"ram_Usada";"GB";"2022-11-08 11:14:14";6.69
"Servidor-SPTECH";"ram";"ram_Usada";"GB";"2022-11-08 11:14:12";6.79
"Servidor-SPTECH";"ram";"ram_Usada";"GB";"2022-11-08 11:14:11";6.75
"Servidor-SPTECH";"ram";"ram_Usada";"GB";"2022-11-08 11:14:09";6.77
"Servidor-SPTECH";"ram";"ram_Usada";"GB";"2022-11-08 11:14:08";6.78
"Servidor-SPTECH";"ram";"ram_Usada";"GB";"2022-11-08 11:14:06";6.8
"Servidor-SPTECH";"ram";"ram_Usada";"GB";"2022-11-08 11:14:05";6.82
"Servidor-SPTECH";"ram";"ram_Usada";"GB";"2022-11-08 11:14:03";6.82
"Servidor-SPTECH";"ram";"ram_Usada";"GB";"2022-11-08 11:14:02";6.79
"Servidor-SPTECH";"ram";"ram_Usada";"GB";"2022-11-08 11:14:00";6.86
"Servidor-SPTECH";"ram";"ram_Usada";"GB";"2022-11-08 11:13:59";6.8
"Servidor-SPTECH";"ram";"ram_Usada";"GB";"2022-11-08 11:13:57";6.81
"Servidor-SPTECH";"ram";"ram_Usada";"GB";"2022-11-08 11:13:56";6.83
"Servidor-SPTECH";"ram";"ram_Usada";"GB";"2022-11-08 11:13:54";6.82
"Servidor-SPTECH";"ram";"ram_Usada";"GB";"2022-11-08 11:13:53";6.82
"Servidor-SPTECH";"ram";"ram_Usada";"GB";"2022-11-08 11:13:51";6.92
"Servidor-SPTECH";"ram";"ram_Usada";"GB";"2022-11-08 11:13:49";6.71
"Servidor-SPTECH";"ram";"ram_Usada";"GB";"2022-11-08 11:13:48";6.69
"Servidor-SPTECH";"ram";"ram_Usada";"GB";"2022-11-08 11:13:47";6.68
"Servidor-SPTECH";"ram";"ram_Usada";"GB";"2022-11-08 11:13:45";6.71
"Servidor-SPTECH";"ram";"ram_Usada";"GB";"2022-11-08 11:13:44";6.7
"Servidor-SPTECH";"ram";"ram_Usada";"GB";"2022-11-08 11:13:42";6.71
"Servidor-SPTECH";"ram";"ram_Usada";"GB";"2022-11-08 11:13:41";6.74
"Servidor-SPTECH";"ram";"ram_Usada";"GB";"2022-11-08 11:13:39";6.74
"Servidor-SPTECH";"ram";"ram_Usada";"GB";"2022-11-08 11:13:38";6.74
"Servidor-SPTECH";"ram";"ram_Usada";"GB";"2022-11-08 11:13:36";6.74
"Servidor-SPTECH";"ram";"ram_Usada";"GB";"2022-11-08 11:13:35";6.76
"Servidor-SPTECH";"ram";"ram_Usada";"GB";"2022-11-08 11:13:34";6.76
"Servidor-SPTECH";"ram";"ram_Usada";"GB";"2022-11-08 11:13:32";6.76
"Servidor-SPTECH";"ram";"ram_Usada";"GB";"2022-11-08 11:13:31";6.75
"Servidor-SPTECH";"ram";"ram_Usada";"GB";"2022-11-08 11:13:29";6.75
"Servidor-SPTECH";"ram";"ram_Usada";"GB";"2022-11-08 11:13:28";6.75
"Servidor-SPTECH";"ram";"ram_Usada";"GB";"2022-11-08 11:13:26";6.74
"Servidor-SPTECH";"ram";"ram_Usada";"GB";"2022-11-08 11:13:25";6.73
"Servidor-SPTECH";"ram";"ram_Usada";"GB";"2022-11-08 11:13:23";6.73
"Servidor-SPTECH";"ram";"ram_Usada";"GB";"2022-11-08 11:13:22";6.73
"Servidor-SPTECH";"ram";"ram_Usada";"GB";"2022-11-08 11:13:20";6.7
"Servidor-SPTECH";"ram";"ram_Usada";"GB";"2022-11-08 11:13:19";6.7
"Servidor-SPTECH";"ram";"ram_Usada";"GB";"2022-11-08 11:13:17";6.7
"Servidor-SPTECH";"ram";"ram_Usada";"GB";"2022-11-08 11:13:16";6.67
"Servidor-SPTECH";"ram";"ram_Usada";"GB";"2022-11-08 11:13:15";6.7
"Servidor-SPTECH";"ram";"ram_Usada";"GB";"2022-11-08 11:13:13";6.78
"Servidor-SPTECH";"ram";"ram_Usada";"GB";"2022-11-08 11:13:12";6.78
"Servidor-SPTECH";"ram";"ram_Usada";"GB";"2022-11-08 11:13:10";6.77
"Servidor-SPTECH";"ram";"ram_Usada";"GB";"2022-11-08 11:13:09";6.8
"Servidor-SPTECH";"ram";"ram_Usada";"GB";"2022-11-08 11:13:07";6.8
"Servidor-SPTECH";"ram";"ram_Usada";"GB";"2022-11-08 11:13:06";6.81
"Servidor-SPTECH";"ram";"ram_Usada";"GB";"2022-11-08 11:13:04";6.79
"Servidor-SPTECH";"ram";"ram_Usada";"GB";"2022-11-08 11:13:03";6.81
"Servidor-SPTECH";"ram";"ram_Usada";"GB";"2022-11-08 11:13:01";6.79
"Servidor-SPTECH";"ram";"ram_Usada";"GB";"2022-11-08 11:13:00";6.79
"Servidor-SPTECH";"ram";"ram_Usada";"GB";"2022-11-08 11:12:59";6.8
"Servidor-SPTECH";"ram";"ram_Usada";"GB";"2022-11-08 11:12:57";6.79
"Servidor-SPTECH";"ram";"ram_Usada";"GB";"2022-11-08 11:12:56";6.8
"Servidor-SPTECH";"ram";"ram_Usada";"GB";"2022-11-08 11:12:54";6.8
"Servidor-SPTECH";"ram";"ram_Usada";"GB";"2022-11-08 11:12:53";6.8
"Servidor-SPTECH";"ram";"ram_Usada";"GB";"2022-11-08 11:12:51";6.8
"Servidor-SPTECH";"ram";"ram_Usada";"GB";"2022-11-08 11:12:50";6.8
"Servidor-SPTECH";"ram";"ram_Usada";"GB";"2022-11-08 11:12:48";6.8
"Servidor-SPTECH";"ram";"ram_Usada";"GB";"2022-11-08 11:12:47";6.81
"Servidor-SPTECH";"ram";"ram_Usada";"GB";"2022-11-08 11:12:45";6.82
"Servidor-SPTECH";"ram";"ram_Usada";"GB";"2022-11-08 11:12:44";6.82
"Servidor-SPTECH";"ram";"ram_Usada";"GB";"2022-11-08 11:12:43";6.81
"Servidor-SPTECH";"ram";"ram_Usada";"GB";"2022-11-08 11:12:41";6.83
"Servidor-SPTECH";"ram";"ram_Usada";"GB";"2022-11-08 11:12:40";6.83
"Servidor-SPTECH";"ram";"ram_Usada";"GB";"2022-11-08 11:12:38";6.82
"Servidor-SPTECH";"ram";"ram_Usada";"GB";"2022-11-08 11:12:37";6.82
"Servidor-SPTECH";"ram";"ram_Usada";"GB";"2022-11-08 11:12:35";6.83
"Servidor-SPTECH";"ram";"ram_Usada";"GB";"2022-11-08 11:12:34";6.84
"Servidor-SPTECH";"ram";"ram_Usada";"GB";"2022-11-08 11:12:32";6.84
"Servidor-SPTECH";"ram";"ram_Usada";"GB";"2022-11-08 11:12:31";6.83
"Servidor-SPTECH";"ram";"ram_Usada";"GB";"2022-11-08 11:12:29";6.84
"Servidor-SPTECH";"ram";"ram_Usada";"GB";"2022-11-08 11:12:27";6.91
"Servidor-SPTECH";"ram";"ram_Usada";"GB";"2022-11-08 11:12:25";7.0
"Servidor-SPTECH";"ram";"ram_Usada";"GB";"2022-11-08 11:12:24";7.05
"Servidor-SPTECH";"ram";"ram_Usada";"GB";"2022-11-08 11:12:22";7.05
"Servidor-SPTECH";"ram";"ram_Usada";"GB";"2022-11-08 11:12:21";7.0
"Servidor-SPTECH";"ram";"ram_Usada";"GB";"2022-11-08 11:12:19";7.01
"Servidor-SPTECH";"ram";"ram_Usada";"GB";"2022-11-08 11:12:18";6.72
"Servidor-SPTECH";"ram";"ram_Usada";"GB";"2022-11-08 11:12:16";6.73
"Servidor-SPTECH";"ram";"ram_Usada";"GB";"2022-11-08 11:12:15";6.72
"Servidor-SPTECH";"ram";"ram_Usada";"GB";"2022-11-08 11:12:13";6.74
"Servidor-SPTECH";"ram";"ram_Usada";"GB";"2022-11-08 11:12:12";6.74
"Servidor-SPTECH";"ram";"ram_Usada";"GB";"2022-11-08 11:12:11";6.75
"Servidor-SPTECH";"ram";"ram_Usada";"GB";"2022-11-08 11:12:09";6.72
"Servidor-SPTECH";"ram";"ram_Usada";"GB";"2022-11-08 11:12:08";6.71
"Servidor-SPTECH";"ram";"ram_Usada";"GB";"2022-11-08 11:12:06";6.72
"Servidor-SPTECH";"ram";"ram_Usada";"GB";"2022-11-08 11:12:05";6.74
"Servidor-SPTECH";"ram";"ram_Usada";"GB";"2022-11-08 11:12:03";6.74
"Servidor-SPTECH";"ram";"ram_Usada";"GB";"2022-11-08 11:12:02";6.74
"Servidor-SPTECH";"ram";"ram_Usada";"GB";"2022-11-08 11:12:00";6.72
"Servidor-SPTECH";"ram";"ram_Usada";"GB";"2022-11-08 11:11:59";6.73
"Servidor-SPTECH";"ram";"ram_Usada";"GB";"2022-11-08 11:11:58";6.73
"Servidor-SPTECH";"ram";"ram_Usada";"GB";"2022-11-08 11:11:56";6.73
"Servidor-SPTECH";"ram";"ram_Usada";"GB";"2022-11-08 11:11:55";6.73
"Servidor-SPTECH";"ram";"ram_Usada";"GB";"2022-11-08 11:11:53";6.75
"Servidor-SPTECH";"ram";"ram_Usada";"GB";"2022-11-08 11:11:52";6.72
"Servidor-SPTECH";"ram";"ram_Usada";"GB";"2022-11-08 11:11:50";6.76
"Servidor-SPTECH";"ram";"ram_Usada";"GB";"2022-11-08 11:11:49";6.72
"Servidor-SPTECH";"ram";"ram_Usada";"GB";"2022-11-08 11:11:47";6.71
"Servidor-SPTECH";"ram";"ram_Usada";"GB";"2022-11-08 11:11:46";6.72
"Servidor-SPTECH";"ram";"ram_Usada";"GB";"2022-11-08 11:11:44";6.71
"Servidor-SPTECH";"ram";"ram_Usada";"GB";"2022-11-08 11:11:43";6.64
"Servidor-SPTECH";"ram";"ram_Usada";"GB";"2022-11-08 11:11:41";6.68
"Servidor-SPTECH";"ram";"ram_Usada";"GB";"2022-11-08 11:11:40";6.65
"Servidor-SPTECH";"ram";"ram_Usada";"GB";"2022-11-08 11:11:38";6.69
"Servidor-SPTECH";"ram";"ram_Usada";"GB";"2022-11-08 11:11:37";6.69
"Servidor-SPTECH";"ram";"ram_Usada";"GB";"2022-11-08 11:11:35";6.69
"Servidor-SPTECH";"ram";"ram_Usada";"GB";"2022-11-08 11:11:34";6.66
"Servidor-SPTECH";"ram";"ram_Usada";"GB";"2022-11-08 11:11:32";6.7
"Servidor-SPTECH";"ram";"ram_Usada";"GB";"2022-11-08 11:11:31";6.68
"Servidor-SPTECH";"ram";"ram_Usada";"GB";"2022-11-08 11:11:29";6.67
"Servidor-SPTECH";"ram";"ram_Usada";"GB";"2022-11-08 11:11:28";6.65
"Servidor-SPTECH";"ram";"ram_Usada";"GB";"2022-11-08 11:11:26";6.67
"Servidor-SPTECH";"ram";"ram_Usada";"GB";"2022-11-08 11:11:25";6.66
"Servidor-SPTECH";"ram";"ram_Usada";"GB";"2022-11-08 11:11:23";6.67
"Servidor-SPTECH";"ram";"ram_Usada";"GB";"2022-11-08 11:11:22";6.64
"Servidor-SPTECH";"ram";"ram_Usada";"GB";"2022-11-08 11:11:20";6.63
"Servidor-SPTECH";"ram";"ram_Usada";"GB";"2022-11-08 11:11:19";6.63
"Servidor-SPTECH";"ram";"ram_Usada";"GB";"2022-11-08 11:11:17";6.65
"Servidor-SPTECH";"ram";"ram_Usada";"GB";"2022-11-08 11:11:16";6.62
"Servidor-SPTECH";"ram";"ram_Usada";"GB";"2022-11-08 11:11:14";6.65
"Servidor-SPTECH";"ram";"ram_Usada";"GB";"2022-11-08 11:11:13";6.65
"Servidor-SPTECH";"ram";"ram_Usada";"GB";"2022-11-08 11:11:11";6.66
"Servidor-SPTECH";"ram";"ram_Usada";"GB";"2022-11-08 11:11:10";6.65
"Servidor-SPTECH";"ram";"ram_Usada";"GB";"2022-11-08 11:11:08";6.71
"Servidor-SPTECH";"ram";"ram_Usada";"GB";"2022-11-08 11:11:07";6.72
"Servidor-SPTECH";"ram";"ram_Usada";"GB";"2022-11-08 11:11:05";6.72
"Servidor-SPTECH";"ram";"ram_Usada";"GB";"2022-11-08 11:11:04";6.68
"Servidor-SPTECH";"ram";"ram_Usada";"GB";"2022-11-08 11:11:02";6.67
"Servidor-SPTECH";"ram";"ram_Usada";"GB";"2022-11-08 11:11:00";6.64
"Servidor-SPTECH";"ram";"ram_Usada";"GB";"2022-11-08 11:10:59";6.62
"Servidor-SPTECH";"ram";"ram_Usada";"GB";"2022-11-08 11:10:57";6.54
"Servidor-SPTECH";"ram";"ram_Usada";"GB";"2022-11-08 11:10:55";6.59
"Servidor-SPTECH";"ram";"ram_Usada";"GB";"2022-11-08 11:10:54";6.59
"Servidor-SPTECH";"ram";"ram_Usada";"GB";"2022-11-08 11:10:53";6.6
"Servidor-SPTECH";"ram";"ram_Usada";"GB";"2022-11-08 11:10:51";6.6
"Servidor-SPTECH";"ram";"ram_Usada";"GB";"2022-11-08 11:10:50";6.6
"Servidor-SPTECH";"ram";"ram_Usada";"GB";"2022-11-08 11:10:48";6.59
"Servidor-SPTECH";"ram";"ram_Usada";"GB";"2022-11-08 11:10:47";6.61
"Servidor-SPTECH";"ram";"ram_Usada";"GB";"2022-11-08 11:10:45";6.63
"Servidor-SPTECH";"ram";"ram_Usada";"GB";"2022-11-08 11:10:44";6.63
"Servidor-SPTECH";"ram";"ram_Usada";"GB";"2022-11-08 11:10:42";6.69
"Servidor-SPTECH";"ram";"ram_Usada";"GB";"2022-11-08 11:10:41";6.71
"Servidor-SPTECH";"ram";"ram_Usada";"GB";"2022-11-08 11:10:39";6.72
"Servidor-SPTECH";"ram";"ram_Usada";"GB";"2022-11-08 11:10:38";6.72
"Servidor-SPTECH";"ram";"ram_Usada";"GB";"2022-11-08 11:10:36";6.72
"Servidor-SPTECH";"ram";"ram_Usada";"GB";"2022-11-08 11:10:35";6.71
"Servidor-SPTECH";"ram";"ram_Usada";"GB";"2022-11-08 11:10:33";6.68
"Servidor-SPTECH";"ram";"ram_Usada";"GB";"2022-11-08 11:10:32";6.61
"Servidor-SPTECH";"ram";"ram_Usada";"GB";"2022-11-08 11:10:30";6.61
"Servidor-SPTECH";"ram";"ram_Usada";"GB";"2022-11-08 11:10:29";6.59
"Servidor-SPTECH";"ram";"ram_Usada";"GB";"2022-11-08 11:10:27";6.58
"Servidor-SPTECH";"ram";"ram_Usada";"GB";"2022-11-08 11:10:26";6.64
"Servidor-SPTECH";"ram";"ram_Usada";"GB";"2022-11-08 11:10:24";6.61
"Servidor-SPTECH";"ram";"ram_Usada";"GB";"2022-11-08 11:10:22";6.7
"Servidor-SPTECH";"ram";"ram_Usada";"GB";"2022-11-08 11:10:21";6.7
"Servidor-SPTECH";"ram";"ram_Usada";"GB";"2022-11-08 11:10:19";6.73
"Servidor-SPTECH";"ram";"ram_Usada";"GB";"2022-11-08 11:10:18";6.73
"Servidor-SPTECH";"ram";"ram_Usada";"GB";"2022-11-08 11:10:16";6.72
"Servidor-SPTECH";"ram";"ram_Usada";"GB";"2022-11-08 11:10:15";6.69
"Servidor-SPTECH";"ram";"ram_Usada";"GB";"2022-11-08 11:10:13";6.63
"Servidor-SPTECH";"ram";"ram_Usada";"GB";"2022-11-08 11:10:11";6.62
"Servidor-SPTECH";"ram";"ram_Usada";"GB";"2022-11-08 11:10:10";6.65
"Servidor-SPTECH";"ram";"ram_Usada";"GB";"2022-11-08 11:10:08";6.6
"Servidor-SPTECH";"ram";"ram_Usada";"GB";"2022-11-08 11:10:07";6.53
"Servidor-SPTECH";"ram";"ram_Usada";"GB";"2022-11-08 11:10:05";6.56
"Servidor-SPTECH";"ram";"ram_Usada";"GB";"2022-11-08 11:10:04";6.53
"Servidor-SPTECH";"ram";"ram_Usada";"GB";"2022-11-08 11:10:02";6.56
"Servidor-SPTECH";"ram";"ram_Usada";"GB";"2022-11-08 11:10:01";6.55
"Servidor-SPTECH";"ram";"ram_Usada";"GB";"2022-11-08 11:09:59";6.5
"Servidor-SPTECH";"ram";"ram_Usada";"GB";"2022-11-08 11:09:58";6.42
"Servidor-SPTECH";"ram";"ram_Usada";"GB";"2022-11-08 11:09:56";6.45
"Servidor-SPTECH";"ram";"ram_Usada";"GB";"2022-11-08 11:09:55";6.44
"Servidor-SPTECH";"ram";"ram_Usada";"GB";"2022-11-08 11:09:54";6.44
"Servidor-SPTECH";"ram";"ram_Usada";"GB";"2022-11-08 11:09:52";6.45
"Servidor-SPTECH";"ram";"ram_Usada";"GB";"2022-11-08 11:09:51";6.45
"Servidor-SPTECH";"ram";"ram_Usada";"GB";"2022-11-08 11:09:49";6.44
"Servidor-SPTECH";"ram";"ram_Usada";"GB";"2022-11-08 11:09:48";6.44
"Servidor-SPTECH";"ram";"ram_Usada";"GB";"2022-11-08 11:09:46";6.45
"Servidor-SPTECH";"ram";"ram_Usada";"GB";"2022-11-08 11:09:45";6.44
"Servidor-SPTECH";"ram";"ram_Usada";"GB";"2022-11-08 11:09:43";6.44
"Servidor-SPTECH";"ram";"ram_Usada";"GB";"2022-11-08 11:09:42";6.44
"Servidor-SPTECH";"ram";"ram_Usada";"GB";"2022-11-08 11:09:41";6.52
"Servidor-SPTECH";"ram";"ram_Usada";"GB";"2022-11-08 11:09:39";6.53
"Servidor-SPTECH";"ram";"ram_Usada";"GB";"2022-11-08 11:09:38";6.53
"Servidor-SPTECH";"ram";"ram_Usada";"GB";"2022-11-08 11:09:36";6.56
"Servidor-SPTECH";"ram";"ram_Usada";"GB";"2022-11-08 11:09:35";6.57
"Servidor-SPTECH";"ram";"ram_Usada";"GB";"2022-11-08 11:09:33";6.55
"Servidor-SPTECH";"ram";"ram_Usada";"GB";"2022-11-08 11:09:32";6.59
"Servidor-SPTECH";"ram";"ram_Usada";"GB";"2022-11-08 11:09:30";6.58
"Servidor-SPTECH";"ram";"ram_Usada";"GB";"2022-11-08 11:09:29";6.55
"Servidor-SPTECH";"ram";"ram_Usada";"GB";"2022-11-08 11:09:27";6.53
"Servidor-SPTECH";"ram";"ram_Usada";"GB";"2022-11-08 11:09:26";6.56
"Servidor-SPTECH";"ram";"ram_Usada";"GB";"2022-11-08 11:09:24";6.56
"Servidor-SPTECH";"ram";"ram_Usada";"GB";"2022-11-08 11:09:23";6.55
"Servidor-SPTECH";"ram";"ram_Usada";"GB";"2022-11-08 11:09:22";6.5
"Servidor-SPTECH";"ram";"ram_Usada";"GB";"2022-11-08 11:09:20";6.51
"Servidor-SPTECH";"ram";"ram_Usada";"GB";"2022-11-08 11:09:19";6.5
"Servidor-SPTECH";"ram";"ram_Usada";"GB";"2022-11-08 11:09:17";6.51
"Servidor-SPTECH";"ram";"ram_Usada";"GB";"2022-11-08 11:09:16";6.45
"Servidor-SPTECH";"ram";"ram_Usada";"GB";"2022-11-08 11:09:14";6.48
"Servidor-SPTECH";"ram";"ram_Usada";"GB";"2022-11-08 11:09:13";6.48
"Servidor-SPTECH";"ram";"ram_Usada";"GB";"2022-11-08 11:09:11";6.47
"Servidor-SPTECH";"ram";"ram_Usada";"GB";"2022-11-08 11:09:10";6.51
"Servidor-SPTECH";"ram";"ram_Usada";"GB";"2022-11-08 11:09:08";6.51
"Servidor-SPTECH";"ram";"ram_Usada";"GB";"2022-11-08 11:09:07";6.53
"Servidor-SPTECH";"ram";"ram_Usada";"GB";"2022-11-08 11:09:06";6.54
"Servidor-SPTECH";"ram";"ram_Usada";"GB";"2022-11-08 11:09:04";6.59
"Servidor-SPTECH";"ram";"ram_Usada";"GB";"2022-11-08 11:09:03";6.6
"Servidor-SPTECH";"ram";"ram_Usada";"GB";"2022-11-08 11:09:01";6.59
"Servidor-SPTECH";"ram";"ram_Usada";"GB";"2022-11-08 11:09:00";6.59
"Servidor-SPTECH";"ram";"ram_Usada";"GB";"2022-11-08 11:08:58";6.51
"Servidor-SPTECH";"ram";"ram_Usada";"GB";"2022-11-08 11:08:57";6.57
"Servidor-SPTECH";"ram";"ram_Usada";"GB";"2022-11-08 11:08:55";6.62
"Servidor-SPTECH";"ram";"ram_Usada";"GB";"2022-11-08 11:08:54";6.67
"Servidor-SPTECH";"ram";"ram_Usada";"GB";"2022-11-08 11:08:52";6.72
"Servidor-SPTECH";"ram";"ram_Usada";"GB";"2022-11-08 11:08:51";6.74
"Servidor-SPTECH";"ram";"ram_Usada";"GB";"2022-11-08 11:08:49";6.75
"Servidor-SPTECH";"ram";"ram_Usada";"GB";"2022-11-08 11:08:48";6.73
"Servidor-SPTECH";"ram";"ram_Usada";"GB";"2022-11-08 11:08:46";6.68
"Servidor-SPTECH";"ram";"ram_Usada";"GB";"2022-11-08 11:08:44";6.53
"Servidor-SPTECH";"ram";"ram_Usada";"GB";"2022-11-08 11:08:43";6.53
"Servidor-SPTECH";"ram";"ram_Usada";"GB";"2022-11-08 11:08:41";6.57
"Servidor-SPTECH";"ram";"ram_Usada";"GB";"2022-11-08 11:08:40";6.55
"Servidor-SPTECH";"ram";"ram_Usada";"GB";"2022-11-08 11:08:38";6.58
"Servidor-SPTECH";"ram";"ram_Usada";"GB";"2022-11-08 11:08:37";6.65
"Servidor-SPTECH";"ram";"ram_Usada";"GB";"2022-11-08 11:08:36";6.64
"Servidor-SPTECH";"ram";"ram_Usada";"GB";"2022-11-08 11:08:34";6.65
"Servidor-SPTECH";"ram";"ram_Usada";"GB";"2022-11-08 11:08:33";6.61
"Servidor-SPTECH";"ram";"ram_Usada";"GB";"2022-11-08 11:08:31";6.83
"Servidor-SPTECH";"ram";"ram_Usada";"GB";"2022-11-08 11:08:29";6.68
"Servidor-SPTECH";"ram";"ram_Usada";"GB";"2022-11-08 11:08:27";6.5
"Servidor-SPTECH";"ram";"ram_Usada";"GB";"2022-11-08 11:08:26";6.52
"Servidor-SPTECH";"ram";"ram_Usada";"GB";"2022-11-08 11:08:24";6.51
"Servidor-SPTECH";"ram";"ram_Usada";"GB";"2022-11-08 11:08:23";6.52
"Servidor-SPTECH";"ram";"ram_Usada";"GB";"2022-11-08 11:08:22";6.47
"Servidor-SPTECH";"ram";"ram_Usada";"GB";"2022-11-08 11:08:20";6.5
"Servidor-SPTECH";"ram";"ram_Usada";"GB";"2022-11-08 11:08:19";6.5
"Servidor-SPTECH";"ram";"ram_Usada";"GB";"2022-11-08 11:08:17";6.51
"Servidor-SPTECH";"ram";"ram_Usada";"GB";"2022-11-08 11:08:16";6.5
"Servidor-SPTECH";"ram";"ram_Usada";"GB";"2022-11-08 11:08:14";6.54
"Servidor-SPTECH";"ram";"ram_Usada";"GB";"2022-11-08 11:08:13";6.54
"Servidor-SPTECH";"ram";"ram_Usada";"GB";"2022-11-08 11:08:11";6.54
"Servidor-SPTECH";"ram";"ram_Usada";"GB";"2022-11-08 11:08:10";6.67
"Servidor-SPTECH";"ram";"ram_Usada";"GB";"2022-11-08 11:08:08";6.67
"Servidor-SPTECH";"ram";"ram_Usada";"GB";"2022-11-08 11:08:07";6.68
"Servidor-SPTECH";"ram";"ram_Usada";"GB";"2022-11-08 11:08:06";6.66
"Servidor-SPTECH";"ram";"ram_Usada";"GB";"2022-11-08 11:08:04";6.64
"Servidor-SPTECH";"ram";"ram_Usada";"GB";"2022-11-08 11:08:03";6.64
"Servidor-SPTECH";"ram";"ram_Usada";"GB";"2022-11-08 11:08:01";6.63
"Servidor-SPTECH";"ram";"ram_Usada";"GB";"2022-11-08 11:08:00";6.63
"Servidor-SPTECH";"ram";"ram_Usada";"GB";"2022-11-08 11:07:58";6.64
"Servidor-SPTECH";"ram";"ram_Usada";"GB";"2022-11-08 11:07:57";6.63
"Servidor-SPTECH";"ram";"ram_Usada";"GB";"2022-11-08 11:07:55";6.63
"Servidor-SPTECH";"ram";"ram_Usada";"GB";"2022-11-08 11:07:54";6.64
"Servidor-SPTECH";"ram";"ram_Usada";"GB";"2022-11-08 11:07:53";6.66
"Servidor-SPTECH";"ram";"ram_Usada";"GB";"2022-11-08 11:07:51";6.6
"Servidor-SPTECH";"ram";"ram_Usada";"GB";"2022-11-08 11:07:50";6.63
"Servidor-SPTECH";"ram";"ram_Usada";"GB";"2022-11-08 11:07:48";6.64
"Servidor-SPTECH";"ram";"ram_Usada";"GB";"2022-11-08 11:07:47";6.64
"Servidor-SPTECH";"ram";"ram_Usada";"GB";"2022-11-08 11:07:45";6.64
"Servidor-SPTECH";"ram";"ram_Usada";"GB";"2022-11-08 11:07:44";6.67
"Servidor-SPTECH";"ram";"ram_Usada";"GB";"2022-11-08 11:07:42";6.65
"Servidor-SPTECH";"ram";"ram_Usada";"GB";"2022-11-08 11:07:41";6.61
"Servidor-SPTECH";"ram";"ram_Usada";"GB";"2022-11-08 11:07:39";6.59
"Servidor-SPTECH";"ram";"ram_Usada";"GB";"2022-11-08 11:07:38";6.62
"Servidor-SPTECH";"ram";"ram_Usada";"GB";"2022-11-08 11:07:37";6.61
"Servidor-SPTECH";"ram";"ram_Usada";"GB";"2022-11-08 11:07:35";6.62
"Servidor-SPTECH";"ram";"ram_Usada";"GB";"2022-11-08 11:07:34";6.62
"Servidor-SPTECH";"ram";"ram_Usada";"GB";"2022-11-08 11:07:32";6.62
"Servidor-SPTECH";"ram";"ram_Usada";"GB";"2022-11-08 11:07:31";6.63
"Servidor-SPTECH";"ram";"ram_Usada";"GB";"2022-11-08 11:07:29";6.63
"Servidor-SPTECH";"ram";"ram_Usada";"GB";"2022-11-08 11:07:28";6.63
"Servidor-SPTECH";"ram";"ram_Usada";"GB";"2022-11-08 11:07:26";6.63
"Servidor-SPTECH";"ram";"ram_Usada";"GB";"2022-11-08 11:07:25";6.63
"Servidor-SPTECH";"ram";"ram_Usada";"GB";"2022-11-08 11:07:23";6.63
"Servidor-SPTECH";"ram";"ram_Usada";"GB";"2022-11-08 11:07:22";6.63
"Servidor-SPTECH";"ram";"ram_Usada";"GB";"2022-11-08 11:07:21";6.63
"Servidor-SPTECH";"ram";"ram_Usada";"GB";"2022-11-08 11:07:19";6.61
"Servidor-SPTECH";"ram";"ram_Usada";"GB";"2022-11-08 11:07:18";6.61
"Servidor-SPTECH";"ram";"ram_Usada";"GB";"2022-11-08 11:07:16";6.61
"Servidor-SPTECH";"ram";"ram_Usada";"GB";"2022-11-08 11:07:15";6.61
"Servidor-SPTECH";"ram";"ram_Usada";"GB";"2022-11-08 11:07:13";6.62
"Servidor-SPTECH";"ram";"ram_Usada";"GB";"2022-11-08 11:07:12";6.62
"Servidor-SPTECH";"ram";"ram_Usada";"GB";"2022-11-08 11:07:10";6.63
"Servidor-SPTECH";"ram";"ram_Usada";"GB";"2022-11-08 11:07:09";6.58
"Servidor-SPTECH";"ram";"ram_Usada";"GB";"2022-11-08 11:07:08";6.63
"Servidor-SPTECH";"ram";"ram_Usada";"GB";"2022-11-08 11:07:06";6.63
"Servidor-SPTECH";"ram";"ram_Usada";"GB";"2022-11-08 11:07:05";6.64
"Servidor-SPTECH";"ram";"ram_Usada";"GB";"2022-11-08 11:07:03";6.61
"Servidor-SPTECH";"ram";"ram_Usada";"GB";"2022-11-08 11:07:02";6.66
"Servidor-SPTECH";"ram";"ram_Usada";"GB";"2022-11-08 11:07:00";6.66
"Servidor-SPTECH";"ram";"ram_Usada";"GB";"2022-11-08 11:06:59";6.66
"Servidor-SPTECH";"ram";"ram_Usada";"GB";"2022-11-08 11:06:57";6.67
"Servidor-SPTECH";"ram";"ram_Usada";"GB";"2022-11-08 11:06:56";6.68
"Servidor-SPTECH";"ram";"ram_Usada";"GB";"2022-11-08 11:06:55";6.69
"Servidor-SPTECH";"ram";"ram_Usada";"GB";"2022-11-08 11:06:53";6.61
"Servidor-SPTECH";"ram";"ram_Usada";"GB";"2022-11-08 11:06:52";6.62
"Servidor-SPTECH";"ram";"ram_Usada";"GB";"2022-11-08 11:06:50";6.64
"Servidor-SPTECH";"ram";"ram_Usada";"GB";"2022-11-08 11:06:49";6.64
"Servidor-SPTECH";"ram";"ram_Usada";"GB";"2022-11-08 11:06:47";6.68
"Servidor-SPTECH";"ram";"ram_Usada";"GB";"2022-11-08 11:06:46";6.71
"Servidor-SPTECH";"ram";"ram_Usada";"GB";"2022-11-08 11:06:44";6.72
"Servidor-SPTECH";"ram";"ram_Usada";"GB";"2022-11-08 11:06:43";6.72
"Servidor-SPTECH";"ram";"ram_Usada";"GB";"2022-11-08 11:06:41";6.75
"Servidor-SPTECH";"ram";"ram_Usada";"GB";"2022-11-08 11:06:40";6.73
"Servidor-SPTECH";"ram";"ram_Usada";"GB";"2022-11-08 11:06:38";6.73
"Servidor-SPTECH";"ram";"ram_Usada";"GB";"2022-11-08 11:06:37";6.73
"Servidor-SPTECH";"ram";"ram_Usada";"GB";"2022-11-08 11:06:35";6.73
"Servidor-SPTECH";"ram";"ram_Usada";"GB";"2022-11-08 11:06:34";6.66
"Servidor-SPTECH";"ram";"ram_Usada";"GB";"2022-11-08 11:06:32";6.67
"Servidor-SPTECH";"ram";"ram_Usada";"GB";"2022-11-08 11:06:30";6.66
"Servidor-SPTECH";"ram";"ram_Usada";"GB";"2022-11-08 11:06:29";6.7
"Servidor-SPTECH";"ram";"ram_Usada";"GB";"2022-11-08 11:06:27";6.74
"Servidor-SPTECH";"ram";"ram_Usada";"GB";"2022-11-08 11:06:26";6.75
"Servidor-SPTECH";"ram";"ram_Usada";"GB";"2022-11-08 11:06:24";6.75
"Servidor-SPTECH";"ram";"ram_Usada";"GB";"2022-11-08 11:06:23";6.76
"Servidor-SPTECH";"ram";"ram_Usada";"GB";"2022-11-08 11:06:21";6.74
"Servidor-SPTECH";"ram";"ram_Usada";"GB";"2022-11-08 11:06:19";6.76
"Servidor-SPTECH";"ram";"ram_Usada";"GB";"2022-11-08 11:06:18";6.76
"Servidor-SPTECH";"ram";"ram_Usada";"GB";"2022-11-08 11:06:16";6.74
"Servidor-SPTECH";"ram";"ram_Usada";"GB";"2022-11-08 11:06:15";6.58
"Servidor-SPTECH";"ram";"ram_Usada";"GB";"2022-11-08 11:06:13";6.67
"Servidor-SPTECH";"ram";"ram_Usada";"GB";"2022-11-08 11:06:12";6.66
"Servidor-SPTECH";"ram";"ram_Usada";"GB";"2022-11-08 11:06:11";6.65
"Servidor-SPTECH";"ram";"ram_Usada";"GB";"2022-11-08 11:06:09";6.6
"Servidor-SPTECH";"ram";"ram_Usada";"GB";"2022-11-08 11:06:08";6.63
"Servidor-SPTECH";"ram";"ram_Usada";"GB";"2022-11-08 11:06:06";6.63
"Servidor-SPTECH";"ram";"ram_Usada";"GB";"2022-11-08 11:06:05";6.63
"Servidor-SPTECH";"ram";"ram_Usada";"GB";"2022-11-08 11:06:03";6.56
"Servidor-SPTECH";"ram";"ram_Usada";"GB";"2022-11-08 11:06:02";6.57
"Servidor-SPTECH";"ram";"ram_Usada";"GB";"2022-11-08 11:06:00";6.56
"Servidor-SPTECH";"ram";"ram_Usada";"GB";"2022-11-08 11:05:58";6.62
"Servidor-SPTECH";"ram";"ram_Usada";"GB";"2022-11-08 11:05:57";6.6
"Servidor-SPTECH";"ram";"ram_Usada";"GB";"2022-11-08 11:05:55";6.64
"Servidor-SPTECH";"ram";"ram_Usada";"GB";"2022-11-08 11:05:54";6.65
"Servidor-SPTECH";"ram";"ram_Usada";"GB";"2022-11-08 11:05:53";6.66
"Servidor-SPTECH";"ram";"ram_Usada";"GB";"2022-11-08 11:05:51";6.58
"Servidor-SPTECH";"ram";"ram_Usada";"GB";"2022-11-08 11:05:49";6.66
"Servidor-SPTECH";"ram";"ram_Usada";"GB";"2022-11-08 11:05:48";6.65
"Servidor-SPTECH";"ram";"ram_Usada";"GB";"2022-11-08 11:05:47";6.65
"Servidor-SPTECH";"ram";"ram_Usada";"GB";"2022-11-08 11:05:45";6.64
"Servidor-SPTECH";"ram";"ram_Usada";"GB";"2022-11-08 11:05:43";6.66
"Servidor-SPTECH";"ram";"ram_Usada";"GB";"2022-11-08 11:05:42";6.76
"Servidor-SPTECH";"ram";"ram_Usada";"GB";"2022-11-08 11:05:40";6.78
"Servidor-SPTECH";"ram";"ram_Usada";"GB";"2022-11-08 11:05:39";6.77
"Servidor-SPTECH";"ram";"ram_Usada";"GB";"2022-11-08 11:05:37";6.79
"Servidor-SPTECH";"ram";"ram_Usada";"GB";"2022-11-08 11:05:36";6.73
"Servidor-SPTECH";"ram";"ram_Usada";"GB";"2022-11-08 11:05:34";6.63
"Servidor-SPTECH";"ram";"ram_Usada";"GB";"2022-11-08 11:05:32";6.64
"Servidor-SPTECH";"ram";"ram_Usada";"GB";"2022-11-08 11:05:31";6.66
"Servidor-SPTECH";"ram";"ram_Usada";"GB";"2022-11-08 11:05:29";6.65
"Servidor-SPTECH";"ram";"ram_Usada";"GB";"2022-11-08 11:05:28";6.66
"Servidor-SPTECH";"ram";"ram_Usada";"GB";"2022-11-08 11:05:26";6.64
"Servidor-SPTECH";"ram";"ram_Usada";"GB";"2022-11-08 11:05:25";6.67
"Servidor-SPTECH";"ram";"ram_Usada";"GB";"2022-11-08 11:05:24";6.67
"Servidor-SPTECH";"ram";"ram_Usada";"GB";"2022-11-08 11:05:22";6.66
"Servidor-SPTECH";"ram";"ram_Usada";"GB";"2022-11-08 11:05:20";6.55
"Servidor-SPTECH";"ram";"ram_Usada";"GB";"2022-11-08 11:05:19";6.62
"Servidor-SPTECH";"ram";"ram_Usada";"GB";"2022-11-08 11:05:17";6.66
"Servidor-SPTECH";"ram";"ram_Usada";"GB";"2022-11-08 11:05:16";6.73
"Servidor-SPTECH";"ram";"ram_Usada";"GB";"2022-11-08 11:05:14";6.73
"Servidor-SPTECH";"ram";"ram_Usada";"GB";"2022-11-08 11:05:13";6.74
"Servidor-SPTECH";"ram";"ram_Usada";"GB";"2022-11-08 11:05:11";6.73
"Servidor-SPTECH";"ram";"ram_Usada";"GB";"2022-11-08 11:05:10";6.74
"Servidor-SPTECH";"ram";"ram_Usada";"GB";"2022-11-08 11:05:08";6.72
"Servidor-SPTECH";"ram";"ram_Usada";"GB";"2022-11-08 11:05:06";6.71
"Servidor-SPTECH";"ram";"ram_Usada";"GB";"2022-11-08 11:05:05";6.71
"Servidor-SPTECH";"ram";"ram_Usada";"GB";"2022-11-08 11:05:03";6.71
"Servidor-SPTECH";"ram";"ram_Usada";"GB";"2022-11-08 11:05:02";6.69
"Servidor-SPTECH";"ram";"ram_Usada";"GB";"2022-11-08 11:05:00";6.59
"Servidor-SPTECH";"ram";"ram_Usada";"GB";"2022-11-08 11:04:58";6.48
"Servidor-SPTECH";"ram";"ram_Usada";"GB";"2022-11-08 11:04:57";6.45
"Servidor-SPTECH";"ram";"ram_Usada";"GB";"2022-11-08 11:04:55";6.47
"Servidor-SPTECH";"ram";"ram_Usada";"GB";"2022-11-08 11:04:54";6.4
"Servidor-SPTECH";"ram";"ram_Usada";"GB";"2022-11-08 11:04:52";6.39
"Servidor-SPTECH";"ram";"ram_Usada";"GB";"2022-11-08 11:04:51";6.33
"Servidor-SPTECH";"ram";"ram_Usada";"GB";"2022-11-08 11:04:49";6.36
"Servidor-SPTECH";"ram";"ram_Usada";"GB";"2022-11-08 11:04:48";6.36
"Servidor-SPTECH";"ram";"ram_Usada";"GB";"2022-11-08 11:04:46";6.37
"Servidor-SPTECH";"ram";"ram_Usada";"GB";"2022-11-08 11:04:45";6.34
"Servidor-SPTECH";"ram";"ram_Usada";"GB";"2022-11-08 11:04:43";6.36
"Servidor-SPTECH";"ram";"ram_Usada";"GB";"2022-11-08 11:04:42";6.36
"Servidor-SPTECH";"ram";"ram_Usada";"GB";"2022-11-08 11:04:40";6.37
"Servidor-SPTECH";"ram";"ram_Usada";"GB";"2022-11-08 11:04:39";6.35
"Servidor-SPTECH";"ram";"ram_Usada";"GB";"2022-11-08 11:04:38";6.39
"Servidor-SPTECH";"ram";"ram_Usada";"GB";"2022-11-08 11:04:36";6.4
"Servidor-SPTECH";"ram";"ram_Usada";"GB";"2022-11-08 11:04:35";6.4
"Servidor-SPTECH";"ram";"ram_Usada";"GB";"2022-11-08 11:04:33";6.4
"Servidor-SPTECH";"ram";"ram_Usada";"GB";"2022-11-08 11:04:32";6.43
"Servidor-SPTECH";"ram";"ram_Usada";"GB";"2022-11-08 11:04:30";6.47
"Servidor-SPTECH";"ram";"ram_Usada";"GB";"2022-11-08 11:04:29";6.48
"Servidor-SPTECH";"ram";"ram_Usada";"GB";"2022-11-08 11:04:27";6.47
"Servidor-SPTECH";"ram";"ram_Usada";"GB";"2022-11-08 11:04:26";6.47
"Servidor-SPTECH";"ram";"ram_Usada";"GB";"2022-11-08 11:04:24";6.47
"Servidor-SPTECH";"ram";"ram_Usada";"GB";"2022-11-08 11:04:23";6.45
"Servidor-SPTECH";"ram";"ram_Usada";"GB";"2022-11-08 11:04:21";6.45
"Servidor-SPTECH";"ram";"ram_Usada";"GB";"2022-11-08 11:04:20";6.38
"Servidor-SPTECH";"ram";"ram_Usada";"GB";"2022-11-08 11:04:18";6.37
"Servidor-SPTECH";"ram";"ram_Usada";"GB";"2022-11-08 11:04:17";6.38
"Servidor-SPTECH";"ram";"ram_Usada";"GB";"2022-11-08 11:04:15";6.37
"Servidor-SPTECH";"ram";"ram_Usada";"GB";"2022-11-08 11:04:14";6.37
"Servidor-SPTECH";"ram";"ram_Usada";"GB";"2022-11-08 11:04:13";6.37
"Servidor-SPTECH";"ram";"ram_Usada";"GB";"2022-11-08 11:04:11";6.37
"Servidor-SPTECH";"ram";"ram_Usada";"GB";"2022-11-08 11:04:10";6.37
"Servidor-SPTECH";"ram";"ram_Usada";"GB";"2022-11-08 11:04:08";6.34
"Servidor-SPTECH";"ram";"ram_Usada";"GB";"2022-11-08 11:04:07";6.35
"Servidor-SPTECH";"ram";"ram_Usada";"GB";"2022-11-08 11:04:05";6.36
"Servidor-SPTECH";"ram";"ram_Usada";"GB";"2022-11-08 11:04:04";6.36
"Servidor-SPTECH";"ram";"ram_Usada";"GB";"2022-11-08 11:04:02";6.33
"Servidor-SPTECH";"ram";"ram_Usada";"GB";"2022-11-08 11:04:01";6.35
"Servidor-SPTECH";"ram";"ram_Usada";"GB";"2022-11-08 11:04:00";6.35
"Servidor-SPTECH";"ram";"ram_Usada";"GB";"2022-11-08 11:03:58";6.35
"Servidor-SPTECH";"ram";"ram_Usada";"GB";"2022-11-08 11:03:57";6.32
"Servidor-SPTECH";"ram";"ram_Usada";"GB";"2022-11-08 11:03:55";6.36
"Servidor-SPTECH";"ram";"ram_Usada";"GB";"2022-11-08 11:03:54";6.36
"Servidor-SPTECH";"ram";"ram_Usada";"GB";"2022-11-08 11:03:52";6.37
"Servidor-SPTECH";"ram";"ram_Usada";"GB";"2022-11-08 11:03:51";6.34
"Servidor-SPTECH";"ram";"ram_Usada";"GB";"2022-11-08 11:03:49";6.37
"Servidor-SPTECH";"ram";"ram_Usada";"GB";"2022-11-08 11:03:48";6.37
"Servidor-SPTECH";"ram";"ram_Usada";"GB";"2022-11-08 11:03:47";6.37
"Servidor-SPTECH";"ram";"ram_Usada";"GB";"2022-11-08 11:03:45";6.37
"Servidor-SPTECH";"ram";"ram_Usada";"GB";"2022-11-08 11:03:44";6.37
"Servidor-SPTECH";"ram";"ram_Usada";"GB";"2022-11-08 11:03:42";6.38
"Servidor-SPTECH";"ram";"ram_Usada";"GB";"2022-11-08 11:03:41";6.41
"Servidor-SPTECH";"ram";"ram_Usada";"GB";"2022-11-08 11:03:39";6.4
"Servidor-SPTECH";"ram";"ram_Usada";"GB";"2022-11-08 11:03:38";6.4
"Servidor-SPTECH";"ram";"ram_Usada";"GB";"2022-11-08 11:03:36";6.38
"Servidor-SPTECH";"ram";"ram_Usada";"GB";"2022-11-08 11:03:35";6.38
"Servidor-SPTECH";"ram";"ram_Usada";"GB";"2022-11-08 11:03:33";6.38
"Servidor-SPTECH";"ram";"ram_Usada";"GB";"2022-11-08 11:03:32";6.37
"Servidor-SPTECH";"ram";"ram_Usada";"GB";"2022-11-08 11:03:31";6.38
"Servidor-SPTECH";"ram";"ram_Usada";"GB";"2022-11-08 11:03:29";6.37
"Servidor-SPTECH";"ram";"ram_Usada";"GB";"2022-11-08 11:03:28";6.37
"Servidor-SPTECH";"ram";"ram_Usada";"GB";"2022-11-08 11:03:26";6.36
"Servidor-SPTECH";"ram";"ram_Usada";"GB";"2022-11-08 11:03:25";6.38
"Servidor-SPTECH";"ram";"ram_Usada";"GB";"2022-11-08 11:03:23";6.38
"Servidor-SPTECH";"ram";"ram_Usada";"GB";"2022-11-08 11:03:22";6.36
"Servidor-SPTECH";"ram";"ram_Usada";"GB";"2022-11-08 11:03:21";6.34
"Servidor-SPTECH";"ram";"ram_Usada";"GB";"2022-11-08 11:03:19";6.36
"Servidor-SPTECH";"ram";"ram_Usada";"GB";"2022-11-08 11:03:18";6.35
"Servidor-SPTECH";"ram";"ram_Usada";"GB";"2022-11-08 11:03:16";6.36
"Servidor-SPTECH";"ram";"ram_Usada";"GB";"2022-11-08 11:03:15";6.33
"Servidor-SPTECH";"ram";"ram_Usada";"GB";"2022-11-08 11:03:13";6.36
"Servidor-SPTECH";"ram";"ram_Usada";"GB";"2022-11-08 11:03:12";6.36
"Servidor-SPTECH";"ram";"ram_Usada";"GB";"2022-11-08 11:03:10";6.41
"Servidor-SPTECH";"ram";"ram_Usada";"GB";"2022-11-08 11:03:09";6.56
"Servidor-SPTECH";"ram";"ram_Usada";"GB";"2022-11-08 11:03:07";6.56
"Servidor-SPTECH";"ram";"ram_Usada";"GB";"2022-11-08 11:03:06";6.55
"Servidor-SPTECH";"ram";"ram_Usada";"GB";"2022-11-08 11:03:05";6.54
"Servidor-SPTECH";"ram";"ram_Usada";"GB";"2022-11-08 11:03:03";6.55
"Servidor-SPTECH";"ram";"ram_Usada";"GB";"2022-11-08 11:03:02";6.54
"Servidor-SPTECH";"ram";"ram_Usada";"GB";"2022-11-08 11:03:00";6.54
"Servidor-SPTECH";"ram";"ram_Usada";"GB";"2022-11-08 11:02:59";6.54
"Servidor-SPTECH";"ram";"ram_Usada";"GB";"2022-11-08 11:02:57";6.54
"Servidor-SPTECH";"ram";"ram_Usada";"GB";"2022-11-08 11:02:56";6.54
"Servidor-SPTECH";"ram";"ram_Usada";"GB";"2022-11-08 11:02:54";6.54
"Servidor-SPTECH";"ram";"ram_Usada";"GB";"2022-11-08 11:02:53";6.54
"Servidor-SPTECH";"ram";"ram_Usada";"GB";"2022-11-08 11:02:52";6.54
"Servidor-SPTECH";"ram";"ram_Usada";"GB";"2022-11-08 11:02:50";6.51
"Servidor-SPTECH";"ram";"ram_Usada";"GB";"2022-11-08 11:02:49";6.54
"Servidor-SPTECH";"ram";"ram_Usada";"GB";"2022-11-08 11:02:47";6.54
"Servidor-SPTECH";"ram";"ram_Usada";"GB";"2022-11-08 11:02:46";6.55
"Servidor-SPTECH";"ram";"ram_Usada";"GB";"2022-11-08 11:02:44";6.51
"Servidor-SPTECH";"ram";"ram_Usada";"GB";"2022-11-08 11:02:43";6.54
"Servidor-SPTECH";"ram";"ram_Usada";"GB";"2022-11-08 11:02:41";6.56
"Servidor-SPTECH";"ram";"ram_Usada";"GB";"2022-11-08 11:02:40";6.56
"Servidor-SPTECH";"ram";"ram_Usada";"GB";"2022-11-08 11:02:39";6.55
"Servidor-SPTECH";"ram";"ram_Usada";"GB";"2022-11-08 11:02:37";6.57
"Servidor-SPTECH";"ram";"ram_Usada";"GB";"2022-11-08 11:02:36";6.57
"Servidor-SPTECH";"ram";"ram_Usada";"GB";"2022-11-08 11:02:34";6.57
"Servidor-SPTECH";"ram";"ram_Usada";"GB";"2022-11-08 11:02:33";6.55
"Servidor-SPTECH";"ram";"ram_Usada";"GB";"2022-11-08 11:02:31";6.54
"Servidor-SPTECH";"ram";"ram_Usada";"GB";"2022-11-08 11:02:30";6.54
"Servidor-SPTECH";"ram";"ram_Usada";"GB";"2022-11-08 11:02:28";6.54
"Servidor-SPTECH";"ram";"ram_Usada";"GB";"2022-11-08 11:02:27";6.53
"Servidor-SPTECH";"ram";"ram_Usada";"GB";"2022-11-08 11:02:26";6.52
"Servidor-SPTECH";"ram";"ram_Usada";"GB";"2022-11-08 11:02:24";6.53
"Servidor-SPTECH";"ram";"ram_Usada";"GB";"2022-11-08 11:02:23";6.53
"Servidor-SPTECH";"ram";"ram_Usada";"GB";"2022-11-08 11:02:21";6.52
"Servidor-SPTECH";"ram";"ram_Usada";"GB";"2022-11-08 11:02:20";6.53
"Servidor-SPTECH";"ram";"ram_Usada";"GB";"2022-11-08 11:02:18";6.53
"Servidor-SPTECH";"ram";"ram_Usada";"GB";"2022-11-08 11:02:17";6.54
"Servidor-SPTECH";"ram";"ram_Usada";"GB";"2022-11-08 11:02:15";6.54
"Servidor-SPTECH";"ram";"ram_Usada";"GB";"2022-11-08 11:02:14";6.52
"Servidor-SPTECH";"ram";"ram_Usada";"GB";"2022-11-08 11:02:13";6.56
"Servidor-SPTECH";"ram";"ram_Usada";"GB";"2022-11-08 11:02:11";6.57
"Servidor-SPTECH";"ram";"ram_Usada";"GB";"2022-11-08 11:02:10";6.54
"Servidor-SPTECH";"ram";"ram_Usada";"GB";"2022-11-08 11:02:08";6.54
"Servidor-SPTECH";"ram";"ram_Usada";"GB";"2022-11-08 11:02:07";6.57
"Servidor-SPTECH";"ram";"ram_Usada";"GB";"2022-11-08 11:02:05";6.58
"Servidor-SPTECH";"ram";"ram_Usada";"GB";"2022-11-08 11:02:04";6.58
"Servidor-SPTECH";"ram";"ram_Usada";"GB";"2022-11-08 11:02:03";6.54
"Servidor-SPTECH";"ram";"ram_Usada";"GB";"2022-11-08 11:02:01";6.55
"Servidor-SPTECH";"ram";"ram_Usada";"GB";"2022-11-08 11:02:00";6.56
"Servidor-SPTECH";"ram";"ram_Usada";"GB";"2022-11-08 11:01:58";6.56
"Servidor-SPTECH";"ram";"ram_Usada";"GB";"2022-11-08 11:01:57";6.51
"Servidor-SPTECH";"ram";"ram_Usada";"GB";"2022-11-08 11:01:55";6.53
"Servidor-SPTECH";"ram";"ram_Usada";"GB";"2022-11-08 11:01:54";6.53
"Servidor-SPTECH";"ram";"ram_Usada";"GB";"2022-11-08 11:01:52";6.54
"Servidor-SPTECH";"ram";"ram_Usada";"GB";"2022-11-08 11:01:51";6.54
"Servidor-SPTECH";"ram";"ram_Usada";"GB";"2022-11-08 11:01:49";6.55
"Servidor-SPTECH";"ram";"ram_Usada";"GB";"2022-11-08 11:01:48";6.55
"Servidor-SPTECH";"ram";"ram_Usada";"GB";"2022-11-08 11:01:46";6.56
"Servidor-SPTECH";"ram";"ram_Usada";"GB";"2022-11-08 11:01:45";6.56
"Servidor-SPTECH";"ram";"ram_Usada";"GB";"2022-11-08 11:01:44";6.56
"Servidor-SPTECH";"ram";"ram_Usada";"GB";"2022-11-08 11:01:42";6.56
"Servidor-SPTECH";"ram";"ram_Usada";"GB";"2022-11-08 11:01:41";6.57
"Servidor-SPTECH";"ram";"ram_Usada";"GB";"2022-11-08 11:01:39";6.57
"Servidor-SPTECH";"ram";"ram_Usada";"GB";"2022-11-08 11:01:38";6.54
"Servidor-SPTECH";"ram";"ram_Usada";"GB";"2022-11-08 11:01:36";6.57
"Servidor-SPTECH";"ram";"ram_Usada";"GB";"2022-11-08 11:01:35";6.48
"Servidor-SPTECH";"ram";"ram_Usada";"GB";"2022-11-08 11:01:33";6.48
"Servidor-SPTECH";"ram";"ram_Usada";"GB";"2022-11-08 11:01:32";6.47
"Servidor-SPTECH";"ram";"ram_Usada";"GB";"2022-11-08 11:01:31";6.47
"Servidor-SPTECH";"ram";"ram_Usada";"GB";"2022-11-08 11:01:29";6.47
"Servidor-SPTECH";"ram";"ram_Usada";"GB";"2022-11-08 11:01:28";6.47
"Servidor-SPTECH";"ram";"ram_Usada";"GB";"2022-11-08 11:01:26";6.44
"Servidor-SPTECH";"ram";"ram_Usada";"GB";"2022-11-08 11:01:25";6.47
"Servidor-SPTECH";"ram";"ram_Usada";"GB";"2022-11-08 11:01:23";6.47
"Servidor-SPTECH";"ram";"ram_Usada";"GB";"2022-11-08 11:01:22";6.47
"Servidor-SPTECH";"ram";"ram_Usada";"GB";"2022-11-08 11:01:20";6.44
"Servidor-SPTECH";"ram";"ram_Usada";"GB";"2022-11-08 11:01:19";6.46
"Servidor-SPTECH";"ram";"ram_Usada";"GB";"2022-11-08 11:01:17";6.46
"Servidor-SPTECH";"ram";"ram_Usada";"GB";"2022-11-08 11:01:16";6.47
"Servidor-SPTECH";"ram";"ram_Usada";"GB";"2022-11-08 11:01:15";6.46
"Servidor-SPTECH";"ram";"ram_Usada";"GB";"2022-11-08 11:01:13";6.46
"Servidor-SPTECH";"ram";"ram_Usada";"GB";"2022-11-08 11:01:12";6.46
"Servidor-SPTECH";"ram";"ram_Usada";"GB";"2022-11-08 11:01:10";6.46
"Servidor-SPTECH";"ram";"ram_Usada";"GB";"2022-11-08 11:01:09";6.46
"Servidor-SPTECH";"ram";"ram_Usada";"GB";"2022-11-08 11:01:07";6.47
"Servidor-SPTECH";"ram";"ram_Usada";"GB";"2022-11-08 11:01:06";6.48
"Servidor-SPTECH";"ram";"ram_Usada";"GB";"2022-11-08 11:01:04";6.48
"Servidor-SPTECH";"ram";"ram_Usada";"GB";"2022-11-08 11:01:03";6.48
"Servidor-SPTECH";"ram";"ram_Usada";"GB";"2022-11-08 11:01:02";6.45
"Servidor-SPTECH";"ram";"ram_Usada";"GB";"2022-11-08 11:01:00";6.47
"Servidor-SPTECH";"ram";"ram_Usada";"GB";"2022-11-08 11:00:59";6.48
"Servidor-SPTECH";"ram";"ram_Usada";"GB";"2022-11-08 11:00:57";6.48
"Servidor-SPTECH";"ram";"ram_Usada";"GB";"2022-11-08 11:00:56";6.44
"Servidor-SPTECH";"ram";"ram_Usada";"GB";"2022-11-08 11:00:54";6.47
"Servidor-SPTECH";"ram";"ram_Usada";"GB";"2022-11-08 11:00:53";6.47
"Servidor-SPTECH";"ram";"ram_Usada";"GB";"2022-11-08 11:00:51";6.47
"Servidor-SPTECH";"ram";"ram_Usada";"GB";"2022-11-08 11:00:50";6.42
"Servidor-SPTECH";"ram";"ram_Usada";"GB";"2022-11-08 11:00:49";6.47
"Servidor-SPTECH";"ram";"ram_Usada";"GB";"2022-11-08 11:00:47";6.47
"Servidor-SPTECH";"ram";"ram_Usada";"GB";"2022-11-08 11:00:46";6.47
"Servidor-SPTECH";"ram";"ram_Usada";"GB";"2022-11-08 11:00:44";6.43
"Servidor-SPTECH";"ram";"ram_Usada";"GB";"2022-11-08 11:00:43";6.47
"Servidor-SPTECH";"ram";"ram_Usada";"GB";"2022-11-08 11:00:41";6.48
"Servidor-SPTECH";"ram";"ram_Usada";"GB";"2022-11-08 11:00:40";6.5
"Servidor-SPTECH";"ram";"ram_Usada";"GB";"2022-11-08 11:00:38";6.5
"Servidor-SPTECH";"ram";"ram_Usada";"GB";"2022-11-08 11:00:37";6.51
"Servidor-SPTECH";"ram";"ram_Usada";"GB";"2022-11-08 11:00:36";6.48
"Servidor-SPTECH";"ram";"ram_Usada";"GB";"2022-11-08 11:00:34";6.47
"Servidor-SPTECH";"ram";"ram_Usada";"GB";"2022-11-08 11:00:33";6.47
"Servidor-SPTECH";"ram";"ram_Usada";"GB";"2022-11-08 11:00:31";6.47
"Servidor-SPTECH";"ram";"ram_Usada";"GB";"2022-11-08 11:00:30";6.49
"Servidor-SPTECH";"ram";"ram_Usada";"GB";"2022-11-08 11:00:28";6.48
"Servidor-SPTECH";"ram";"ram_Usada";"GB";"2022-11-08 11:00:27";6.48
"Servidor-SPTECH";"ram";"ram_Usada";"GB";"2022-11-08 11:00:25";6.47
"Servidor-SPTECH";"ram";"ram_Usada";"GB";"2022-11-08 11:00:24";6.47
"Servidor-SPTECH";"ram";"ram_Usada";"GB";"2022-11-08 11:00:23";6.47
"Servidor-SPTECH";"ram";"ram_Usada";"GB";"2022-11-08 11:00:21";6.47
"Servidor-SPTECH";"ram";"ram_Usada";"GB";"2022-11-08 11:00:20";6.44
"Servidor-SPTECH";"ram";"ram_Usada";"GB";"2022-11-08 11:00:18";6.47
"Servidor-SPTECH";"ram";"ram_Usada";"GB";"2022-11-08 11:00:17";6.46
"Servidor-SPTECH";"ram";"ram_Usada";"GB";"2022-11-08 11:00:15";6.46
"Servidor-SPTECH";"ram";"ram_Usada";"GB";"2022-11-08 11:00:14";6.43
"Servidor-SPTECH";"ram";"ram_Usada";"GB";"2022-11-08 11:00:12";6.47
"Servidor-SPTECH";"ram";"ram_Usada";"GB";"2022-11-08 11:00:11";6.48
"Servidor-SPTECH";"ram";"ram_Usada";"GB";"2022-11-08 11:00:10";6.48
"Servidor-SPTECH";"ram";"ram_Usada";"GB";"2022-11-08 11:00:08";6.47
"Servidor-SPTECH";"ram";"ram_Usada";"GB";"2022-11-08 11:00:07";6.49
"Servidor-SPTECH";"ram";"ram_Usada";"GB";"2022-11-08 11:00:05";6.49
"Servidor-SPTECH";"ram";"ram_Usada";"GB";"2022-11-08 11:00:04";6.5
"Servidor-SPTECH";"ram";"ram_Usada";"GB";"2022-11-08 11:00:02";6.48
"Servidor-SPTECH";"ram";"ram_Usada";"GB";"2022-11-08 11:00:01";6.48
"Servidor-SPTECH";"ram";"ram_Usada";"GB";"2022-11-08 10:59:59";6.48
"Servidor-SPTECH";"ram";"ram_Usada";"GB";"2022-11-08 10:59:58";6.45
"Servidor-SPTECH";"ram";"ram_Usada";"GB";"2022-11-08 10:59:56";6.46
"Servidor-SPTECH";"ram";"ram_Usada";"GB";"2022-11-08 10:59:55";6.45
"Servidor-SPTECH";"ram";"ram_Usada";"GB";"2022-11-08 10:59:53";6.41
"Servidor-SPTECH";"ram";"ram_Usada";"GB";"2022-11-08 10:59:52";6.43
"Servidor-SPTECH";"ram";"ram_Usada";"GB";"2022-11-08 10:59:50";6.43
"Servidor-SPTECH";"ram";"ram_Usada";"GB";"2022-11-08 10:59:49";6.41
"Servidor-SPTECH";"ram";"ram_Usada";"GB";"2022-11-08 10:59:48";6.41
"Servidor-SPTECH";"ram";"ram_Usada";"GB";"2022-11-08 10:59:46";6.39
"Servidor-SPTECH";"ram";"ram_Usada";"GB";"2022-11-08 10:59:45";6.38
"Servidor-SPTECH";"ram";"ram_Usada";"GB";"2022-11-08 10:59:43";6.38
"Servidor-SPTECH";"ram";"ram_Usada";"GB";"2022-11-08 10:59:42";6.44
"Servidor-SPTECH";"ram";"ram_Usada";"GB";"2022-11-08 10:59:40";6.61
"Servidor-SPTECH";"ram";"ram_Usada";"GB";"2022-11-08 10:59:39";6.62
"Servidor-SPTECH";"ram";"ram_Usada";"GB";"2022-11-08 10:59:37";6.59
"Servidor-SPTECH";"ram";"ram_Usada";"GB";"2022-11-08 10:59:36";6.63
"Servidor-SPTECH";"ram";"ram_Usada";"GB";"2022-11-08 10:59:35";6.63
"Servidor-SPTECH";"ram";"ram_Usada";"GB";"2022-11-08 10:59:33";6.63
"Servidor-SPTECH";"ram";"ram_Usada";"GB";"2022-11-08 10:59:32";6.6
"Servidor-SPTECH";"ram";"ram_Usada";"GB";"2022-11-08 10:59:30";6.62
"Servidor-SPTECH";"ram";"ram_Usada";"GB";"2022-11-08 10:59:29";6.63
"Servidor-SPTECH";"ram";"ram_Usada";"GB";"2022-11-08 10:59:27";6.63
"Servidor-SPTECH";"ram";"ram_Usada";"GB";"2022-11-08 10:59:26";6.62
"Servidor-SPTECH";"ram";"ram_Usada";"GB";"2022-11-08 10:59:24";6.64
"Servidor-SPTECH";"ram";"ram_Usada";"GB";"2022-11-08 10:59:23";6.64
"Servidor-SPTECH";"ram";"ram_Usada";"GB";"2022-11-08 10:59:22";6.63
"Servidor-SPTECH";"ram";"ram_Usada";"GB";"2022-11-08 10:59:20";6.6
"Servidor-SPTECH";"ram";"ram_Usada";"GB";"2022-11-08 10:59:19";6.63
"Servidor-SPTECH";"ram";"ram_Usada";"GB";"2022-11-08 10:59:17";6.64
"Servidor-SPTECH";"ram";"ram_Usada";"GB";"2022-11-08 10:59:16";6.64
"Servidor-SPTECH";"ram";"ram_Usada";"GB";"2022-11-08 10:59:14";6.64
"Servidor-SPTECH";"ram";"ram_Usada";"GB";"2022-11-08 10:59:13";6.64
"Servidor-SPTECH";"ram";"ram_Usada";"GB";"2022-11-08 10:59:12";6.64
"Servidor-SPTECH";"ram";"ram_Usada";"GB";"2022-11-08 10:59:10";6.63
"Servidor-SPTECH";"ram";"ram_Usada";"GB";"2022-11-08 10:59:09";6.63
"Servidor-SPTECH";"ram";"ram_Usada";"GB";"2022-11-08 10:59:07";6.63
"Servidor-SPTECH";"ram";"ram_Usada";"GB";"2022-11-08 10:59:06";6.64
"Servidor-SPTECH";"ram";"ram_Usada";"GB";"2022-11-08 10:59:04";6.63
"Servidor-SPTECH";"ram";"ram_Usada";"GB";"2022-11-08 10:59:03";6.63
"Servidor-SPTECH";"ram";"ram_Usada";"GB";"2022-11-08 10:59:01";6.61
"Servidor-SPTECH";"ram";"ram_Usada";"GB";"2022-11-08 10:59:00";6.64
"Servidor-SPTECH";"ram";"ram_Usada";"GB";"2022-11-08 10:58:58";6.64
"Servidor-SPTECH";"ram";"ram_Usada";"GB";"2022-11-08 10:58:57";6.62
"Servidor-SPTECH";"ram";"ram_Usada";"GB";"2022-11-08 10:58:56";6.59
"Servidor-SPTECH";"ram";"ram_Usada";"GB";"2022-11-08 10:58:54";6.62
"Servidor-SPTECH";"ram";"ram_Usada";"GB";"2022-11-08 10:58:53";6.63
"Servidor-SPTECH";"ram";"ram_Usada";"GB";"2022-11-08 10:58:51";6.63
"Servidor-SPTECH";"ram";"ram_Usada";"GB";"2022-11-08 10:58:50";6.6
"Servidor-SPTECH";"ram";"ram_Usada";"GB";"2022-11-08 10:58:48";6.6
"Servidor-SPTECH";"ram";"ram_Usada";"GB";"2022-11-08 10:58:47";6.59
"Servidor-SPTECH";"ram";"ram_Usada";"GB";"2022-11-08 10:58:46";6.6
"Servidor-SPTECH";"ram";"ram_Usada";"GB";"2022-11-08 10:58:44";6.58
"Servidor-SPTECH";"ram";"ram_Usada";"GB";"2022-11-08 10:58:43";6.6
"Servidor-SPTECH";"ram";"ram_Usada";"GB";"2022-11-08 10:58:41";6.62
"Servidor-SPTECH";"ram";"ram_Usada";"GB";"2022-11-08 10:58:40";6.62
"Servidor-SPTECH";"ram";"ram_Usada";"GB";"2022-11-08 10:58:38";6.63
"Servidor-SPTECH";"ram";"ram_Usada";"GB";"2022-11-08 10:58:37";6.63
"Servidor-SPTECH";"ram";"ram_Usada";"GB";"2022-11-08 10:58:35";6.63
"Servidor-SPTECH";"ram";"ram_Usada";"GB";"2022-11-08 10:58:34";6.65
"Servidor-SPTECH";"ram";"ram_Usada";"GB";"2022-11-08 10:58:32";6.65
"Servidor-SPTECH";"ram";"ram_Usada";"GB";"2022-11-08 10:58:31";6.64
"Servidor-SPTECH";"ram";"ram_Usada";"GB";"2022-11-08 10:58:30";6.59
"Servidor-SPTECH";"ram";"ram_Usada";"GB";"2022-11-08 10:58:28";6.61
"Servidor-SPTECH";"ram";"ram_Usada";"GB";"2022-11-08 10:58:27";6.61
"Servidor-SPTECH";"ram";"ram_Usada";"GB";"2022-11-08 10:58:25";6.62
"Servidor-SPTECH";"ram";"ram_Usada";"GB";"2022-11-08 10:58:24";6.61
"Servidor-SPTECH";"ram";"ram_Usada";"GB";"2022-11-08 10:58:22";6.61
"Servidor-SPTECH";"ram";"ram_Usada";"GB";"2022-11-08 10:58:21";6.6
"Servidor-SPTECH";"ram";"ram_Usada";"GB";"2022-11-08 10:58:20";6.6
"Servidor-SPTECH";"ram";"ram_Usada";"GB";"2022-11-08 10:58:18";6.59
"Servidor-SPTECH";"ram";"ram_Usada";"GB";"2022-11-08 10:58:17";6.59
"Servidor-SPTECH";"ram";"ram_Usada";"GB";"2022-11-08 10:58:15";6.59
"Servidor-SPTECH";"ram";"ram_Usada";"GB";"2022-11-08 10:58:14";6.59
"Servidor-SPTECH";"ram";"ram_Usada";"GB";"2022-11-08 10:58:12";6.59
"Servidor-SPTECH";"ram";"ram_Usada";"GB";"2022-11-08 10:58:11";6.59
"Servidor-SPTECH";"ram";"ram_Usada";"GB";"2022-11-08 10:58:09";6.59
"Servidor-SPTECH";"ram";"ram_Usada";"GB";"2022-11-08 10:58:08";6.74
"Servidor-SPTECH";"ram";"ram_Usada";"GB";"2022-11-08 10:58:06";6.74
"Servidor-SPTECH";"ram";"ram_Usada";"GB";"2022-11-08 10:58:05";6.72
"Servidor-SPTECH";"ram";"ram_Usada";"GB";"2022-11-08 10:58:04";6.74
"Servidor-SPTECH";"ram";"ram_Usada";"GB";"2022-11-08 10:58:02";6.74
"Servidor-SPTECH";"ram";"ram_Usada";"GB";"2022-11-08 10:58:01";6.73
"Servidor-SPTECH";"ram";"ram_Usada";"GB";"2022-11-08 10:57:59";6.73
"Servidor-SPTECH";"ram";"ram_Usada";"GB";"2022-11-08 10:57:58";6.73
"Servidor-SPTECH";"ram";"ram_Usada";"GB";"2022-11-08 10:57:56";6.73
"Servidor-SPTECH";"ram";"ram_Usada";"GB";"2022-11-08 10:57:55";6.73
"Servidor-SPTECH";"ram";"ram_Usada";"GB";"2022-11-08 10:57:54";6.73
"Servidor-SPTECH";"ram";"ram_Usada";"GB";"2022-11-08 10:57:52";6.73
"Servidor-SPTECH";"ram";"ram_Usada";"GB";"2022-11-08 10:57:51";6.72
"Servidor-SPTECH";"ram";"ram_Usada";"GB";"2022-11-08 10:57:49";6.72
"Servidor-SPTECH";"ram";"ram_Usada";"GB";"2022-11-08 10:57:48";6.7
"Servidor-SPTECH";"ram";"ram_Usada";"GB";"2022-11-08 10:57:46";6.7
"Servidor-SPTECH";"ram";"ram_Usada";"GB";"2022-11-08 10:57:45";6.7
"Servidor-SPTECH";"ram";"ram_Usada";"GB";"2022-11-08 10:57:43";6.7
"Servidor-SPTECH";"ram";"ram_Usada";"GB";"2022-11-08 10:57:42";6.7
"Servidor-SPTECH";"ram";"ram_Usada";"GB";"2022-11-08 10:57:41";6.74
"Servidor-SPTECH";"ram";"ram_Usada";"GB";"2022-11-08 10:57:39";6.73
"Servidor-SPTECH";"ram";"ram_Usada";"GB";"2022-11-08 10:57:38";6.75
"Servidor-SPTECH";"ram";"ram_Usada";"GB";"2022-11-08 10:57:36";6.75
"Servidor-SPTECH";"ram";"ram_Usada";"GB";"2022-11-08 10:57:35";6.76
"Servidor-SPTECH";"ram";"ram_Usada";"GB";"2022-11-08 10:57:33";6.79
"Servidor-SPTECH";"ram";"ram_Usada";"GB";"2022-11-08 10:57:32";6.78
"Servidor-SPTECH";"ram";"ram_Usada";"GB";"2022-11-08 10:57:30";6.78
"Servidor-SPTECH";"ram";"ram_Usada";"GB";"2022-11-08 10:57:29";6.76
"Servidor-SPTECH";"ram";"ram_Usada";"GB";"2022-11-08 10:57:27";6.81
"Servidor-SPTECH";"ram";"ram_Usada";"GB";"2022-11-08 10:57:26";6.81
"Servidor-SPTECH";"ram";"ram_Usada";"GB";"2022-11-08 10:57:24";6.79
"Servidor-SPTECH";"ram";"ram_Usada";"GB";"2022-11-08 10:57:23";6.76
"Servidor-SPTECH";"ram";"ram_Usada";"GB";"2022-11-08 10:57:21";6.78
"Servidor-SPTECH";"ram";"ram_Usada";"GB";"2022-11-08 10:57:20";6.78
"Servidor-SPTECH";"ram";"ram_Usada";"GB";"2022-11-08 10:57:19";6.77
"Servidor-SPTECH";"ram";"ram_Usada";"GB";"2022-11-08 10:57:17";6.77
"Servidor-SPTECH";"ram";"ram_Usada";"GB";"2022-11-08 10:57:16";6.75
"Servidor-SPTECH";"ram";"ram_Usada";"GB";"2022-11-08 10:57:14";6.7
"Servidor-SPTECH";"ram";"ram_Usada";"GB";"2022-11-08 10:57:13";6.74
"Servidor-SPTECH";"ram";"ram_Usada";"GB";"2022-11-08 10:57:11";6.75
"Servidor-SPTECH";"ram";"ram_Usada";"GB";"2022-11-08 10:57:10";6.75
"Servidor-SPTECH";"ram";"ram_Usada";"GB";"2022-11-08 10:57:08";6.76
"Servidor-SPTECH";"ram";"ram_Usada";"GB";"2022-11-08 10:57:07";6.75
"Servidor-SPTECH";"ram";"ram_Usada";"GB";"2022-11-08 10:57:05";6.71
"Servidor-SPTECH";"ram";"ram_Usada";"GB";"2022-11-08 10:57:04";6.72
"Servidor-SPTECH";"ram";"ram_Usada";"GB";"2022-11-08 10:57:02";6.72
"Servidor-SPTECH";"ram";"ram_Usada";"GB";"2022-11-08 10:57:01";6.72
"Servidor-SPTECH";"ram";"ram_Usada";"GB";"2022-11-08 10:56:59";6.71
"Servidor-SPTECH";"ram";"ram_Usada";"GB";"2022-11-08 10:56:58";6.71
"Servidor-SPTECH";"ram";"ram_Usada";"GB";"2022-11-08 10:56:56";6.71
"Servidor-SPTECH";"ram";"ram_Usada";"GB";"2022-11-08 10:56:55";6.71
"Servidor-SPTECH";"ram";"ram_Usada";"GB";"2022-11-08 10:56:53";6.71
"Servidor-SPTECH";"ram";"ram_Usada";"GB";"2022-11-08 10:56:52";6.7
"Servidor-SPTECH";"ram";"ram_Usada";"GB";"2022-11-08 10:56:50";6.7
"Servidor-SPTECH";"ram";"ram_Usada";"GB";"2022-11-08 10:56:49";6.7
"Servidor-SPTECH";"ram";"ram_Usada";"GB";"2022-11-08 10:56:47";6.69
"Servidor-SPTECH";"ram";"ram_Usada";"GB";"2022-11-08 10:56:46";6.7
"Servidor-SPTECH";"ram";"ram_Usada";"GB";"2022-11-08 10:56:44";6.7
"Servidor-SPTECH";"ram";"ram_Usada";"GB";"2022-11-08 10:56:43";6.7
"Servidor-SPTECH";"ram";"ram_Usada";"GB";"2022-11-08 10:56:41";6.72
"Servidor-SPTECH";"ram";"ram_Usada";"GB";"2022-11-08 10:56:40";6.72
"Servidor-SPTECH";"ram";"ram_Usada";"GB";"2022-11-08 10:56:38";6.73
"Servidor-SPTECH";"ram";"ram_Usada";"GB";"2022-11-08 10:56:37";6.81
"Servidor-SPTECH";"ram";"ram_Usada";"GB";"2022-11-08 10:56:35";6.82
"Servidor-SPTECH";"ram";"ram_Usada";"GB";"2022-11-08 10:56:34";6.82
"Servidor-SPTECH";"ram";"ram_Usada";"GB";"2022-11-08 10:56:32";6.82
"Servidor-SPTECH";"ram";"ram_Usada";"GB";"2022-11-08 10:56:31";6.81
"Servidor-SPTECH";"ram";"ram_Usada";"GB";"2022-11-08 10:56:29";6.82
"Servidor-SPTECH";"ram";"ram_Usada";"GB";"2022-11-08 10:56:28";6.82
"Servidor-SPTECH";"ram";"ram_Usada";"GB";"2022-11-08 10:56:27";6.81
"Servidor-SPTECH";"ram";"ram_Usada";"GB";"2022-11-08 10:56:25";6.79
"Servidor-SPTECH";"ram";"ram_Usada";"GB";"2022-11-08 10:56:24";6.79
"Servidor-SPTECH";"ram";"ram_Usada";"GB";"2022-11-08 10:56:22";6.79
"Servidor-SPTECH";"ram";"ram_Usada";"GB";"2022-11-08 10:56:21";6.78
"Servidor-SPTECH";"ram";"ram_Usada";"GB";"2022-11-08 10:56:19";6.78
"Servidor-SPTECH";"ram";"ram_Usada";"GB";"2022-11-08 10:56:18";6.78
"Servidor-SPTECH";"ram";"ram_Usada";"GB";"2022-11-08 10:56:16";6.78
"Servidor-SPTECH";"ram";"ram_Usada";"GB";"2022-11-08 10:56:15";6.77
"Servidor-SPTECH";"ram";"ram_Usada";"GB";"2022-11-08 10:56:13";6.77
"Servidor-SPTECH";"ram";"ram_Usada";"GB";"2022-11-08 10:56:12";6.78
"Servidor-SPTECH";"ram";"ram_Usada";"GB";"2022-11-08 10:56:10";6.77
"Servidor-SPTECH";"ram";"ram_Usada";"GB";"2022-11-08 10:56:09";6.77
"Servidor-SPTECH";"ram";"ram_Usada";"GB";"2022-11-08 10:56:07";6.77
"Servidor-SPTECH";"ram";"ram_Usada";"GB";"2022-11-08 10:56:06";6.93
"Servidor-SPTECH";"ram";"ram_Usada";"GB";"2022-11-08 10:56:04";6.96
"Servidor-SPTECH";"ram";"ram_Usada";"GB";"2022-11-08 10:56:03";6.79
"Servidor-SPTECH";"ram";"ram_Usada";"GB";"2022-11-08 10:56:01";6.75
"Servidor-SPTECH";"ram";"ram_Usada";"GB";"2022-11-08 10:56:00";6.75
"Servidor-SPTECH";"ram";"ram_Usada";"GB";"2022-11-08 10:55:58";6.74
"Servidor-SPTECH";"ram";"ram_Usada";"GB";"2022-11-08 10:55:57";6.75
"Servidor-SPTECH";"ram";"ram_Usada";"GB";"2022-11-08 10:55:56";6.75
"Servidor-SPTECH";"ram";"ram_Usada";"GB";"2022-11-08 10:55:54";6.74
"Servidor-SPTECH";"ram";"ram_Usada";"GB";"2022-11-08 10:55:53";6.71
"Servidor-SPTECH";"ram";"ram_Usada";"GB";"2022-11-08 10:55:51";6.76
"Servidor-SPTECH";"ram";"ram_Usada";"GB";"2022-11-08 10:55:50";6.75
"Servidor-SPTECH";"ram";"ram_Usada";"GB";"2022-11-08 10:55:48";6.74
"Servidor-SPTECH";"ram";"ram_Usada";"GB";"2022-11-08 10:55:47";6.75
"Servidor-SPTECH";"ram";"ram_Usada";"GB";"2022-11-08 10:55:45";6.74
"Servidor-SPTECH";"ram";"ram_Usada";"GB";"2022-11-08 10:55:44";6.79
"Servidor-SPTECH";"ram";"ram_Usada";"GB";"2022-11-08 10:55:43";6.79
"Servidor-SPTECH";"ram";"ram_Usada";"GB";"2022-11-08 10:55:41";6.8
"Servidor-SPTECH";"ram";"ram_Usada";"GB";"2022-11-08 10:55:40";6.8
"Servidor-SPTECH";"ram";"ram_Usada";"GB";"2022-11-08 10:55:38";6.8
"Servidor-SPTECH";"ram";"ram_Usada";"GB";"2022-11-08 10:55:37";6.8
"Servidor-SPTECH";"ram";"ram_Usada";"GB";"2022-11-08 10:55:35";7.0
"Servidor-SPTECH";"ram";"ram_Usada";"GB";"2022-11-08 10:55:34";6.81
"Servidor-SPTECH";"ram";"ram_Usada";"GB";"2022-11-08 10:55:32";6.83
"Servidor-SPTECH";"ram";"ram_Usada";"GB";"2022-11-08 10:55:31";6.82
"Servidor-SPTECH";"ram";"ram_Usada";"GB";"2022-11-08 10:55:29";6.93
"Servidor-SPTECH";"ram";"ram_Usada";"GB";"2022-11-08 10:55:28";6.89
"Servidor-SPTECH";"ram";"ram_Usada";"GB";"2022-11-08 10:55:26";7.34
"Servidor-SPTECH";"ram";"ram_Usada";"GB";"2022-11-08 10:55:25";7.24
"Servidor-SPTECH";"ram";"ram_Usada";"GB";"2022-11-08 10:55:23";7.61
"Servidor-SPTECH";"ram";"ram_Usada";"GB";"2022-11-08 10:55:22";7.45
"Servidor-SPTECH";"ram";"ram_Usada";"GB";"2022-11-08 10:55:20";7.29
"Servidor-SPTECH";"ram";"ram_Usada";"GB";"2022-11-08 10:55:19";7.16
"Servidor-SPTECH";"ram";"ram_Usada";"GB";"2022-11-08 10:55:17";7.38
"Servidor-SPTECH";"ram";"ram_Usada";"GB";"2022-11-08 10:55:16";7.41
"Servidor-SPTECH";"ram";"ram_Usada";"GB";"2022-11-08 10:55:14";7.34
"Servidor-SPTECH";"ram";"ram_Usada";"GB";"2022-11-08 10:55:13";7.34
"Servidor-SPTECH";"ram";"ram_Usada";"GB";"2022-11-08 10:55:11";7.25
"Servidor-SPTECH";"ram";"ram_Usada";"GB";"2022-11-08 10:55:10";7.2
"Servidor-SPTECH";"ram";"ram_Usada";"GB";"2022-11-08 10:55:08";7.04
"Servidor-SPTECH";"ram";"ram_Usada";"GB";"2022-11-08 10:55:07";6.99
"Servidor-SPTECH";"ram";"ram_Usada";"GB";"2022-11-08 10:55:05";7.0
"Servidor-SPTECH";"ram";"ram_Usada";"GB";"2022-11-08 10:55:04";6.97
"Servidor-SPTECH";"ram";"ram_Usada";"GB";"2022-11-08 10:55:02";6.96
"Servidor-SPTECH";"ram";"ram_Usada";"GB";"2022-11-08 10:55:01";6.94
"Servidor-SPTECH";"ram";"ram_Usada";"GB";"2022-11-08 10:54:59";6.94
"Servidor-SPTECH";"ram";"ram_Usada";"GB";"2022-11-08 10:54:58";6.96
"Servidor-SPTECH";"ram";"ram_Usada";"GB";"2022-11-08 10:54:56";7.0
"Servidor-SPTECH";"ram";"ram_Usada";"GB";"2022-11-08 10:54:55";7.05
"Servidor-SPTECH";"ram";"ram_Usada";"GB";"2022-11-08 10:54:53";7.06
"Servidor-SPTECH";"ram";"ram_Usada";"GB";"2022-11-08 10:54:52";7.1
"Servidor-SPTECH";"ram";"ram_Usada";"GB";"2022-11-08 10:54:50";7.11
"Servidor-SPTECH";"ram";"ram_Usada";"GB";"2022-11-08 10:54:49";7.11
"Servidor-SPTECH";"ram";"ram_Usada";"GB";"2022-11-08 10:54:48";7.08
"Servidor-SPTECH";"ram";"ram_Usada";"GB";"2022-11-08 10:54:46";7.09
"Servidor-SPTECH";"ram";"ram_Usada";"GB";"2022-11-08 10:54:45";7.09
"Servidor-SPTECH";"ram";"ram_Usada";"GB";"2022-11-08 10:54:43";7.15
"Servidor-SPTECH";"ram";"ram_Usada";"GB";"2022-11-08 10:54:42";7.17
"Servidor-SPTECH";"ram";"ram_Usada";"GB";"2022-11-08 10:54:40";7.19
"Servidor-SPTECH";"ram";"ram_Usada";"GB";"2022-11-08 10:54:39";7.18
"Servidor-SPTECH";"ram";"ram_Usada";"GB";"2022-11-08 10:54:37";7.09
"Servidor-SPTECH";"ram";"ram_Usada";"GB";"2022-11-08 10:54:36";7.08
"Servidor-SPTECH";"ram";"ram_Usada";"GB";"2022-11-08 10:54:34";7.08
"Servidor-SPTECH";"ram";"ram_Usada";"GB";"2022-11-08 10:54:33";7.13
"Servidor-SPTECH";"ram";"ram_Usada";"GB";"2022-11-08 10:54:32";7.11
"Servidor-SPTECH";"ram";"ram_Usada";"GB";"2022-11-08 10:54:30";7.12
"Servidor-SPTECH";"ram";"ram_Usada";"GB";"2022-11-08 10:54:29";7.12
"Servidor-SPTECH";"ram";"ram_Usada";"GB";"2022-11-08 10:54:27";7.13
"Servidor-SPTECH";"ram";"ram_Usada";"GB";"2022-11-08 10:54:26";7.11
"Servidor-SPTECH";"ram";"ram_Usada";"GB";"2022-11-08 10:54:24";7.14
"Servidor-SPTECH";"ram";"ram_Usada";"GB";"2022-11-08 10:54:23";7.13
"Servidor-SPTECH";"ram";"ram_Usada";"GB";"2022-11-08 10:54:21";7.1
"Servidor-SPTECH";"ram";"ram_Usada";"GB";"2022-11-08 10:54:20";7.12
"Servidor-SPTECH";"ram";"ram_Usada";"GB";"2022-11-08 10:54:18";7.14
"Servidor-SPTECH";"ram";"ram_Usada";"GB";"2022-11-08 10:54:17";7.14
"Servidor-SPTECH";"ram";"ram_Usada";"GB";"2022-11-08 10:54:15";7.11
"Servidor-SPTECH";"ram";"ram_Usada";"GB";"2022-11-08 10:54:14";7.14
"Servidor-SPTECH";"ram";"ram_Usada";"GB";"2022-11-08 10:54:12";7.12
"Servidor-SPTECH";"ram";"ram_Usada";"GB";"2022-11-08 10:54:11";7.03
"Servidor-SPTECH";"ram";"ram_Usada";"GB";"2022-11-08 10:54:09";7.01
"Servidor-SPTECH";"ram";"ram_Usada";"GB";"2022-11-08 10:54:07";6.96
"Servidor-SPTECH";"ram";"ram_Usada";"GB";"2022-11-08 10:54:06";6.96
"Servidor-SPTECH";"ram";"ram_Usada";"GB";"2022-11-08 10:54:04";6.95
"Servidor-SPTECH";"ram";"ram_Usada";"GB";"2022-11-08 10:54:02";6.89
"Servidor-SPTECH";"ram";"ram_Usada";"GB";"2022-11-08 10:54:01";6.89
"Servidor-SPTECH";"ram";"ram_Usada";"GB";"2022-11-08 10:54:00";6.96
"Servidor-SPTECH";"ram";"ram_Usada";"GB";"2022-11-08 10:53:58";6.96
"Servidor-SPTECH";"ram";"ram_Usada";"GB";"2022-11-08 10:53:57";7.04
"Servidor-SPTECH";"ram";"ram_Usada";"GB";"2022-11-08 10:53:55";6.99
"Servidor-SPTECH";"ram";"ram_Usada";"GB";"2022-11-08 10:53:54";6.97
"Servidor-SPTECH";"ram";"ram_Usada";"GB";"2022-11-08 10:53:52";6.94
"Servidor-SPTECH";"ram";"ram_Usada";"GB";"2022-11-08 10:53:51";6.92
"Servidor-SPTECH";"ram";"ram_Usada";"GB";"2022-11-08 10:53:49";6.91
"Servidor-SPTECH";"ram";"ram_Usada";"GB";"2022-11-08 10:53:48";6.89
"Servidor-SPTECH";"ram";"ram_Usada";"GB";"2022-11-08 10:53:46";6.86
"Servidor-SPTECH";"ram";"ram_Usada";"GB";"2022-11-08 10:53:45";6.89
"Servidor-SPTECH";"ram";"ram_Usada";"GB";"2022-11-08 10:53:43";6.89
"Servidor-SPTECH";"ram";"ram_Usada";"GB";"2022-11-08 10:53:42";6.88
"Servidor-SPTECH";"ram";"ram_Usada";"GB";"2022-11-08 10:53:41";6.91
"Servidor-SPTECH";"ram";"ram_Usada";"GB";"2022-11-08 10:53:39";6.91
"Servidor-SPTECH";"ram";"ram_Usada";"GB";"2022-11-08 10:53:38";6.92
"Servidor-SPTECH";"ram";"ram_Usada";"GB";"2022-11-08 10:53:36";6.91
"Servidor-SPTECH";"ram";"ram_Usada";"GB";"2022-11-08 10:53:35";6.87
"Servidor-SPTECH";"ram";"ram_Usada";"GB";"2022-11-08 10:53:33";6.89
"Servidor-SPTECH";"ram";"ram_Usada";"GB";"2022-11-08 10:53:32";6.9
"Servidor-SPTECH";"ram";"ram_Usada";"GB";"2022-11-08 10:53:30";6.92
"Servidor-SPTECH";"ram";"ram_Usada";"GB";"2022-11-08 10:53:29";6.92
"Servidor-SPTECH";"ram";"ram_Usada";"GB";"2022-11-08 10:53:27";6.92
"Servidor-SPTECH";"ram";"ram_Usada";"GB";"2022-11-08 10:53:26";7.0
"Servidor-SPTECH";"ram";"ram_Usada";"GB";"2022-11-08 10:53:24";6.99
"Servidor-SPTECH";"ram";"ram_Usada";"GB";"2022-11-08 10:53:23";7.11
"Servidor-SPTECH";"ram";"ram_Usada";"GB";"2022-11-08 10:53:21";7.06
"Servidor-SPTECH";"ram";"ram_Usada";"GB";"2022-11-08 10:53:20";7.06
"Servidor-SPTECH";"ram";"ram_Usada";"GB";"2022-11-08 10:53:18";7.06
"Servidor-SPTECH";"ram";"ram_Usada";"GB";"2022-11-08 10:53:17";7.04
"Servidor-SPTECH";"ram";"ram_Usada";"GB";"2022-11-08 10:53:15";7.02
"Servidor-SPTECH";"ram";"ram_Usada";"GB";"2022-11-08 10:53:14";7.02
"Servidor-SPTECH";"ram";"ram_Usada";"GB";"2022-11-08 10:53:12";7.03
"Servidor-SPTECH";"ram";"ram_Usada";"GB";"2022-11-08 10:53:11";7.02
"Servidor-SPTECH";"ram";"ram_Usada";"GB";"2022-11-08 10:53:09";6.97
"Servidor-SPTECH";"ram";"ram_Usada";"GB";"2022-11-08 10:53:08";6.96
"Servidor-SPTECH";"ram";"ram_Usada";"GB";"2022-11-08 10:53:06";7.13
"Servidor-SPTECH";"ram";"ram_Usada";"GB";"2022-11-08 10:53:05";7.14
"Servidor-SPTECH";"ram";"ram_Usada";"GB";"2022-11-08 10:53:03";7.14
"Servidor-SPTECH";"ram";"ram_Usada";"GB";"2022-11-08 10:53:02";7.14
"Servidor-SPTECH";"ram";"ram_Usada";"GB";"2022-11-08 10:53:00";7.1
"Servidor-SPTECH";"ram";"ram_Usada";"GB";"2022-11-08 10:52:59";7.04
"Servidor-SPTECH";"ram";"ram_Usada";"GB";"2022-11-08 10:52:57";7.04
"Servidor-SPTECH";"ram";"ram_Usada";"GB";"2022-11-08 10:52:56";7.05
"Servidor-SPTECH";"ram";"ram_Usada";"GB";"2022-11-08 10:52:54";7.05
"Servidor-SPTECH";"ram";"ram_Usada";"GB";"2022-11-08 10:52:53";7.15
"Servidor-SPTECH";"ram";"ram_Usada";"GB";"2022-11-08 10:52:51";7.14
"Servidor-SPTECH";"ram";"ram_Usada";"GB";"2022-11-08 10:52:50";7.14
"Servidor-SPTECH";"ram";"ram_Usada";"GB";"2022-11-08 10:52:48";7.1
"Servidor-SPTECH";"ram";"ram_Usada";"GB";"2022-11-08 10:52:47";7.05
"Servidor-SPTECH";"ram";"ram_Usada";"GB";"2022-11-08 10:52:45";7.05
"Servidor-SPTECH";"ram";"ram_Usada";"GB";"2022-11-08 10:52:44";7.09
"Servidor-SPTECH";"ram";"ram_Usada";"GB";"2022-11-08 10:52:42";6.84
"Servidor-SPTECH";"ram";"ram_Usada";"GB";"2022-11-08 10:52:40";6.79
"Servidor-SPTECH";"ram";"ram_Usada";"GB";"2022-11-08 10:52:39";6.79
"Servidor-SPTECH";"ram";"ram_Usada";"GB";"2022-11-08 10:52:38";6.79
"Servidor-SPTECH";"ram";"ram_Usada";"GB";"2022-11-08 10:52:36";6.79
"Servidor-SPTECH";"ram";"ram_Usada";"GB";"2022-11-08 10:52:35";6.79
"Servidor-SPTECH";"ram";"ram_Usada";"GB";"2022-11-08 10:52:33";6.79
"Servidor-SPTECH";"ram";"ram_Usada";"GB";"2022-11-08 10:52:32";6.79
"Servidor-SPTECH";"ram";"ram_Usada";"GB";"2022-11-08 10:52:30";6.78
"Servidor-SPTECH";"ram";"ram_Usada";"GB";"2022-11-08 10:52:29";6.77
"Servidor-SPTECH";"ram";"ram_Usada";"GB";"2022-11-08 10:52:27";6.79
"Servidor-SPTECH";"ram";"ram_Usada";"GB";"2022-11-08 10:52:26";6.76
"Servidor-SPTECH";"ram";"ram_Usada";"GB";"2022-11-08 10:52:24";6.76
"Servidor-SPTECH";"ram";"ram_Usada";"GB";"2022-11-08 10:52:23";6.75
"Servidor-SPTECH";"ram";"ram_Usada";"GB";"2022-11-08 10:52:21";6.75
"Servidor-SPTECH";"ram";"ram_Usada";"GB";"2022-11-08 10:52:20";6.74
"Servidor-SPTECH";"ram";"ram_Usada";"GB";"2022-11-08 10:52:19";6.76
"Servidor-SPTECH";"ram";"ram_Usada";"GB";"2022-11-08 10:52:17";6.76
"Servidor-SPTECH";"ram";"ram_Usada";"GB";"2022-11-08 10:52:16";6.74
"Servidor-SPTECH";"ram";"ram_Usada";"GB";"2022-11-08 10:52:14";6.77
"Servidor-SPTECH";"ram";"ram_Usada";"GB";"2022-11-08 10:52:13";6.78
"Servidor-SPTECH";"ram";"ram_Usada";"GB";"2022-11-08 10:52:11";6.78
"Servidor-SPTECH";"ram";"ram_Usada";"GB";"2022-11-08 10:52:10";6.74
"Servidor-SPTECH";"ram";"ram_Usada";"GB";"2022-11-08 10:52:09";6.81
"Servidor-SPTECH";"ram";"ram_Usada";"GB";"2022-11-08 10:52:07";6.81
"Servidor-SPTECH";"ram";"ram_Usada";"GB";"2022-11-08 10:52:06";6.81
"Servidor-SPTECH";"ram";"ram_Usada";"GB";"2022-11-08 10:52:04";6.81
"Servidor-SPTECH";"ram";"ram_Usada";"GB";"2022-11-08 10:52:03";6.82
"Servidor-SPTECH";"ram";"ram_Usada";"GB";"2022-11-08 10:52:01";6.82
"Servidor-SPTECH";"ram";"ram_Usada";"GB";"2022-11-08 10:52:00";6.88
"Servidor-SPTECH";"ram";"ram_Usada";"GB";"2022-11-08 10:51:58";6.89
"Servidor-SPTECH";"ram";"ram_Usada";"GB";"2022-11-08 10:51:57";6.92
"Servidor-SPTECH";"ram";"ram_Usada";"GB";"2022-11-08 10:51:55";6.91
"Servidor-SPTECH";"ram";"ram_Usada";"GB";"2022-11-08 10:51:54";6.91
"Servidor-SPTECH";"ram";"ram_Usada";"GB";"2022-11-08 10:51:53";6.93
"Servidor-SPTECH";"ram";"ram_Usada";"GB";"2022-11-08 10:51:51";6.92
"Servidor-SPTECH";"ram";"ram_Usada";"GB";"2022-11-08 10:51:50";6.92
"Servidor-SPTECH";"ram";"ram_Usada";"GB";"2022-11-08 10:51:48";6.9
"Servidor-SPTECH";"ram";"ram_Usada";"GB";"2022-11-08 10:51:47";6.91
"Servidor-SPTECH";"ram";"ram_Usada";"GB";"2022-11-08 10:51:45";6.9
"Servidor-SPTECH";"ram";"ram_Usada";"GB";"2022-11-08 10:51:44";6.87
"Servidor-SPTECH";"ram";"ram_Usada";"GB";"2022-11-08 10:51:42";6.86
"Servidor-SPTECH";"ram";"ram_Usada";"GB";"2022-11-08 10:51:41";6.89
"Servidor-SPTECH";"ram";"ram_Usada";"GB";"2022-11-08 10:51:39";6.88
"Servidor-SPTECH";"ram";"ram_Usada";"GB";"2022-11-08 10:51:38";6.88
"Servidor-SPTECH";"ram";"ram_Usada";"GB";"2022-11-08 10:51:36";6.88
"Servidor-SPTECH";"ram";"ram_Usada";"GB";"2022-11-08 10:51:35";6.89
"Servidor-SPTECH";"ram";"ram_Usada";"GB";"2022-11-08 10:51:33";6.89
"Servidor-SPTECH";"ram";"ram_Usada";"GB";"2022-11-08 10:51:32";6.97
"Servidor-SPTECH";"ram";"ram_Usada";"GB";"2022-11-08 10:51:30";6.95
"Servidor-SPTECH";"ram";"ram_Usada";"GB";"2022-11-08 10:51:29";6.93
"Servidor-SPTECH";"ram";"ram_Usada";"GB";"2022-11-08 10:51:27";6.89
"Servidor-SPTECH";"ram";"ram_Usada";"GB";"2022-11-08 10:51:26";6.89
"Servidor-SPTECH";"ram";"ram_Usada";"GB";"2022-11-08 10:51:25";6.89
"Servidor-SPTECH";"ram";"ram_Usada";"GB";"2022-11-08 10:51:23";6.88
"Servidor-SPTECH";"ram";"ram_Usada";"GB";"2022-11-08 10:51:22";6.86
"Servidor-SPTECH";"ram";"ram_Usada";"GB";"2022-11-08 10:51:20";6.88
"Servidor-SPTECH";"ram";"ram_Usada";"GB";"2022-11-08 10:51:19";6.88
"Servidor-SPTECH";"ram";"ram_Usada";"GB";"2022-11-08 10:51:17";6.87
"Servidor-SPTECH";"ram";"ram_Usada";"GB";"2022-11-08 10:51:16";6.85
"Servidor-SPTECH";"ram";"ram_Usada";"GB";"2022-11-08 10:51:14";6.88
"Servidor-SPTECH";"ram";"ram_Usada";"GB";"2022-11-08 10:51:13";6.91
"Servidor-SPTECH";"ram";"ram_Usada";"GB";"2022-11-08 10:51:11";6.9
"Servidor-SPTECH";"ram";"ram_Usada";"GB";"2022-11-08 10:51:10";6.88
"Servidor-SPTECH";"ram";"ram_Usada";"GB";"2022-11-08 10:51:08";6.9
"Servidor-SPTECH";"ram";"ram_Usada";"GB";"2022-11-08 10:51:07";6.92
"Servidor-SPTECH";"ram";"ram_Usada";"GB";"2022-11-08 10:51:05";6.93
"Servidor-SPTECH";"ram";"ram_Usada";"GB";"2022-11-08 10:51:04";6.89
"Servidor-SPTECH";"ram";"ram_Usada";"GB";"2022-11-08 10:51:02";6.9
"Servidor-SPTECH";"ram";"ram_Usada";"GB";"2022-11-08 10:51:01";6.93
"Servidor-SPTECH";"ram";"ram_Usada";"GB";"2022-11-08 10:50:59";6.92
"Servidor-SPTECH";"ram";"ram_Usada";"GB";"2022-11-08 10:50:58";6.92
"Servidor-SPTECH";"ram";"ram_Usada";"GB";"2022-11-08 10:50:56";6.91
"Servidor-SPTECH";"ram";"ram_Usada";"GB";"2022-11-08 10:50:55";6.92
"Servidor-SPTECH";"ram";"ram_Usada";"GB";"2022-11-08 10:50:54";6.92
"Servidor-SPTECH";"ram";"ram_Usada";"GB";"2022-11-08 10:50:52";6.91
"Servidor-SPTECH";"ram";"ram_Usada";"GB";"2022-11-08 10:50:51";6.9
"Servidor-SPTECH";"ram";"ram_Usada";"GB";"2022-11-08 10:50:49";6.88
"Servidor-SPTECH";"ram";"ram_Usada";"GB";"2022-11-08 10:50:48";6.87
"Servidor-SPTECH";"ram";"ram_Usada";"GB";"2022-11-08 10:50:46";6.86
"Servidor-SPTECH";"ram";"ram_Usada";"GB";"2022-11-08 10:50:45";6.94
"Servidor-SPTECH";"ram";"ram_Usada";"GB";"2022-11-08 10:50:43";6.93
"Servidor-SPTECH";"ram";"ram_Usada";"GB";"2022-11-08 10:50:42";6.92
"Servidor-SPTECH";"ram";"ram_Usada";"GB";"2022-11-08 10:50:40";6.93
"Servidor-SPTECH";"ram";"ram_Usada";"GB";"2022-11-08 10:50:39";6.94
"Servidor-SPTECH";"ram";"ram_Usada";"GB";"2022-11-08 10:50:37";6.91
"Servidor-SPTECH";"ram";"ram_Usada";"GB";"2022-11-08 10:50:36";6.9
"Servidor-SPTECH";"ram";"ram_Usada";"GB";"2022-11-08 10:50:34";6.94
"Servidor-SPTECH";"ram";"ram_Usada";"GB";"2022-11-08 10:50:33";6.95
"Servidor-SPTECH";"ram";"ram_Usada";"GB";"2022-11-08 10:50:31";6.92
"Servidor-SPTECH";"ram";"ram_Usada";"GB";"2022-11-08 10:50:30";6.92
"Servidor-SPTECH";"ram";"ram_Usada";"GB";"2022-11-08 10:50:28";6.91
"Servidor-SPTECH";"ram";"ram_Usada";"GB";"2022-11-08 10:50:27";6.96
"Servidor-SPTECH";"ram";"ram_Usada";"GB";"2022-11-08 10:50:26";6.97
"Servidor-SPTECH";"ram";"ram_Usada";"GB";"2022-11-08 10:50:24";6.99
"Servidor-SPTECH";"ram";"ram_Usada";"GB";"2022-11-08 10:50:23";6.99
"Servidor-SPTECH";"ram";"ram_Usada";"GB";"2022-11-08 10:50:21";6.98
"Servidor-SPTECH";"ram";"ram_Usada";"GB";"2022-11-08 10:50:20";6.93
"Servidor-SPTECH";"ram";"ram_Usada";"GB";"2022-11-08 10:50:18";6.88
"Servidor-SPTECH";"ram";"ram_Usada";"GB";"2022-11-08 10:50:17";6.89
"Servidor-SPTECH";"ram";"ram_Usada";"GB";"2022-11-08 10:50:15";6.87
"Servidor-SPTECH";"ram";"ram_Usada";"GB";"2022-11-08 10:50:14";6.95
"Servidor-SPTECH";"ram";"ram_Usada";"GB";"2022-11-08 10:50:12";6.95
"Servidor-SPTECH";"ram";"ram_Usada";"GB";"2022-11-08 10:50:11";6.95
"Servidor-SPTECH";"ram";"ram_Usada";"GB";"2022-11-08 10:50:09";6.91
"Servidor-SPTECH";"ram";"ram_Usada";"GB";"2022-11-08 10:50:08";6.93
"Servidor-SPTECH";"ram";"ram_Usada";"GB";"2022-11-08 10:50:07";6.93
"Servidor-SPTECH";"ram";"ram_Usada";"GB";"2022-11-08 10:50:05";6.93
"Servidor-SPTECH";"ram";"ram_Usada";"GB";"2022-11-08 10:50:03";6.89
"Servidor-SPTECH";"ram";"ram_Usada";"GB";"2022-11-08 10:50:02";6.91
"Servidor-SPTECH";"ram";"ram_Usada";"GB";"2022-11-08 10:50:00";6.88
"Servidor-SPTECH";"ram";"ram_Usada";"GB";"2022-11-08 10:49:59";6.87
"Servidor-SPTECH";"ram";"ram_Usada";"GB";"2022-11-08 10:49:57";6.84
"Servidor-SPTECH";"ram";"ram_Usada";"GB";"2022-11-08 10:49:56";6.85
"Servidor-SPTECH";"ram";"ram_Usada";"GB";"2022-11-08 10:49:54";6.75
"Servidor-SPTECH";"ram";"ram_Usada";"GB";"2022-11-08 10:49:53";6.75
"Servidor-SPTECH";"ram";"ram_Usada";"GB";"2022-11-08 10:49:51";6.71
"Servidor-SPTECH";"ram";"ram_Usada";"GB";"2022-11-08 10:49:50";6.73
"Servidor-SPTECH";"ram";"ram_Usada";"GB";"2022-11-08 10:49:48";6.72
"Servidor-SPTECH";"ram";"ram_Usada";"GB";"2022-11-08 10:49:47";6.72
"Servidor-SPTECH";"ram";"ram_Usada";"GB";"2022-11-08 10:49:45";6.69
"Servidor-SPTECH";"ram";"ram_Usada";"GB";"2022-11-08 10:49:44";6.7
"Servidor-SPTECH";"ram";"ram_Usada";"GB";"2022-11-08 10:49:43";6.76
"Servidor-SPTECH";"ram";"ram_Usada";"GB";"2022-11-08 10:49:41";6.82
"Servidor-SPTECH";"ram";"ram_Usada";"GB";"2022-11-08 10:49:40";6.8
"Servidor-SPTECH";"ram";"ram_Usada";"GB";"2022-11-08 10:49:38";6.81
"Servidor-SPTECH";"ram";"ram_Usada";"GB";"2022-11-08 10:49:37";6.81
"Servidor-SPTECH";"ram";"ram_Usada";"GB";"2022-11-08 10:49:35";6.81
"Servidor-SPTECH";"ram";"ram_Usada";"GB";"2022-11-08 10:49:34";6.8
"Servidor-SPTECH";"ram";"ram_Usada";"GB";"2022-11-08 10:49:32";6.89
"Servidor-SPTECH";"ram";"ram_Usada";"GB";"2022-11-08 10:49:31";6.89
"Servidor-SPTECH";"ram";"ram_Usada";"GB";"2022-11-08 10:49:29";6.89
"Servidor-SPTECH";"ram";"ram_Usada";"GB";"2022-11-08 10:49:28";6.92
"Servidor-SPTECH";"ram";"ram_Usada";"GB";"2022-11-08 10:49:26";6.92
"Servidor-SPTECH";"ram";"ram_Usada";"GB";"2022-11-08 10:49:25";6.93
"Servidor-SPTECH";"ram";"ram_Usada";"GB";"2022-11-08 10:49:23";6.93
"Servidor-SPTECH";"ram";"ram_Usada";"GB";"2022-11-08 10:49:22";6.92
"Servidor-SPTECH";"ram";"ram_Usada";"GB";"2022-11-08 10:49:20";6.91
"Servidor-SPTECH";"ram";"ram_Usada";"GB";"2022-11-08 10:49:19";6.9
"Servidor-SPTECH";"ram";"ram_Usada";"GB";"2022-11-08 10:49:18";6.9
"Servidor-SPTECH";"ram";"ram_Usada";"GB";"2022-11-08 10:49:16";6.85
"Servidor-SPTECH";"ram";"ram_Usada";"GB";"2022-11-08 10:49:15";6.86
"Servidor-SPTECH";"ram";"ram_Usada";"GB";"2022-11-08 10:49:13";6.86
"Servidor-SPTECH";"ram";"ram_Usada";"GB";"2022-11-08 10:49:12";6.86
"Servidor-SPTECH";"ram";"ram_Usada";"GB";"2022-11-08 10:49:10";6.84
"Servidor-SPTECH";"ram";"ram_Usada";"GB";"2022-11-08 10:49:09";6.83
"Servidor-SPTECH";"ram";"ram_Usada";"GB";"2022-11-08 10:49:07";6.83
"Servidor-SPTECH";"ram";"ram_Usada";"GB";"2022-11-08 10:49:06";6.83
"Servidor-SPTECH";"ram";"ram_Usada";"GB";"2022-11-08 10:49:04";6.81
"Servidor-SPTECH";"ram";"ram_Usada";"GB";"2022-11-08 10:49:03";7.07
"Servidor-SPTECH";"ram";"ram_Usada";"GB";"2022-11-08 10:49:01";7.04
"Servidor-SPTECH";"ram";"ram_Usada";"GB";"2022-11-08 10:49:00";7.05
"Servidor-SPTECH";"ram";"ram_Usada";"GB";"2022-11-08 10:48:59";7.1
"Servidor-SPTECH";"ram";"ram_Usada";"GB";"2022-11-08 10:48:57";7.12
"Servidor-SPTECH";"ram";"ram_Usada";"GB";"2022-11-08 10:48:56";7.17
"Servidor-SPTECH";"ram";"ram_Usada";"GB";"2022-11-08 10:48:54";7.16
"Servidor-SPTECH";"ram";"ram_Usada";"GB";"2022-11-08 10:48:53";7.15
"Servidor-SPTECH";"ram";"ram_Usada";"GB";"2022-11-08 10:48:51";7.12
"Servidor-SPTECH";"ram";"ram_Usada";"GB";"2022-11-08 10:48:50";7.15
"Servidor-SPTECH";"ram";"ram_Usada";"GB";"2022-11-08 10:48:48";7.15
"Servidor-SPTECH";"ram";"ram_Usada";"GB";"2022-11-08 10:48:47";7.12
"Servidor-SPTECH";"ram";"ram_Usada";"GB";"2022-11-08 10:48:45";7.09
"Servidor-SPTECH";"ram";"ram_Usada";"GB";"2022-11-08 10:48:44";7.11
"Servidor-SPTECH";"ram";"ram_Usada";"GB";"2022-11-08 10:48:42";7.14
"Servidor-SPTECH";"ram";"ram_Usada";"GB";"2022-11-08 10:48:41";7.19
"Servidor-SPTECH";"ram";"ram_Usada";"GB";"2022-11-08 10:48:39";7.16
"Servidor-SPTECH";"ram";"ram_Usada";"GB";"2022-11-08 10:48:38";7.18
"Servidor-SPTECH";"ram";"ram_Usada";"GB";"2022-11-08 10:48:36";7.19
"Servidor-SPTECH";"ram";"ram_Usada";"GB";"2022-11-08 10:48:35";7.19
"Servidor-SPTECH";"ram";"ram_Usada";"GB";"2022-11-08 10:48:34";7.15
"Servidor-SPTECH";"ram";"ram_Usada";"GB";"2022-11-08 10:48:32";7.17
"Servidor-SPTECH";"ram";"ram_Usada";"GB";"2022-11-08 10:48:30";7.16
"Servidor-SPTECH";"ram";"ram_Usada";"GB";"2022-11-08 10:48:29";7.1
"Servidor-SPTECH";"ram";"ram_Usada";"GB";"2022-11-08 10:48:27";7.11
"Servidor-SPTECH";"ram";"ram_Usada";"GB";"2022-11-08 10:48:26";7.14
"Servidor-SPTECH";"ram";"ram_Usada";"GB";"2022-11-08 10:48:24";7.13
"Servidor-SPTECH";"ram";"ram_Usada";"GB";"2022-11-08 10:48:23";7.14
"Servidor-SPTECH";"ram";"ram_Usada";"GB";"2022-11-08 10:48:21";7.11
"Servidor-SPTECH";"ram";"ram_Usada";"GB";"2022-11-08 10:48:20";7.13
"Servidor-SPTECH";"ram";"ram_Usada";"GB";"2022-11-08 10:48:18";7.15
"Servidor-SPTECH";"ram";"ram_Usada";"GB";"2022-11-08 10:48:17";7.15
"Servidor-SPTECH";"ram";"ram_Usada";"GB";"2022-11-08 10:48:15";7.17
"Servidor-SPTECH";"ram";"ram_Usada";"GB";"2022-11-08 10:48:14";7.11
"Servidor-SPTECH";"ram";"ram_Usada";"GB";"2022-11-08 10:48:12";7.08
"Servidor-SPTECH";"ram";"ram_Usada";"GB";"2022-11-08 10:48:11";7.14
"Servidor-SPTECH";"ram";"ram_Usada";"GB";"2022-11-08 10:48:09";7.11
"Servidor-SPTECH";"ram";"ram_Usada";"GB";"2022-11-08 10:48:07";7.24
"Servidor-SPTECH";"ram";"ram_Usada";"GB";"2022-11-08 10:48:06";7.38
"Servidor-SPTECH";"ram";"ram_Usada";"GB";"2022-11-08 10:48:04";7.43
"Servidor-SPTECH";"ram";"ram_Usada";"GB";"2022-11-08 10:48:03";7.33
"Servidor-SPTECH";"ram";"ram_Usada";"GB";"2022-11-08 10:48:01";7.33
"Servidor-SPTECH";"ram";"ram_Usada";"GB";"2022-11-08 10:48:00";7.35
"Servidor-SPTECH";"ram";"ram_Usada";"GB";"2022-11-08 10:47:58";7.32
"Servidor-SPTECH";"ram";"ram_Usada";"GB";"2022-11-08 10:47:57";7.33
"Servidor-SPTECH";"ram";"ram_Usada";"GB";"2022-11-08 10:47:55";7.24
"Servidor-SPTECH";"ram";"ram_Usada";"GB";"2022-11-08 10:47:54";7.25
"Servidor-SPTECH";"ram";"ram_Usada";"GB";"2022-11-08 10:47:52";7.26
"Servidor-SPTECH";"ram";"ram_Usada";"GB";"2022-11-08 10:47:51";7.24
"Servidor-SPTECH";"ram";"ram_Usada";"GB";"2022-11-08 10:47:49";7.23
"Servidor-SPTECH";"ram";"ram_Usada";"GB";"2022-11-08 10:47:48";7.23
"Servidor-SPTECH";"ram";"ram_Usada";"GB";"2022-11-08 10:47:46";7.23
"Servidor-SPTECH";"ram";"ram_Usada";"GB";"2022-11-08 10:47:45";7.22
"Servidor-SPTECH";"ram";"ram_Usada";"GB";"2022-11-08 10:47:43";7.24
"Servidor-SPTECH";"ram";"ram_Usada";"GB";"2022-11-08 10:47:42";7.22
"Servidor-SPTECH";"ram";"ram_Usada";"GB";"2022-11-08 10:47:40";7.24
"Servidor-SPTECH";"ram";"ram_Usada";"GB";"2022-11-08 10:47:39";7.19
"Servidor-SPTECH";"ram";"ram_Usada";"GB";"2022-11-08 10:47:37";7.2
"Servidor-SPTECH";"ram";"ram_Usada";"GB";"2022-11-08 10:47:36";7.2
"Servidor-SPTECH";"ram";"ram_Usada";"GB";"2022-11-08 10:47:34";7.23
"Servidor-SPTECH";"ram";"ram_Usada";"GB";"2022-11-08 10:47:33";7.2
"Servidor-SPTECH";"ram";"ram_Usada";"GB";"2022-11-08 10:47:32";7.23
"Servidor-SPTECH";"ram";"ram_Usada";"GB";"2022-11-08 10:47:30";7.22
"Servidor-SPTECH";"ram";"ram_Usada";"GB";"2022-11-08 10:47:29";7.22
"Servidor-SPTECH";"ram";"ram_Usada";"GB";"2022-11-08 10:47:27";7.2
"Servidor-SPTECH";"ram";"ram_Usada";"GB";"2022-11-08 10:47:26";7.23
"Servidor-SPTECH";"ram";"ram_Usada";"GB";"2022-11-08 10:47:24";7.23
"Servidor-SPTECH";"ram";"ram_Usada";"GB";"2022-11-08 10:47:23";7.25
"Servidor-SPTECH";"ram";"ram_Usada";"GB";"2022-11-08 10:47:21";7.25
"Servidor-SPTECH";"ram";"ram_Usada";"GB";"2022-11-08 10:47:20";7.26
"Servidor-SPTECH";"ram";"ram_Usada";"GB";"2022-11-08 10:47:19";7.26
"Servidor-SPTECH";"ram";"ram_Usada";"GB";"2022-11-08 10:47:17";7.27
"Servidor-SPTECH";"ram";"ram_Usada";"GB";"2022-11-08 10:47:15";7.27
"Servidor-SPTECH";"ram";"ram_Usada";"GB";"2022-11-08 10:47:14";7.27
"Servidor-SPTECH";"ram";"ram_Usada";"GB";"2022-11-08 10:47:12";7.24
"Servidor-SPTECH";"ram";"ram_Usada";"GB";"2022-11-08 10:47:11";7.2
"Servidor-SPTECH";"ram";"ram_Usada";"GB";"2022-11-08 10:47:09";7.19
"Servidor-SPTECH";"ram";"ram_Usada";"GB";"2022-11-08 10:47:08";7.17
"Servidor-SPTECH";"ram";"ram_Usada";"GB";"2022-11-08 10:47:06";7.17
"Servidor-SPTECH";"ram";"ram_Usada";"GB";"2022-11-08 10:47:05";7.18
"Servidor-SPTECH";"ram";"ram_Usada";"GB";"2022-11-08 10:47:04";7.18
"Servidor-SPTECH";"ram";"ram_Usada";"GB";"2022-11-08 10:47:02";7.18
"Servidor-SPTECH";"ram";"ram_Usada";"GB";"2022-11-08 10:47:01";7.17
"Servidor-SPTECH";"ram";"ram_Usada";"GB";"2022-11-08 10:46:59";7.17
"Servidor-SPTECH";"ram";"ram_Usada";"GB";"2022-11-08 10:46:58";7.15
"Servidor-SPTECH";"ram";"ram_Usada";"GB";"2022-11-08 10:46:56";7.15
"Servidor-SPTECH";"ram";"ram_Usada";"GB";"2022-11-08 10:46:55";7.16
"Servidor-SPTECH";"ram";"ram_Usada";"GB";"2022-11-08 10:46:53";7.16
"Servidor-SPTECH";"ram";"ram_Usada";"GB";"2022-11-08 10:46:52";7.14
"Servidor-SPTECH";"ram";"ram_Usada";"GB";"2022-11-08 10:46:51";7.12
"Servidor-SPTECH";"ram";"ram_Usada";"GB";"2022-11-08 10:46:49";7.14
"Servidor-SPTECH";"ram";"ram_Usada";"GB";"2022-11-08 10:46:48";7.14
"Servidor-SPTECH";"ram";"ram_Usada";"GB";"2022-11-08 10:46:46";7.14
"Servidor-SPTECH";"ram";"ram_Usada";"GB";"2022-11-08 10:46:45";7.09
"Servidor-SPTECH";"ram";"ram_Usada";"GB";"2022-11-08 10:46:43";7.12
"Servidor-SPTECH";"ram";"ram_Usada";"GB";"2022-11-08 10:46:42";7.11
"Servidor-SPTECH";"ram";"ram_Usada";"GB";"2022-11-08 10:46:40";7.12
"Servidor-SPTECH";"ram";"ram_Usada";"GB";"2022-11-08 10:46:39";7.09
"Servidor-SPTECH";"ram";"ram_Usada";"GB";"2022-11-08 10:46:38";7.13
"Servidor-SPTECH";"ram";"ram_Usada";"GB";"2022-11-08 10:46:36";7.13
"Servidor-SPTECH";"ram";"ram_Usada";"GB";"2022-11-08 10:46:35";7.13
"Servidor-SPTECH";"ram";"ram_Usada";"GB";"2022-11-08 10:46:33";7.14
"Servidor-SPTECH";"ram";"ram_Usada";"GB";"2022-11-08 10:46:32";7.14
"Servidor-SPTECH";"ram";"ram_Usada";"GB";"2022-11-08 10:46:30";7.11
"Servidor-SPTECH";"ram";"ram_Usada";"GB";"2022-11-08 10:46:29";7.11
"Servidor-SPTECH";"ram";"ram_Usada";"GB";"2022-11-08 10:46:27";7.11
"Servidor-SPTECH";"ram";"ram_Usada";"GB";"2022-11-08 10:46:26";7.14
"Servidor-SPTECH";"ram";"ram_Usada";"GB";"2022-11-08 10:46:25";7.15
"Servidor-SPTECH";"ram";"ram_Usada";"GB";"2022-11-08 10:46:23";7.18
"Servidor-SPTECH";"ram";"ram_Usada";"GB";"2022-11-08 10:46:22";7.22
"Servidor-SPTECH";"ram";"ram_Usada";"GB";"2022-11-08 10:46:20";7.22
"Servidor-SPTECH";"ram";"ram_Usada";"GB";"2022-11-08 10:46:19";7.22
"Servidor-SPTECH";"ram";"ram_Usada";"GB";"2022-11-08 10:46:17";7.23
"Servidor-SPTECH";"ram";"ram_Usada";"GB";"2022-11-08 10:46:16";7.22
"Servidor-SPTECH";"ram";"ram_Usada";"GB";"2022-11-08 10:46:14";7.2
"Servidor-SPTECH";"ram";"ram_Usada";"GB";"2022-11-08 10:46:13";7.29
"Servidor-SPTECH";"ram";"ram_Usada";"GB";"2022-11-08 10:46:12";7.29
"Servidor-SPTECH";"ram";"ram_Usada";"GB";"2022-11-08 10:46:10";7.29
"Servidor-SPTECH";"ram";"ram_Usada";"GB";"2022-11-08 10:46:09";7.24
"Servidor-SPTECH";"ram";"ram_Usada";"GB";"2022-11-08 10:46:07";7.14
"Servidor-SPTECH";"ram";"ram_Usada";"GB";"2022-11-08 10:46:05";7.19
"Servidor-SPTECH";"ram";"ram_Usada";"GB";"2022-11-08 10:46:04";7.24
"Servidor-SPTECH";"ram";"ram_Usada";"GB";"2022-11-08 10:46:02";7.26
"Servidor-SPTECH";"ram";"ram_Usada";"GB";"2022-11-08 10:46:01";7.28
"Servidor-SPTECH";"ram";"ram_Usada";"GB";"2022-11-08 10:46:00";7.28
"Servidor-SPTECH";"ram";"ram_Usada";"GB";"2022-11-08 10:45:58";7.29
"Servidor-SPTECH";"ram";"ram_Usada";"GB";"2022-11-08 10:45:57";7.27
"Servidor-SPTECH";"ram";"ram_Usada";"GB";"2022-11-08 10:45:55";7.3
"Servidor-SPTECH";"ram";"ram_Usada";"GB";"2022-11-08 10:45:53";7.29
"Servidor-SPTECH";"ram";"ram_Usada";"GB";"2022-11-08 10:45:52";7.3
"Servidor-SPTECH";"ram";"ram_Usada";"GB";"2022-11-08 10:45:50";7.26
"Servidor-SPTECH";"ram";"ram_Usada";"GB";"2022-11-08 10:45:49";7.3
"Servidor-SPTECH";"ram";"ram_Usada";"GB";"2022-11-08 10:45:48";7.27
"Servidor-SPTECH";"ram";"ram_Usada";"GB";"2022-11-08 10:45:46";7.12
"Servidor-SPTECH";"ram";"ram_Usada";"GB";"2022-11-08 10:45:44";7.16
"Servidor-SPTECH";"ram";"ram_Usada";"GB";"2022-11-08 10:45:43";7.19
"Servidor-SPTECH";"ram";"ram_Usada";"GB";"2022-11-08 10:45:41";7.22
"Servidor-SPTECH";"ram";"ram_Usada";"GB";"2022-11-08 10:45:40";7.26
"Servidor-SPTECH";"ram";"ram_Usada";"GB";"2022-11-08 10:45:38";7.23
"Servidor-SPTECH";"ram";"ram_Usada";"GB";"2022-11-08 10:45:37";7.26
"Servidor-SPTECH";"ram";"ram_Usada";"GB";"2022-11-08 10:45:36";7.28
"Servidor-SPTECH";"ram";"ram_Usada";"GB";"2022-11-08 10:45:34";7.28
"Servidor-SPTECH";"ram";"ram_Usada";"GB";"2022-11-08 10:45:33";7.3
"Servidor-SPTECH";"ram";"ram_Usada";"GB";"2022-11-08 10:45:31";7.32
"Servidor-SPTECH";"ram";"ram_Usada";"GB";"2022-11-08 10:45:30";7.32
"Servidor-SPTECH";"ram";"ram_Usada";"GB";"2022-11-08 10:45:28";7.32
"Servidor-SPTECH";"ram";"ram_Usada";"GB";"2022-11-08 10:45:27";7.31
"Servidor-SPTECH";"ram";"ram_Usada";"GB";"2022-11-08 10:45:25";7.36
"Servidor-SPTECH";"ram";"ram_Usada";"GB";"2022-11-08 10:45:23";7.29
"Servidor-SPTECH";"ram";"ram_Usada";"GB";"2022-11-08 10:45:21";7.22
"Servidor-SPTECH";"ram";"ram_Usada";"GB";"2022-11-08 10:45:20";7.19
"Servidor-SPTECH";"ram";"ram_Usada";"GB";"2022-11-08 10:45:18";7.2
"Servidor-SPTECH";"ram";"ram_Usada";"GB";"2022-11-08 10:45:17";7.2
"Servidor-SPTECH";"ram";"ram_Usada";"GB";"2022-11-08 10:45:16";7.21
"Servidor-SPTECH";"ram";"ram_Usada";"GB";"2022-11-08 10:45:14";7.19
"Servidor-SPTECH";"ram";"ram_Usada";"GB";"2022-11-08 10:45:12";7.18
"Servidor-SPTECH";"ram";"ram_Usada";"GB";"2022-11-08 10:45:11";7.17
"Servidor-SPTECH";"ram";"ram_Usada";"GB";"2022-11-08 10:45:10";7.18
"Servidor-SPTECH";"ram";"ram_Usada";"GB";"2022-11-08 10:45:08";7.18
"Servidor-SPTECH";"ram";"ram_Usada";"GB";"2022-11-08 10:45:07";7.17
"Servidor-SPTECH";"ram";"ram_Usada";"GB";"2022-11-08 10:45:05";7.17
"Servidor-SPTECH";"ram";"ram_Usada";"GB";"2022-11-08 10:45:04";7.16
"Servidor-SPTECH";"ram";"ram_Usada";"GB";"2022-11-08 10:45:02";7.17
"Servidor-SPTECH";"ram";"ram_Usada";"GB";"2022-11-08 10:45:01";7.21
"Servidor-SPTECH";"ram";"ram_Usada";"GB";"2022-11-08 10:44:59";7.24
"Servidor-SPTECH";"ram";"ram_Usada";"GB";"2022-11-08 10:44:58";7.27
"Servidor-SPTECH";"ram";"ram_Usada";"GB";"2022-11-08 10:44:57";7.28
"Servidor-SPTECH";"ram";"ram_Usada";"GB";"2022-11-08 10:44:55";7.31
"Servidor-SPTECH";"ram";"ram_Usada";"GB";"2022-11-08 10:44:54";7.26
"Servidor-SPTECH";"ram";"ram_Usada";"GB";"2022-11-08 10:44:52";7.31
"Servidor-SPTECH";"ram";"ram_Usada";"GB";"2022-11-08 10:44:50";7.25
"Servidor-SPTECH";"ram";"ram_Usada";"GB";"2022-11-08 10:44:49";7.3
"Servidor-SPTECH";"ram";"ram_Usada";"GB";"2022-11-08 10:44:47";7.3
"Servidor-SPTECH";"ram";"ram_Usada";"GB";"2022-11-08 10:44:46";7.27
"Servidor-SPTECH";"ram";"ram_Usada";"GB";"2022-11-08 10:44:44";7.25
"Servidor-SPTECH";"ram";"ram_Usada";"GB";"2022-11-08 10:44:43";7.21
"Servidor-SPTECH";"ram";"ram_Usada";"GB";"2022-11-08 10:44:41";7.28
"Servidor-SPTECH";"ram";"ram_Usada";"GB";"2022-11-08 10:44:40";7.28
"Servidor-SPTECH";"ram";"ram_Usada";"GB";"2022-11-08 10:44:38";7.25
"Servidor-SPTECH";"ram";"ram_Usada";"GB";"2022-11-08 10:44:37";7.27
"Servidor-SPTECH";"ram";"ram_Usada";"GB";"2022-11-08 10:44:35";7.31
"Servidor-SPTECH";"ram";"ram_Usada";"GB";"2022-11-08 10:44:34";7.31
"Servidor-SPTECH";"ram";"ram_Usada";"GB";"2022-11-08 10:44:33";7.29
"Servidor-SPTECH";"ram";"ram_Usada";"GB";"2022-11-08 10:44:31";7.34
"Servidor-SPTECH";"ram";"ram_Usada";"GB";"2022-11-08 10:44:30";7.35
"Servidor-SPTECH";"ram";"ram_Usada";"GB";"2022-11-08 10:44:28";7.35
"Servidor-SPTECH";"ram";"ram_Usada";"GB";"2022-11-08 10:44:27";7.34
"Servidor-SPTECH";"ram";"ram_Usada";"GB";"2022-11-08 10:44:25";7.33
"Servidor-SPTECH";"ram";"ram_Usada";"GB";"2022-11-08 10:44:23";7.24
"Servidor-SPTECH";"ram";"ram_Usada";"GB";"2022-11-08 10:44:22";7.26
"Servidor-SPTECH";"ram";"ram_Usada";"GB";"2022-11-08 10:44:20";7.24
"Servidor-SPTECH";"ram";"ram_Usada";"GB";"2022-11-08 10:44:19";7.25
"Servidor-SPTECH";"ram";"ram_Usada";"GB";"2022-11-08 10:44:17";7.22
"Servidor-SPTECH";"ram";"ram_Usada";"GB";"2022-11-08 10:44:16";7.25
"Servidor-SPTECH";"ram";"ram_Usada";"GB";"2022-11-08 10:44:14";7.25
"Servidor-SPTECH";"ram";"ram_Usada";"GB";"2022-11-08 10:44:12";7.34
"Servidor-SPTECH";"ram";"ram_Usada";"GB";"2022-11-08 10:44:11";7.35
"Servidor-SPTECH";"ram";"ram_Usada";"GB";"2022-11-08 10:44:09";7.36
"Servidor-SPTECH";"ram";"ram_Usada";"GB";"2022-11-08 10:44:08";7.37
"Servidor-SPTECH";"ram";"ram_Usada";"GB";"2022-11-08 10:44:06";7.3
"Servidor-SPTECH";"ram";"ram_Usada";"GB";"2022-11-08 10:44:05";7.28
"Servidor-SPTECH";"ram";"ram_Usada";"GB";"2022-11-08 10:44:03";7.29
"Servidor-SPTECH";"ram";"ram_Usada";"GB";"2022-11-08 10:44:02";7.27
"Servidor-SPTECH";"ram";"ram_Usada";"GB";"2022-11-08 10:44:00";7.25
"Servidor-SPTECH";"ram";"ram_Usada";"GB";"2022-11-08 10:43:58";7.24
"Servidor-SPTECH";"ram";"ram_Usada";"GB";"2022-11-08 10:43:57";7.24
"Servidor-SPTECH";"ram";"ram_Usada";"GB";"2022-11-08 10:43:56";7.24
"Servidor-SPTECH";"ram";"ram_Usada";"GB";"2022-11-08 10:43:54";7.24
"Servidor-SPTECH";"ram";"ram_Usada";"GB";"2022-11-08 10:43:53";7.26
"Servidor-SPTECH";"ram";"ram_Usada";"GB";"2022-11-08 10:43:51";7.24
"Servidor-SPTECH";"ram";"ram_Usada";"GB";"2022-11-08 10:43:50";7.25
"Servidor-SPTECH";"ram";"ram_Usada";"GB";"2022-11-08 10:43:48";7.24
"Servidor-SPTECH";"ram";"ram_Usada";"GB";"2022-11-08 10:43:47";7.23
"Servidor-SPTECH";"ram";"ram_Usada";"GB";"2022-11-08 10:43:45";7.24
"Servidor-SPTECH";"ram";"ram_Usada";"GB";"2022-11-08 10:43:44";7.22
"Servidor-SPTECH";"ram";"ram_Usada";"GB";"2022-11-08 10:43:42";7.22
"Servidor-SPTECH";"ram";"ram_Usada";"GB";"2022-11-08 10:43:41";7.26
"Servidor-SPTECH";"ram";"ram_Usada";"GB";"2022-11-08 10:43:39";7.25
"Servidor-SPTECH";"ram";"ram_Usada";"GB";"2022-11-08 10:43:38";7.22
"Servidor-SPTECH";"ram";"ram_Usada";"GB";"2022-11-08 10:43:36";7.25
"Servidor-SPTECH";"ram";"ram_Usada";"GB";"2022-11-08 10:43:35";7.26
"Servidor-SPTECH";"ram";"ram_Usada";"GB";"2022-11-08 10:43:34";7.25
"Servidor-SPTECH";"ram";"ram_Usada";"GB";"2022-11-08 10:43:32";7.29
"Servidor-SPTECH";"ram";"ram_Usada";"GB";"2022-11-08 10:43:31";7.28
"Servidor-SPTECH";"ram";"ram_Usada";"GB";"2022-11-08 10:43:29";7.28
"Servidor-SPTECH";"ram";"ram_Usada";"GB";"2022-11-08 10:43:28";7.27
"Servidor-SPTECH";"ram";"ram_Usada";"GB";"2022-11-08 10:43:26";7.23
"Servidor-SPTECH";"ram";"ram_Usada";"GB";"2022-11-08 10:43:25";7.26
"Servidor-SPTECH";"ram";"ram_Usada";"GB";"2022-11-08 10:43:24";7.27
"Servidor-SPTECH";"ram";"ram_Usada";"GB";"2022-11-08 10:43:22";7.31
"Servidor-SPTECH";"ram";"ram_Usada";"GB";"2022-11-08 10:43:21";7.32
"Servidor-SPTECH";"ram";"ram_Usada";"GB";"2022-11-08 10:43:19";7.3
"Servidor-SPTECH";"ram";"ram_Usada";"GB";"2022-11-08 10:43:18";7.3
"Servidor-SPTECH";"ram";"ram_Usada";"GB";"2022-11-08 10:43:16";7.29
"Servidor-SPTECH";"ram";"ram_Usada";"GB";"2022-11-08 10:43:15";7.25
"Servidor-SPTECH";"ram";"ram_Usada";"GB";"2022-11-08 10:43:13";7.29
"Servidor-SPTECH";"ram";"ram_Usada";"GB";"2022-11-08 10:43:11";7.28
"Servidor-SPTECH";"ram";"ram_Usada";"GB";"2022-11-08 10:43:10";7.26
"Servidor-SPTECH";"ram";"ram_Usada";"GB";"2022-11-08 10:43:08";7.17
"Servidor-SPTECH";"ram";"ram_Usada";"GB";"2022-11-08 10:43:07";7.24
"Servidor-SPTECH";"ram";"ram_Usada";"GB";"2022-11-08 10:43:05";7.3
"Servidor-SPTECH";"ram";"ram_Usada";"GB";"2022-11-08 10:43:04";7.31
"Servidor-SPTECH";"ram";"ram_Usada";"GB";"2022-11-08 10:43:02";7.35
"Servidor-SPTECH";"ram";"ram_Usada";"GB";"2022-11-08 10:43:01";7.37
"Servidor-SPTECH";"ram";"ram_Usada";"GB";"2022-11-08 10:42:59";7.34
"Servidor-SPTECH";"ram";"ram_Usada";"GB";"2022-11-08 10:42:57";7.3
"Servidor-SPTECH";"ram";"ram_Usada";"GB";"2022-11-08 10:42:56";7.29
"Servidor-SPTECH";"ram";"ram_Usada";"GB";"2022-11-08 10:42:55";7.41
"Servidor-SPTECH";"ram";"ram_Usada";"GB";"2022-11-08 10:42:53";7.3
"Servidor-SPTECH";"ram";"ram_Usada";"GB";"2022-11-08 10:42:52";7.27
"Servidor-SPTECH";"ram";"ram_Usada";"GB";"2022-11-08 10:42:50";7.15
"Servidor-SPTECH";"ram";"ram_Usada";"GB";"2022-11-08 10:42:49";7.16
"Servidor-SPTECH";"ram";"ram_Usada";"GB";"2022-11-08 10:42:47";7.17
"Servidor-SPTECH";"ram";"ram_Usada";"GB";"2022-11-08 10:42:46";7.21
"Servidor-SPTECH";"ram";"ram_Usada";"GB";"2022-11-08 10:42:44";7.21
"Servidor-SPTECH";"ram";"ram_Usada";"GB";"2022-11-08 10:42:42";7.22
"Servidor-SPTECH";"ram";"ram_Usada";"GB";"2022-11-08 10:42:40";7.18
"Servidor-SPTECH";"ram";"ram_Usada";"GB";"2022-11-08 10:42:38";7.19
"Servidor-SPTECH";"ram";"ram_Usada";"GB";"2022-11-08 10:42:37";7.21
"Servidor-SPTECH";"ram";"ram_Usada";"GB";"2022-11-08 10:42:35";7.28
"Servidor-SPTECH";"ram";"ram_Usada";"GB";"2022-11-08 10:42:34";7.29
"Servidor-SPTECH";"ram";"ram_Usada";"GB";"2022-11-08 10:42:32";7.29
"Servidor-SPTECH";"ram";"ram_Usada";"GB";"2022-11-08 10:42:30";7.23
"Servidor-SPTECH";"ram";"ram_Usada";"GB";"2022-11-08 10:42:29";7.15
"Servidor-SPTECH";"ram";"ram_Usada";"GB";"2022-11-08 10:42:27";7.02
"Servidor-SPTECH";"ram";"ram_Usada";"GB";"2022-11-08 10:42:26";7.03
"Servidor-SPTECH";"ram";"ram_Usada";"GB";"2022-11-08 10:42:24";7.04
"Servidor-SPTECH";"ram";"ram_Usada";"GB";"2022-11-08 10:42:23";7.03
"Servidor-SPTECH";"ram";"ram_Usada";"GB";"2022-11-08 10:42:21";7.02
"Servidor-SPTECH";"ram";"ram_Usada";"GB";"2022-11-08 10:42:19";7.07
"Servidor-SPTECH";"ram";"ram_Usada";"GB";"2022-11-08 10:42:18";7.04
"Servidor-SPTECH";"ram";"ram_Usada";"GB";"2022-11-08 10:42:16";7.02
"Servidor-SPTECH";"ram";"ram_Usada";"GB";"2022-11-08 10:42:15";7.07
"Servidor-SPTECH";"ram";"ram_Usada";"GB";"2022-11-08 10:42:13";7.08
"Servidor-SPTECH";"ram";"ram_Usada";"GB";"2022-11-08 10:42:12";6.94
"Servidor-SPTECH";"ram";"ram_Usada";"GB";"2022-11-08 10:42:10";6.78
"Servidor-SPTECH";"ram";"ram_Usada";"GB";"2022-11-08 10:42:08";6.4
"Servidor-SPTECH";"ram";"ram_Usada";"GB";"2022-11-08 10:42:06";6.42
"Servidor-SPTECH";"ram";"ram_Usada";"GB";"2022-11-08 10:42:05";6.51
"Servidor-SPTECH";"ram";"ram_Usada";"GB";"2022-11-08 10:42:03";6.37
"Servidor-SPTECH";"ram";"ram_Usada";"GB";"2022-11-08 10:42:02";6.3
"Servidor-SPTECH";"ram";"ram_Usada";"GB";"2022-11-08 10:42:00";6.3
"Servidor-SPTECH";"ram";"ram_Usada";"GB";"2022-11-08 10:41:59";6.29
"Servidor-SPTECH";"ram";"ram_Usada";"GB";"2022-11-08 10:41:57";6.27
"Servidor-SPTECH";"ram";"ram_Usada";"GB";"2022-11-08 10:41:56";6.26
"Servidor-SPTECH";"ram";"ram_Usada";"GB";"2022-11-08 10:41:54";6.24
"Servidor-SPTECH";"ram";"ram_Usada";"GB";"2022-11-08 10:41:53";6.23
"Servidor-SPTECH";"ram";"ram_Usada";"GB";"2022-11-08 10:41:51";6.2
"Servidor-SPTECH";"ram";"ram_Usada";"GB";"2022-11-08 10:41:50";6.21
"Servidor-SPTECH";"ram";"ram_Usada";"GB";"2022-11-08 10:41:48";6.21
"Servidor-SPTECH";"ram";"ram_Usada";"GB";"2022-11-08 10:41:46";6.2
"Servidor-SPTECH";"ram";"ram_Usada";"GB";"2022-11-08 10:41:45";6.18
"Servidor-SPTECH";"ram";"ram_Usada";"GB";"2022-11-08 10:41:43";6.18
"Servidor-SPTECH";"ram";"ram_Usada";"GB";"2022-11-08 10:41:42";6.18
"Servidor-SPTECH";"ram";"ram_Usada";"GB";"2022-11-08 10:41:41";6.21
"Servidor-SPTECH";"ram";"ram_Usada";"GB";"2022-11-08 10:41:39";6.21
"Servidor-SPTECH";"ram";"ram_Usada";"GB";"2022-11-08 10:41:38";6.27
"Servidor-SPTECH";"ram";"ram_Usada";"GB";"2022-11-08 10:41:36";6.3
"Servidor-SPTECH";"ram";"ram_Usada";"GB";"2022-11-08 10:41:35";6.31
"Servidor-SPTECH";"ram";"ram_Usada";"GB";"2022-11-08 10:41:33";6.3
"Servidor-SPTECH";"ram";"ram_Usada";"GB";"2022-11-08 10:41:31";6.27
"Servidor-SPTECH";"ram";"ram_Usada";"GB";"2022-11-08 10:41:30";6.26
"Servidor-SPTECH";"ram";"ram_Usada";"GB";"2022-11-08 10:41:28";6.23
"Servidor-SPTECH";"ram";"ram_Usada";"GB";"2022-11-08 10:41:27";6.21
"Servidor-SPTECH";"ram";"ram_Usada";"GB";"2022-11-08 10:41:25";6.27
"Servidor-SPTECH";"ram";"ram_Usada";"GB";"2022-11-08 10:41:24";6.26
"Servidor-SPTECH";"ram";"ram_Usada";"GB";"2022-11-08 10:41:22";6.26
"Servidor-SPTECH";"ram";"ram_Usada";"GB";"2022-11-08 10:41:21";6.28
"Servidor-SPTECH";"ram";"ram_Usada";"GB";"2022-11-08 10:41:19";6.34
"Servidor-SPTECH";"ram";"ram_Usada";"GB";"2022-11-08 10:41:18";6.34
"Servidor-SPTECH";"ram";"ram_Usada";"GB";"2022-11-08 10:41:16";6.34
"Servidor-SPTECH";"ram";"ram_Usada";"GB";"2022-11-08 10:41:15";6.32
"Servidor-SPTECH";"ram";"ram_Usada";"GB";"2022-11-08 10:41:13";6.29
"Servidor-SPTECH";"ram";"ram_Usada";"GB";"2022-11-08 10:41:12";6.3
"Servidor-SPTECH";"ram";"ram_Usada";"GB";"2022-11-08 10:41:10";6.29
"Servidor-SPTECH";"ram";"ram_Usada";"GB";"2022-11-08 10:41:09";6.28
"Servidor-SPTECH";"ram";"ram_Usada";"GB";"2022-11-08 10:41:07";6.26
"Servidor-SPTECH";"ram";"ram_Usada";"GB";"2022-11-08 10:41:06";6.26
"Servidor-SPTECH";"ram";"ram_Usada";"GB";"2022-11-08 10:41:04";6.26
"Servidor-SPTECH";"ram";"ram_Usada";"GB";"2022-11-08 10:41:03";6.24
"Servidor-SPTECH";"ram";"ram_Usada";"GB";"2022-11-08 10:41:02";6.24
"Servidor-SPTECH";"ram";"ram_Usada";"GB";"2022-11-08 10:41:00";6.23
"Servidor-SPTECH";"ram";"ram_Usada";"GB";"2022-11-08 10:40:59";6.22
"Servidor-SPTECH";"ram";"ram_Usada";"GB";"2022-11-08 10:40:57";6.23
"Servidor-SPTECH";"ram";"ram_Usada";"GB";"2022-11-08 10:40:56";6.19
"Servidor-SPTECH";"ram";"ram_Usada";"GB";"2022-11-08 10:40:54";6.2
"Servidor-SPTECH";"ram";"ram_Usada";"GB";"2022-11-08 10:40:53";6.21
"Servidor-SPTECH";"ram";"ram_Usada";"GB";"2022-11-08 10:40:51";6.2
"Servidor-SPTECH";"ram";"ram_Usada";"GB";"2022-11-08 10:40:50";6.2
"Servidor-SPTECH";"ram";"ram_Usada";"GB";"2022-11-08 10:40:48";6.22
"Servidor-SPTECH";"ram";"ram_Usada";"GB";"2022-11-08 10:40:47";6.22
"Servidor-SPTECH";"ram";"ram_Usada";"GB";"2022-11-08 10:40:45";6.21
"Servidor-SPTECH";"ram";"ram_Usada";"GB";"2022-11-08 10:40:44";6.21
"Servidor-SPTECH";"ram";"ram_Usada";"GB";"2022-11-08 10:40:42";6.21
"Servidor-SPTECH";"ram";"ram_Usada";"GB";"2022-11-08 10:40:41";6.24
"Servidor-SPTECH";"ram";"ram_Usada";"GB";"2022-11-08 10:40:40";6.25
"Servidor-SPTECH";"ram";"ram_Usada";"GB";"2022-11-08 10:40:38";6.26
"Servidor-SPTECH";"ram";"ram_Usada";"GB";"2022-11-08 10:40:37";6.28
"Servidor-SPTECH";"ram";"ram_Usada";"GB";"2022-11-08 10:40:35";6.28
"Servidor-SPTECH";"ram";"ram_Usada";"GB";"2022-11-08 10:40:34";6.28
"Servidor-SPTECH";"ram";"ram_Usada";"GB";"2022-11-08 10:40:32";6.29
"Servidor-SPTECH";"ram";"ram_Usada";"GB";"2022-11-08 10:40:30";6.14
"Servidor-SPTECH";"ram";"ram_Usada";"GB";"2022-11-08 10:40:29";6.15
"Servidor-SPTECH";"ram";"ram_Usada";"GB";"2022-11-08 10:40:27";6.14
"Servidor-SPTECH";"ram";"ram_Usada";"GB";"2022-11-08 10:40:26";6.23
"Servidor-SPTECH";"ram";"ram_Usada";"GB";"2022-11-08 10:40:25";6.22
"Servidor-SPTECH";"ram";"ram_Usada";"GB";"2022-11-08 10:40:23";6.22
"Servidor-SPTECH";"ram";"ram_Usada";"GB";"2022-11-08 10:40:22";6.22
"Servidor-SPTECH";"ram";"ram_Usada";"GB";"2022-11-08 10:40:20";6.21
"Servidor-SPTECH";"ram";"ram_Usada";"GB";"2022-11-08 10:40:19";6.21
"Servidor-SPTECH";"ram";"ram_Usada";"GB";"2022-11-08 10:40:17";6.19
"Servidor-SPTECH";"ram";"ram_Usada";"GB";"2022-11-08 10:40:16";6.17
"Servidor-SPTECH";"ram";"ram_Usada";"GB";"2022-11-08 10:40:14";6.16
"Servidor-SPTECH";"ram";"ram_Usada";"GB";"2022-11-08 10:40:13";6.16
"Servidor-SPTECH";"ram";"ram_Usada";"GB";"2022-11-08 10:40:11";6.14
"Servidor-SPTECH";"ram";"ram_Usada";"GB";"2022-11-08 10:40:10";6.14
"Servidor-SPTECH";"ram";"ram_Usada";"GB";"2022-11-08 10:40:08";6.1
"Servidor-SPTECH";"ram";"ram_Usada";"GB";"2022-11-08 10:40:07";6.09
"Servidor-SPTECH";"ram";"ram_Usada";"GB";"2022-11-08 10:40:06";6.06
"Servidor-SPTECH";"ram";"ram_Usada";"GB";"2022-11-08 10:40:04";6.07
"Servidor-SPTECH";"ram";"ram_Usada";"GB";"2022-11-08 10:40:03";6.06
"Servidor-SPTECH";"ram";"ram_Usada";"GB";"2022-11-08 10:40:01";6.05
"Servidor-SPTECH";"ram";"ram_Usada";"GB";"2022-11-08 10:40:00";6.04
"Servidor-SPTECH";"ram";"ram_Usada";"GB";"2022-11-08 10:39:58";6.04
"Servidor-SPTECH";"ram";"ram_Usada";"GB";"2022-11-08 10:39:57";6.04
"Servidor-SPTECH";"ram";"ram_Usada";"GB";"2022-11-08 10:39:55";6.04
"Servidor-SPTECH";"ram";"ram_Usada";"GB";"2022-11-08 10:39:54";6.02
"Servidor-SPTECH";"ram";"ram_Usada";"GB";"2022-11-08 10:39:53";6.02
"Servidor-SPTECH";"ram";"ram_Usada";"GB";"2022-11-08 10:39:51";6.02
"Servidor-SPTECH";"ram";"ram_Usada";"GB";"2022-11-08 10:39:50";6.01
"Servidor-SPTECH";"ram";"ram_Usada";"GB";"2022-11-08 10:39:48";6.02
"Servidor-SPTECH";"ram";"ram_Usada";"GB";"2022-11-08 10:39:47";6.01
"Servidor-SPTECH";"ram";"ram_Usada";"GB";"2022-11-08 10:39:45";6.01
"Servidor-SPTECH";"ram";"ram_Usada";"GB";"2022-11-08 10:39:44";6.02
"Servidor-SPTECH";"ram";"ram_Usada";"GB";"2022-11-08 10:39:42";6.17
"Servidor-SPTECH";"ram";"ram_Usada";"GB";"2022-11-08 10:39:41";6.29
"Servidor-SPTECH";"ram";"ram_Usada";"GB";"2022-11-08 10:39:40";6.29
"Servidor-SPTECH";"ram";"ram_Usada";"GB";"2022-11-08 10:39:38";6.29
"Servidor-SPTECH";"ram";"ram_Usada";"GB";"2022-11-08 10:39:37";6.3
"Servidor-SPTECH";"ram";"ram_Usada";"GB";"2022-11-08 10:39:35";6.3
"Servidor-SPTECH";"ram";"ram_Usada";"GB";"2022-11-08 10:39:34";6.3
"Servidor-SPTECH";"ram";"ram_Usada";"GB";"2022-11-08 10:39:32";6.31
"Servidor-SPTECH";"ram";"ram_Usada";"GB";"2022-11-08 10:39:31";6.3
"Servidor-SPTECH";"ram";"ram_Usada";"GB";"2022-11-08 10:39:29";6.3
"Servidor-SPTECH";"ram";"ram_Usada";"GB";"2022-11-08 10:39:28";6.3
"Servidor-SPTECH";"ram";"ram_Usada";"GB";"2022-11-08 10:39:27";6.29
"Servidor-SPTECH";"ram";"ram_Usada";"GB";"2022-11-08 10:39:25";6.29
"Servidor-SPTECH";"ram";"ram_Usada";"GB";"2022-11-08 10:39:24";6.29
"Servidor-SPTECH";"ram";"ram_Usada";"GB";"2022-11-08 10:39:22";6.28
"Servidor-SPTECH";"ram";"ram_Usada";"GB";"2022-11-08 10:39:21";6.29
"Servidor-SPTECH";"ram";"ram_Usada";"GB";"2022-11-08 10:39:19";6.3
"Servidor-SPTECH";"ram";"ram_Usada";"GB";"2022-11-08 10:39:18";6.3
"Servidor-SPTECH";"ram";"ram_Usada";"GB";"2022-11-08 10:39:16";6.29
"Servidor-SPTECH";"ram";"ram_Usada";"GB";"2022-11-08 10:39:15";6.28
"Servidor-SPTECH";"ram";"ram_Usada";"GB";"2022-11-08 10:39:13";6.27
"Servidor-SPTECH";"ram";"ram_Usada";"GB";"2022-11-08 10:39:12";6.27
"Servidor-SPTECH";"ram";"ram_Usada";"GB";"2022-11-08 10:39:10";6.24
"Servidor-SPTECH";"ram";"ram_Usada";"GB";"2022-11-08 10:39:09";6.2
"Servidor-SPTECH";"ram";"ram_Usada";"GB";"2022-11-08 10:39:07";6.2
"Servidor-SPTECH";"ram";"ram_Usada";"GB";"2022-11-08 10:39:06";6.2
"Servidor-SPTECH";"ram";"ram_Usada";"GB";"2022-11-08 10:39:04";6.19
"Servidor-SPTECH";"ram";"ram_Usada";"GB";"2022-11-08 10:39:03";6.2
"Servidor-SPTECH";"ram";"ram_Usada";"GB";"2022-11-08 10:39:02";6.2
"Servidor-SPTECH";"ram";"ram_Usada";"GB";"2022-11-08 10:39:00";6.23
"Servidor-SPTECH";"ram";"ram_Usada";"GB";"2022-11-08 10:38:59";6.22
"Servidor-SPTECH";"ram";"ram_Usada";"GB";"2022-11-08 10:38:57";6.23
"Servidor-SPTECH";"ram";"ram_Usada";"GB";"2022-11-08 10:38:56";6.23
"Servidor-SPTECH";"ram";"ram_Usada";"GB";"2022-11-08 10:38:54";6.25
"Servidor-SPTECH";"ram";"ram_Usada";"GB";"2022-11-08 10:38:53";6.36
"Servidor-SPTECH";"ram";"ram_Usada";"GB";"2022-11-08 10:38:51";6.37
"Servidor-SPTECH";"ram";"ram_Usada";"GB";"2022-11-08 10:38:50";6.38
"Servidor-SPTECH";"ram";"ram_Usada";"GB";"2022-11-08 10:38:49";6.39
"Servidor-SPTECH";"ram";"ram_Usada";"GB";"2022-11-08 10:38:47";6.39
"Servidor-SPTECH";"ram";"ram_Usada";"GB";"2022-11-08 10:38:46";6.35
"Servidor-SPTECH";"ram";"ram_Usada";"GB";"2022-11-08 10:38:44";6.27
"Servidor-SPTECH";"ram";"ram_Usada";"GB";"2022-11-08 10:38:43";6.23
"Servidor-SPTECH";"ram";"ram_Usada";"GB";"2022-11-08 10:38:41";6.24
"Servidor-SPTECH";"ram";"ram_Usada";"GB";"2022-11-08 10:38:40";6.24
"Servidor-SPTECH";"ram";"ram_Usada";"GB";"2022-11-08 10:38:38";6.22
"Servidor-SPTECH";"ram";"ram_Usada";"GB";"2022-11-08 10:38:37";6.19
"Servidor-SPTECH";"ram";"ram_Usada";"GB";"2022-11-08 10:38:35";6.18
"Servidor-SPTECH";"ram";"ram_Usada";"GB";"2022-11-08 10:38:34";6.18
"Servidor-SPTECH";"ram";"ram_Usada";"GB";"2022-11-08 10:38:32";6.18
"Servidor-SPTECH";"ram";"ram_Usada";"GB";"2022-11-08 10:38:31";6.17
"Servidor-SPTECH";"ram";"ram_Usada";"GB";"2022-11-08 10:38:29";6.19
"Servidor-SPTECH";"ram";"ram_Usada";"GB";"2022-11-08 10:38:28";6.19
"Servidor-SPTECH";"ram";"ram_Usada";"GB";"2022-11-08 10:38:27";6.19
"Servidor-SPTECH";"ram";"ram_Usada";"GB";"2022-11-08 10:38:25";6.21
"Servidor-SPTECH";"ram";"ram_Usada";"GB";"2022-11-08 10:38:24";6.26
"Servidor-SPTECH";"ram";"ram_Usada";"GB";"2022-11-08 10:38:22";6.26
"Servidor-SPTECH";"ram";"ram_Usada";"GB";"2022-11-08 10:38:21";6.27
"Servidor-SPTECH";"ram";"ram_Usada";"GB";"2022-11-08 10:38:19";6.34
"Servidor-SPTECH";"ram";"ram_Usada";"GB";"2022-11-08 10:38:18";6.35
"Servidor-SPTECH";"ram";"ram_Usada";"GB";"2022-11-08 10:38:16";6.33
"Servidor-SPTECH";"ram";"ram_Usada";"GB";"2022-11-08 10:38:15";6.37
"Servidor-SPTECH";"ram";"ram_Usada";"GB";"2022-11-08 10:38:14";6.36
"Servidor-SPTECH";"ram";"ram_Usada";"GB";"2022-11-08 10:38:12";6.35
"Servidor-SPTECH";"ram";"ram_Usada";"GB";"2022-11-08 10:38:11";6.44
"Servidor-SPTECH";"ram";"ram_Usada";"GB";"2022-11-08 10:38:09";6.45
"Servidor-SPTECH";"ram";"ram_Usada";"GB";"2022-11-08 10:38:08";6.44
"Servidor-SPTECH";"ram";"ram_Usada";"GB";"2022-11-08 10:38:06";6.43
"Servidor-SPTECH";"ram";"ram_Usada";"GB";"2022-11-08 10:38:05";6.46
"Servidor-SPTECH";"ram";"ram_Usada";"GB";"2022-11-08 10:38:03";6.46
"Servidor-SPTECH";"ram";"ram_Usada";"GB";"2022-11-08 10:38:02";6.46
"Servidor-SPTECH";"ram";"ram_Usada";"GB";"2022-11-08 10:38:00";6.43
"Servidor-SPTECH";"ram";"ram_Usada";"GB";"2022-11-08 10:37:59";6.4
"Servidor-SPTECH";"ram";"ram_Usada";"GB";"2022-11-08 10:37:57";6.4
"Servidor-SPTECH";"ram";"ram_Usada";"GB";"2022-11-08 10:37:56";6.4
"Servidor-SPTECH";"ram";"ram_Usada";"GB";"2022-11-08 10:37:54";6.39
"Servidor-SPTECH";"ram";"ram_Usada";"GB";"2022-11-08 10:37:53";6.43
"Servidor-SPTECH";"ram";"ram_Usada";"GB";"2022-11-08 10:37:52";6.43
"Servidor-SPTECH";"ram";"ram_Usada";"GB";"2022-11-08 10:37:50";6.43
"Servidor-SPTECH";"ram";"ram_Usada";"GB";"2022-11-08 10:37:49";6.42
"Servidor-SPTECH";"ram";"ram_Usada";"GB";"2022-11-08 10:37:47";6.41
"Servidor-SPTECH";"ram";"ram_Usada";"GB";"2022-11-08 10:37:46";6.4
"Servidor-SPTECH";"ram";"ram_Usada";"GB";"2022-11-08 10:37:44";6.38
"Servidor-SPTECH";"ram";"ram_Usada";"GB";"2022-11-08 10:37:43";6.37
"Servidor-SPTECH";"ram";"ram_Usada";"GB";"2022-11-08 10:37:41";6.39
"Servidor-SPTECH";"ram";"ram_Usada";"GB";"2022-11-08 10:37:40";6.39
"Servidor-SPTECH";"ram";"ram_Usada";"GB";"2022-11-08 10:37:38";6.38
"Servidor-SPTECH";"ram";"ram_Usada";"GB";"2022-11-08 10:37:37";6.33
"Servidor-SPTECH";"ram";"ram_Usada";"GB";"2022-11-08 10:37:36";6.32
"Servidor-SPTECH";"ram";"ram_Usada";"GB";"2022-11-08 10:37:34";6.33
"Servidor-SPTECH";"ram";"ram_Usada";"GB";"2022-11-08 10:37:33";6.32
"Servidor-SPTECH";"ram";"ram_Usada";"GB";"2022-11-08 10:37:31";6.35
"Servidor-SPTECH";"ram";"ram_Usada";"GB";"2022-11-08 10:37:30";6.36
"Servidor-SPTECH";"ram";"ram_Usada";"GB";"2022-11-08 10:37:28";6.36
"Servidor-SPTECH";"ram";"ram_Usada";"GB";"2022-11-08 10:37:27";6.35
"Servidor-SPTECH";"ram";"ram_Usada";"GB";"2022-11-08 10:37:25";6.34
"Servidor-SPTECH";"ram";"ram_Usada";"GB";"2022-11-08 10:37:24";6.34
"Servidor-SPTECH";"ram";"ram_Usada";"GB";"2022-11-08 10:37:23";6.35
"Servidor-SPTECH";"ram";"ram_Usada";"GB";"2022-11-08 10:37:21";6.39
"Servidor-SPTECH";"ram";"ram_Usada";"GB";"2022-11-08 10:37:20";6.4
"Servidor-SPTECH";"ram";"ram_Usada";"GB";"2022-11-08 10:37:18";6.4
"Servidor-SPTECH";"ram";"ram_Usada";"GB";"2022-11-08 10:37:17";6.39
"Servidor-SPTECH";"ram";"ram_Usada";"GB";"2022-11-08 10:37:15";6.39
"Servidor-SPTECH";"ram";"ram_Usada";"GB";"2022-11-08 10:37:14";6.34
"Servidor-SPTECH";"ram";"ram_Usada";"GB";"2022-11-08 10:37:12";6.38
"Servidor-SPTECH";"ram";"ram_Usada";"GB";"2022-11-08 10:37:11";6.38
"Servidor-SPTECH";"ram";"ram_Usada";"GB";"2022-11-08 10:37:09";6.38
"Servidor-SPTECH";"ram";"ram_Usada";"GB";"2022-11-08 10:37:08";6.33
"Servidor-SPTECH";"ram";"ram_Usada";"GB";"2022-11-08 10:37:06";6.33
"Servidor-SPTECH";"ram";"ram_Usada";"GB";"2022-11-08 10:37:05";6.38
"Servidor-SPTECH";"ram";"ram_Usada";"GB";"2022-11-08 10:37:04";6.38
"Servidor-SPTECH";"ram";"ram_Usada";"GB";"2022-11-08 10:37:02";6.37
"Servidor-SPTECH";"ram";"ram_Usada";"GB";"2022-11-08 10:37:01";6.37
"Servidor-SPTECH";"ram";"ram_Usada";"GB";"2022-11-08 10:36:59";6.36
"Servidor-SPTECH";"ram";"ram_Usada";"GB";"2022-11-08 10:36:58";6.36
"Servidor-SPTECH";"ram";"ram_Usada";"GB";"2022-11-08 10:36:56";6.39
"Servidor-SPTECH";"ram";"ram_Usada";"GB";"2022-11-08 10:36:55";6.4
"Servidor-SPTECH";"ram";"ram_Usada";"GB";"2022-11-08 10:36:53";6.4
"Servidor-SPTECH";"ram";"ram_Usada";"GB";"2022-11-08 10:36:52";6.38
"Servidor-SPTECH";"ram";"ram_Usada";"GB";"2022-11-08 10:36:50";6.4
"Servidor-SPTECH";"ram";"ram_Usada";"GB";"2022-11-08 10:36:49";6.4
"Servidor-SPTECH";"ram";"ram_Usada";"GB";"2022-11-08 10:36:47";6.38
"Servidor-SPTECH";"ram";"ram_Usada";"GB";"2022-11-08 10:36:46";6.38
"Servidor-SPTECH";"ram";"ram_Usada";"GB";"2022-11-08 10:36:44";6.38
"Servidor-SPTECH";"ram";"ram_Usada";"GB";"2022-11-08 10:36:43";6.36
"Servidor-SPTECH";"ram";"ram_Usada";"GB";"2022-11-08 10:36:41";6.36
"Servidor-SPTECH";"ram";"ram_Usada";"GB";"2022-11-08 10:36:40";6.37
"Servidor-SPTECH";"ram";"ram_Usada";"GB";"2022-11-08 10:36:39";6.37
"Servidor-SPTECH";"ram";"ram_Usada";"GB";"2022-11-08 10:36:37";6.37
"Servidor-SPTECH";"ram";"ram_Usada";"GB";"2022-11-08 10:36:36";6.37
"Servidor-SPTECH";"ram";"ram_Usada";"GB";"2022-11-08 10:36:34";6.37
"Servidor-SPTECH";"ram";"ram_Usada";"GB";"2022-11-08 10:36:33";6.38
"Servidor-SPTECH";"ram";"ram_Usada";"GB";"2022-11-08 10:36:31";6.35
"Servidor-SPTECH";"ram";"ram_Usada";"GB";"2022-11-08 10:36:30";6.35
"Servidor-SPTECH";"ram";"ram_Usada";"GB";"2022-11-08 10:36:28";6.35
"Servidor-SPTECH";"ram";"ram_Usada";"GB";"2022-11-08 10:36:27";6.34
"Servidor-SPTECH";"ram";"ram_Usada";"GB";"2022-11-08 10:36:25";6.32
"Servidor-SPTECH";"ram";"ram_Usada";"GB";"2022-11-08 10:36:24";6.34
"Servidor-SPTECH";"ram";"ram_Usada";"GB";"2022-11-08 10:36:23";6.34
"Servidor-SPTECH";"ram";"ram_Usada";"GB";"2022-11-08 10:36:21";6.34
"Servidor-SPTECH";"ram";"ram_Usada";"GB";"2022-11-08 10:36:20";6.35
"Servidor-SPTECH";"ram";"ram_Usada";"GB";"2022-11-08 10:36:18";6.35
"Servidor-SPTECH";"ram";"ram_Usada";"GB";"2022-11-08 10:36:17";6.36
"Servidor-SPTECH";"ram";"ram_Usada";"GB";"2022-11-08 10:36:15";6.37
"Servidor-SPTECH";"ram";"ram_Usada";"GB";"2022-11-08 10:36:14";6.36
"Servidor-SPTECH";"ram";"ram_Usada";"GB";"2022-11-08 10:36:12";6.36
"Servidor-SPTECH";"ram";"ram_Usada";"GB";"2022-11-08 10:36:11";6.42
"Servidor-SPTECH";"ram";"ram_Usada";"GB";"2022-11-08 10:36:10";6.41
"Servidor-SPTECH";"ram";"ram_Usada";"GB";"2022-11-08 10:36:08";6.41
"Servidor-SPTECH";"ram";"ram_Usada";"GB";"2022-11-08 10:36:07";6.41
"Servidor-SPTECH";"ram";"ram_Usada";"GB";"2022-11-08 10:36:05";6.41
"Servidor-SPTECH";"ram";"ram_Usada";"GB";"2022-11-08 10:36:04";6.41
"Servidor-SPTECH";"ram";"ram_Usada";"GB";"2022-11-08 10:36:02";6.39
"Servidor-SPTECH";"ram";"ram_Usada";"GB";"2022-11-08 10:36:01";6.42
"Servidor-SPTECH";"ram";"ram_Usada";"GB";"2022-11-08 10:35:59";6.42
"Servidor-SPTECH";"ram";"ram_Usada";"GB";"2022-11-08 10:35:58";6.43
"Servidor-SPTECH";"ram";"ram_Usada";"GB";"2022-11-08 10:35:57";6.43
"Servidor-SPTECH";"ram";"ram_Usada";"GB";"2022-11-08 10:35:55";6.44
"Servidor-SPTECH";"ram";"ram_Usada";"GB";"2022-11-08 10:35:54";6.45
"Servidor-SPTECH";"ram";"ram_Usada";"GB";"2022-11-08 10:35:52";6.45
"Servidor-SPTECH";"ram";"ram_Usada";"GB";"2022-11-08 10:35:51";6.41
"Servidor-SPTECH";"ram";"ram_Usada";"GB";"2022-11-08 10:35:49";6.42
"Servidor-SPTECH";"ram";"ram_Usada";"GB";"2022-11-08 10:35:48";6.44
"Servidor-SPTECH";"ram";"ram_Usada";"GB";"2022-11-08 10:35:46";6.41
"Servidor-SPTECH";"ram";"ram_Usada";"GB";"2022-11-08 10:35:45";6.37
"Servidor-SPTECH";"ram";"ram_Usada";"GB";"2022-11-08 10:35:43";6.47
"Servidor-SPTECH";"ram";"ram_Usada";"GB";"2022-11-08 10:35:41";6.51
"Servidor-SPTECH";"ram";"ram_Usada";"GB";"2022-11-08 10:35:39";6.49
"Servidor-SPTECH";"ram";"ram_Usada";"GB";"2022-11-08 10:35:36";6.48
"Servidor-SPTECH";"ram";"ram_Usada";"GB";"2022-11-08 10:35:34";6.49
"Servidor-SPTECH";"ram";"ram_Usada";"GB";"2022-11-08 10:35:32";6.44
"Servidor-SPTECH";"ram";"ram_Usada";"GB";"2022-11-08 10:35:31";6.39
"Servidor-SPTECH";"ram";"ram_Usada";"GB";"2022-11-08 10:35:28";6.47
"Servidor-SPTECH";"ram";"ram_Usada";"GB";"2022-11-08 10:35:26";6.47
"Servidor-SPTECH";"ram";"ram_Usada";"GB";"2022-11-08 10:35:24";6.5
"Servidor-SPTECH";"ram";"ram_Usada";"GB";"2022-11-08 10:35:21";6.46
"Servidor-SPTECH";"ram";"ram_Usada";"GB";"2022-11-08 10:35:19";6.48
"Servidor-SPTECH";"ram";"ram_Usada";"GB";"2022-11-08 10:35:17";6.49
"Servidor-SPTECH";"ram";"ram_Usada";"GB";"2022-11-08 10:35:14";6.5
"Servidor-SPTECH";"ram";"ram_Usada";"GB";"2022-11-08 10:35:12";6.54
"Servidor-SPTECH";"ram";"ram_Usada";"GB";"2022-11-08 10:35:10";6.81
"Servidor-SPTECH";"ram";"ram_Usada";"GB";"2022-11-08 10:35:08";6.75
"Servidor-SPTECH";"ram";"ram_Usada";"GB";"2022-11-08 10:35:06";6.74
"Servidor-SPTECH";"ram";"ram_Usada";"GB";"2022-11-08 10:35:05";6.7
"Servidor-SPTECH";"ram";"ram_Usada";"GB";"2022-11-08 10:35:03";6.68
"Servidor-SPTECH";"ram";"ram_Usada";"GB";"2022-11-08 10:35:01";6.59
"Servidor-SPTECH";"ram";"ram_Usada";"GB";"2022-11-08 10:35:00";6.6
"Servidor-SPTECH";"ram";"ram_Usada";"GB";"2022-11-08 10:34:59";6.59
"Servidor-SPTECH";"ram";"ram_Usada";"GB";"2022-11-08 10:34:57";6.62
"Servidor-SPTECH";"ram";"ram_Usada";"GB";"2022-11-08 10:34:56";6.59
"Servidor-SPTECH";"ram";"ram_Usada";"GB";"2022-11-08 10:34:54";6.44
"Servidor-SPTECH";"ram";"ram_Usada";"GB";"2022-11-08 10:34:53";6.44
"Servidor-SPTECH";"ram";"ram_Usada";"GB";"2022-11-08 10:34:51";6.42
"Servidor-SPTECH";"ram";"ram_Usada";"GB";"2022-11-08 10:34:50";6.42
"Servidor-SPTECH";"ram";"ram_Usada";"GB";"2022-11-08 10:34:48";6.57
"Servidor-SPTECH";"ram";"ram_Usada";"GB";"2022-11-08 10:34:47";6.57
"Servidor-SPTECH";"ram";"ram_Usada";"GB";"2022-11-08 10:34:45";6.62
"Servidor-SPTECH";"ram";"ram_Usada";"GB";"2022-11-08 10:34:43";6.62
"Servidor-SPTECH";"ram";"ram_Usada";"GB";"2022-11-08 10:34:42";6.63
"Servidor-SPTECH";"ram";"ram_Usada";"GB";"2022-11-08 10:34:40";6.65
"Servidor-SPTECH";"ram";"ram_Usada";"GB";"2022-11-08 10:34:39";6.68
"Servidor-SPTECH";"ram";"ram_Usada";"GB";"2022-11-08 10:34:37";6.69
"Servidor-SPTECH";"ram";"ram_Usada";"GB";"2022-11-08 10:34:36";6.7
"Servidor-SPTECH";"ram";"ram_Usada";"GB";"2022-11-08 10:34:34";6.68
"Servidor-SPTECH";"ram";"ram_Usada";"GB";"2022-11-08 10:34:33";6.68
"Servidor-SPTECH";"ram";"ram_Usada";"GB";"2022-11-08 10:34:31";6.68
"Servidor-SPTECH";"ram";"ram_Usada";"GB";"2022-11-08 10:34:29";6.71
"Servidor-SPTECH";"ram";"ram_Usada";"GB";"2022-11-08 10:34:28";6.71
"Servidor-SPTECH";"ram";"ram_Usada";"GB";"2022-11-08 10:34:26";6.7
"Servidor-SPTECH";"ram";"ram_Usada";"GB";"2022-11-08 10:34:25";6.68
"Servidor-SPTECH";"ram";"ram_Usada";"GB";"2022-11-08 10:34:23";6.72
"Servidor-SPTECH";"ram";"ram_Usada";"GB";"2022-11-08 10:34:22";6.69
"Servidor-SPTECH";"ram";"ram_Usada";"GB";"2022-11-08 10:34:20";6.7
"Servidor-SPTECH";"ram";"ram_Usada";"GB";"2022-11-08 10:34:19";6.71
"Servidor-SPTECH";"ram";"ram_Usada";"GB";"2022-11-08 10:34:17";6.72
"Servidor-SPTECH";"ram";"ram_Usada";"GB";"2022-11-08 10:34:15";6.66
"Servidor-SPTECH";"ram";"ram_Usada";"GB";"2022-11-08 10:34:14";6.62
"Servidor-SPTECH";"ram";"ram_Usada";"GB";"2022-11-08 10:34:12";6.73
"Servidor-SPTECH";"ram";"ram_Usada";"GB";"2022-11-08 10:34:11";6.75
"Servidor-SPTECH";"ram";"ram_Usada";"GB";"2022-11-08 10:34:09";6.73
"Servidor-SPTECH";"ram";"ram_Usada";"GB";"2022-11-08 10:34:08";6.71
"Servidor-SPTECH";"ram";"ram_Usada";"GB";"2022-11-08 10:34:06";6.76
"Servidor-SPTECH";"ram";"ram_Usada";"GB";"2022-11-08 10:34:05";6.77
"Servidor-SPTECH";"ram";"ram_Usada";"GB";"2022-11-08 10:34:03";6.77
"Servidor-SPTECH";"ram";"ram_Usada";"GB";"2022-11-08 10:34:01";6.77
"Servidor-SPTECH";"ram";"ram_Usada";"GB";"2022-11-08 10:34:00";6.77
"Servidor-SPTECH";"ram";"ram_Usada";"GB";"2022-11-08 10:33:58";6.69
"Servidor-SPTECH";"ram";"ram_Usada";"GB";"2022-11-08 10:33:57";6.68
"Servidor-SPTECH";"ram";"ram_Usada";"GB";"2022-11-08 10:33:55";6.69
"Servidor-SPTECH";"ram";"ram_Usada";"GB";"2022-11-08 10:33:54";6.67
"Servidor-SPTECH";"ram";"ram_Usada";"GB";"2022-11-08 10:33:52";6.68
"Servidor-SPTECH";"ram";"ram_Usada";"GB";"2022-11-08 10:33:51";6.68
"Servidor-SPTECH";"ram";"ram_Usada";"GB";"2022-11-08 10:33:49";6.68
"Servidor-SPTECH";"ram";"ram_Usada";"GB";"2022-11-08 10:33:48";6.69
"Servidor-SPTECH";"ram";"ram_Usada";"GB";"2022-11-08 10:33:46";6.65
"Servidor-SPTECH";"ram";"ram_Usada";"GB";"2022-11-08 10:33:44";6.65
"Servidor-SPTECH";"ram";"ram_Usada";"GB";"2022-11-08 10:33:43";6.65
"Servidor-SPTECH";"ram";"ram_Usada";"GB";"2022-11-08 10:33:41";6.66
"Servidor-SPTECH";"ram";"ram_Usada";"GB";"2022-11-08 10:33:40";6.67
"Servidor-SPTECH";"ram";"ram_Usada";"GB";"2022-11-08 10:33:38";6.66
"Servidor-SPTECH";"ram";"ram_Usada";"GB";"2022-11-08 10:33:37";6.65
"Servidor-SPTECH";"ram";"ram_Usada";"GB";"2022-11-08 10:33:35";6.64
"Servidor-SPTECH";"ram";"ram_Usada";"GB";"2022-11-08 10:33:34";6.62
"Servidor-SPTECH";"ram";"ram_Usada";"GB";"2022-11-08 10:33:32";6.61
"Servidor-SPTECH";"ram";"ram_Usada";"GB";"2022-11-08 10:33:31";6.61
"Servidor-SPTECH";"ram";"ram_Usada";"GB";"2022-11-08 10:33:29";6.61
"Servidor-SPTECH";"ram";"ram_Usada";"GB";"2022-11-08 10:33:27";6.6
"Servidor-SPTECH";"ram";"ram_Usada";"GB";"2022-11-08 10:33:26";6.6
"Servidor-SPTECH";"ram";"ram_Usada";"GB";"2022-11-08 10:33:24";6.61
"Servidor-SPTECH";"ram";"ram_Usada";"GB";"2022-11-08 10:33:23";6.58
"Servidor-SPTECH";"ram";"ram_Usada";"GB";"2022-11-08 10:33:21";6.58
"Servidor-SPTECH";"ram";"ram_Usada";"GB";"2022-11-08 10:33:20";6.58
"Servidor-SPTECH";"ram";"ram_Usada";"GB";"2022-11-08 10:33:18";6.58
"Servidor-SPTECH";"ram";"ram_Usada";"GB";"2022-11-08 10:33:16";6.61
"Servidor-SPTECH";"ram";"ram_Usada";"GB";"2022-11-08 10:33:15";6.6
"Servidor-SPTECH";"ram";"ram_Usada";"GB";"2022-11-08 10:33:13";6.59
"Servidor-SPTECH";"ram";"ram_Usada";"GB";"2022-11-08 10:33:12";6.58
"Servidor-SPTECH";"ram";"ram_Usada";"GB";"2022-11-08 10:33:10";6.58
"Servidor-SPTECH";"ram";"ram_Usada";"GB";"2022-11-08 10:33:09";6.57
"Servidor-SPTECH";"ram";"ram_Usada";"GB";"2022-11-08 10:33:07";6.57
"Servidor-SPTECH";"ram";"ram_Usada";"GB";"2022-11-08 10:33:06";6.57
"Servidor-SPTECH";"ram";"ram_Usada";"GB";"2022-11-08 10:33:04";6.57
"Servidor-SPTECH";"ram";"ram_Usada";"GB";"2022-11-08 10:33:03";6.58
"Servidor-SPTECH";"ram";"ram_Usada";"GB";"2022-11-08 10:33:01";6.58
"Servidor-SPTECH";"ram";"ram_Usada";"GB";"2022-11-08 10:32:59";6.55
"Servidor-SPTECH";"ram";"ram_Usada";"GB";"2022-11-08 10:32:58";6.56
"Servidor-SPTECH";"ram";"ram_Usada";"GB";"2022-11-08 10:32:56";6.55
"Servidor-SPTECH";"ram";"ram_Usada";"GB";"2022-11-08 10:32:55";6.55
"Servidor-SPTECH";"ram";"ram_Usada";"GB";"2022-11-08 10:32:53";6.54
"Servidor-SPTECH";"ram";"ram_Usada";"GB";"2022-11-08 10:32:52";6.52
"Servidor-SPTECH";"ram";"ram_Usada";"GB";"2022-11-08 10:32:50";6.51
"Servidor-SPTECH";"ram";"ram_Usada";"GB";"2022-11-08 10:32:49";6.54
"Servidor-SPTECH";"ram";"ram_Usada";"GB";"2022-11-08 10:32:47";6.53
"Servidor-SPTECH";"ram";"ram_Usada";"GB";"2022-11-08 10:32:46";6.52
"Servidor-SPTECH";"ram";"ram_Usada";"GB";"2022-11-08 10:32:44";6.52
"Servidor-SPTECH";"ram";"ram_Usada";"GB";"2022-11-08 10:32:43";6.52
"Servidor-SPTECH";"ram";"ram_Usada";"GB";"2022-11-08 10:32:41";6.52
"Servidor-SPTECH";"ram";"ram_Usada";"GB";"2022-11-08 10:32:39";6.56
"Servidor-SPTECH";"ram";"ram_Usada";"GB";"2022-11-08 10:32:38";6.55
"Servidor-SPTECH";"ram";"ram_Usada";"GB";"2022-11-08 10:32:36";6.55
"Servidor-SPTECH";"ram";"ram_Usada";"GB";"2022-11-08 10:32:35";6.54
"Servidor-SPTECH";"ram";"ram_Usada";"GB";"2022-11-08 10:32:33";6.54
"Servidor-SPTECH";"ram";"ram_Usada";"GB";"2022-11-08 10:32:31";6.51
"Servidor-SPTECH";"ram";"ram_Usada";"GB";"2022-11-08 10:32:30";6.5
"Servidor-SPTECH";"ram";"ram_Usada";"GB";"2022-11-08 10:32:28";6.49
"Servidor-SPTECH";"ram";"ram_Usada";"GB";"2022-11-08 10:32:27";6.48
"Servidor-SPTECH";"ram";"ram_Usada";"GB";"2022-11-08 10:32:25";6.53
"Servidor-SPTECH";"ram";"ram_Usada";"GB";"2022-11-08 10:32:24";6.54
"Servidor-SPTECH";"ram";"ram_Usada";"GB";"2022-11-08 10:32:22";6.54
"Servidor-SPTECH";"ram";"ram_Usada";"GB";"2022-11-08 10:32:21";6.53
"Servidor-SPTECH";"ram";"ram_Usada";"GB";"2022-11-08 10:32:19";6.56
"Servidor-SPTECH";"ram";"ram_Usada";"GB";"2022-11-08 10:32:18";6.57
"Servidor-SPTECH";"ram";"ram_Usada";"GB";"2022-11-08 10:32:16";6.57
"Servidor-SPTECH";"ram";"ram_Usada";"GB";"2022-11-08 10:32:15";6.56
"Servidor-SPTECH";"ram";"ram_Usada";"GB";"2022-11-08 10:32:13";6.54
"Servidor-SPTECH";"ram";"ram_Usada";"GB";"2022-11-08 10:32:11";6.54
"Servidor-SPTECH";"ram";"ram_Usada";"GB";"2022-11-08 10:32:10";6.54
"Servidor-SPTECH";"ram";"ram_Usada";"GB";"2022-11-08 10:32:08";6.53
"Servidor-SPTECH";"ram";"ram_Usada";"GB";"2022-11-08 10:32:07";6.51
"Servidor-SPTECH";"ram";"ram_Usada";"GB";"2022-11-08 10:32:05";6.53
"Servidor-SPTECH";"ram";"ram_Usada";"GB";"2022-11-08 10:32:04";6.52
"Servidor-SPTECH";"ram";"ram_Usada";"GB";"2022-11-08 10:32:02";6.51
"Servidor-SPTECH";"ram";"ram_Usada";"GB";"2022-11-08 10:32:00";6.48
"Servidor-SPTECH";"ram";"ram_Usada";"GB";"2022-11-08 10:31:59";6.49
"Servidor-SPTECH";"ram";"ram_Usada";"GB";"2022-11-08 10:31:57";6.49
"Servidor-SPTECH";"ram";"ram_Usada";"GB";"2022-11-08 10:31:56";6.49
"Servidor-SPTECH";"ram";"ram_Usada";"GB";"2022-11-08 10:31:54";6.5
"Servidor-SPTECH";"ram";"ram_Usada";"GB";"2022-11-08 10:31:53";6.51
"Servidor-SPTECH";"ram";"ram_Usada";"GB";"2022-11-08 10:31:51";6.47
"Servidor-SPTECH";"ram";"ram_Usada";"GB";"2022-11-08 10:31:50";6.48
"Servidor-SPTECH";"ram";"ram_Usada";"GB";"2022-11-08 10:31:48";6.47
"Servidor-SPTECH";"ram";"ram_Usada";"GB";"2022-11-08 10:31:47";6.48
"Servidor-SPTECH";"ram";"ram_Usada";"GB";"2022-11-08 10:31:45";6.51
"Servidor-SPTECH";"ram";"ram_Usada";"GB";"2022-11-08 10:31:43";6.51
"Servidor-SPTECH";"ram";"ram_Usada";"GB";"2022-11-08 10:31:42";6.52
"Servidor-SPTECH";"ram";"ram_Usada";"GB";"2022-11-08 10:31:40";6.53
"Servidor-SPTECH";"ram";"ram_Usada";"GB";"2022-11-08 10:31:39";6.5
"Servidor-SPTECH";"ram";"ram_Usada";"GB";"2022-11-08 10:31:37";6.49
"Servidor-SPTECH";"ram";"ram_Usada";"GB";"2022-11-08 10:31:36";6.51
"Servidor-SPTECH";"ram";"ram_Usada";"GB";"2022-11-08 10:31:34";6.52
"Servidor-SPTECH";"ram";"ram_Usada";"GB";"2022-11-08 10:31:33";6.52
"Servidor-SPTECH";"ram";"ram_Usada";"GB";"2022-11-08 10:31:31";6.5
"Servidor-SPTECH";"ram";"ram_Usada";"GB";"2022-11-08 10:31:30";6.5
"Servidor-SPTECH";"ram";"ram_Usada";"GB";"2022-11-08 10:31:28";6.48
"Servidor-SPTECH";"ram";"ram_Usada";"GB";"2022-11-08 10:31:27";6.46
"Servidor-SPTECH";"ram";"ram_Usada";"GB";"2022-11-08 10:31:25";6.48
"Servidor-SPTECH";"ram";"ram_Usada";"GB";"2022-11-08 10:31:24";6.49
"Servidor-SPTECH";"ram";"ram_Usada";"GB";"2022-11-08 10:31:22";6.49
"Servidor-SPTECH";"ram";"ram_Usada";"GB";"2022-11-08 10:31:20";6.5
"Servidor-SPTECH";"ram";"ram_Usada";"GB";"2022-11-08 10:31:19";6.51
"Servidor-SPTECH";"ram";"ram_Usada";"GB";"2022-11-08 10:31:17";6.52
"Servidor-SPTECH";"ram";"ram_Usada";"GB";"2022-11-08 10:31:16";6.52
"Servidor-SPTECH";"ram";"ram_Usada";"GB";"2022-11-08 10:31:14";6.55
"Servidor-SPTECH";"ram";"ram_Usada";"GB";"2022-11-08 10:31:13";6.58
"Servidor-SPTECH";"ram";"ram_Usada";"GB";"2022-11-08 10:31:11";6.6
"Servidor-SPTECH";"ram";"ram_Usada";"GB";"2022-11-08 10:31:10";6.62
"Servidor-SPTECH";"ram";"ram_Usada";"GB";"2022-11-08 10:31:08";6.59
"Servidor-SPTECH";"ram";"ram_Usada";"GB";"2022-11-08 10:31:06";6.6
"Servidor-SPTECH";"ram";"ram_Usada";"GB";"2022-11-08 10:31:05";6.41
"Servidor-SPTECH";"ram";"ram_Usada";"GB";"2022-11-08 10:31:03";6.41
"Servidor-SPTECH";"ram";"ram_Usada";"GB";"2022-11-08 10:31:01";6.4
"Servidor-SPTECH";"ram";"ram_Usada";"GB";"2022-11-08 10:31:00";6.41
"Servidor-SPTECH";"ram";"ram_Usada";"GB";"2022-11-08 10:30:58";6.4
"Servidor-SPTECH";"ram";"ram_Usada";"GB";"2022-11-08 10:30:57";6.32
"Servidor-SPTECH";"ram";"ram_Usada";"GB";"2022-11-08 10:30:55";6.32
"Servidor-SPTECH";"ram";"ram_Usada";"GB";"2022-11-08 10:30:54";6.32
"Servidor-SPTECH";"ram";"ram_Usada";"GB";"2022-11-08 10:30:52";6.25
"Servidor-SPTECH";"ram";"ram_Usada";"GB";"2022-11-08 10:30:50";6.25
"Servidor-SPTECH";"ram";"ram_Usada";"GB";"2022-11-08 10:30:49";6.24
"Servidor-SPTECH";"ram";"ram_Usada";"GB";"2022-11-08 10:30:47";6.23
"Servidor-SPTECH";"ram";"ram_Usada";"GB";"2022-11-08 10:30:46";6.24
"Servidor-SPTECH";"ram";"ram_Usada";"GB";"2022-11-08 10:30:44";6.24
"Servidor-SPTECH";"ram";"ram_Usada";"GB";"2022-11-08 10:30:42";6.23
"Servidor-SPTECH";"ram";"ram_Usada";"GB";"2022-11-08 10:30:41";6.23
"Servidor-SPTECH";"ram";"ram_Usada";"GB";"2022-11-08 10:30:39";6.24
"Servidor-SPTECH";"ram";"ram_Usada";"GB";"2022-11-08 10:30:38";6.24
"Servidor-SPTECH";"ram";"ram_Usada";"GB";"2022-11-08 10:30:36";6.24
"Servidor-SPTECH";"ram";"ram_Usada";"GB";"2022-11-08 10:30:35";6.25
"Servidor-SPTECH";"ram";"ram_Usada";"GB";"2022-11-08 10:30:33";6.24
"Servidor-SPTECH";"ram";"ram_Usada";"GB";"2022-11-08 10:30:32";6.25
"Servidor-SPTECH";"ram";"ram_Usada";"GB";"2022-11-08 10:30:30";6.23
"Servidor-SPTECH";"ram";"ram_Usada";"GB";"2022-11-08 10:30:28";6.23
"Servidor-SPTECH";"ram";"ram_Usada";"GB";"2022-11-08 10:30:27";6.23
"Servidor-SPTECH";"ram";"ram_Usada";"GB";"2022-11-08 10:30:25";6.23
"Servidor-SPTECH";"ram";"ram_Usada";"GB";"2022-11-08 10:30:24";6.24
"Servidor-SPTECH";"ram";"ram_Usada";"GB";"2022-11-08 10:30:22";6.24
"Servidor-SPTECH";"ram";"ram_Usada";"GB";"2022-11-08 10:30:21";6.24
"Servidor-SPTECH";"ram";"ram_Usada";"GB";"2022-11-08 10:30:19";6.23
"Servidor-SPTECH";"ram";"ram_Usada";"GB";"2022-11-08 10:30:18";6.22
"Servidor-SPTECH";"ram";"ram_Usada";"GB";"2022-11-08 10:30:16";6.22
"Servidor-SPTECH";"ram";"ram_Usada";"GB";"2022-11-08 10:30:14";6.22
"Servidor-SPTECH";"ram";"ram_Usada";"GB";"2022-11-08 10:30:13";6.23
"Servidor-SPTECH";"ram";"ram_Usada";"GB";"2022-11-08 10:30:11";6.23
"Servidor-SPTECH";"ram";"ram_Usada";"GB";"2022-11-08 10:30:10";6.22
"Servidor-SPTECH";"ram";"ram_Usada";"GB";"2022-11-08 10:30:08";6.23
"Servidor-SPTECH";"ram";"ram_Usada";"GB";"2022-11-08 10:30:07";6.24
"Servidor-SPTECH";"ram";"ram_Usada";"GB";"2022-11-08 10:30:05";6.26
"Servidor-SPTECH";"ram";"ram_Usada";"GB";"2022-11-08 10:30:04";6.26
"Servidor-SPTECH";"ram";"ram_Usada";"GB";"2022-11-08 10:30:02";6.26
"Servidor-SPTECH";"ram";"ram_Usada";"GB";"2022-11-08 10:30:00";6.25
"Servidor-SPTECH";"ram";"ram_Usada";"GB";"2022-11-08 10:29:59";6.25
"Servidor-SPTECH";"ram";"ram_Usada";"GB";"2022-11-08 10:29:57";6.26
"Servidor-SPTECH";"ram";"ram_Usada";"GB";"2022-11-08 10:29:56";6.26
"Servidor-SPTECH";"ram";"ram_Usada";"GB";"2022-11-08 10:29:54";6.17
"Servidor-SPTECH";"ram";"ram_Usada";"GB";"2022-11-08 10:29:53";6.17
"Servidor-SPTECH";"ram";"ram_Usada";"GB";"2022-11-08 10:29:51";6.17
"Servidor-SPTECH";"ram";"ram_Usada";"GB";"2022-11-08 10:29:49";6.17
"Servidor-SPTECH";"ram";"ram_Usada";"GB";"2022-11-08 10:29:48";6.17
"Servidor-SPTECH";"ram";"ram_Usada";"GB";"2022-11-08 10:29:46";6.15
"Servidor-SPTECH";"ram";"ram_Usada";"GB";"2022-11-08 10:29:45";6.15
"Servidor-SPTECH";"ram";"ram_Usada";"GB";"2022-11-08 10:29:43";6.16
"Servidor-SPTECH";"ram";"ram_Usada";"GB";"2022-11-08 10:29:42";6.13
"Servidor-SPTECH";"ram";"ram_Usada";"GB";"2022-11-08 10:29:40";6.24
"Servidor-SPTECH";"ram";"ram_Usada";"GB";"2022-11-08 10:29:39";6.25
"Servidor-SPTECH";"ram";"ram_Usada";"GB";"2022-11-08 10:29:37";6.25
"Servidor-SPTECH";"ram";"ram_Usada";"GB";"2022-11-08 10:29:36";6.25
"Servidor-SPTECH";"ram";"ram_Usada";"GB";"2022-11-08 10:29:34";6.26
"Servidor-SPTECH";"ram";"ram_Usada";"GB";"2022-11-08 10:29:33";6.27
"Servidor-SPTECH";"ram";"ram_Usada";"GB";"2022-11-08 10:29:31";6.25
"Servidor-SPTECH";"ram";"ram_Usada";"GB";"2022-11-08 10:29:29";6.26
"Servidor-SPTECH";"ram";"ram_Usada";"GB";"2022-11-07 14:47:24";6.38
"Servidor-SPTECH";"ram";"ram_Usada";"GB";"2022-11-07 14:47:23";6.34
"Servidor-SPTECH";"ram";"ram_Usada";"GB";"2022-11-07 14:47:21";6.31
"Servidor-SPTECH";"ram";"ram_Usada";"GB";"2022-11-07 14:47:20";6.32
"Servidor-SPTECH";"ram";"ram_Usada";"GB";"2022-11-07 14:47:19";6.26
"Servidor-SPTECH";"ram";"ram_Usada";"GB";"2022-11-07 14:47:17";6.26
"Servidor-SPTECH";"ram";"ram_Usada";"GB";"2022-11-07 14:47:16";6.26
"Servidor-SPTECH";"ram";"ram_Usada";"GB";"2022-11-07 14:47:14";6.26
"Servidor-SPTECH";"ram";"ram_Usada";"GB";"2022-11-07 14:47:13";6.26
"Servidor-SPTECH";"ram";"ram_Usada";"GB";"2022-11-07 14:47:12";6.26
"Servidor-SPTECH";"ram";"ram_Usada";"GB";"2022-11-07 14:47:10";6.26
"Servidor-SPTECH";"ram";"ram_Usada";"GB";"2022-11-07 14:47:09";6.27
"Servidor-SPTECH";"ram";"ram_Usada";"GB";"2022-11-07 14:47:07";6.26
"Servidor-SPTECH";"ram";"ram_Usada";"GB";"2022-11-07 14:47:06";6.26
"Servidor-SPTECH";"ram";"ram_Usada";"GB";"2022-11-07 14:47:05";6.25
"Servidor-SPTECH";"ram";"ram_Usada";"GB";"2022-11-07 14:47:03";6.23
"Servidor-SPTECH";"ram";"ram_Usada";"GB";"2022-11-07 14:47:02";6.25
"Servidor-SPTECH";"ram";"ram_Usada";"GB";"2022-11-07 14:47:00";6.25
"Servidor-SPTECH";"ram";"ram_Usada";"GB";"2022-11-07 14:46:59";6.25
"Servidor-SPTECH";"ram";"ram_Usada";"GB";"2022-11-07 14:46:58";6.25
"Servidor-SPTECH";"ram";"ram_Usada";"GB";"2022-11-07 14:46:56";6.25
"Servidor-SPTECH";"ram";"ram_Usada";"GB";"2022-11-07 14:46:55";6.25
"Servidor-SPTECH";"ram";"ram_Usada";"GB";"2022-11-07 14:46:53";6.25
"Servidor-SPTECH";"ram";"ram_Usada";"GB";"2022-11-07 14:46:52";6.26
"Servidor-SPTECH";"ram";"ram_Usada";"GB";"2022-11-07 14:46:51";6.25
"Servidor-SPTECH";"ram";"ram_Usada";"GB";"2022-11-07 14:46:49";6.3
"Servidor-SPTECH";"ram";"ram_Usada";"GB";"2022-11-07 14:46:48";6.3
"Servidor-SPTECH";"ram";"ram_Usada";"GB";"2022-11-07 14:46:46";6.3
"Servidor-SPTECH";"ram";"ram_Usada";"GB";"2022-11-07 14:46:45";6.27
"Servidor-SPTECH";"ram";"ram_Usada";"GB";"2022-11-07 14:46:44";6.35
"Servidor-SPTECH";"ram";"ram_Usada";"GB";"2022-11-07 14:46:42";6.35
"Servidor-SPTECH";"ram";"ram_Usada";"GB";"2022-11-07 14:46:41";6.35
"Servidor-SPTECH";"ram";"ram_Usada";"GB";"2022-11-07 14:46:39";6.32
"Servidor-SPTECH";"ram";"ram_Usada";"GB";"2022-11-07 14:46:38";6.35
"Servidor-SPTECH";"ram";"ram_Usada";"GB";"2022-11-07 14:46:37";6.39
"Servidor-SPTECH";"ram";"ram_Usada";"GB";"2022-11-07 14:46:35";6.39
"Servidor-SPTECH";"ram";"ram_Usada";"GB";"2022-11-07 14:46:34";6.39
"Servidor-SPTECH";"ram";"ram_Usada";"GB";"2022-11-07 14:46:32";6.41
"Servidor-SPTECH";"ram";"ram_Usada";"GB";"2022-11-07 14:46:31";6.44
"Servidor-SPTECH";"ram";"ram_Usada";"GB";"2022-11-07 14:46:30";6.45
"Servidor-SPTECH";"ram";"ram_Usada";"GB";"2022-11-07 14:46:28";6.44
"Servidor-SPTECH";"ram";"ram_Usada";"GB";"2022-11-07 14:46:27";6.47
"Servidor-SPTECH";"ram";"ram_Usada";"GB";"2022-11-07 14:46:25";6.51
"Servidor-SPTECH";"ram";"ram_Usada";"GB";"2022-11-07 14:46:24";6.5
"Servidor-SPTECH";"ram";"ram_Usada";"GB";"2022-11-07 14:46:23";6.49
"Servidor-SPTECH";"ram";"ram_Usada";"GB";"2022-11-07 14:46:21";6.46
"Servidor-SPTECH";"ram";"ram_Usada";"GB";"2022-11-07 14:46:20";6.49
"Servidor-SPTECH";"ram";"ram_Usada";"GB";"2022-11-07 14:46:18";6.49
"Servidor-SPTECH";"ram";"ram_Usada";"GB";"2022-11-07 14:46:17";6.5
"Servidor-SPTECH";"ram";"ram_Usada";"GB";"2022-11-07 14:46:16";6.45
"Servidor-SPTECH";"ram";"ram_Usada";"GB";"2022-11-07 14:46:14";6.41
"Servidor-SPTECH";"ram";"ram_Usada";"GB";"2022-11-07 14:46:13";6.41
"Servidor-SPTECH";"ram";"ram_Usada";"GB";"2022-11-07 14:46:11";6.47
"Servidor-SPTECH";"ram";"ram_Usada";"GB";"2022-11-07 14:46:10";6.53
"Servidor-SPTECH";"ram";"ram_Usada";"GB";"2022-11-07 14:46:09";6.53
"Servidor-SPTECH";"ram";"ram_Usada";"GB";"2022-11-07 14:46:07";6.52
"Servidor-SPTECH";"ram";"ram_Usada";"GB";"2022-11-07 14:46:06";6.51
"Servidor-SPTECH";"ram";"ram_Usada";"GB";"2022-11-07 14:46:04";6.5
"Servidor-SPTECH";"ram";"ram_Usada";"GB";"2022-11-07 14:46:03";6.52
"Servidor-SPTECH";"ram";"ram_Usada";"GB";"2022-11-07 14:46:02";6.52
"Servidor-SPTECH";"ram";"ram_Usada";"GB";"2022-11-07 14:46:00";6.51
"Servidor-SPTECH";"ram";"ram_Usada";"GB";"2022-11-07 14:45:59";6.52
"Servidor-SPTECH";"ram";"ram_Usada";"GB";"2022-11-07 14:45:57";6.49
"Servidor-SPTECH";"ram";"ram_Usada";"GB";"2022-11-07 14:45:56";6.49
"Servidor-SPTECH";"ram";"ram_Usada";"GB";"2022-11-07 14:45:54";6.42
"Servidor-SPTECH";"ram";"ram_Usada";"GB";"2022-11-07 14:45:53";6.43
"Servidor-SPTECH";"ram";"ram_Usada";"GB";"2022-11-07 14:45:52";6.5
"Servidor-SPTECH";"ram";"ram_Usada";"GB";"2022-11-07 14:45:50";6.51
"Servidor-SPTECH";"ram";"ram_Usada";"GB";"2022-11-07 14:45:49";6.54
"Servidor-SPTECH";"ram";"ram_Usada";"GB";"2022-11-07 14:45:47";6.54
"Servidor-SPTECH";"ram";"ram_Usada";"GB";"2022-11-07 14:45:46";6.53
"Servidor-SPTECH";"ram";"ram_Usada";"GB";"2022-11-07 14:45:45";6.53
"Servidor-SPTECH";"ram";"ram_Usada";"GB";"2022-11-07 14:45:43";6.55
"Servidor-SPTECH";"ram";"ram_Usada";"GB";"2022-11-07 14:45:42";6.54
"Servidor-SPTECH";"ram";"ram_Usada";"GB";"2022-11-07 14:45:40";6.55
"Servidor-SPTECH";"ram";"ram_Usada";"GB";"2022-11-07 14:45:39";6.52
"Servidor-SPTECH";"ram";"ram_Usada";"GB";"2022-11-07 14:45:38";6.56
"Servidor-SPTECH";"ram";"ram_Usada";"GB";"2022-11-07 14:45:36";6.57
"Servidor-SPTECH";"ram";"ram_Usada";"GB";"2022-11-07 14:45:35";6.57
"Servidor-SPTECH";"ram";"ram_Usada";"GB";"2022-11-07 14:45:33";6.57
"Servidor-SPTECH";"ram";"ram_Usada";"GB";"2022-11-07 14:45:32";6.56
"Servidor-SPTECH";"ram";"ram_Usada";"GB";"2022-11-07 14:45:31";6.58
"Servidor-SPTECH";"ram";"ram_Usada";"GB";"2022-11-07 14:45:29";6.58
"Servidor-SPTECH";"ram";"ram_Usada";"GB";"2022-11-07 14:45:28";6.57
"Servidor-SPTECH";"ram";"ram_Usada";"GB";"2022-11-07 14:45:26";6.57
"Servidor-SPTECH";"ram";"ram_Usada";"GB";"2022-11-07 14:45:25";6.56
"Servidor-SPTECH";"ram";"ram_Usada";"GB";"2022-11-07 14:45:24";6.56
"Servidor-SPTECH";"ram";"ram_Usada";"GB";"2022-11-07 14:45:22";6.56
"Servidor-SPTECH";"ram";"ram_Usada";"GB";"2022-11-07 14:45:21";6.52
"Servidor-SPTECH";"ram";"ram_Usada";"GB";"2022-11-07 14:45:19";6.55
"Servidor-SPTECH";"ram";"ram_Usada";"GB";"2022-11-07 14:45:18";6.56
"Servidor-SPTECH";"ram";"ram_Usada";"GB";"2022-11-07 14:45:17";6.53
"Servidor-SPTECH";"ram";"ram_Usada";"GB";"2022-11-07 14:45:15";6.5
"Servidor-SPTECH";"ram";"ram_Usada";"GB";"2022-11-07 14:45:14";6.52
"Servidor-SPTECH";"ram";"ram_Usada";"GB";"2022-11-07 14:45:12";6.52
"Servidor-SPTECH";"ram";"ram_Usada";"GB";"2022-11-07 14:45:11";6.52
"Servidor-SPTECH";"ram";"ram_Usada";"GB";"2022-11-07 14:45:10";6.51
"Servidor-SPTECH";"ram";"ram_Usada";"GB";"2022-11-07 14:45:08";6.51
"Servidor-SPTECH";"ram";"ram_Usada";"GB";"2022-11-07 14:45:07";6.51
"Servidor-SPTECH";"ram";"ram_Usada";"GB";"2022-11-07 14:45:05";6.5
"Servidor-SPTECH";"ram";"ram_Usada";"GB";"2022-11-07 14:45:04";6.5
"Servidor-SPTECH";"ram";"ram_Usada";"GB";"2022-11-07 14:45:03";6.52
"Servidor-SPTECH";"ram";"ram_Usada";"GB";"2022-11-07 14:45:01";6.52
"Servidor-SPTECH";"ram";"ram_Usada";"GB";"2022-11-07 14:45:00";6.53
"Servidor-SPTECH";"ram";"ram_Usada";"GB";"2022-11-07 14:44:58";6.53
"Servidor-SPTECH";"ram";"ram_Usada";"GB";"2022-11-07 14:44:57";6.51
"Servidor-SPTECH";"ram";"ram_Usada";"GB";"2022-11-07 14:44:56";6.54
"Servidor-SPTECH";"ram";"ram_Usada";"GB";"2022-11-07 14:44:54";6.54
"Servidor-SPTECH";"ram";"ram_Usada";"GB";"2022-11-07 14:44:53";6.55
"Servidor-SPTECH";"ram";"ram_Usada";"GB";"2022-11-07 14:44:51";6.58
"Servidor-SPTECH";"ram";"ram_Usada";"GB";"2022-11-07 14:44:50";6.64
"Servidor-SPTECH";"ram";"ram_Usada";"GB";"2022-11-07 14:44:49";6.64
"Servidor-SPTECH";"ram";"ram_Usada";"GB";"2022-11-07 14:44:47";6.64
"Servidor-SPTECH";"ram";"ram_Usada";"GB";"2022-11-07 14:44:46";6.7
"Servidor-SPTECH";"ram";"ram_Usada";"GB";"2022-11-07 14:44:44";6.71
"Servidor-SPTECH";"ram";"ram_Usada";"GB";"2022-11-07 14:44:43";6.73
"Servidor-SPTECH";"ram";"ram_Usada";"GB";"2022-11-07 14:44:41";6.74
"Servidor-SPTECH";"ram";"ram_Usada";"GB";"2022-11-07 14:44:40";6.75
"Servidor-SPTECH";"ram";"ram_Usada";"GB";"2022-11-07 14:44:39";6.73
"Servidor-SPTECH";"ram";"ram_Usada";"GB";"2022-11-07 14:44:37";6.44
"Servidor-SPTECH";"ram";"ram_Usada";"GB";"2022-11-07 14:44:36";6.44
"Servidor-SPTECH";"ram";"ram_Usada";"GB";"2022-11-07 14:44:34";6.44
"Servidor-SPTECH";"ram";"ram_Usada";"GB";"2022-11-07 14:44:33";6.42
"Servidor-SPTECH";"ram";"ram_Usada";"GB";"2022-11-07 14:44:31";6.44
"Servidor-SPTECH";"ram";"ram_Usada";"GB";"2022-11-07 14:44:30";6.44
"Servidor-SPTECH";"ram";"ram_Usada";"GB";"2022-11-07 14:44:29";6.44
"Servidor-SPTECH";"ram";"ram_Usada";"GB";"2022-11-07 14:44:27";6.44
"Servidor-SPTECH";"ram";"ram_Usada";"GB";"2022-11-07 14:44:26";6.43
"Servidor-SPTECH";"ram";"ram_Usada";"GB";"2022-11-07 14:44:24";6.42
"Servidor-SPTECH";"ram";"ram_Usada";"GB";"2022-11-07 14:44:23";6.42
"Servidor-SPTECH";"ram";"ram_Usada";"GB";"2022-11-07 14:44:22";6.42
"Servidor-SPTECH";"ram";"ram_Usada";"GB";"2022-11-07 14:44:20";6.42
"Servidor-SPTECH";"ram";"ram_Usada";"GB";"2022-11-07 14:44:19";6.42
"Servidor-SPTECH";"ram";"ram_Usada";"GB";"2022-11-07 14:44:17";6.42
"Servidor-SPTECH";"ram";"ram_Usada";"GB";"2022-11-07 14:44:16";6.42
"Servidor-SPTECH";"ram";"ram_Usada";"GB";"2022-11-07 14:44:14";6.39
"Servidor-SPTECH";"ram";"ram_Usada";"GB";"2022-11-07 14:44:13";6.43
"Servidor-SPTECH";"ram";"ram_Usada";"GB";"2022-11-07 14:44:12";6.43
"Servidor-SPTECH";"ram";"ram_Usada";"GB";"2022-11-07 14:44:10";6.43
"Servidor-SPTECH";"ram";"ram_Usada";"GB";"2022-11-07 14:44:09";6.42
"Servidor-SPTECH";"ram";"ram_Usada";"GB";"2022-11-07 14:44:07";6.46
"Servidor-SPTECH";"ram";"ram_Usada";"GB";"2022-11-07 14:44:06";6.48
"Servidor-SPTECH";"ram";"ram_Usada";"GB";"2022-11-07 14:44:05";6.52
"Servidor-SPTECH";"ram";"ram_Usada";"GB";"2022-11-07 14:44:03";6.51
"Servidor-SPTECH";"ram";"ram_Usada";"GB";"2022-11-07 14:44:02";6.52
"Servidor-SPTECH";"ram";"ram_Usada";"GB";"2022-11-07 14:44:00";6.54
"Servidor-SPTECH";"ram";"ram_Usada";"GB";"2022-11-07 14:43:59";6.54
"Servidor-SPTECH";"ram";"ram_Usada";"GB";"2022-11-07 14:43:57";6.42
"Servidor-SPTECH";"ram";"ram_Usada";"GB";"2022-11-07 14:43:56";6.39
"Servidor-SPTECH";"ram";"ram_Usada";"GB";"2022-11-07 14:43:55";6.36
"Servidor-SPTECH";"ram";"ram_Usada";"GB";"2022-11-07 14:43:53";6.38
"Servidor-SPTECH";"ram";"ram_Usada";"GB";"2022-11-07 14:43:52";6.32
"Servidor-SPTECH";"ram";"ram_Usada";"GB";"2022-11-07 14:43:50";6.33
"Servidor-SPTECH";"ram";"ram_Usada";"GB";"2022-11-07 14:43:49";6.36
"Servidor-SPTECH";"ram";"ram_Usada";"GB";"2022-11-07 14:43:47";6.32
"Servidor-SPTECH";"ram";"ram_Usada";"GB";"2022-11-07 14:43:46";6.17
"Servidor-SPTECH";"ram";"ram_Usada";"GB";"2022-11-07 14:43:45";6.12
"Servidor-SPTECH";"ram";"ram_Usada";"GB";"2022-11-07 14:43:43";6.2
"Servidor-SPTECH";"ram";"ram_Usada";"GB";"2022-11-07 14:43:42";6.33
"Servidor-SPTECH";"ram";"ram_Usada";"GB";"2022-11-07 14:43:40";6.3
"Servidor-SPTECH";"ram";"ram_Usada";"GB";"2022-11-07 14:43:39";6.35
"Servidor-SPTECH";"ram";"ram_Usada";"GB";"2022-11-07 14:43:38";6.41
"Servidor-SPTECH";"ram";"ram_Usada";"GB";"2022-11-07 14:43:36";6.44
"Servidor-SPTECH";"ram";"ram_Usada";"GB";"2022-11-07 14:43:35";6.46
"Servidor-SPTECH";"ram";"ram_Usada";"GB";"2022-11-07 14:43:33";6.78
"Servidor-SPTECH";"ram";"ram_Usada";"GB";"2022-11-07 14:43:32";6.71
"Servidor-SPTECH";"ram";"ram_Usada";"GB";"2022-11-07 14:43:30";6.66
"Servidor-SPTECH";"ram";"ram_Usada";"GB";"2022-11-07 14:43:29";6.61
"Servidor-SPTECH";"ram";"ram_Usada";"GB";"2022-11-07 14:43:28";6.66
"Servidor-SPTECH";"ram";"ram_Usada";"GB";"2022-11-07 14:43:26";6.66
"Servidor-SPTECH";"ram";"ram_Usada";"GB";"2022-11-07 14:43:25";6.77
"Servidor-SPTECH";"ram";"ram_Usada";"GB";"2022-11-07 14:43:23";6.77
"Servidor-SPTECH";"ram";"ram_Usada";"GB";"2022-11-07 14:43:22";6.77
"Servidor-SPTECH";"ram";"ram_Usada";"GB";"2022-11-07 14:43:21";6.74
"Servidor-SPTECH";"ram";"ram_Usada";"GB";"2022-11-07 14:43:19";6.77
"Servidor-SPTECH";"ram";"ram_Usada";"GB";"2022-11-07 14:43:18";7.18
"Servidor-SPTECH";"ram";"ram_Usada";"GB";"2022-11-07 14:43:16";7.21
"Servidor-SPTECH";"ram";"ram_Usada";"GB";"2022-11-07 14:43:15";7.28
"Servidor-SPTECH";"ram";"ram_Usada";"GB";"2022-11-07 14:43:14";7.15
"Servidor-SPTECH";"ram";"ram_Usada";"GB";"2022-11-07 14:43:12";7.15
"Servidor-SPTECH";"ram";"ram_Usada";"GB";"2022-11-07 14:43:11";7.19
"Servidor-SPTECH";"ram";"ram_Usada";"GB";"2022-11-07 14:43:09";7.24
"Servidor-SPTECH";"ram";"ram_Usada";"GB";"2022-11-07 14:43:08";7.27
"Servidor-SPTECH";"ram";"ram_Usada";"GB";"2022-11-07 14:43:07";7.44
"Servidor-SPTECH";"ram";"ram_Usada";"GB";"2022-11-07 14:43:05";7.54
"Servidor-SPTECH";"ram";"ram_Usada";"GB";"2022-11-07 14:43:04";7.31
"Servidor-SPTECH";"ram";"ram_Usada";"GB";"2022-11-07 14:43:02";7.21
"Servidor-SPTECH";"ram";"ram_Usada";"GB";"2022-11-07 14:43:01";7.33
"Servidor-SPTECH";"ram";"ram_Usada";"GB";"2022-11-07 14:43:00";7.32
"Servidor-SPTECH";"ram";"ram_Usada";"GB";"2022-11-07 14:42:58";7.31
"Servidor-SPTECH";"ram";"ram_Usada";"GB";"2022-11-07 14:42:57";7.25
"Servidor-SPTECH";"ram";"ram_Usada";"GB";"2022-11-07 14:42:55";7.22
"Servidor-SPTECH";"ram";"ram_Usada";"GB";"2022-11-07 14:42:54";7.21
"Servidor-SPTECH";"ram";"ram_Usada";"GB";"2022-11-07 14:42:52";7.22
"Servidor-SPTECH";"ram";"ram_Usada";"GB";"2022-11-07 14:42:51";7.2
"Servidor-SPTECH";"ram";"ram_Usada";"GB";"2022-11-07 14:42:50";7.21
"Servidor-SPTECH";"ram";"ram_Usada";"GB";"2022-11-07 14:42:48";7.22
"Servidor-SPTECH";"ram";"ram_Usada";"GB";"2022-11-07 14:42:47";7.17
"Servidor-SPTECH";"ram";"ram_Usada";"GB";"2022-11-07 14:42:45";7.12
"Servidor-SPTECH";"ram";"ram_Usada";"GB";"2022-11-07 14:42:44";7.09
"Servidor-SPTECH";"ram";"ram_Usada";"GB";"2022-11-07 14:42:42";7.07
"Servidor-SPTECH";"ram";"ram_Usada";"GB";"2022-11-07 14:42:41";7.07
"Servidor-SPTECH";"ram";"ram_Usada";"GB";"2022-11-07 14:42:40";7.1
"Servidor-SPTECH";"ram";"ram_Usada";"GB";"2022-11-07 14:42:38";6.76
"Servidor-SPTECH";"ram";"ram_Usada";"GB";"2022-11-07 14:42:37";6.75
"Servidor-SPTECH";"ram";"ram_Usada";"GB";"2022-11-07 14:42:35";6.75
"Servidor-SPTECH";"ram";"ram_Usada";"GB";"2022-11-07 14:42:34";6.75
"Servidor-SPTECH";"ram";"ram_Usada";"GB";"2022-11-07 14:42:32";6.72
"Servidor-SPTECH";"ram";"ram_Usada";"GB";"2022-11-07 14:42:31";6.77
"Servidor-SPTECH";"ram";"ram_Usada";"GB";"2022-11-07 14:42:30";6.76
"Servidor-SPTECH";"ram";"ram_Usada";"GB";"2022-11-07 14:42:28";6.77
"Servidor-SPTECH";"ram";"ram_Usada";"GB";"2022-11-07 14:42:27";6.73
"Servidor-SPTECH";"ram";"ram_Usada";"GB";"2022-11-07 14:42:25";6.76
"Servidor-SPTECH";"ram";"ram_Usada";"GB";"2022-11-07 14:42:24";6.76
"Servidor-SPTECH";"ram";"ram_Usada";"GB";"2022-11-07 14:42:23";6.76
"Servidor-SPTECH";"ram";"ram_Usada";"GB";"2022-11-07 14:42:21";6.77
"Servidor-SPTECH";"ram";"ram_Usada";"GB";"2022-11-07 14:42:20";6.76
"Servidor-SPTECH";"ram";"ram_Usada";"GB";"2022-11-07 14:42:18";6.76
"Servidor-SPTECH";"ram";"ram_Usada";"GB";"2022-11-07 14:42:17";6.76
"Servidor-SPTECH";"ram";"ram_Usada";"GB";"2022-11-07 14:42:16";6.76
"Servidor-SPTECH";"ram";"ram_Usada";"GB";"2022-11-07 14:42:14";6.73
"Servidor-SPTECH";"ram";"ram_Usada";"GB";"2022-11-07 14:42:13";6.76
"Servidor-SPTECH";"ram";"ram_Usada";"GB";"2022-11-07 14:42:11";6.77
"Servidor-SPTECH";"ram";"ram_Usada";"GB";"2022-11-07 14:42:10";6.76
"Servidor-SPTECH";"ram";"ram_Usada";"GB";"2022-11-07 14:42:08";6.73
"Servidor-SPTECH";"ram";"ram_Usada";"GB";"2022-11-07 14:42:07";6.76
"Servidor-SPTECH";"ram";"ram_Usada";"GB";"2022-11-07 14:42:06";6.76
"Servidor-SPTECH";"ram";"ram_Usada";"GB";"2022-11-07 14:42:04";6.77
"Servidor-SPTECH";"ram";"ram_Usada";"GB";"2022-11-07 14:42:03";6.91
"Servidor-SPTECH";"ram";"ram_Usada";"GB";"2022-11-07 14:42:01";6.92
"Servidor-SPTECH";"ram";"ram_Usada";"GB";"2022-11-07 14:42:00";6.93
"Servidor-SPTECH";"ram";"ram_Usada";"GB";"2022-11-07 14:41:59";6.93
"Servidor-SPTECH";"ram";"ram_Usada";"GB";"2022-11-07 14:41:57";6.93
"Servidor-SPTECH";"ram";"ram_Usada";"GB";"2022-11-07 14:41:56";6.93
"Servidor-SPTECH";"ram";"ram_Usada";"GB";"2022-11-07 14:41:54";6.93
"Servidor-SPTECH";"ram";"ram_Usada";"GB";"2022-11-07 14:41:53";6.93
"Servidor-SPTECH";"ram";"ram_Usada";"GB";"2022-11-07 14:41:52";6.93
"Servidor-SPTECH";"ram";"ram_Usada";"GB";"2022-11-07 14:41:50";6.92
"Servidor-SPTECH";"ram";"ram_Usada";"GB";"2022-11-07 14:41:49";6.95
"Servidor-SPTECH";"ram";"ram_Usada";"GB";"2022-11-07 14:41:47";6.95
"Servidor-SPTECH";"ram";"ram_Usada";"GB";"2022-11-07 14:41:46";6.95
"Servidor-SPTECH";"ram";"ram_Usada";"GB";"2022-11-07 14:41:45";6.92
"Servidor-SPTECH";"ram";"ram_Usada";"GB";"2022-11-07 14:41:43";6.96
"Servidor-SPTECH";"ram";"ram_Usada";"GB";"2022-11-07 14:41:42";6.95
"Servidor-SPTECH";"ram";"ram_Usada";"GB";"2022-11-07 14:41:40";6.95
"Servidor-SPTECH";"ram";"ram_Usada";"GB";"2022-11-07 14:41:39";6.95
"Servidor-SPTECH";"ram";"ram_Usada";"GB";"2022-11-07 14:41:38";6.95
"Servidor-SPTECH";"ram";"ram_Usada";"GB";"2022-11-07 14:41:36";6.95
"Servidor-SPTECH";"ram";"ram_Usada";"GB";"2022-11-07 14:41:35";6.95
"Servidor-SPTECH";"ram";"ram_Usada";"GB";"2022-11-07 14:41:33";6.95
"Servidor-SPTECH";"ram";"ram_Usada";"GB";"2022-11-07 14:41:32";6.92
"Servidor-SPTECH";"ram";"ram_Usada";"GB";"2022-11-07 14:41:30";6.95
"Servidor-SPTECH";"ram";"ram_Usada";"GB";"2022-11-07 14:41:29";6.95
"Servidor-SPTECH";"ram";"ram_Usada";"GB";"2022-11-07 14:41:28";6.94
"Servidor-SPTECH";"ram";"ram_Usada";"GB";"2022-11-07 14:41:26";6.91
"Servidor-SPTECH";"ram";"ram_Usada";"GB";"2022-11-07 14:41:25";6.94
"Servidor-SPTECH";"ram";"ram_Usada";"GB";"2022-11-07 14:41:23";6.94
"Servidor-SPTECH";"ram";"ram_Usada";"GB";"2022-11-07 14:41:22";6.94
"Servidor-SPTECH";"ram";"ram_Usada";"GB";"2022-11-07 14:41:21";6.93
"Servidor-SPTECH";"ram";"ram_Usada";"GB";"2022-11-07 14:41:19";6.96
"Servidor-SPTECH";"ram";"ram_Usada";"GB";"2022-11-07 14:41:18";6.94
"Servidor-SPTECH";"ram";"ram_Usada";"GB";"2022-11-07 14:41:16";6.94
"Servidor-SPTECH";"ram";"ram_Usada";"GB";"2022-11-07 14:41:15";6.95
"Servidor-SPTECH";"ram";"ram_Usada";"GB";"2022-11-07 14:41:14";6.94
"Servidor-SPTECH";"ram";"ram_Usada";"GB";"2022-11-07 14:41:12";6.95
"Servidor-SPTECH";"ram";"ram_Usada";"GB";"2022-11-07 14:41:11";6.94
"Servidor-SPTECH";"ram";"ram_Usada";"GB";"2022-11-07 14:41:09";6.95
"Servidor-SPTECH";"ram";"ram_Usada";"GB";"2022-11-07 14:41:08";6.93
"Servidor-SPTECH";"ram";"ram_Usada";"GB";"2022-11-07 14:41:06";6.95
"Servidor-SPTECH";"ram";"ram_Usada";"GB";"2022-11-07 14:41:05";6.96
"Servidor-SPTECH";"ram";"ram_Usada";"GB";"2022-11-07 14:41:04";6.96
"Servidor-SPTECH";"ram";"ram_Usada";"GB";"2022-11-07 14:41:02";6.93
"Servidor-SPTECH";"ram";"ram_Usada";"GB";"2022-11-07 14:41:01";6.95
"Servidor-SPTECH";"ram";"ram_Usada";"GB";"2022-11-07 14:40:59";6.96
"Servidor-SPTECH";"ram";"ram_Usada";"GB";"2022-11-07 14:40:58";6.96
"Servidor-SPTECH";"ram";"ram_Usada";"GB";"2022-11-07 14:40:57";6.94
"Servidor-SPTECH";"ram";"ram_Usada";"GB";"2022-11-07 14:40:55";6.97
"Servidor-SPTECH";"ram";"ram_Usada";"GB";"2022-11-07 14:40:54";6.97
"Servidor-SPTECH";"ram";"ram_Usada";"GB";"2022-11-07 14:40:52";6.97
"Servidor-SPTECH";"ram";"ram_Usada";"GB";"2022-11-07 14:40:51";6.98
"Servidor-SPTECH";"ram";"ram_Usada";"GB";"2022-11-07 14:40:49";6.97
"Servidor-SPTECH";"ram";"ram_Usada";"GB";"2022-11-07 14:40:48";6.97
"Servidor-SPTECH";"ram";"ram_Usada";"GB";"2022-11-07 14:40:47";6.97
"Servidor-SPTECH";"ram";"ram_Usada";"GB";"2022-11-07 14:40:45";6.98
"Servidor-SPTECH";"ram";"ram_Usada";"GB";"2022-11-07 14:40:44";6.95
"Servidor-SPTECH";"ram";"ram_Usada";"GB";"2022-11-07 14:40:42";6.97
"Servidor-SPTECH";"ram";"ram_Usada";"GB";"2022-11-07 14:40:41";6.97
"Servidor-SPTECH";"ram";"ram_Usada";"GB";"2022-11-07 14:40:40";6.98
"Servidor-SPTECH";"ram";"ram_Usada";"GB";"2022-11-07 14:40:38";6.95
"Servidor-SPTECH";"ram";"ram_Usada";"GB";"2022-11-07 14:40:37";6.98
"Servidor-SPTECH";"ram";"ram_Usada";"GB";"2022-11-07 14:40:35";6.98
"Servidor-SPTECH";"ram";"ram_Usada";"GB";"2022-11-07 14:40:34";6.98
"Servidor-SPTECH";"ram";"ram_Usada";"GB";"2022-11-07 14:40:33";6.98
"Servidor-SPTECH";"ram";"ram_Usada";"GB";"2022-11-07 14:40:31";6.98
"Servidor-SPTECH";"ram";"ram_Usada";"GB";"2022-11-07 14:40:30";6.97
"Servidor-SPTECH";"ram";"ram_Usada";"GB";"2022-11-07 14:40:28";7.0
"Servidor-SPTECH";"ram";"ram_Usada";"GB";"2022-11-07 14:40:27";7.0
"Servidor-SPTECH";"ram";"ram_Usada";"GB";"2022-11-07 14:40:26";7.0
"Servidor-SPTECH";"ram";"ram_Usada";"GB";"2022-11-07 14:40:24";7.01
"Servidor-SPTECH";"ram";"ram_Usada";"GB";"2022-11-07 14:40:23";7.0
"Servidor-SPTECH";"ram";"ram_Usada";"GB";"2022-11-07 14:40:21";7.07
"Servidor-SPTECH";"ram";"ram_Usada";"GB";"2022-11-07 14:40:20";7.01
"Servidor-SPTECH";"ram";"ram_Usada";"GB";"2022-11-07 14:40:18";7.0
"Servidor-SPTECH";"ram";"ram_Usada";"GB";"2022-11-07 14:40:17";7.03
"Servidor-SPTECH";"ram";"ram_Usada";"GB";"2022-11-07 14:40:16";7.04
"Servidor-SPTECH";"ram";"ram_Usada";"GB";"2022-11-07 14:40:14";7.04
"Servidor-SPTECH";"ram";"ram_Usada";"GB";"2022-11-07 14:40:13";7.0
"Servidor-SPTECH";"ram";"ram_Usada";"GB";"2022-11-07 14:40:10";6.96
"Servidor-SPTECH";"ram";"ram_Usada";"GB";"2022-11-07 14:40:08";6.9
"Servidor-SPTECH";"ram";"ram_Usada";"GB";"2022-11-07 14:40:07";6.92
"Servidor-SPTECH";"ram";"ram_Usada";"GB";"2022-11-07 14:38:03";7.05
"Servidor-SPTECH";"ram";"ram_Usada";"GB";"2022-11-07 14:38:01";7.12
"Servidor-SPTECH";"ram";"ram_Usada";"GB";"2022-11-07 14:38:00";7.1
"Servidor-SPTECH";"ram";"ram_Usada";"GB";"2022-11-07 14:37:55";7.09
"Servidor-SPTECH";"ram";"ram_Usada";"GB";"2022-11-07 14:37:53";7.1
"Servidor-SPTECH";"ram";"ram_Usada";"GB";"2022-11-07 14:37:51";7.09
"Servidor-SPTECH";"ram";"ram_Usada";"GB";"2022-11-07 14:35:54";7.41
"Servidor-SPTECH";"ram";"ram_Usada";"GB";"2022-11-07 14:35:53";7.39
"Servidor-SPTECH";"ram";"ram_Usada";"GB";"2022-11-07 14:35:51";7.3
"Servidor-SPTECH";"ram";"ram_Usada";"GB";"2022-11-07 14:35:40";7.16
"Servidor-SPTECH";"ram";"ram_Usada";"GB";"2022-11-07 14:35:39";7.17
"Servidor-SPTECH";"ram";"ram_Usada";"GB";"2022-11-07 14:35:37";7.24
"Servidor-SPTECH";"ram";"ram_Usada";"GB";"2022-11-07 14:35:35";7.19
"Servidor-SPTECH";"ram";"ram_Usada";"GB";"2022-11-07 14:35:34";7.16
"Servidor-SPTECH";"ram";"ram_Usada";"GB";"2022-11-07 14:35:32";7.19
"Servidor-SPTECH";"ram";"ram_Usada";"GB";"2022-11-07 14:35:31";7.2
"Servidor-SPTECH";"ram";"ram_Usada";"GB";"2022-11-07 14:35:29";7.19
"Servidor-SPTECH";"ram";"ram_Usada";"GB";"2022-11-07 14:35:28";7.19
"Servidor-SPTECH";"ram";"ram_Usada";"GB";"2022-11-07 14:35:26";7.19
"Servidor-SPTECH";"ram";"ram_Usada";"GB";"2022-11-07 14:35:24";7.19
"Servidor-SPTECH";"ram";"ram_Usada";"GB";"2022-11-07 14:35:23";7.22
"Servidor-SPTECH";"ram";"ram_Usada";"GB";"2022-11-07 14:35:21";7.22
"Servidor-SPTECH";"ram";"ram_Usada";"GB";"2022-11-07 14:35:20";7.22
"Servidor-SPTECH";"ram";"ram_Usada";"GB";"2022-11-07 14:35:18";7.2
"Servidor-SPTECH";"ram";"ram_Usada";"GB";"2022-11-07 14:35:17";7.2
"Servidor-SPTECH";"ram";"ram_Usada";"GB";"2022-11-07 14:35:15";7.19
"Servidor-SPTECH";"ram";"ram_Usada";"GB";"2022-11-07 14:35:14";7.2
"Servidor-SPTECH";"ram";"ram_Usada";"GB";"2022-11-07 14:35:12";7.21
"Servidor-SPTECH";"ram";"ram_Usada";"GB";"2022-11-07 14:35:11";7.2
"Servidor-SPTECH";"ram";"ram_Usada";"GB";"2022-11-07 14:35:09";7.21
"Servidor-SPTECH";"ram";"ram_Usada";"GB";"2022-11-07 14:35:08";7.2
"Servidor-SPTECH";"ram";"ram_Usada";"GB";"2022-11-07 14:35:06";7.18
"Servidor-SPTECH";"ram";"ram_Usada";"GB";"2022-11-07 14:35:04";7.19
"Servidor-SPTECH";"ram";"ram_Usada";"GB";"2022-11-07 14:35:03";7.23
"Servidor-SPTECH";"ram";"ram_Usada";"GB";"2022-11-07 14:35:01";7.24
"Servidor-SPTECH";"ram";"ram_Usada";"GB";"2022-11-07 14:35:00";7.21
"Servidor-SPTECH";"ram";"ram_Usada";"GB";"2022-11-07 14:34:58";7.33
"Servidor-SPTECH";"ram";"ram_Usada";"GB";"2022-11-07 14:34:57";7.35
"Servidor-SPTECH";"ram";"ram_Usada";"GB";"2022-11-07 14:34:55";7.37
"Servidor-SPTECH";"ram";"ram_Usada";"GB";"2022-11-07 14:34:54";7.4
"Servidor-SPTECH";"ram";"ram_Usada";"GB";"2022-11-07 14:34:52";7.42
"Servidor-SPTECH";"ram";"ram_Usada";"GB";"2022-11-07 14:34:51";7.45
"Servidor-SPTECH";"ram";"ram_Usada";"GB";"2022-11-07 14:34:49";7.29
"Servidor-SPTECH";"ram";"ram_Usada";"GB";"2022-11-07 14:34:33";6.89
"Servidor-SPTECH";"ram";"ram_Usada";"GB";"2022-11-07 14:34:32";7.0
"Servidor-SPTECH";"ram";"ram_Usada";"GB";"2022-11-07 14:34:30";6.92
"Servidor-SPTECH";"ram";"ram_Usada";"GB";"2022-11-07 14:34:29";6.92
"Servidor-SPTECH";"ram";"ram_Usada";"GB";"2022-11-07 14:34:27";6.9
"Servidor-SPTECH";"ram";"ram_Usada";"GB";"2022-11-07 14:34:26";6.96
"Servidor-SPTECH";"ram";"ram_Usada";"GB";"2022-11-07 14:34:24";6.9
"Servidor-SPTECH";"ram";"ram_Usada";"GB";"2022-11-07 14:34:23";6.91
"Servidor-SPTECH";"ram";"ram_Usada";"GB";"2022-11-07 14:34:21";6.88
"Servidor-SPTECH";"ram";"ram_Usada";"GB";"2022-11-07 14:34:20";6.91
"Servidor-SPTECH";"ram";"ram_Usada";"GB";"2022-11-07 14:34:18";6.91
"Servidor-SPTECH";"ram";"ram_Usada";"GB";"2022-11-07 14:34:17";6.9
"Servidor-SPTECH";"ram";"ram_Usada";"GB";"2022-11-07 14:34:16";6.91
"Servidor-SPTECH";"ram";"ram_Usada";"GB";"2022-11-07 14:34:14";6.89
"Servidor-SPTECH";"ram";"ram_Usada";"GB";"2022-11-07 14:34:13";6.89
"Servidor-SPTECH";"ram";"ram_Usada";"GB";"2022-11-07 14:34:11";6.89
"Servidor-SPTECH";"ram";"ram_Usada";"GB";"2022-11-07 14:34:10";6.89
"Servidor-SPTECH";"ram";"ram_Usada";"GB";"2022-11-07 14:34:08";6.9
"Servidor-SPTECH";"ram";"ram_Usada";"GB";"2022-11-07 14:34:07";6.9
"Servidor-SPTECH";"ram";"ram_Usada";"GB";"2022-11-07 14:34:05";6.91
"Servidor-SPTECH";"ram";"ram_Usada";"GB";"2022-11-07 14:34:04";6.9
"Servidor-SPTECH";"ram";"ram_Usada";"GB";"2022-11-07 14:34:02";6.92
"Servidor-SPTECH";"ram";"ram_Usada";"GB";"2022-11-07 14:34:01";6.93
"Servidor-SPTECH";"ram";"ram_Usada";"GB";"2022-11-07 14:34:00";6.93
"Servidor-SPTECH";"ram";"ram_Usada";"GB";"2022-11-07 14:33:58";6.93
"Servidor-SPTECH";"ram";"ram_Usada";"GB";"2022-11-07 14:33:57";6.93
"Servidor-SPTECH";"ram";"ram_Usada";"GB";"2022-11-07 14:33:55";6.94
"Servidor-SPTECH";"ram";"ram_Usada";"GB";"2022-11-07 14:33:54";6.93
"Servidor-SPTECH";"ram";"ram_Usada";"GB";"2022-11-07 14:33:52";6.94
"Servidor-SPTECH";"ram";"ram_Usada";"GB";"2022-11-07 14:33:51";6.91
"Servidor-SPTECH";"ram";"ram_Usada";"GB";"2022-11-07 14:33:49";6.94
"Servidor-SPTECH";"ram";"ram_Usada";"GB";"2022-11-07 14:33:48";6.94
"Servidor-SPTECH";"ram";"ram_Usada";"GB";"2022-11-07 14:33:46";6.95
"Servidor-SPTECH";"ram";"ram_Usada";"GB";"2022-11-07 14:33:45";6.92
"Servidor-SPTECH";"ram";"ram_Usada";"GB";"2022-11-07 14:33:44";6.95
"Servidor-SPTECH";"ram";"ram_Usada";"GB";"2022-11-07 14:33:42";6.95
"Servidor-SPTECH";"ram";"ram_Usada";"GB";"2022-11-07 14:33:41";6.95
"Servidor-SPTECH";"ram";"ram_Usada";"GB";"2022-11-07 14:33:39";6.93
"Servidor-SPTECH";"ram";"ram_Usada";"GB";"2022-11-07 14:33:38";6.95
"Servidor-SPTECH";"ram";"ram_Usada";"GB";"2022-11-07 14:33:36";6.95
"Servidor-SPTECH";"ram";"ram_Usada";"GB";"2022-11-07 14:33:35";6.95
"Servidor-SPTECH";"ram";"ram_Usada";"GB";"2022-11-07 14:33:33";6.95
"Servidor-SPTECH";"ram";"ram_Usada";"GB";"2022-11-07 14:33:32";6.96
"Servidor-SPTECH";"ram";"ram_Usada";"GB";"2022-11-07 14:33:30";6.98
"Servidor-SPTECH";"ram";"ram_Usada";"GB";"2022-11-07 14:33:29";6.95
"Servidor-SPTECH";"ram";"ram_Usada";"GB";"2022-11-07 14:33:28";6.95
"Servidor-SPTECH";"ram";"ram_Usada";"GB";"2022-11-07 14:33:26";6.95
"Servidor-SPTECH";"ram";"ram_Usada";"GB";"2022-11-07 14:33:25";6.95
"Servidor-SPTECH";"ram";"ram_Usada";"GB";"2022-11-07 14:33:23";6.94
"Servidor-SPTECH";"ram";"ram_Usada";"GB";"2022-11-07 14:33:22";6.93
"Servidor-SPTECH";"ram";"ram_Usada";"GB";"2022-11-07 14:33:20";6.97
"Servidor-SPTECH";"ram";"ram_Usada";"GB";"2022-11-07 14:33:19";6.98
"Servidor-SPTECH";"ram";"ram_Usada";"GB";"2022-11-07 14:33:17";6.92
"Servidor-SPTECH";"ram";"ram_Usada";"GB";"2022-11-07 14:33:16";6.81
"Servidor-SPTECH";"ram";"ram_Usada";"GB";"2022-11-07 14:33:15";6.79
"Servidor-SPTECH";"ram";"ram_Usada";"GB";"2022-11-07 14:33:13";6.8
"Servidor-SPTECH";"ram";"ram_Usada";"GB";"2022-11-07 14:33:12";6.79
"Servidor-SPTECH";"ram";"ram_Usada";"GB";"2022-11-07 14:33:10";6.8
"Servidor-SPTECH";"ram";"ram_Usada";"GB";"2022-11-07 14:33:09";6.76
"Servidor-SPTECH";"ram";"ram_Usada";"GB";"2022-11-07 14:33:07";6.79
"Servidor-SPTECH";"ram";"ram_Usada";"GB";"2022-11-07 14:33:06";6.78
"Servidor-SPTECH";"ram";"ram_Usada";"GB";"2022-11-07 14:33:04";6.78
"Servidor-SPTECH";"ram";"ram_Usada";"GB";"2022-11-07 14:33:03";6.75
"Servidor-SPTECH";"ram";"ram_Usada";"GB";"2022-11-07 14:33:02";6.8
"Servidor-SPTECH";"ram";"ram_Usada";"GB";"2022-11-07 14:33:00";6.8
"Servidor-SPTECH";"ram";"ram_Usada";"GB";"2022-11-07 14:32:59";6.8
"Servidor-SPTECH";"ram";"ram_Usada";"GB";"2022-11-07 14:32:57";6.81
"Servidor-SPTECH";"ram";"ram_Usada";"GB";"2022-11-07 14:32:56";6.81
"Servidor-SPTECH";"ram";"ram_Usada";"GB";"2022-11-07 14:32:54";6.81
"Servidor-SPTECH";"ram";"ram_Usada";"GB";"2022-11-07 14:32:53";6.82
"Servidor-SPTECH";"ram";"ram_Usada";"GB";"2022-11-07 14:32:52";6.82
"Servidor-SPTECH";"ram";"ram_Usada";"GB";"2022-11-07 14:32:50";6.82
"Servidor-SPTECH";"ram";"ram_Usada";"GB";"2022-11-07 14:32:49";6.82
"Servidor-SPTECH";"ram";"ram_Usada";"GB";"2022-11-07 14:32:47";6.82
"Servidor-SPTECH";"ram";"ram_Usada";"GB";"2022-11-07 14:32:46";6.84
"Servidor-SPTECH";"ram";"ram_Usada";"GB";"2022-11-07 14:32:44";6.81
"Servidor-SPTECH";"ram";"ram_Usada";"GB";"2022-11-07 14:32:43";6.83
"Servidor-SPTECH";"ram";"ram_Usada";"GB";"2022-11-07 14:32:42";6.81
"Servidor-SPTECH";"ram";"ram_Usada";"GB";"2022-11-07 14:32:40";6.81
"Servidor-SPTECH";"ram";"ram_Usada";"GB";"2022-11-07 14:32:39";6.78
"Servidor-SPTECH";"ram";"ram_Usada";"GB";"2022-11-07 14:32:37";6.81
"Servidor-SPTECH";"ram";"ram_Usada";"GB";"2022-11-07 14:32:36";6.81
"Servidor-SPTECH";"ram";"ram_Usada";"GB";"2022-11-07 14:32:34";6.81
"Servidor-SPTECH";"ram";"ram_Usada";"GB";"2022-11-07 14:32:33";6.78
"Servidor-SPTECH";"ram";"ram_Usada";"GB";"2022-11-07 14:32:31";6.81
"Servidor-SPTECH";"ram";"ram_Usada";"GB";"2022-11-07 14:32:30";6.81
"Servidor-SPTECH";"ram";"ram_Usada";"GB";"2022-11-07 14:32:29";6.82
"Servidor-SPTECH";"ram";"ram_Usada";"GB";"2022-11-07 14:32:27";6.83
"Servidor-SPTECH";"ram";"ram_Usada";"GB";"2022-11-07 14:32:26";6.83
"Servidor-SPTECH";"ram";"ram_Usada";"GB";"2022-11-07 14:32:24";6.78
"Servidor-SPTECH";"ram";"ram_Usada";"GB";"2022-11-07 14:32:23";6.78
"Servidor-SPTECH";"ram";"ram_Usada";"GB";"2022-11-07 14:32:21";6.78
"Servidor-SPTECH";"ram";"ram_Usada";"GB";"2022-11-07 14:32:20";6.77
"Servidor-SPTECH";"ram";"ram_Usada";"GB";"2022-11-07 14:32:18";6.77
"Servidor-SPTECH";"ram";"ram_Usada";"GB";"2022-11-07 14:32:17";6.76
"Servidor-SPTECH";"ram";"ram_Usada";"GB";"2022-11-07 14:32:16";6.76
"Servidor-SPTECH";"ram";"ram_Usada";"GB";"2022-11-07 14:32:14";6.76
"Servidor-SPTECH";"ram";"ram_Usada";"GB";"2022-11-07 14:32:13";6.76
"Servidor-SPTECH";"ram";"ram_Usada";"GB";"2022-11-07 14:32:11";6.76
"Servidor-SPTECH";"ram";"ram_Usada";"GB";"2022-11-07 14:32:10";6.77
"Servidor-SPTECH";"ram";"ram_Usada";"GB";"2022-11-07 14:32:08";6.73
"Servidor-SPTECH";"ram";"ram_Usada";"GB";"2022-11-07 14:32:07";6.77
"Servidor-SPTECH";"ram";"ram_Usada";"GB";"2022-11-07 14:32:06";6.76
"Servidor-SPTECH";"ram";"ram_Usada";"GB";"2022-11-07 14:32:04";6.76
"Servidor-SPTECH";"ram";"ram_Usada";"GB";"2022-11-07 14:32:03";6.75
"Servidor-SPTECH";"ram";"ram_Usada";"GB";"2022-11-07 14:32:01";6.78
"Servidor-SPTECH";"ram";"ram_Usada";"GB";"2022-11-07 14:32:00";6.79
"Servidor-SPTECH";"ram";"ram_Usada";"GB";"2022-11-07 14:31:58";6.78
"Servidor-SPTECH";"ram";"ram_Usada";"GB";"2022-11-07 14:31:57";6.75
"Servidor-SPTECH";"ram";"ram_Usada";"GB";"2022-11-07 14:31:56";6.78
"Servidor-SPTECH";"ram";"ram_Usada";"GB";"2022-11-07 14:31:54";6.78
"Servidor-SPTECH";"ram";"ram_Usada";"GB";"2022-11-07 14:31:53";6.77
"Servidor-SPTECH";"ram";"ram_Usada";"GB";"2022-11-07 14:31:51";6.77
"Servidor-SPTECH";"ram";"ram_Usada";"GB";"2022-11-07 14:31:50";6.77
"Servidor-SPTECH";"ram";"ram_Usada";"GB";"2022-11-07 14:31:48";6.77
"Servidor-SPTECH";"ram";"ram_Usada";"GB";"2022-11-07 14:31:47";6.77
"Servidor-SPTECH";"ram";"ram_Usada";"GB";"2022-11-07 14:31:46";6.76
"Servidor-SPTECH";"ram";"ram_Usada";"GB";"2022-11-07 14:31:44";6.72
"Servidor-SPTECH";"ram";"ram_Usada";"GB";"2022-11-07 14:31:43";6.75
"Servidor-SPTECH";"ram";"ram_Usada";"GB";"2022-11-07 14:31:41";6.75
"Servidor-SPTECH";"ram";"ram_Usada";"GB";"2022-11-07 14:31:40";6.75
"Servidor-SPTECH";"ram";"ram_Usada";"GB";"2022-11-07 14:31:38";6.72
"Servidor-SPTECH";"ram";"ram_Usada";"GB";"2022-11-07 14:31:37";6.75
"Servidor-SPTECH";"ram";"ram_Usada";"GB";"2022-11-07 14:31:35";6.75
"Servidor-SPTECH";"ram";"ram_Usada";"GB";"2022-11-07 14:31:34";6.76
"Servidor-SPTECH";"ram";"ram_Usada";"GB";"2022-11-07 14:31:33";6.76
"Servidor-SPTECH";"ram";"ram_Usada";"GB";"2022-11-07 14:31:31";6.83
"Servidor-SPTECH";"ram";"ram_Usada";"GB";"2022-11-07 14:31:30";6.83
"Servidor-SPTECH";"ram";"ram_Usada";"GB";"2022-11-07 14:31:28";6.83
"Servidor-SPTECH";"ram";"ram_Usada";"GB";"2022-11-07 14:31:27";6.8
"Servidor-SPTECH";"ram";"ram_Usada";"GB";"2022-11-07 14:31:25";6.82
"Servidor-SPTECH";"ram";"ram_Usada";"GB";"2022-11-07 14:31:24";6.81
"Servidor-SPTECH";"ram";"ram_Usada";"GB";"2022-11-07 14:31:22";6.81
"Servidor-SPTECH";"ram";"ram_Usada";"GB";"2022-11-07 14:31:21";6.81
"Servidor-SPTECH";"ram";"ram_Usada";"GB";"2022-11-07 14:31:20";6.81
"Servidor-SPTECH";"ram";"ram_Usada";"GB";"2022-11-07 14:31:18";6.8
"Servidor-SPTECH";"ram";"ram_Usada";"GB";"2022-11-07 14:31:17";6.8
"Servidor-SPTECH";"ram";"ram_Usada";"GB";"2022-11-07 14:31:15";6.79
"Servidor-SPTECH";"ram";"ram_Usada";"GB";"2022-11-07 14:31:14";6.8
"Servidor-SPTECH";"ram";"ram_Usada";"GB";"2022-11-07 14:31:12";6.79
"Servidor-SPTECH";"ram";"ram_Usada";"GB";"2022-11-07 14:31:11";6.8
"Servidor-SPTECH";"ram";"ram_Usada";"GB";"2022-11-07 14:31:09";6.8
"Servidor-SPTECH";"ram";"ram_Usada";"GB";"2022-11-07 14:31:08";6.76
"Servidor-SPTECH";"ram";"ram_Usada";"GB";"2022-11-07 14:31:07";6.8
"Servidor-SPTECH";"ram";"ram_Usada";"GB";"2022-11-07 14:31:05";6.79
"Servidor-SPTECH";"ram";"ram_Usada";"GB";"2022-11-07 14:31:04";6.8
"Servidor-SPTECH";"ram";"ram_Usada";"GB";"2022-11-07 14:31:02";6.79
"Servidor-SPTECH";"ram";"ram_Usada";"GB";"2022-11-07 14:31:01";6.81
"Servidor-SPTECH";"ram";"ram_Usada";"GB";"2022-11-07 14:30:59";6.81
"Servidor-SPTECH";"ram";"ram_Usada";"GB";"2022-11-07 14:30:58";6.8
"Servidor-SPTECH";"ram";"ram_Usada";"GB";"2022-11-07 14:30:57";6.77
"Servidor-SPTECH";"ram";"ram_Usada";"GB";"2022-11-07 14:30:55";6.8
"Servidor-SPTECH";"ram";"ram_Usada";"GB";"2022-11-07 14:30:54";6.8
"Servidor-SPTECH";"ram";"ram_Usada";"GB";"2022-11-07 14:30:52";6.8
"Servidor-SPTECH";"ram";"ram_Usada";"GB";"2022-11-07 14:30:51";6.77
"Servidor-SPTECH";"ram";"ram_Usada";"GB";"2022-11-07 14:30:49";6.73
"Servidor-SPTECH";"ram";"ram_Usada";"GB";"2022-11-07 14:30:48";6.74
"Servidor-SPTECH";"ram";"ram_Usada";"GB";"2022-11-07 14:30:47";6.73
"Servidor-SPTECH";"ram";"ram_Usada";"GB";"2022-11-07 14:30:45";6.73
"Servidor-SPTECH";"ram";"ram_Usada";"GB";"2022-11-07 14:30:44";6.73
"Servidor-SPTECH";"ram";"ram_Usada";"GB";"2022-11-07 14:30:42";6.73
"Servidor-SPTECH";"ram";"ram_Usada";"GB";"2022-11-07 14:30:41";6.81
"Servidor-SPTECH";"ram";"ram_Usada";"GB";"2022-11-07 14:30:39";6.81
"Servidor-SPTECH";"ram";"ram_Usada";"GB";"2022-11-07 14:30:38";6.78
"Servidor-SPTECH";"ram";"ram_Usada";"GB";"2022-11-07 14:30:37";6.8
"Servidor-SPTECH";"ram";"ram_Usada";"GB";"2022-11-07 14:30:35";6.91
"Servidor-SPTECH";"ram";"ram_Usada";"GB";"2022-11-07 14:30:34";6.98
"Servidor-SPTECH";"ram";"ram_Usada";"GB";"2022-11-07 14:30:32";6.99
"Servidor-SPTECH";"ram";"ram_Usada";"GB";"2022-11-07 14:30:31";6.97
"Servidor-SPTECH";"ram";"ram_Usada";"GB";"2022-11-07 14:30:29";6.98
"Servidor-SPTECH";"ram";"ram_Usada";"GB";"2022-11-07 14:30:28";6.97
"Servidor-SPTECH";"ram";"ram_Usada";"GB";"2022-11-07 14:30:27";6.98
"Servidor-SPTECH";"ram";"ram_Usada";"GB";"2022-11-07 14:30:25";6.97
"Servidor-SPTECH";"ram";"ram_Usada";"GB";"2022-11-07 14:30:24";6.97
"Servidor-SPTECH";"ram";"ram_Usada";"GB";"2022-11-07 14:30:22";6.97
"Servidor-SPTECH";"ram";"ram_Usada";"GB";"2022-11-07 14:30:21";6.97
"Servidor-SPTECH";"ram";"ram_Usada";"GB";"2022-11-07 14:30:19";6.96
"Servidor-SPTECH";"ram";"ram_Usada";"GB";"2022-11-07 14:30:18";6.98
"Servidor-SPTECH";"ram";"ram_Usada";"GB";"2022-11-07 14:30:17";6.97
"Servidor-SPTECH";"ram";"ram_Usada";"GB";"2022-11-07 14:30:15";6.96
"Servidor-SPTECH";"ram";"ram_Usada";"GB";"2022-11-07 14:30:14";6.97
"Servidor-SPTECH";"ram";"ram_Usada";"GB";"2022-11-07 14:30:12";7.03
"Servidor-SPTECH";"ram";"ram_Usada";"GB";"2022-11-07 14:30:11";6.99
"Servidor-SPTECH";"ram";"ram_Usada";"GB";"2022-11-07 14:30:09";6.98
"Servidor-SPTECH";"ram";"ram_Usada";"GB";"2022-11-07 14:30:08";6.97
"Servidor-SPTECH";"ram";"ram_Usada";"GB";"2022-11-07 14:30:06";6.97
"Servidor-SPTECH";"ram";"ram_Usada";"GB";"2022-11-07 14:30:05";6.96
"Servidor-SPTECH";"ram";"ram_Usada";"GB";"2022-11-07 14:30:04";6.95
"Servidor-SPTECH";"ram";"ram_Usada";"GB";"2022-11-07 14:30:02";6.98
"Servidor-SPTECH";"ram";"ram_Usada";"GB";"2022-11-07 14:30:01";6.98
"Servidor-SPTECH";"ram";"ram_Usada";"GB";"2022-11-07 14:29:59";6.97
"Servidor-SPTECH";"ram";"ram_Usada";"GB";"2022-11-07 14:29:58";6.99
"Servidor-SPTECH";"ram";"ram_Usada";"GB";"2022-11-07 14:29:56";6.98
"Servidor-SPTECH";"ram";"ram_Usada";"GB";"2022-11-07 14:29:55";6.99
"Servidor-SPTECH";"ram";"ram_Usada";"GB";"2022-11-07 14:29:54";6.95
"Servidor-SPTECH";"ram";"ram_Usada";"GB";"2022-11-07 14:29:52";6.96
"Servidor-SPTECH";"ram";"ram_Usada";"GB";"2022-11-07 14:29:51";6.97
"Servidor-SPTECH";"ram";"ram_Usada";"GB";"2022-11-07 14:29:49";6.97
"Servidor-SPTECH";"ram";"ram_Usada";"GB";"2022-11-07 14:29:48";6.95
"Servidor-SPTECH";"ram";"ram_Usada";"GB";"2022-11-07 14:29:46";6.94
"Servidor-SPTECH";"ram";"ram_Usada";"GB";"2022-11-07 14:29:45";6.93
"Servidor-SPTECH";"ram";"ram_Usada";"GB";"2022-11-07 14:29:44";6.93
"Servidor-SPTECH";"ram";"ram_Usada";"GB";"2022-11-07 14:29:42";6.93
"Servidor-SPTECH";"ram";"ram_Usada";"GB";"2022-11-07 14:29:41";6.93
"Servidor-SPTECH";"ram";"ram_Usada";"GB";"2022-11-07 14:29:39";6.93
"Servidor-SPTECH";"ram";"ram_Usada";"GB";"2022-11-07 14:29:38";6.93
"Servidor-SPTECH";"ram";"ram_Usada";"GB";"2022-11-07 14:29:36";6.93
"Servidor-SPTECH";"ram";"ram_Usada";"GB";"2022-11-07 14:29:35";6.93
"Servidor-SPTECH";"ram";"ram_Usada";"GB";"2022-11-07 14:29:34";6.93
"Servidor-SPTECH";"ram";"ram_Usada";"GB";"2022-11-07 14:29:32";6.93
"Servidor-SPTECH";"ram";"ram_Usada";"GB";"2022-11-07 14:29:31";6.93
"Servidor-SPTECH";"ram";"ram_Usada";"GB";"2022-11-07 14:29:29";6.92
"Servidor-SPTECH";"ram";"ram_Usada";"GB";"2022-11-07 14:29:28";6.92
"Servidor-SPTECH";"ram";"ram_Usada";"GB";"2022-11-07 14:29:26";6.92
"Servidor-SPTECH";"ram";"ram_Usada";"GB";"2022-11-07 14:29:25";6.93
"Servidor-SPTECH";"ram";"ram_Usada";"GB";"2022-11-07 14:29:24";6.9
"Servidor-SPTECH";"ram";"ram_Usada";"GB";"2022-11-07 14:29:22";6.94
"Servidor-SPTECH";"ram";"ram_Usada";"GB";"2022-11-07 14:29:21";6.93
"Servidor-SPTECH";"ram";"ram_Usada";"GB";"2022-11-07 14:29:19";6.93
"Servidor-SPTECH";"ram";"ram_Usada";"GB";"2022-11-07 14:29:18";6.91
"Servidor-SPTECH";"ram";"ram_Usada";"GB";"2022-11-07 14:29:16";6.91
"Servidor-SPTECH";"ram";"ram_Usada";"GB";"2022-11-07 14:29:15";6.9
"Servidor-SPTECH";"ram";"ram_Usada";"GB";"2022-11-07 14:29:13";6.91
"Servidor-SPTECH";"ram";"ram_Usada";"GB";"2022-11-07 14:29:12";6.91
"Servidor-SPTECH";"ram";"ram_Usada";"GB";"2022-11-07 14:29:11";6.9
"Servidor-SPTECH";"ram";"ram_Usada";"GB";"2022-11-07 14:29:09";6.91
"Servidor-SPTECH";"ram";"ram_Usada";"GB";"2022-11-07 14:29:08";6.92
"Servidor-SPTECH";"ram";"ram_Usada";"GB";"2022-11-07 14:29:06";6.92
"Servidor-SPTECH";"ram";"ram_Usada";"GB";"2022-11-07 14:29:05";6.93
"Servidor-SPTECH";"ram";"ram_Usada";"GB";"2022-11-07 14:29:03";6.92
"Servidor-SPTECH";"ram";"ram_Usada";"GB";"2022-11-07 14:29:02";6.94
"Servidor-SPTECH";"ram";"ram_Usada";"GB";"2022-11-07 14:29:01";6.94
"Servidor-SPTECH";"ram";"ram_Usada";"GB";"2022-11-07 14:28:59";6.92
"Servidor-SPTECH";"ram";"ram_Usada";"GB";"2022-11-07 14:28:58";6.91
"Servidor-SPTECH";"ram";"ram_Usada";"GB";"2022-11-07 14:28:56";6.91
"Servidor-SPTECH";"ram";"ram_Usada";"GB";"2022-11-07 14:28:55";6.91
"Servidor-SPTECH";"ram";"ram_Usada";"GB";"2022-11-07 14:28:53";6.88
"Servidor-SPTECH";"ram";"ram_Usada";"GB";"2022-11-07 14:28:52";6.91
"Servidor-SPTECH";"ram";"ram_Usada";"GB";"2022-11-07 14:28:51";6.91
"Servidor-SPTECH";"ram";"ram_Usada";"GB";"2022-11-07 14:28:49";6.92
"Servidor-SPTECH";"ram";"ram_Usada";"GB";"2022-11-07 14:28:48";6.92
"Servidor-SPTECH";"ram";"ram_Usada";"GB";"2022-11-07 14:28:46";6.92
"Servidor-SPTECH";"ram";"ram_Usada";"GB";"2022-11-07 14:28:45";6.93
"Servidor-SPTECH";"ram";"ram_Usada";"GB";"2022-11-07 14:28:43";6.93
"Servidor-SPTECH";"ram";"ram_Usada";"GB";"2022-11-07 14:28:42";6.92
"Servidor-SPTECH";"ram";"ram_Usada";"GB";"2022-11-07 14:28:41";6.9
"Servidor-SPTECH";"ram";"ram_Usada";"GB";"2022-11-07 14:28:39";6.87
"Servidor-SPTECH";"ram";"ram_Usada";"GB";"2022-11-07 14:28:38";6.84
"Servidor-SPTECH";"ram";"ram_Usada";"GB";"2022-11-07 14:28:36";6.85
"Servidor-SPTECH";"ram";"ram_Usada";"GB";"2022-11-07 14:28:35";6.85
"Servidor-SPTECH";"ram";"ram_Usada";"GB";"2022-11-07 14:28:33";6.85
"Servidor-SPTECH";"ram";"ram_Usada";"GB";"2022-11-07 14:28:32";6.86
"Servidor-SPTECH";"ram";"ram_Usada";"GB";"2022-11-07 14:28:30";6.85
"Servidor-SPTECH";"ram";"ram_Usada";"GB";"2022-11-07 14:28:29";6.86
"Servidor-SPTECH";"ram";"ram_Usada";"GB";"2022-11-07 14:28:28";6.86
"Servidor-SPTECH";"ram";"ram_Usada";"GB";"2022-11-07 14:28:26";6.86
"Servidor-SPTECH";"ram";"ram_Usada";"GB";"2022-11-07 14:28:25";6.78
"Servidor-SPTECH";"ram";"ram_Usada";"GB";"2022-11-07 14:28:23";6.68
"Servidor-SPTECH";"ram";"ram_Usada";"GB";"2022-11-07 14:28:22";6.71
"Servidor-SPTECH";"ram";"ram_Usada";"GB";"2022-11-07 14:28:20";6.71
"Servidor-SPTECH";"ram";"ram_Usada";"GB";"2022-11-07 14:28:19";6.7
"Servidor-SPTECH";"ram";"ram_Usada";"GB";"2022-11-07 14:28:18";6.7
"Servidor-SPTECH";"ram";"ram_Usada";"GB";"2022-11-07 14:28:16";6.7
"Servidor-SPTECH";"ram";"ram_Usada";"GB";"2022-11-07 14:28:15";6.7
"Servidor-SPTECH";"ram";"ram_Usada";"GB";"2022-11-07 14:28:13";6.7
"Servidor-SPTECH";"ram";"ram_Usada";"GB";"2022-11-07 14:28:12";6.69
"Servidor-SPTECH";"ram";"ram_Usada";"GB";"2022-11-07 14:28:10";6.69
"Servidor-SPTECH";"ram";"ram_Usada";"GB";"2022-11-07 14:28:09";6.69
"Servidor-SPTECH";"ram";"ram_Usada";"GB";"2022-11-07 14:28:07";6.7
"Servidor-SPTECH";"ram";"ram_Usada";"GB";"2022-11-07 14:28:06";6.7
"Servidor-SPTECH";"ram";"ram_Usada";"GB";"2022-11-07 14:28:04";6.85
"Servidor-SPTECH";"ram";"ram_Usada";"GB";"2022-11-07 14:28:03";6.93
"Servidor-SPTECH";"ram";"ram_Usada";"GB";"2022-11-07 14:28:02";7.08
"Servidor-SPTECH";"ram";"ram_Usada";"GB";"2022-11-07 14:28:00";7.08
"Servidor-SPTECH";"ram";"ram_Usada";"GB";"2022-11-07 14:27:59";7.08
"Servidor-SPTECH";"ram";"ram_Usada";"GB";"2022-11-07 14:27:57";7.08
"Servidor-SPTECH";"ram";"ram_Usada";"GB";"2022-11-07 14:27:56";7.08
"Servidor-SPTECH";"ram";"ram_Usada";"GB";"2022-11-07 14:27:54";7.08
"Servidor-SPTECH";"ram";"ram_Usada";"GB";"2022-11-07 14:27:53";7.08
"Servidor-SPTECH";"ram";"ram_Usada";"GB";"2022-11-07 14:27:51";7.08
"Servidor-SPTECH";"ram";"ram_Usada";"GB";"2022-11-07 14:27:50";7.08
"Servidor-SPTECH";"ram";"ram_Usada";"GB";"2022-11-07 14:27:49";7.08
"Servidor-SPTECH";"ram";"ram_Usada";"GB";"2022-11-07 14:27:47";7.05
"Servidor-SPTECH";"ram";"ram_Usada";"GB";"2022-11-07 14:27:46";7.08
"Servidor-SPTECH";"ram";"ram_Usada";"GB";"2022-11-07 14:27:44";7.07
"Servidor-SPTECH";"ram";"ram_Usada";"GB";"2022-11-07 14:27:43";7.07
"Servidor-SPTECH";"ram";"ram_Usada";"GB";"2022-11-07 14:27:41";7.07
"Servidor-SPTECH";"ram";"ram_Usada";"GB";"2022-11-07 14:27:40";7.08
"Servidor-SPTECH";"ram";"ram_Usada";"GB";"2022-11-07 14:27:38";7.08
"Servidor-SPTECH";"ram";"ram_Usada";"GB";"2022-11-07 14:27:37";7.1
"Servidor-SPTECH";"ram";"ram_Usada";"GB";"2022-11-07 14:27:36";7.09
"Servidor-SPTECH";"ram";"ram_Usada";"GB";"2022-11-07 14:27:34";7.08
"Servidor-SPTECH";"ram";"ram_Usada";"GB";"2022-11-07 14:27:33";7.08
"Servidor-SPTECH";"ram";"ram_Usada";"GB";"2022-11-07 14:27:31";7.08
"Servidor-SPTECH";"ram";"ram_Usada";"GB";"2022-11-07 14:27:30";7.06
"Servidor-SPTECH";"ram";"ram_Usada";"GB";"2022-11-07 14:27:28";7.06
"Servidor-SPTECH";"ram";"ram_Usada";"GB";"2022-11-07 14:27:27";7.06
"Servidor-SPTECH";"ram";"ram_Usada";"GB";"2022-11-07 14:27:26";7.07
"Servidor-SPTECH";"ram";"ram_Usada";"GB";"2022-11-07 14:27:24";7.07
"Servidor-SPTECH";"ram";"ram_Usada";"GB";"2022-11-07 14:27:23";7.07
"Servidor-SPTECH";"ram";"ram_Usada";"GB";"2022-11-07 14:27:21";7.07
"Servidor-SPTECH";"ram";"ram_Usada";"GB";"2022-11-07 14:27:20";7.08
"Servidor-SPTECH";"ram";"ram_Usada";"GB";"2022-11-07 14:27:18";7.06
"Servidor-SPTECH";"ram";"ram_Usada";"GB";"2022-11-07 14:27:17";7.04
"Servidor-SPTECH";"ram";"ram_Usada";"GB";"2022-11-07 14:27:15";7.05
"Servidor-SPTECH";"ram";"ram_Usada";"GB";"2022-11-07 14:27:14";7.06
"Servidor-SPTECH";"ram";"ram_Usada";"GB";"2022-11-07 14:27:13";7.06
"Servidor-SPTECH";"ram";"ram_Usada";"GB";"2022-11-07 14:27:11";7.02
"Servidor-SPTECH";"ram";"ram_Usada";"GB";"2022-11-07 14:27:10";7.06
"Servidor-SPTECH";"ram";"ram_Usada";"GB";"2022-11-07 14:27:08";7.06
"Servidor-SPTECH";"ram";"ram_Usada";"GB";"2022-11-07 14:27:07";7.05
"Servidor-SPTECH";"ram";"ram_Usada";"GB";"2022-11-07 14:27:05";7.05
"Servidor-SPTECH";"ram";"ram_Usada";"GB";"2022-11-07 14:27:04";7.05
"Servidor-SPTECH";"ram";"ram_Usada";"GB";"2022-11-07 14:27:02";7.08
"Servidor-SPTECH";"ram";"ram_Usada";"GB";"2022-11-07 14:27:01";7.07
"Servidor-SPTECH";"ram";"ram_Usada";"GB";"2022-11-07 14:27:00";7.07
"Servidor-SPTECH";"ram";"ram_Usada";"GB";"2022-11-07 14:26:58";7.08
"Servidor-SPTECH";"ram";"ram_Usada";"GB";"2022-11-07 14:26:57";7.07
"Servidor-SPTECH";"ram";"ram_Usada";"GB";"2022-11-07 14:26:55";7.08
"Servidor-SPTECH";"ram";"ram_Usada";"GB";"2022-11-07 14:26:54";7.09
"Servidor-SPTECH";"ram";"ram_Usada";"GB";"2022-11-07 14:26:52";7.07
"Servidor-SPTECH";"ram";"ram_Usada";"GB";"2022-11-07 14:26:51";7.07
"Servidor-SPTECH";"ram";"ram_Usada";"GB";"2022-11-07 14:26:49";7.07
"Servidor-SPTECH";"ram";"ram_Usada";"GB";"2022-11-07 14:26:48";7.07
"Servidor-SPTECH";"ram";"ram_Usada";"GB";"2022-11-07 14:26:46";7.07
"Servidor-SPTECH";"ram";"ram_Usada";"GB";"2022-11-07 14:26:45";7.07
"Servidor-SPTECH";"ram";"ram_Usada";"GB";"2022-11-07 14:26:44";7.07
"Servidor-SPTECH";"ram";"ram_Usada";"GB";"2022-11-07 14:26:42";7.07
"Servidor-SPTECH";"ram";"ram_Usada";"GB";"2022-11-07 14:26:41";7.06
"Servidor-SPTECH";"ram";"ram_Usada";"GB";"2022-11-07 14:26:39";7.07
"Servidor-SPTECH";"ram";"ram_Usada";"GB";"2022-11-07 14:26:38";7.06
"Servidor-SPTECH";"ram";"ram_Usada";"GB";"2022-11-07 14:26:36";7.07
"Servidor-SPTECH";"ram";"ram_Usada";"GB";"2022-11-07 14:26:35";7.03
"Servidor-SPTECH";"ram";"ram_Usada";"GB";"2022-11-07 14:26:33";7.14
"Servidor-SPTECH";"ram";"ram_Usada";"GB";"2022-11-07 14:26:32";7.15
"Servidor-SPTECH";"ram";"ram_Usada";"GB";"2022-11-07 14:26:31";7.14
"Servidor-SPTECH";"ram";"ram_Usada";"GB";"2022-11-07 14:26:29";7.13
"Servidor-SPTECH";"ram";"ram_Usada";"GB";"2022-11-07 14:26:28";7.14
"Servidor-SPTECH";"ram";"ram_Usada";"GB";"2022-11-07 14:26:26";7.14
"Servidor-SPTECH";"ram";"ram_Usada";"GB";"2022-11-07 14:26:25";7.14
"Servidor-SPTECH";"ram";"ram_Usada";"GB";"2022-11-07 14:26:23";7.14
"Servidor-SPTECH";"ram";"ram_Usada";"GB";"2022-11-07 14:26:22";7.14
"Servidor-SPTECH";"ram";"ram_Usada";"GB";"2022-11-07 14:26:20";7.13
"Servidor-SPTECH";"ram";"ram_Usada";"GB";"2022-11-07 14:26:19";7.14
"Servidor-SPTECH";"ram";"ram_Usada";"GB";"2022-11-07 14:26:18";7.13
"Servidor-SPTECH";"ram";"ram_Usada";"GB";"2022-11-07 14:26:16";7.13
"Servidor-SPTECH";"ram";"ram_Usada";"GB";"2022-11-07 14:26:15";7.13
"Servidor-SPTECH";"ram";"ram_Usada";"GB";"2022-11-07 14:26:13";7.14
"Servidor-SPTECH";"ram";"ram_Usada";"GB";"2022-11-07 14:26:12";7.15
"Servidor-SPTECH";"ram";"ram_Usada";"GB";"2022-11-07 14:26:10";7.15
"Servidor-SPTECH";"ram";"ram_Usada";"GB";"2022-11-07 14:26:09";7.15
"Servidor-SPTECH";"ram";"ram_Usada";"GB";"2022-11-07 14:26:07";7.15
"Servidor-SPTECH";"ram";"ram_Usada";"GB";"2022-11-07 14:26:06";7.18
"Servidor-SPTECH";"ram";"ram_Usada";"GB";"2022-11-07 14:26:05";7.18
"Servidor-SPTECH";"ram";"ram_Usada";"GB";"2022-11-07 14:26:03";7.18
"Servidor-SPTECH";"ram";"ram_Usada";"GB";"2022-11-07 14:26:02";7.21
"Servidor-SPTECH";"ram";"ram_Usada";"GB";"2022-11-07 14:26:00";7.21
"Servidor-SPTECH";"ram";"ram_Usada";"GB";"2022-11-07 14:25:59";7.18
"Servidor-SPTECH";"ram";"ram_Usada";"GB";"2022-11-07 14:25:57";7.17
"Servidor-SPTECH";"ram";"ram_Usada";"GB";"2022-11-07 14:25:56";7.18
"Servidor-SPTECH";"ram";"ram_Usada";"GB";"2022-11-07 14:25:54";7.18
"Servidor-SPTECH";"ram";"ram_Usada";"GB";"2022-11-07 14:25:53";7.13
"Servidor-SPTECH";"ram";"ram_Usada";"GB";"2022-11-07 14:25:51";7.15
"Servidor-SPTECH";"ram";"ram_Usada";"GB";"2022-11-07 14:25:50";7.14
"Servidor-SPTECH";"ram";"ram_Usada";"GB";"2022-11-07 14:25:49";7.13
"Servidor-SPTECH";"ram";"ram_Usada";"GB";"2022-11-07 14:25:47";7.11
"Servidor-SPTECH";"ram";"ram_Usada";"GB";"2022-11-07 14:25:46";7.12
"Servidor-SPTECH";"ram";"ram_Usada";"GB";"2022-11-07 14:25:44";7.13
"Servidor-SPTECH";"ram";"ram_Usada";"GB";"2022-11-07 14:25:43";7.12
"Servidor-SPTECH";"ram";"ram_Usada";"GB";"2022-11-07 14:25:41";7.14
"Servidor-SPTECH";"ram";"ram_Usada";"GB";"2022-11-07 14:25:40";7.14
"Servidor-SPTECH";"ram";"ram_Usada";"GB";"2022-11-07 14:25:39";7.14
"Servidor-SPTECH";"ram";"ram_Usada";"GB";"2022-11-07 14:25:37";7.15
"Servidor-SPTECH";"ram";"ram_Usada";"GB";"2022-11-07 14:25:36";7.14
"Servidor-SPTECH";"ram";"ram_Usada";"GB";"2022-11-07 14:25:34";7.14
"Servidor-SPTECH";"ram";"ram_Usada";"GB";"2022-11-07 14:25:33";7.14
"Servidor-SPTECH";"ram";"ram_Usada";"GB";"2022-11-07 14:25:31";7.15
"Servidor-SPTECH";"ram";"ram_Usada";"GB";"2022-11-07 14:25:30";7.14
"Servidor-SPTECH";"ram";"ram_Usada";"GB";"2022-11-07 14:25:29";7.06
"Servidor-SPTECH";"ram";"ram_Usada";"GB";"2022-11-07 14:25:27";7.09
"Servidor-SPTECH";"ram";"ram_Usada";"GB";"2022-11-07 14:25:26";7.11
"Servidor-SPTECH";"ram";"ram_Usada";"GB";"2022-11-07 14:25:24";7.1
"Servidor-SPTECH";"ram";"ram_Usada";"GB";"2022-11-07 14:25:23";7.07
"Servidor-SPTECH";"ram";"ram_Usada";"GB";"2022-11-07 14:25:21";7.1
"Servidor-SPTECH";"ram";"ram_Usada";"GB";"2022-11-07 14:25:20";7.09
"Servidor-SPTECH";"ram";"ram_Usada";"GB";"2022-11-07 14:25:18";7.08
"Servidor-SPTECH";"ram";"ram_Usada";"GB";"2022-11-07 14:25:17";7.07
"Servidor-SPTECH";"ram";"ram_Usada";"GB";"2022-11-07 14:25:16";7.07
"Servidor-SPTECH";"ram";"ram_Usada";"GB";"2022-11-07 14:25:14";7.08
"Servidor-SPTECH";"ram";"ram_Usada";"GB";"2022-11-07 14:25:13";7.08
"Servidor-SPTECH";"ram";"ram_Usada";"GB";"2022-11-07 14:25:11";7.08
"Servidor-SPTECH";"ram";"ram_Usada";"GB";"2022-11-07 14:25:10";7.08
"Servidor-SPTECH";"ram";"ram_Usada";"GB";"2022-11-07 14:25:08";7.08
"Servidor-SPTECH";"ram";"ram_Usada";"GB";"2022-11-07 14:25:07";7.08
"Servidor-SPTECH";"ram";"ram_Usada";"GB";"2022-11-07 14:25:05";7.08
"Servidor-SPTECH";"ram";"ram_Usada";"GB";"2022-11-07 14:25:04";7.07
"Servidor-SPTECH";"ram";"ram_Usada";"GB";"2022-11-07 14:25:03";7.1
"Servidor-SPTECH";"ram";"ram_Usada";"GB";"2022-11-07 14:25:01";7.09
"Servidor-SPTECH";"ram";"ram_Usada";"GB";"2022-11-07 14:25:00";7.11
"Servidor-SPTECH";"ram";"ram_Usada";"GB";"2022-11-07 14:24:58";7.08
"Servidor-SPTECH";"ram";"ram_Usada";"GB";"2022-11-07 14:24:57";7.1
"Servidor-SPTECH";"ram";"ram_Usada";"GB";"2022-11-07 14:24:55";7.1
"Servidor-SPTECH";"ram";"ram_Usada";"GB";"2022-11-07 14:24:54";7.11
"Servidor-SPTECH";"ram";"ram_Usada";"GB";"2022-11-07 14:24:53";7.08
"Servidor-SPTECH";"ram";"ram_Usada";"GB";"2022-11-07 14:24:51";7.11
"Servidor-SPTECH";"ram";"ram_Usada";"GB";"2022-11-07 14:24:50";7.1
"Servidor-SPTECH";"ram";"ram_Usada";"GB";"2022-11-07 14:24:48";7.1
"Servidor-SPTECH";"ram";"ram_Usada";"GB";"2022-11-07 14:24:47";7.07
"Servidor-SPTECH";"ram";"ram_Usada";"GB";"2022-11-07 14:24:45";7.12
"Servidor-SPTECH";"ram";"ram_Usada";"GB";"2022-11-07 14:24:44";7.12
"Servidor-SPTECH";"ram";"ram_Usada";"GB";"2022-11-07 14:24:42";7.11
"Servidor-SPTECH";"ram";"ram_Usada";"GB";"2022-11-07 14:24:41";7.12
"Servidor-SPTECH";"ram";"ram_Usada";"GB";"2022-11-07 14:24:40";7.12
"Servidor-SPTECH";"ram";"ram_Usada";"GB";"2022-11-07 14:24:38";7.11
"Servidor-SPTECH";"ram";"ram_Usada";"GB";"2022-11-07 14:24:37";7.11
"Servidor-SPTECH";"ram";"ram_Usada";"GB";"2022-11-07 14:24:35";7.11
"Servidor-SPTECH";"ram";"ram_Usada";"GB";"2022-11-07 14:24:34";7.12
"Servidor-SPTECH";"ram";"ram_Usada";"GB";"2022-11-07 14:24:32";7.11
"Servidor-SPTECH";"ram";"ram_Usada";"GB";"2022-11-07 14:24:31";7.12
"Servidor-SPTECH";"ram";"ram_Usada";"GB";"2022-11-07 14:24:30";7.12
"Servidor-SPTECH";"ram";"ram_Usada";"GB";"2022-11-07 14:24:28";7.12
"Servidor-SPTECH";"ram";"ram_Usada";"GB";"2022-11-07 14:24:27";7.12
"Servidor-SPTECH";"ram";"ram_Usada";"GB";"2022-11-07 14:24:25";7.14
"Servidor-SPTECH";"ram";"ram_Usada";"GB";"2022-11-07 14:24:24";7.15
"Servidor-SPTECH";"ram";"ram_Usada";"GB";"2022-11-07 14:24:22";7.12
"Servidor-SPTECH";"ram";"ram_Usada";"GB";"2022-11-07 14:24:21";7.15
"Servidor-SPTECH";"ram";"ram_Usada";"GB";"2022-11-07 14:24:20";7.16
"Servidor-SPTECH";"ram";"ram_Usada";"GB";"2022-11-07 14:24:18";7.17
"Servidor-SPTECH";"ram";"ram_Usada";"GB";"2022-11-07 14:24:17";7.15
"Servidor-SPTECH";"ram";"ram_Usada";"GB";"2022-11-07 14:24:15";7.12
"Servidor-SPTECH";"ram";"ram_Usada";"GB";"2022-11-07 14:24:14";7.12
"Servidor-SPTECH";"ram";"ram_Usada";"GB";"2022-11-07 14:24:12";7.13
"Servidor-SPTECH";"ram";"ram_Usada";"GB";"2022-11-07 14:24:11";7.14
"Servidor-SPTECH";"ram";"ram_Usada";"GB";"2022-11-07 14:24:09";7.15
"Servidor-SPTECH";"ram";"ram_Usada";"GB";"2022-11-07 14:24:08";7.14
"Servidor-SPTECH";"ram";"ram_Usada";"GB";"2022-11-07 14:24:07";7.15
"Servidor-SPTECH";"ram";"ram_Usada";"GB";"2022-11-07 14:24:05";7.17
"Servidor-SPTECH";"ram";"ram_Usada";"GB";"2022-11-07 14:24:04";7.19
"Servidor-SPTECH";"ram";"ram_Usada";"GB";"2022-11-07 14:24:02";7.21
"Servidor-SPTECH";"ram";"ram_Usada";"GB";"2022-11-07 14:24:01";7.21
"Servidor-SPTECH";"ram";"ram_Usada";"GB";"2022-11-07 14:23:59";7.18
"Servidor-SPTECH";"ram";"ram_Usada";"GB";"2022-11-07 14:23:58";7.12
"Servidor-SPTECH";"ram";"ram_Usada";"GB";"2022-11-07 14:23:57";7.11
"Servidor-SPTECH";"ram";"ram_Usada";"GB";"2022-11-07 14:23:55";6.98
"Servidor-SPTECH";"ram";"ram_Usada";"GB";"2022-11-07 14:23:54";6.98
"Servidor-SPTECH";"ram";"ram_Usada";"GB";"2022-11-07 14:23:52";6.95
"Servidor-SPTECH";"ram";"ram_Usada";"GB";"2022-11-07 14:23:51";6.98
"Servidor-SPTECH";"ram";"ram_Usada";"GB";"2022-11-07 14:23:49";6.99
"Servidor-SPTECH";"ram";"ram_Usada";"GB";"2022-11-07 14:23:48";6.99
"Servidor-SPTECH";"ram";"ram_Usada";"GB";"2022-11-07 14:23:46";6.96
"Servidor-SPTECH";"ram";"ram_Usada";"GB";"2022-11-07 14:23:45";6.99
"Servidor-SPTECH";"ram";"ram_Usada";"GB";"2022-11-07 14:23:44";6.99
"Servidor-SPTECH";"ram";"ram_Usada";"GB";"2022-11-07 14:23:42";6.95
"Servidor-SPTECH";"ram";"ram_Usada";"GB";"2022-11-07 14:23:41";6.97
"Servidor-SPTECH";"ram";"ram_Usada";"GB";"2022-11-07 14:23:39";6.96
"Servidor-SPTECH";"ram";"ram_Usada";"GB";"2022-11-07 14:23:38";6.97
"Servidor-SPTECH";"ram";"ram_Usada";"GB";"2022-11-07 14:23:36";6.97
"Servidor-SPTECH";"ram";"ram_Usada";"GB";"2022-11-07 14:23:35";6.98
"Servidor-SPTECH";"ram";"ram_Usada";"GB";"2022-11-07 14:23:33";6.98
"Servidor-SPTECH";"ram";"ram_Usada";"GB";"2022-11-07 14:23:32";6.98
"Servidor-SPTECH";"ram";"ram_Usada";"GB";"2022-11-07 14:23:31";6.98
"Servidor-SPTECH";"ram";"ram_Usada";"GB";"2022-11-07 14:23:29";6.98
"Servidor-SPTECH";"ram";"ram_Usada";"GB";"2022-11-07 14:23:28";6.98
"Servidor-SPTECH";"ram";"ram_Usada";"GB";"2022-11-07 14:23:26";6.98
"Servidor-SPTECH";"ram";"ram_Usada";"GB";"2022-11-07 14:23:25";7.0
"Servidor-SPTECH";"ram";"ram_Usada";"GB";"2022-11-07 14:23:23";7.0
"Servidor-SPTECH";"ram";"ram_Usada";"GB";"2022-11-07 14:23:22";6.97
"Servidor-SPTECH";"ram";"ram_Usada";"GB";"2022-11-07 14:23:21";7.0
"Servidor-SPTECH";"ram";"ram_Usada";"GB";"2022-11-07 14:23:19";6.99
"Servidor-SPTECH";"ram";"ram_Usada";"GB";"2022-11-07 14:23:18";6.98
"Servidor-SPTECH";"ram";"ram_Usada";"GB";"2022-11-07 14:23:16";6.96
"Servidor-SPTECH";"ram";"ram_Usada";"GB";"2022-11-07 14:23:15";6.97
"Servidor-SPTECH";"ram";"ram_Usada";"GB";"2022-11-07 14:23:13";6.99
"Servidor-SPTECH";"ram";"ram_Usada";"GB";"2022-11-07 14:23:12";6.99
"Servidor-SPTECH";"ram";"ram_Usada";"GB";"2022-11-07 14:23:11";7.0
"Servidor-SPTECH";"ram";"ram_Usada";"GB";"2022-11-07 14:23:09";7.0
"Servidor-SPTECH";"ram";"ram_Usada";"GB";"2022-11-07 14:23:08";7.0
"Servidor-SPTECH";"ram";"ram_Usada";"GB";"2022-11-07 14:23:06";6.99
"Servidor-SPTECH";"ram";"ram_Usada";"GB";"2022-11-07 14:23:05";7.0
"Servidor-SPTECH";"ram";"ram_Usada";"GB";"2022-11-07 14:23:03";7.01
"Servidor-SPTECH";"ram";"ram_Usada";"GB";"2022-11-07 14:23:02";7.03
"Servidor-SPTECH";"ram";"ram_Usada";"GB";"2022-11-07 14:23:01";7.03
"Servidor-SPTECH";"ram";"ram_Usada";"GB";"2022-11-07 14:22:59";7.03
"Servidor-SPTECH";"ram";"ram_Usada";"GB";"2022-11-07 14:22:58";7.04
"Servidor-SPTECH";"ram";"ram_Usada";"GB";"2022-11-07 14:22:56";7.03
"Servidor-SPTECH";"ram";"ram_Usada";"GB";"2022-11-07 14:22:55";7.03
"Servidor-SPTECH";"ram";"ram_Usada";"GB";"2022-11-07 14:22:53";7.03
"Servidor-SPTECH";"ram";"ram_Usada";"GB";"2022-11-07 14:22:52";7.0
"Servidor-SPTECH";"ram";"ram_Usada";"GB";"2022-11-07 14:22:51";7.04
"Servidor-SPTECH";"ram";"ram_Usada";"GB";"2022-11-07 14:22:49";7.04
"Servidor-SPTECH";"ram";"ram_Usada";"GB";"2022-11-07 14:22:48";7.08
"Servidor-SPTECH";"ram";"ram_Usada";"GB";"2022-11-07 14:22:46";7.05
"Servidor-SPTECH";"ram";"ram_Usada";"GB";"2022-11-07 14:22:45";7.13
"Servidor-SPTECH";"ram";"ram_Usada";"GB";"2022-11-07 14:22:43";7.14
"Servidor-SPTECH";"ram";"ram_Usada";"GB";"2022-11-07 14:22:42";7.13
"Servidor-SPTECH";"ram";"ram_Usada";"GB";"2022-11-07 14:22:40";7.12
"Servidor-SPTECH";"ram";"ram_Usada";"GB";"2022-11-07 14:22:39";7.12
"Servidor-SPTECH";"ram";"ram_Usada";"GB";"2022-11-07 14:22:38";7.05
"Servidor-SPTECH";"ram";"ram_Usada";"GB";"2022-11-07 14:22:36";6.99
"Servidor-SPTECH";"ram";"ram_Usada";"GB";"2022-11-07 14:22:35";7.02
"Servidor-SPTECH";"ram";"ram_Usada";"GB";"2022-11-07 14:22:33";7.03
"Servidor-SPTECH";"ram";"ram_Usada";"GB";"2022-11-07 14:22:32";7.02
"Servidor-SPTECH";"ram";"ram_Usada";"GB";"2022-11-07 14:22:31";7.01
"Servidor-SPTECH";"ram";"ram_Usada";"GB";"2022-11-07 14:22:29";7.06
"Servidor-SPTECH";"ram";"ram_Usada";"GB";"2022-11-07 14:22:28";7.05
"Servidor-SPTECH";"ram";"ram_Usada";"GB";"2022-11-07 14:22:26";7.05
"Servidor-SPTECH";"ram";"ram_Usada";"GB";"2022-11-07 14:22:25";7.07
"Servidor-SPTECH";"ram";"ram_Usada";"GB";"2022-11-07 14:22:23";7.07
"Servidor-SPTECH";"ram";"ram_Usada";"GB";"2022-11-07 14:22:22";7.05
"Servidor-SPTECH";"ram";"ram_Usada";"GB";"2022-11-07 14:22:20";7.08
"Servidor-SPTECH";"ram";"ram_Usada";"GB";"2022-11-07 14:22:19";7.07
"Servidor-SPTECH";"ram";"ram_Usada";"GB";"2022-11-07 14:22:18";7.03
"Servidor-SPTECH";"ram";"ram_Usada";"GB";"2022-11-07 14:22:16";7.0
"Servidor-SPTECH";"ram";"ram_Usada";"GB";"2022-11-07 14:22:15";7.02
"Servidor-SPTECH";"ram";"ram_Usada";"GB";"2022-11-07 14:22:13";6.97
"Servidor-SPTECH";"ram";"ram_Usada";"GB";"2022-11-07 14:22:12";6.96
"Servidor-SPTECH";"ram";"ram_Usada";"GB";"2022-11-07 14:22:10";6.9
"Servidor-SPTECH";"ram";"ram_Usada";"GB";"2022-11-07 14:22:09";6.93
"Servidor-SPTECH";"ram";"ram_Usada";"GB";"2022-11-07 14:22:07";6.9
"Servidor-SPTECH";"ram";"ram_Usada";"GB";"2022-11-07 14:22:06";6.9
"Servidor-SPTECH";"ram";"ram_Usada";"GB";"2022-11-07 14:22:05";6.91
"Servidor-SPTECH";"ram";"ram_Usada";"GB";"2022-11-07 14:22:03";6.93
"Servidor-SPTECH";"ram";"ram_Usada";"GB";"2022-11-07 14:22:02";6.96
"Servidor-SPTECH";"ram";"ram_Usada";"GB";"2022-11-07 14:22:00";6.96
"Servidor-SPTECH";"ram";"ram_Usada";"GB";"2022-11-07 14:21:59";6.96
"Servidor-SPTECH";"ram";"ram_Usada";"GB";"2022-11-07 14:21:57";7.05
"Servidor-SPTECH";"ram";"ram_Usada";"GB";"2022-11-07 14:21:56";7.08
"Servidor-SPTECH";"ram";"ram_Usada";"GB";"2022-11-07 14:21:55";7.11
"Servidor-SPTECH";"ram";"ram_Usada";"GB";"2022-11-07 14:21:53";7.09
"Servidor-SPTECH";"ram";"ram_Usada";"GB";"2022-11-07 14:21:52";7.07
"Servidor-SPTECH";"ram";"ram_Usada";"GB";"2022-11-07 14:21:50";7.09
"Servidor-SPTECH";"ram";"ram_Usada";"GB";"2022-11-07 14:21:49";7.03
"Servidor-SPTECH";"ram";"ram_Usada";"GB";"2022-11-07 14:21:47";7.04
"Servidor-SPTECH";"ram";"ram_Usada";"GB";"2022-11-07 14:21:46";7.03
"Servidor-SPTECH";"ram";"ram_Usada";"GB";"2022-11-07 14:21:45";7.0
"Servidor-SPTECH";"ram";"ram_Usada";"GB";"2022-11-07 14:21:43";6.98
"Servidor-SPTECH";"ram";"ram_Usada";"GB";"2022-11-07 14:21:42";6.99
"Servidor-SPTECH";"ram";"ram_Usada";"GB";"2022-11-07 14:21:40";6.95
"Servidor-SPTECH";"ram";"ram_Usada";"GB";"2022-11-07 14:21:39";6.99
"Servidor-SPTECH";"ram";"ram_Usada";"GB";"2022-11-07 14:21:37";6.98
"Servidor-SPTECH";"ram";"ram_Usada";"GB";"2022-11-07 14:21:36";6.99
"Servidor-SPTECH";"ram";"ram_Usada";"GB";"2022-11-07 14:21:35";6.99
"Servidor-SPTECH";"ram";"ram_Usada";"GB";"2022-11-07 14:21:33";7.0
"Servidor-SPTECH";"ram";"ram_Usada";"GB";"2022-11-07 14:21:32";6.99
"Servidor-SPTECH";"ram";"ram_Usada";"GB";"2022-11-07 14:21:30";6.99
"Servidor-SPTECH";"ram";"ram_Usada";"GB";"2022-11-07 14:21:29";6.99
"Servidor-SPTECH";"ram";"ram_Usada";"GB";"2022-11-07 14:21:27";6.99
"Servidor-SPTECH";"ram";"ram_Usada";"GB";"2022-11-07 14:21:26";6.98
"Servidor-SPTECH";"ram";"ram_Usada";"GB";"2022-11-07 14:21:25";7.01
"Servidor-SPTECH";"ram";"ram_Usada";"GB";"2022-11-07 14:21:23";7.01
"Servidor-SPTECH";"ram";"ram_Usada";"GB";"2022-11-07 14:21:22";6.97
"Servidor-SPTECH";"ram";"ram_Usada";"GB";"2022-11-07 14:21:20";7.01
"Servidor-SPTECH";"ram";"ram_Usada";"GB";"2022-11-07 14:21:19";6.99
"Servidor-SPTECH";"ram";"ram_Usada";"GB";"2022-11-07 14:21:17";6.97
"Servidor-SPTECH";"ram";"ram_Usada";"GB";"2022-11-07 14:21:16";6.94
"Servidor-SPTECH";"ram";"ram_Usada";"GB";"2022-11-07 14:21:15";6.98
"Servidor-SPTECH";"ram";"ram_Usada";"GB";"2022-11-07 14:21:13";6.98
"Servidor-SPTECH";"ram";"ram_Usada";"GB";"2022-11-07 14:21:12";6.98
"Servidor-SPTECH";"ram";"ram_Usada";"GB";"2022-11-07 14:21:10";6.94
"Servidor-SPTECH";"ram";"ram_Usada";"GB";"2022-11-07 14:21:09";6.95
"Servidor-SPTECH";"ram";"ram_Usada";"GB";"2022-11-07 14:21:07";6.96
"Servidor-SPTECH";"ram";"ram_Usada";"GB";"2022-11-07 14:21:06";6.96
"Servidor-SPTECH";"ram";"ram_Usada";"GB";"2022-11-07 14:21:04";7.01
"Servidor-SPTECH";"ram";"ram_Usada";"GB";"2022-11-07 14:21:03";7.03
"Servidor-SPTECH";"ram";"ram_Usada";"GB";"2022-11-07 14:21:02";7.06
"Servidor-SPTECH";"ram";"ram_Usada";"GB";"2022-11-07 14:21:00";7.06
"Servidor-SPTECH";"ram";"ram_Usada";"GB";"2022-11-07 14:20:59";7.01
"Servidor-SPTECH";"ram";"ram_Usada";"GB";"2022-11-07 14:20:57";7.03
"Servidor-SPTECH";"ram";"ram_Usada";"GB";"2022-11-07 14:20:56";7.02
"Servidor-SPTECH";"ram";"ram_Usada";"GB";"2022-11-07 14:20:54";7.0
"Servidor-SPTECH";"ram";"ram_Usada";"GB";"2022-11-07 14:20:53";7.0
"Servidor-SPTECH";"ram";"ram_Usada";"GB";"2022-11-07 14:20:52";6.96
"Servidor-SPTECH";"ram";"ram_Usada";"GB";"2022-11-07 14:20:50";6.98
"Servidor-SPTECH";"ram";"ram_Usada";"GB";"2022-11-07 14:20:49";6.97
"Servidor-SPTECH";"ram";"ram_Usada";"GB";"2022-11-07 14:20:47";6.96
"Servidor-SPTECH";"ram";"ram_Usada";"GB";"2022-11-07 14:20:46";6.88
"Servidor-SPTECH";"ram";"ram_Usada";"GB";"2022-11-07 14:20:44";6.97
"Servidor-SPTECH";"ram";"ram_Usada";"GB";"2022-11-07 14:20:43";6.96
"Servidor-SPTECH";"ram";"ram_Usada";"GB";"2022-11-07 14:20:41";6.91
"Servidor-SPTECH";"ram";"ram_Usada";"GB";"2022-11-07 14:20:40";6.88
"Servidor-SPTECH";"ram";"ram_Usada";"GB";"2022-11-07 14:20:39";6.91
"Servidor-SPTECH";"ram";"ram_Usada";"GB";"2022-11-07 14:20:37";6.91
"Servidor-SPTECH";"ram";"ram_Usada";"GB";"2022-11-07 14:20:36";6.91
"Servidor-SPTECH";"ram";"ram_Usada";"GB";"2022-11-07 14:20:34";6.88
"Servidor-SPTECH";"ram";"ram_Usada";"GB";"2022-11-07 14:20:33";6.88
"Servidor-SPTECH";"ram";"ram_Usada";"GB";"2022-11-07 14:20:31";6.88
"Servidor-SPTECH";"ram";"ram_Usada";"GB";"2022-11-07 14:20:30";6.82
"Servidor-SPTECH";"ram";"ram_Usada";"GB";"2022-11-07 14:20:29";6.81
"Servidor-SPTECH";"ram";"ram_Usada";"GB";"2022-11-07 14:20:27";6.79
"Servidor-SPTECH";"ram";"ram_Usada";"GB";"2022-11-07 14:20:26";6.84
"Servidor-SPTECH";"ram";"ram_Usada";"GB";"2022-11-07 14:20:24";6.93
"Servidor-SPTECH";"ram";"ram_Usada";"GB";"2022-11-07 14:20:23";6.93
"Servidor-SPTECH";"ram";"ram_Usada";"GB";"2022-11-07 14:20:21";6.91
"Servidor-SPTECH";"ram";"ram_Usada";"GB";"2022-11-07 14:20:20";6.96
"Servidor-SPTECH";"ram";"ram_Usada";"GB";"2022-11-07 14:20:19";6.93
"Servidor-SPTECH";"ram";"ram_Usada";"GB";"2022-11-07 14:20:17";6.94
"Servidor-SPTECH";"ram";"ram_Usada";"GB";"2022-11-07 14:20:16";6.91
"Servidor-SPTECH";"ram";"ram_Usada";"GB";"2022-11-07 14:20:14";6.69
"Servidor-SPTECH";"ram";"ram_Usada";"GB";"2022-11-07 14:20:13";6.68
"Servidor-SPTECH";"ram";"ram_Usada";"GB";"2022-11-07 14:20:11";6.72
"Servidor-SPTECH";"ram";"ram_Usada";"GB";"2022-11-07 14:20:10";6.7
"Servidor-SPTECH";"ram";"ram_Usada";"GB";"2022-11-07 14:20:08";6.79
"Servidor-SPTECH";"ram";"ram_Usada";"GB";"2022-11-07 14:20:07";6.78
"Servidor-SPTECH";"ram";"ram_Usada";"GB";"2022-11-07 14:20:06";6.79
"Servidor-SPTECH";"ram";"ram_Usada";"GB";"2022-11-07 14:20:04";6.78
"Servidor-SPTECH";"ram";"ram_Usada";"GB";"2022-11-07 14:20:03";6.81
"Servidor-SPTECH";"ram";"ram_Usada";"GB";"2022-11-07 14:20:01";6.81
"Servidor-SPTECH";"ram";"ram_Usada";"GB";"2022-11-07 14:20:00";6.8
"Servidor-SPTECH";"ram";"ram_Usada";"GB";"2022-11-07 14:19:58";6.8
"Servidor-SPTECH";"ram";"ram_Usada";"GB";"2022-11-07 14:19:57";6.86
"Servidor-SPTECH";"ram";"ram_Usada";"GB";"2022-11-07 14:19:55";6.82
"Servidor-SPTECH";"ram";"ram_Usada";"GB";"2022-11-07 14:19:54";6.86
"Servidor-SPTECH";"ram";"ram_Usada";"GB";"2022-11-07 14:19:53";6.86
"Servidor-SPTECH";"ram";"ram_Usada";"GB";"2022-11-07 14:19:51";6.81
"Servidor-SPTECH";"ram";"ram_Usada";"GB";"2022-11-07 14:19:50";6.83
"Servidor-SPTECH";"ram";"ram_Usada";"GB";"2022-11-07 14:19:48";6.83
"Servidor-SPTECH";"ram";"ram_Usada";"GB";"2022-11-07 14:19:47";6.83
"Servidor-SPTECH";"ram";"ram_Usada";"GB";"2022-11-07 14:19:45";6.78
"Servidor-SPTECH";"ram";"ram_Usada";"GB";"2022-11-07 14:19:44";6.83
"Servidor-SPTECH";"ram";"ram_Usada";"GB";"2022-11-07 14:19:42";6.85
"Servidor-SPTECH";"ram";"ram_Usada";"GB";"2022-11-07 14:19:41";6.85
"Servidor-SPTECH";"ram";"ram_Usada";"GB";"2022-11-07 14:19:40";6.86
"Servidor-SPTECH";"ram";"ram_Usada";"GB";"2022-11-07 14:19:38";6.88
"Servidor-SPTECH";"ram";"ram_Usada";"GB";"2022-11-07 14:19:37";6.87
"Servidor-SPTECH";"ram";"ram_Usada";"GB";"2022-11-07 14:19:35";6.87
"Servidor-SPTECH";"ram";"ram_Usada";"GB";"2022-11-07 14:19:34";6.88
"Servidor-SPTECH";"ram";"ram_Usada";"GB";"2022-11-07 14:19:32";6.88
"Servidor-SPTECH";"ram";"ram_Usada";"GB";"2022-11-07 14:19:31";6.81
"Servidor-SPTECH";"ram";"ram_Usada";"GB";"2022-11-07 14:19:29";6.77
"Servidor-SPTECH";"ram";"ram_Usada";"GB";"2022-11-07 14:19:28";6.76
"Servidor-SPTECH";"ram";"ram_Usada";"GB";"2022-11-07 14:19:27";6.77
"Servidor-SPTECH";"ram";"ram_Usada";"GB";"2022-11-07 14:19:25";6.8
"Servidor-SPTECH";"ram";"ram_Usada";"GB";"2022-11-07 14:19:24";6.77
"Servidor-SPTECH";"ram";"ram_Usada";"GB";"2022-11-07 14:19:22";6.77
"Servidor-SPTECH";"ram";"ram_Usada";"GB";"2022-11-07 14:19:21";6.78
"Servidor-SPTECH";"ram";"ram_Usada";"GB";"2022-11-07 14:19:19";6.75
"Servidor-SPTECH";"ram";"ram_Usada";"GB";"2022-11-07 14:19:18";6.71
"Servidor-SPTECH";"ram";"ram_Usada";"GB";"2022-11-07 14:19:16";6.78
"Servidor-SPTECH";"ram";"ram_Usada";"GB";"2022-11-07 14:19:15";6.8
"Servidor-SPTECH";"ram";"ram_Usada";"GB";"2022-11-07 14:19:14";6.81
"Servidor-SPTECH";"ram";"ram_Usada";"GB";"2022-11-07 14:19:12";6.81
"Servidor-SPTECH";"ram";"ram_Usada";"GB";"2022-11-07 14:19:11";6.81
"Servidor-SPTECH";"ram";"ram_Usada";"GB";"2022-11-07 14:19:09";6.82
"Servidor-SPTECH";"ram";"ram_Usada";"GB";"2022-11-07 14:19:08";6.8
"Servidor-SPTECH";"ram";"ram_Usada";"GB";"2022-11-07 14:19:06";6.76
"Servidor-SPTECH";"ram";"ram_Usada";"GB";"2022-11-07 14:19:05";6.75
"Servidor-SPTECH";"ram";"ram_Usada";"GB";"2022-11-07 14:19:03";6.62
"Servidor-SPTECH";"ram";"ram_Usada";"GB";"2022-11-07 14:19:02";6.55
"Servidor-SPTECH";"ram";"ram_Usada";"GB";"2022-11-07 14:19:01";6.58
"Servidor-SPTECH";"ram";"ram_Usada";"GB";"2022-11-07 14:18:59";6.57
"Servidor-SPTECH";"ram";"ram_Usada";"GB";"2022-11-07 14:18:58";6.58
"Servidor-SPTECH";"ram";"ram_Usada";"GB";"2022-11-07 14:18:56";6.58
"Servidor-SPTECH";"ram";"ram_Usada";"GB";"2022-11-07 14:18:55";6.56
"Servidor-SPTECH";"ram";"ram_Usada";"GB";"2022-11-07 14:18:53";6.55
"Servidor-SPTECH";"ram";"ram_Usada";"GB";"2022-11-07 14:18:52";6.55
"Servidor-SPTECH";"ram";"ram_Usada";"GB";"2022-11-07 14:18:50";6.55
"Servidor-SPTECH";"ram";"ram_Usada";"GB";"2022-11-07 14:18:49";6.54
"Servidor-SPTECH";"ram";"ram_Usada";"GB";"2022-11-07 14:18:47";6.55
"Servidor-SPTECH";"ram";"ram_Usada";"GB";"2022-11-07 14:18:45";6.55
"Servidor-SPTECH";"ram";"ram_Usada";"GB";"2022-11-07 14:18:44";6.54
"Servidor-SPTECH";"ram";"ram_Usada";"GB";"2022-11-07 14:18:42";6.54
"Servidor-SPTECH";"ram";"ram_Usada";"GB";"2022-11-07 14:18:41";6.54
"Servidor-SPTECH";"ram";"ram_Usada";"GB";"2022-11-07 14:18:39";6.55
"Servidor-SPTECH";"ram";"ram_Usada";"GB";"2022-11-07 14:18:38";6.59
"Servidor-SPTECH";"ram";"ram_Usada";"GB";"2022-11-07 14:18:36";6.59
"Servidor-SPTECH";"ram";"ram_Usada";"GB";"2022-11-07 14:18:35";6.59
"Servidor-SPTECH";"ram";"ram_Usada";"GB";"2022-11-07 14:18:33";6.61
"Servidor-SPTECH";"ram";"ram_Usada";"GB";"2022-11-07 14:18:31";6.53
"Servidor-SPTECH";"ram";"ram_Usada";"GB";"2022-11-07 14:18:30";6.53
"Servidor-SPTECH";"ram";"ram_Usada";"GB";"2022-11-07 14:18:28";6.53
"Servidor-SPTECH";"ram";"ram_Usada";"GB";"2022-11-07 14:18:27";6.51
"Servidor-SPTECH";"ram";"ram_Usada";"GB";"2022-11-07 14:18:25";6.52
"Servidor-SPTECH";"ram";"ram_Usada";"GB";"2022-11-07 14:18:24";6.52
"Servidor-SPTECH";"ram";"ram_Usada";"GB";"2022-11-07 14:18:23";6.51
"Servidor-SPTECH";"ram";"ram_Usada";"GB";"2022-11-07 14:18:21";6.51
"Servidor-SPTECH";"ram";"ram_Usada";"GB";"2022-11-07 14:18:20";6.51
"Servidor-SPTECH";"ram";"ram_Usada";"GB";"2022-11-07 14:18:18";6.5
"Servidor-SPTECH";"ram";"ram_Usada";"GB";"2022-11-07 14:18:17";6.5
"Servidor-SPTECH";"ram";"ram_Usada";"GB";"2022-11-07 14:18:15";6.5
"Servidor-SPTECH";"ram";"ram_Usada";"GB";"2022-11-07 14:18:14";6.5
"Servidor-SPTECH";"ram";"ram_Usada";"GB";"2022-11-07 14:18:12";6.5
"Servidor-SPTECH";"ram";"ram_Usada";"GB";"2022-11-07 14:18:11";6.55
"Servidor-SPTECH";"ram";"ram_Usada";"GB";"2022-11-07 14:18:10";6.61
"Servidor-SPTECH";"ram";"ram_Usada";"GB";"2022-11-07 14:18:08";6.73
"Servidor-SPTECH";"ram";"ram_Usada";"GB";"2022-11-07 14:18:07";6.7
"Servidor-SPTECH";"ram";"ram_Usada";"GB";"2022-11-07 14:18:05";6.72
"Servidor-SPTECH";"ram";"ram_Usada";"GB";"2022-11-07 14:18:04";6.75
"Servidor-SPTECH";"ram";"ram_Usada";"GB";"2022-11-07 14:18:02";6.65
"Servidor-SPTECH";"ram";"ram_Usada";"GB";"2022-11-07 14:18:01";6.69
"Servidor-SPTECH";"ram";"ram_Usada";"GB";"2022-11-07 14:17:59";6.66
"Servidor-SPTECH";"ram";"ram_Usada";"GB";"2022-11-07 14:17:58";6.63
"Servidor-SPTECH";"ram";"ram_Usada";"GB";"2022-11-07 14:17:56";6.61
"Servidor-SPTECH";"ram";"ram_Usada";"GB";"2022-11-07 14:17:55";6.6
"Servidor-SPTECH";"ram";"ram_Usada";"GB";"2022-11-07 14:17:54";6.61
"Servidor-SPTECH";"ram";"ram_Usada";"GB";"2022-11-07 14:17:52";6.59
"Servidor-SPTECH";"ram";"ram_Usada";"GB";"2022-11-07 14:17:51";6.58
"Servidor-SPTECH";"ram";"ram_Usada";"GB";"2022-11-07 14:17:49";6.57
"Servidor-SPTECH";"ram";"ram_Usada";"GB";"2022-11-07 14:17:48";6.59
"Servidor-SPTECH";"ram";"ram_Usada";"GB";"2022-11-07 14:17:47";6.58
"Servidor-SPTECH";"ram";"ram_Usada";"GB";"2022-11-07 14:17:45";6.57
"Servidor-SPTECH";"ram";"ram_Usada";"GB";"2022-11-07 14:17:44";6.55
"Servidor-SPTECH";"ram";"ram_Usada";"GB";"2022-11-07 14:17:42";6.55
"Servidor-SPTECH";"ram";"ram_Usada";"GB";"2022-11-07 14:17:41";6.53
"Servidor-SPTECH";"ram";"ram_Usada";"GB";"2022-11-07 14:17:39";6.52
"Servidor-SPTECH";"ram";"ram_Usada";"GB";"2022-11-07 14:17:38";6.6
"Servidor-SPTECH";"ram";"ram_Usada";"GB";"2022-11-07 14:17:37";6.56
"Servidor-SPTECH";"ram";"ram_Usada";"GB";"2022-11-07 14:17:35";6.58
"Servidor-SPTECH";"ram";"ram_Usada";"GB";"2022-11-07 14:17:34";6.6
"Servidor-SPTECH";"ram";"ram_Usada";"GB";"2022-11-07 14:17:32";6.61
"Servidor-SPTECH";"ram";"ram_Usada";"GB";"2022-11-07 14:17:31";6.61
"Servidor-SPTECH";"ram";"ram_Usada";"GB";"2022-11-07 14:17:29";6.85
"Servidor-SPTECH";"ram";"ram_Usada";"GB";"2022-11-07 14:17:28";6.83
"Servidor-SPTECH";"ram";"ram_Usada";"GB";"2022-11-07 14:17:26";6.48
"Servidor-SPTECH";"ram";"ram_Usada";"GB";"2022-11-07 14:17:25";6.39
"Servidor-SPTECH";"ram";"ram_Usada";"GB";"2022-11-07 14:17:24";6.12
"Servidor-SPTECH";"ram";"ram_Usada";"GB";"2022-11-07 14:17:22";6.12
"Servidor-SPTECH";"ram";"ram_Usada";"GB";"2022-11-07 14:17:20";6.12
"Servidor-SPTECH";"ram";"ram_Usada";"GB";"2022-11-07 14:17:19";6.1
"Servidor-SPTECH";"ram";"ram_Usada";"GB";"2022-11-07 14:17:17";6.12
"Servidor-SPTECH";"ram";"ram_Usada";"GB";"2022-11-07 14:17:16";6.11
"Servidor-SPTECH";"ram";"ram_Usada";"GB";"2022-11-07 14:17:14";6.11
"Servidor-SPTECH";"ram";"ram_Usada";"GB";"2022-11-07 14:17:12";6.11
"Servidor-SPTECH";"ram";"ram_Usada";"GB";"2022-11-07 14:17:11";6.11
"Servidor-SPTECH";"ram";"ram_Usada";"GB";"2022-11-07 14:17:09";6.12
"Servidor-SPTECH";"ram";"ram_Usada";"GB";"2022-11-07 14:17:08";6.11
"Servidor-SPTECH";"ram";"ram_Usada";"GB";"2022-11-07 14:17:06";6.11
"Servidor-SPTECH";"ram";"ram_Usada";"GB";"2022-11-07 14:17:05";6.11
"Servidor-SPTECH";"ram";"ram_Usada";"GB";"2022-11-07 14:17:03";6.11
"Servidor-SPTECH";"ram";"ram_Usada";"GB";"2022-11-07 14:17:02";6.13
"Servidor-SPTECH";"ram";"ram_Usada";"GB";"2022-11-07 14:17:00";6.13
"Servidor-SPTECH";"ram";"ram_Usada";"GB";"2022-11-07 14:16:59";6.13
"Servidor-SPTECH";"ram";"ram_Usada";"GB";"2022-11-07 14:16:57";6.13
"Servidor-SPTECH";"ram";"ram_Usada";"GB";"2022-11-07 14:16:55";6.13
"Servidor-SPTECH";"ram";"ram_Usada";"GB";"2022-11-07 14:16:54";6.13
"Servidor-SPTECH";"ram";"ram_Usada";"GB";"2022-11-07 14:16:52";6.13
"Servidor-SPTECH";"ram";"ram_Usada";"GB";"2022-11-07 14:16:51";6.12
"Servidor-SPTECH";"ram";"ram_Usada";"GB";"2022-11-07 14:16:49";6.13
"Servidor-SPTECH";"ram";"ram_Usada";"GB";"2022-11-07 14:16:48";6.13
"Servidor-SPTECH";"ram";"ram_Usada";"GB";"2022-11-07 14:16:46";6.12
"Servidor-SPTECH";"ram";"ram_Usada";"GB";"2022-11-07 14:16:44";6.12
"Servidor-SPTECH";"ram";"ram_Usada";"GB";"2022-11-07 14:16:43";6.12
"Servidor-SPTECH";"ram";"ram_Usada";"GB";"2022-11-07 14:16:41";6.12
"Servidor-SPTECH";"ram";"ram_Usada";"GB";"2022-11-07 14:16:40";6.12
"Servidor-SPTECH";"ram";"ram_Usada";"GB";"2022-11-07 14:16:38";6.12
"Servidor-SPTECH";"ram";"ram_Usada";"GB";"2022-11-07 14:16:37";6.12
"Servidor-SPTECH";"ram";"ram_Usada";"GB";"2022-11-07 14:16:35";6.12
"Servidor-SPTECH";"ram";"ram_Usada";"GB";"2022-11-07 14:16:34";6.12
"Servidor-SPTECH";"ram";"ram_Usada";"GB";"2022-11-07 14:16:32";6.12
"Servidor-SPTECH";"ram";"ram_Usada";"GB";"2022-11-07 14:16:31";6.09
"Servidor-SPTECH";"ram";"ram_Usada";"GB";"2022-11-07 14:16:29";6.12
"Servidor-SPTECH";"ram";"ram_Usada";"GB";"2022-11-07 14:16:27";6.11
"Servidor-SPTECH";"ram";"ram_Usada";"GB";"2022-11-07 14:16:26";6.11
"Servidor-SPTECH";"ram";"ram_Usada";"GB";"2022-11-07 14:16:24";6.08
"Servidor-SPTECH";"ram";"ram_Usada";"GB";"2022-11-07 14:16:23";6.12
"Servidor-SPTECH";"ram";"ram_Usada";"GB";"2022-11-07 14:16:21";6.11
"Servidor-SPTECH";"ram";"ram_Usada";"GB";"2022-11-07 14:16:20";6.11
"Servidor-SPTECH";"ram";"ram_Usada";"GB";"2022-11-07 14:16:18";6.09
"Servidor-SPTECH";"ram";"ram_Usada";"GB";"2022-11-07 14:16:17";6.12
"Servidor-SPTECH";"ram";"ram_Usada";"GB";"2022-11-07 14:16:15";6.12
"Servidor-SPTECH";"ram";"ram_Usada";"GB";"2022-11-07 14:16:14";6.12
"Servidor-SPTECH";"ram";"ram_Usada";"GB";"2022-11-07 14:16:12";6.12
"Servidor-SPTECH";"ram";"ram_Usada";"GB";"2022-11-07 14:16:11";6.12
"Servidor-SPTECH";"ram";"ram_Usada";"GB";"2022-11-07 14:16:09";6.12
"Servidor-SPTECH";"ram";"ram_Usada";"GB";"2022-11-07 14:16:08";6.11
"Servidor-SPTECH";"ram";"ram_Usada";"GB";"2022-11-07 14:16:06";6.11
"Servidor-SPTECH";"ram";"ram_Usada";"GB";"2022-11-07 14:16:04";6.12
"Servidor-SPTECH";"ram";"ram_Usada";"GB";"2022-11-07 14:16:03";6.12
"Servidor-SPTECH";"ram";"ram_Usada";"GB";"2022-11-07 14:16:01";6.14
"Servidor-SPTECH";"ram";"ram_Usada";"GB";"2022-11-07 14:16:00";6.14
"Servidor-SPTECH";"ram";"ram_Usada";"GB";"2022-11-07 14:15:58";6.14
"Servidor-SPTECH";"ram";"ram_Usada";"GB";"2022-11-07 14:15:57";6.14
"Servidor-SPTECH";"ram";"ram_Usada";"GB";"2022-11-07 14:15:55";6.13
"Servidor-SPTECH";"ram";"ram_Usada";"GB";"2022-11-07 14:15:54";6.13
"Servidor-SPTECH";"ram";"ram_Usada";"GB";"2022-11-07 14:15:52";6.13
"Servidor-SPTECH";"ram";"ram_Usada";"GB";"2022-11-07 14:15:50";6.13
"Servidor-SPTECH";"ram";"ram_Usada";"GB";"2022-11-07 14:15:49";6.13
"Servidor-SPTECH";"ram";"ram_Usada";"GB";"2022-11-07 14:15:47";6.13
"Servidor-SPTECH";"ram";"ram_Usada";"GB";"2022-11-07 14:15:46";6.12
"Servidor-SPTECH";"ram";"ram_Usada";"GB";"2022-11-07 14:15:44";6.12
"Servidor-SPTECH";"ram";"ram_Usada";"GB";"2022-11-07 14:15:43";6.13
"Servidor-SPTECH";"ram";"ram_Usada";"GB";"2022-11-07 14:15:41";6.12
"Servidor-SPTECH";"ram";"ram_Usada";"GB";"2022-11-07 14:15:40";6.12
"Servidor-SPTECH";"ram";"ram_Usada";"GB";"2022-11-07 14:15:38";6.12
"Servidor-SPTECH";"ram";"ram_Usada";"GB";"2022-11-07 14:15:36";6.09
"Servidor-SPTECH";"ram";"ram_Usada";"GB";"2022-11-07 14:15:35";6.13
"Servidor-SPTECH";"ram";"ram_Usada";"GB";"2022-11-07 14:15:33";6.15
"Servidor-SPTECH";"ram";"ram_Usada";"GB";"2022-11-07 14:15:32";6.14
"Servidor-SPTECH";"ram";"ram_Usada";"GB";"2022-11-07 14:15:30";6.09
"Servidor-SPTECH";"ram";"ram_Usada";"GB";"2022-11-07 14:15:29";6.12
"Servidor-SPTECH";"ram";"ram_Usada";"GB";"2022-11-07 14:15:27";6.11
"Servidor-SPTECH";"ram";"ram_Usada";"GB";"2022-11-07 14:15:25";6.11
"Servidor-SPTECH";"ram";"ram_Usada";"GB";"2022-11-07 14:15:24";6.11
"Servidor-SPTECH";"ram";"ram_Usada";"GB";"2022-11-07 14:15:22";6.11
"Servidor-SPTECH";"ram";"ram_Usada";"GB";"2022-11-07 14:15:21";6.11
"Servidor-SPTECH";"ram";"ram_Usada";"GB";"2022-11-07 14:15:19";6.11
"Servidor-SPTECH";"ram";"ram_Usada";"GB";"2022-11-07 14:15:18";6.11
"Servidor-SPTECH";"ram";"ram_Usada";"GB";"2022-11-07 14:15:16";6.1
"Servidor-SPTECH";"ram";"ram_Usada";"GB";"2022-11-07 14:15:15";6.1
"Servidor-SPTECH";"ram";"ram_Usada";"GB";"2022-11-07 14:15:13";6.11
"Servidor-SPTECH";"ram";"ram_Usada";"GB";"2022-11-07 14:15:12";6.1
"Servidor-SPTECH";"ram";"ram_Usada";"GB";"2022-11-07 14:15:10";6.1
"Servidor-SPTECH";"ram";"ram_Usada";"GB";"2022-11-07 14:15:08";6.11
"Servidor-SPTECH";"ram";"ram_Usada";"GB";"2022-11-07 14:15:07";6.1
"Servidor-SPTECH";"ram";"ram_Usada";"GB";"2022-11-07 14:15:05";6.1
"Servidor-SPTECH";"ram";"ram_Usada";"GB";"2022-11-07 14:15:04";6.1
"Servidor-SPTECH";"ram";"ram_Usada";"GB";"2022-11-07 14:15:02";6.13
"Servidor-SPTECH";"ram";"ram_Usada";"GB";"2022-11-07 14:15:01";6.12
"Servidor-SPTECH";"ram";"ram_Usada";"GB";"2022-11-07 14:14:59";6.12
"Servidor-SPTECH";"ram";"ram_Usada";"GB";"2022-11-07 14:14:58";6.12
"Servidor-SPTECH";"ram";"ram_Usada";"GB";"2022-11-07 14:14:56";6.12
"Servidor-SPTECH";"ram";"ram_Usada";"GB";"2022-11-07 14:14:55";6.12
"Servidor-SPTECH";"ram";"ram_Usada";"GB";"2022-11-07 14:14:53";6.12
"Servidor-SPTECH";"ram";"ram_Usada";"GB";"2022-11-07 14:14:52";6.12
"Servidor-SPTECH";"ram";"ram_Usada";"GB";"2022-11-07 14:14:50";6.12
"Servidor-SPTECH";"ram";"ram_Usada";"GB";"2022-11-07 14:14:49";6.12
"Servidor-SPTECH";"ram";"ram_Usada";"GB";"2022-11-07 14:14:47";6.11
"Servidor-SPTECH";"ram";"ram_Usada";"GB";"2022-11-07 14:14:45";6.12
"Servidor-SPTECH";"ram";"ram_Usada";"GB";"2022-11-07 14:14:44";6.12
"Servidor-SPTECH";"ram";"ram_Usada";"GB";"2022-11-07 14:14:42";6.08
"Servidor-SPTECH";"ram";"ram_Usada";"GB";"2022-11-07 14:14:41";6.11
"Servidor-SPTECH";"ram";"ram_Usada";"GB";"2022-11-07 14:14:39";6.12
"Servidor-SPTECH";"ram";"ram_Usada";"GB";"2022-11-07 14:14:38";6.11
"Servidor-SPTECH";"ram";"ram_Usada";"GB";"2022-11-07 14:14:36";6.08
"Servidor-SPTECH";"ram";"ram_Usada";"GB";"2022-11-07 14:14:34";6.11
"Servidor-SPTECH";"ram";"ram_Usada";"GB";"2022-11-07 14:14:33";6.11
"Servidor-SPTECH";"ram";"ram_Usada";"GB";"2022-11-07 14:14:31";6.11
"Servidor-SPTECH";"ram";"ram_Usada";"GB";"2022-11-07 14:14:30";6.07
"Servidor-SPTECH";"ram";"ram_Usada";"GB";"2022-11-07 14:14:28";6.11
"Servidor-SPTECH";"ram";"ram_Usada";"GB";"2022-11-07 14:14:27";6.11
"Servidor-SPTECH";"ram";"ram_Usada";"GB";"2022-11-07 14:14:25";6.1
"Servidor-SPTECH";"ram";"ram_Usada";"GB";"2022-11-07 14:14:24";6.08
"Servidor-SPTECH";"ram";"ram_Usada";"GB";"2022-11-07 14:14:22";6.1
"Servidor-SPTECH";"ram";"ram_Usada";"GB";"2022-11-07 14:14:21";6.1
"Servidor-SPTECH";"ram";"ram_Usada";"GB";"2022-11-07 14:14:19";6.1
"Servidor-SPTECH";"ram";"ram_Usada";"GB";"2022-11-07 14:14:18";6.1
"Servidor-SPTECH";"ram";"ram_Usada";"GB";"2022-11-07 14:14:16";6.09
"Servidor-SPTECH";"ram";"ram_Usada";"GB";"2022-11-07 14:14:15";6.09
"Servidor-SPTECH";"ram";"ram_Usada";"GB";"2022-11-07 14:14:13";6.1
"Servidor-SPTECH";"ram";"ram_Usada";"GB";"2022-11-07 14:14:12";6.1
"Servidor-SPTECH";"ram";"ram_Usada";"GB";"2022-11-07 14:14:10";6.1
"Servidor-SPTECH";"ram";"ram_Usada";"GB";"2022-11-07 14:14:08";6.1
"Servidor-SPTECH";"ram";"ram_Usada";"GB";"2022-11-07 14:14:07";6.1
"Servidor-SPTECH";"ram";"ram_Usada";"GB";"2022-11-07 14:14:05";6.1
"Servidor-SPTECH";"ram";"ram_Usada";"GB";"2022-11-07 14:14:04";6.09
"Servidor-SPTECH";"ram";"ram_Usada";"GB";"2022-11-07 14:14:02";6.11
"Servidor-SPTECH";"ram";"ram_Usada";"GB";"2022-11-07 14:14:01";6.12
"Servidor-SPTECH";"ram";"ram_Usada";"GB";"2022-11-07 14:13:59";6.11
"Servidor-SPTECH";"ram";"ram_Usada";"GB";"2022-11-07 14:13:58";6.11
"Servidor-SPTECH";"ram";"ram_Usada";"GB";"2022-11-07 14:13:56";6.11
"Servidor-SPTECH";"ram";"ram_Usada";"GB";"2022-11-07 14:13:55";6.11
"Servidor-SPTECH";"ram";"ram_Usada";"GB";"2022-11-07 14:13:53";6.11
"Servidor-SPTECH";"ram";"ram_Usada";"GB";"2022-11-07 14:13:51";6.11
"Servidor-SPTECH";"ram";"ram_Usada";"GB";"2022-11-07 14:13:50";6.11
"Servidor-SPTECH";"ram";"ram_Usada";"GB";"2022-11-07 14:13:48";6.11
"Servidor-SPTECH";"ram";"ram_Usada";"GB";"2022-11-07 14:13:47";6.11
"Servidor-SPTECH";"ram";"ram_Usada";"GB";"2022-11-07 14:13:45";6.11
"Servidor-SPTECH";"ram";"ram_Usada";"GB";"2022-11-07 14:13:44";6.11
"Servidor-SPTECH";"ram";"ram_Usada";"GB";"2022-11-07 14:13:42";6.11
"Servidor-SPTECH";"ram";"ram_Usada";"GB";"2022-11-07 14:13:41";6.11
"Servidor-SPTECH";"ram";"ram_Usada";"GB";"2022-11-07 14:13:39";6.1
"Servidor-SPTECH";"ram";"ram_Usada";"GB";"2022-11-07 14:13:38";6.11
"Servidor-SPTECH";"ram";"ram_Usada";"GB";"2022-11-07 14:13:36";6.09
"Servidor-SPTECH";"ram";"ram_Usada";"GB";"2022-11-07 14:13:35";6.1
"Servidor-SPTECH";"ram";"ram_Usada";"GB";"2022-11-07 14:13:33";6.11
"Servidor-SPTECH";"ram";"ram_Usada";"GB";"2022-11-07 14:13:31";6.1
"Servidor-SPTECH";"ram";"ram_Usada";"GB";"2022-11-07 14:13:30";6.07
"Servidor-SPTECH";"ram";"ram_Usada";"GB";"2022-11-07 14:13:28";6.1
"Servidor-SPTECH";"ram";"ram_Usada";"GB";"2022-11-07 14:13:27";6.1
"Servidor-SPTECH";"ram";"ram_Usada";"GB";"2022-11-07 14:13:25";6.1
"Servidor-SPTECH";"ram";"ram_Usada";"GB";"2022-11-07 14:13:24";6.07
"Servidor-SPTECH";"ram";"ram_Usada";"GB";"2022-11-07 14:13:22";6.1
"Servidor-SPTECH";"ram";"ram_Usada";"GB";"2022-11-07 14:13:20";6.11
"Servidor-SPTECH";"ram";"ram_Usada";"GB";"2022-11-07 14:13:19";6.1
"Servidor-SPTECH";"ram";"ram_Usada";"GB";"2022-11-07 14:13:17";6.1
"Servidor-SPTECH";"ram";"ram_Usada";"GB";"2022-11-07 14:13:16";6.1
"Servidor-SPTECH";"ram";"ram_Usada";"GB";"2022-11-07 14:13:14";6.1
"Servidor-SPTECH";"ram";"ram_Usada";"GB";"2022-11-07 14:13:13";6.1
"Servidor-SPTECH";"ram";"ram_Usada";"GB";"2022-11-07 14:13:11";6.11
"Servidor-SPTECH";"ram";"ram_Usada";"GB";"2022-11-07 14:13:10";6.1
"Servidor-SPTECH";"ram";"ram_Usada";"GB";"2022-11-07 14:13:08";6.13
"Servidor-SPTECH";"ram";"ram_Usada";"GB";"2022-11-07 14:13:07";6.13
"Servidor-SPTECH";"ram";"ram_Usada";"GB";"2022-11-07 14:13:05";6.13
"Servidor-SPTECH";"ram";"ram_Usada";"GB";"2022-11-07 14:13:03";6.09
"Servidor-SPTECH";"ram";"ram_Usada";"GB";"2022-11-07 14:13:02";6.12
"Servidor-SPTECH";"ram";"ram_Usada";"GB";"2022-11-07 14:13:00";6.12
"Servidor-SPTECH";"ram";"ram_Usada";"GB";"2022-11-07 14:12:59";6.11
"Servidor-SPTECH";"ram";"ram_Usada";"GB";"2022-11-07 14:12:57";6.11
"Servidor-SPTECH";"ram";"ram_Usada";"GB";"2022-11-07 14:12:56";6.11
"Servidor-SPTECH";"ram";"ram_Usada";"GB";"2022-11-07 14:12:54";6.12
"Servidor-SPTECH";"ram";"ram_Usada";"GB";"2022-11-07 14:12:53";6.11
"Servidor-SPTECH";"ram";"ram_Usada";"GB";"2022-11-07 14:12:51";6.11
"Servidor-SPTECH";"ram";"ram_Usada";"GB";"2022-11-07 14:12:49";6.11
"Servidor-SPTECH";"ram";"ram_Usada";"GB";"2022-11-07 14:12:48";6.08
"Servidor-SPTECH";"ram";"ram_Usada";"GB";"2022-11-07 14:12:46";6.12
"Servidor-SPTECH";"ram";"ram_Usada";"GB";"2022-11-07 14:12:45";6.11
"Servidor-SPTECH";"ram";"ram_Usada";"GB";"2022-11-07 14:12:43";6.11
"Servidor-SPTECH";"ram";"ram_Usada";"GB";"2022-11-07 14:12:42";6.08
"Servidor-SPTECH";"ram";"ram_Usada";"GB";"2022-11-07 14:12:40";6.11
"Servidor-SPTECH";"ram";"ram_Usada";"GB";"2022-11-07 14:12:39";6.1
"Servidor-SPTECH";"ram";"ram_Usada";"GB";"2022-11-07 14:12:37";6.11
"Servidor-SPTECH";"ram";"ram_Usada";"GB";"2022-11-07 14:12:36";6.08
"Servidor-SPTECH";"ram";"ram_Usada";"GB";"2022-11-07 14:12:34";6.11
"Servidor-SPTECH";"ram";"ram_Usada";"GB";"2022-11-07 14:12:32";6.1
"Servidor-SPTECH";"ram";"ram_Usada";"GB";"2022-11-07 14:12:31";6.1
"Servidor-SPTECH";"ram";"ram_Usada";"GB";"2022-11-07 14:12:29";6.1
"Servidor-SPTECH";"ram";"ram_Usada";"GB";"2022-11-07 14:12:28";6.11
"Servidor-SPTECH";"ram";"ram_Usada";"GB";"2022-11-07 14:12:26";6.1
"Servidor-SPTECH";"ram";"ram_Usada";"GB";"2022-11-07 14:12:25";6.1
"Servidor-SPTECH";"ram";"ram_Usada";"GB";"2022-11-07 14:12:23";6.09
"Servidor-SPTECH";"ram";"ram_Usada";"GB";"2022-11-07 14:12:21";6.1
"Servidor-SPTECH";"ram";"ram_Usada";"GB";"2022-11-07 14:12:20";6.1
"Servidor-SPTECH";"ram";"ram_Usada";"GB";"2022-11-07 14:12:18";6.09
"Servidor-SPTECH";"ram";"ram_Usada";"GB";"2022-11-07 14:12:17";6.09
"Servidor-SPTECH";"ram";"ram_Usada";"GB";"2022-11-07 14:12:15";6.1
"Servidor-SPTECH";"ram";"ram_Usada";"GB";"2022-11-07 14:12:14";6.09
"Servidor-SPTECH";"ram";"ram_Usada";"GB";"2022-11-07 14:12:12";6.09
"Servidor-SPTECH";"ram";"ram_Usada";"GB";"2022-11-07 14:12:11";6.09
"Servidor-SPTECH";"ram";"ram_Usada";"GB";"2022-11-07 14:12:09";6.09
"Servidor-SPTECH";"ram";"ram_Usada";"GB";"2022-11-07 14:12:08";6.09
"Servidor-SPTECH";"ram";"ram_Usada";"GB";"2022-11-07 14:12:06";6.09
"Servidor-SPTECH";"ram";"ram_Usada";"GB";"2022-11-07 14:12:05";6.09
"Servidor-SPTECH";"ram";"ram_Usada";"GB";"2022-11-07 14:12:03";6.09
"Servidor-SPTECH";"ram";"ram_Usada";"GB";"2022-11-07 14:12:01";6.11
"Servidor-SPTECH";"ram";"ram_Usada";"GB";"2022-11-07 14:12:00";6.11
"Servidor-SPTECH";"ram";"ram_Usada";"GB";"2022-11-07 14:11:58";6.11
"Servidor-SPTECH";"ram";"ram_Usada";"GB";"2022-11-07 14:11:57";6.1
"Servidor-SPTECH";"ram";"ram_Usada";"GB";"2022-11-07 14:11:55";6.1
"Servidor-SPTECH";"ram";"ram_Usada";"GB";"2022-11-07 14:11:54";6.08
"Servidor-SPTECH";"ram";"ram_Usada";"GB";"2022-11-07 14:11:52";6.11
"Servidor-SPTECH";"ram";"ram_Usada";"GB";"2022-11-07 14:11:51";6.11
"Servidor-SPTECH";"ram";"ram_Usada";"GB";"2022-11-07 14:11:49";6.1
"Servidor-SPTECH";"ram";"ram_Usada";"GB";"2022-11-07 14:11:47";6.07
"Servidor-SPTECH";"ram";"ram_Usada";"GB";"2022-11-07 14:11:46";6.1
"Servidor-SPTECH";"ram";"ram_Usada";"GB";"2022-11-07 14:11:44";6.1
"Servidor-SPTECH";"ram";"ram_Usada";"GB";"2022-11-07 14:11:43";6.1
"Servidor-SPTECH";"ram";"ram_Usada";"GB";"2022-11-07 14:11:41";6.07
"Servidor-SPTECH";"ram";"ram_Usada";"GB";"2022-11-07 14:11:40";6.1
"Servidor-SPTECH";"ram";"ram_Usada";"GB";"2022-11-07 14:11:38";6.09
"Servidor-SPTECH";"ram";"ram_Usada";"GB";"2022-11-07 14:11:36";6.1
"Servidor-SPTECH";"ram";"ram_Usada";"GB";"2022-11-07 14:11:35";6.09
"Servidor-SPTECH";"ram";"ram_Usada";"GB";"2022-11-07 14:11:33";6.1
"Servidor-SPTECH";"ram";"ram_Usada";"GB";"2022-11-07 14:11:32";6.1
"Servidor-SPTECH";"ram";"ram_Usada";"GB";"2022-11-07 14:11:30";6.09
"Servidor-SPTECH";"ram";"ram_Usada";"GB";"2022-11-07 14:11:29";6.09
"Servidor-SPTECH";"ram";"ram_Usada";"GB";"2022-11-07 14:11:27";6.1
"Servidor-SPTECH";"ram";"ram_Usada";"GB";"2022-11-07 14:11:26";6.09
"Servidor-SPTECH";"ram";"ram_Usada";"GB";"2022-11-07 14:11:24";6.09
"Servidor-SPTECH";"ram";"ram_Usada";"GB";"2022-11-07 14:11:22";6.09
"Servidor-SPTECH";"ram";"ram_Usada";"GB";"2022-11-07 14:11:21";6.09
"Servidor-SPTECH";"ram";"ram_Usada";"GB";"2022-11-07 14:11:19";6.09
"Servidor-SPTECH";"ram";"ram_Usada";"GB";"2022-11-07 14:11:18";6.08
"Servidor-SPTECH";"ram";"ram_Usada";"GB";"2022-11-07 14:11:16";6.09
"Servidor-SPTECH";"ram";"ram_Usada";"GB";"2022-11-07 14:11:15";6.08
"Servidor-SPTECH";"ram";"ram_Usada";"GB";"2022-11-07 14:11:13";6.08
"Servidor-SPTECH";"ram";"ram_Usada";"GB";"2022-11-07 14:11:12";6.05
"Servidor-SPTECH";"ram";"ram_Usada";"GB";"2022-11-07 14:11:10";6.09
"Servidor-SPTECH";"ram";"ram_Usada";"GB";"2022-11-07 14:11:09";6.08
"Servidor-SPTECH";"ram";"ram_Usada";"GB";"2022-11-07 14:11:07";6.08
"Servidor-SPTECH";"ram";"ram_Usada";"GB";"2022-11-07 14:11:06";6.05
"Servidor-SPTECH";"ram";"ram_Usada";"GB";"2022-11-07 14:11:04";6.08
"Servidor-SPTECH";"ram";"ram_Usada";"GB";"2022-11-07 14:11:02";6.1
"Servidor-SPTECH";"ram";"ram_Usada";"GB";"2022-11-07 14:11:01";6.1
"Servidor-SPTECH";"ram";"ram_Usada";"GB";"2022-11-07 14:10:59";6.07
"Servidor-SPTECH";"ram";"ram_Usada";"GB";"2022-11-07 14:10:58";6.1
"Servidor-SPTECH";"ram";"ram_Usada";"GB";"2022-11-07 14:10:56";6.1
"Servidor-SPTECH";"ram";"ram_Usada";"GB";"2022-11-07 14:10:55";6.1
"Servidor-SPTECH";"ram";"ram_Usada";"GB";"2022-11-07 14:10:53";6.07
"Servidor-SPTECH";"ram";"ram_Usada";"GB";"2022-11-07 14:10:51";6.09
"Servidor-SPTECH";"ram";"ram_Usada";"GB";"2022-11-07 14:10:50";6.09
"Servidor-SPTECH";"ram";"ram_Usada";"GB";"2022-11-07 14:10:48";6.09
"Servidor-SPTECH";"ram";"ram_Usada";"GB";"2022-11-07 14:10:47";6.07
"Servidor-SPTECH";"ram";"ram_Usada";"GB";"2022-11-07 14:10:45";6.1
"Servidor-SPTECH";"ram";"ram_Usada";"GB";"2022-11-07 14:10:44";6.09
"Servidor-SPTECH";"ram";"ram_Usada";"GB";"2022-11-07 14:10:42";6.09
"Servidor-SPTECH";"ram";"ram_Usada";"GB";"2022-11-07 14:10:41";6.09
"Servidor-SPTECH";"ram";"ram_Usada";"GB";"2022-11-07 14:10:39";6.09
"Servidor-SPTECH";"ram";"ram_Usada";"GB";"2022-11-07 14:10:37";6.09
"Servidor-SPTECH";"ram";"ram_Usada";"GB";"2022-11-07 14:10:36";6.09
"Servidor-SPTECH";"ram";"ram_Usada";"GB";"2022-11-07 14:10:34";6.09
"Servidor-SPTECH";"ram";"ram_Usada";"GB";"2022-11-07 14:10:33";6.06
"Servidor-SPTECH";"ram";"ram_Usada";"GB";"2022-11-07 14:10:31";6.09
"Servidor-SPTECH";"ram";"ram_Usada";"GB";"2022-11-07 14:10:30";6.09
"Servidor-SPTECH";"ram";"ram_Usada";"GB";"2022-11-07 14:10:28";6.09
"Servidor-SPTECH";"ram";"ram_Usada";"GB";"2022-11-07 14:10:26";6.08
"Servidor-SPTECH";"ram";"ram_Usada";"GB";"2022-11-07 14:10:25";6.08
"Servidor-SPTECH";"ram";"ram_Usada";"GB";"2022-11-07 14:10:23";6.09
"Servidor-SPTECH";"ram";"ram_Usada";"GB";"2022-11-07 14:10:22";6.09
"Servidor-SPTECH";"ram";"ram_Usada";"GB";"2022-11-07 14:10:20";6.08
"Servidor-SPTECH";"ram";"ram_Usada";"GB";"2022-11-07 14:10:19";6.08
"Servidor-SPTECH";"ram";"ram_Usada";"GB";"2022-11-07 14:10:17";6.09
"Servidor-SPTECH";"ram";"ram_Usada";"GB";"2022-11-07 14:10:16";6.08
"Servidor-SPTECH";"ram";"ram_Usada";"GB";"2022-11-07 14:10:14";6.08
"Servidor-SPTECH";"ram";"ram_Usada";"GB";"2022-11-07 14:10:13";6.08
"Servidor-SPTECH";"ram";"ram_Usada";"GB";"2022-11-07 14:10:11";6.08
"Servidor-SPTECH";"ram";"ram_Usada";"GB";"2022-11-07 14:10:09";6.08
"Servidor-SPTECH";"ram";"ram_Usada";"GB";"2022-11-07 14:10:08";6.08
"Servidor-SPTECH";"ram";"ram_Usada";"GB";"2022-11-07 14:10:06";6.08
"Servidor-SPTECH";"ram";"ram_Usada";"GB";"2022-11-07 14:10:05";6.08
"Servidor-SPTECH";"ram";"ram_Usada";"GB";"2022-11-07 14:10:03";6.08
"Servidor-SPTECH";"ram";"ram_Usada";"GB";"2022-11-07 14:10:02";6.1
"Servidor-SPTECH";"ram";"ram_Usada";"GB";"2022-11-07 14:10:00";6.09
"Servidor-SPTECH";"ram";"ram_Usada";"GB";"2022-11-07 14:09:59";6.09
"Servidor-SPTECH";"ram";"ram_Usada";"GB";"2022-11-07 14:09:57";6.09
"Servidor-SPTECH";"ram";"ram_Usada";"GB";"2022-11-07 14:09:56";6.09
"Servidor-SPTECH";"ram";"ram_Usada";"GB";"2022-11-07 14:09:54";6.09
"Servidor-SPTECH";"ram";"ram_Usada";"GB";"2022-11-07 14:09:52";6.09
"Servidor-SPTECH";"ram";"ram_Usada";"GB";"2022-11-07 14:09:51";6.09
"Servidor-SPTECH";"ram";"ram_Usada";"GB";"2022-11-07 14:09:49";6.09
"Servidor-SPTECH";"ram";"ram_Usada";"GB";"2022-11-07 14:09:48";6.09
"Servidor-SPTECH";"ram";"ram_Usada";"GB";"2022-11-07 14:09:46";6.09
"Servidor-SPTECH";"ram";"ram_Usada";"GB";"2022-11-07 14:09:45";6.08
"Servidor-SPTECH";"ram";"ram_Usada";"GB";"2022-11-07 14:09:43";6.08
"Servidor-SPTECH";"ram";"ram_Usada";"GB";"2022-11-07 14:09:42";6.08
"Servidor-SPTECH";"ram";"ram_Usada";"GB";"2022-11-07 14:09:40";6.09
"Servidor-SPTECH";"ram";"ram_Usada";"GB";"2022-11-07 14:09:39";6.06
"Servidor-SPTECH";"ram";"ram_Usada";"GB";"2022-11-07 14:09:37";6.08
"Servidor-SPTECH";"ram";"ram_Usada";"GB";"2022-11-07 14:09:35";6.08
"Servidor-SPTECH";"ram";"ram_Usada";"GB";"2022-11-07 14:09:34";6.08
"Servidor-SPTECH";"ram";"ram_Usada";"GB";"2022-11-07 14:09:32";6.08
"Servidor-SPTECH";"ram";"ram_Usada";"GB";"2022-11-07 14:09:31";6.08
"Servidor-SPTECH";"ram";"ram_Usada";"GB";"2022-11-07 14:09:29";6.08
"Servidor-SPTECH";"ram";"ram_Usada";"GB";"2022-11-07 14:09:28";6.08
"Servidor-SPTECH";"ram";"ram_Usada";"GB";"2022-11-07 14:09:26";6.08
"Servidor-SPTECH";"ram";"ram_Usada";"GB";"2022-11-07 14:09:25";6.08
"Servidor-SPTECH";"ram";"ram_Usada";"GB";"2022-11-07 14:09:23";6.08
"Servidor-SPTECH";"ram";"ram_Usada";"GB";"2022-11-07 14:09:21";6.08
"Servidor-SPTECH";"ram";"ram_Usada";"GB";"2022-11-07 14:09:20";6.07
"Servidor-SPTECH";"ram";"ram_Usada";"GB";"2022-11-07 14:09:18";6.07
"Servidor-SPTECH";"ram";"ram_Usada";"GB";"2022-11-07 14:09:17";6.08
"Servidor-SPTECH";"ram";"ram_Usada";"GB";"2022-11-07 14:09:15";6.07
"Servidor-SPTECH";"ram";"ram_Usada";"GB";"2022-11-07 14:09:14";6.07
"Servidor-SPTECH";"ram";"ram_Usada";"GB";"2022-11-07 14:09:12";6.07
"Servidor-SPTECH";"ram";"ram_Usada";"GB";"2022-11-07 14:09:11";6.08
"Servidor-SPTECH";"ram";"ram_Usada";"GB";"2022-11-07 14:09:09";6.07
"Servidor-SPTECH";"ram";"ram_Usada";"GB";"2022-11-07 14:09:07";6.07
"Servidor-SPTECH";"ram";"ram_Usada";"GB";"2022-11-07 14:09:06";6.07
"Servidor-SPTECH";"ram";"ram_Usada";"GB";"2022-11-07 14:09:04";6.07
"Servidor-SPTECH";"ram";"ram_Usada";"GB";"2022-11-07 14:09:03";6.08
"Servidor-SPTECH";"ram";"ram_Usada";"GB";"2022-11-07 14:09:01";6.1
"Servidor-SPTECH";"ram";"ram_Usada";"GB";"2022-11-07 14:09:00";6.1
"Servidor-SPTECH";"ram";"ram_Usada";"GB";"2022-11-07 14:08:58";6.1
"Servidor-SPTECH";"ram";"ram_Usada";"GB";"2022-11-07 14:08:57";6.1
"Servidor-SPTECH";"ram";"ram_Usada";"GB";"2022-11-07 14:08:55";6.09
"Servidor-SPTECH";"ram";"ram_Usada";"GB";"2022-11-07 14:08:54";6.09
"Servidor-SPTECH";"ram";"ram_Usada";"GB";"2022-11-07 14:08:52";6.09
"Servidor-SPTECH";"ram";"ram_Usada";"GB";"2022-11-07 14:08:51";6.1
"Servidor-SPTECH";"ram";"ram_Usada";"GB";"2022-11-07 14:08:49";6.1
"Servidor-SPTECH";"ram";"ram_Usada";"GB";"2022-11-07 14:08:47";6.1
"Servidor-SPTECH";"ram";"ram_Usada";"GB";"2022-11-07 14:08:46";6.1
"Servidor-SPTECH";"ram";"ram_Usada";"GB";"2022-11-07 14:08:44";6.07
"Servidor-SPTECH";"ram";"ram_Usada";"GB";"2022-11-07 14:08:43";6.1
"Servidor-SPTECH";"ram";"ram_Usada";"GB";"2022-11-07 14:08:41";6.1
"Servidor-SPTECH";"ram";"ram_Usada";"GB";"2022-11-07 14:08:40";6.1
"Servidor-SPTECH";"ram";"ram_Usada";"GB";"2022-11-07 14:08:38";6.1
"Servidor-SPTECH";"ram";"ram_Usada";"GB";"2022-11-07 14:08:37";6.11
"Servidor-SPTECH";"ram";"ram_Usada";"GB";"2022-11-07 14:08:35";6.1
"Servidor-SPTECH";"ram";"ram_Usada";"GB";"2022-11-07 14:08:33";6.1
"Servidor-SPTECH";"ram";"ram_Usada";"GB";"2022-11-07 14:08:32";6.1
"Servidor-SPTECH";"ram";"ram_Usada";"GB";"2022-11-07 14:08:30";6.1
"Servidor-SPTECH";"ram";"ram_Usada";"GB";"2022-11-07 14:08:29";6.1
"Servidor-SPTECH";"ram";"ram_Usada";"GB";"2022-11-07 14:08:27";6.1
"Servidor-SPTECH";"ram";"ram_Usada";"GB";"2022-11-07 14:08:26";6.1
"Servidor-SPTECH";"ram";"ram_Usada";"GB";"2022-11-07 14:08:24";6.1
"Servidor-SPTECH";"ram";"ram_Usada";"GB";"2022-11-07 14:08:23";6.1
"Servidor-SPTECH";"ram";"ram_Usada";"GB";"2022-11-07 14:08:21";6.09
"Servidor-SPTECH";"ram";"ram_Usada";"GB";"2022-11-07 14:08:19";6.09
"Servidor-SPTECH";"ram";"ram_Usada";"GB";"2022-11-07 14:08:18";6.09
"Servidor-SPTECH";"ram";"ram_Usada";"GB";"2022-11-07 14:08:16";6.09
"Servidor-SPTECH";"ram";"ram_Usada";"GB";"2022-11-07 14:08:15";6.1
"Servidor-SPTECH";"ram";"ram_Usada";"GB";"2022-11-07 14:08:13";6.1
"Servidor-SPTECH";"ram";"ram_Usada";"GB";"2022-11-07 14:08:12";6.1
"Servidor-SPTECH";"ram";"ram_Usada";"GB";"2022-11-07 14:08:10";6.09
"Servidor-SPTECH";"ram";"ram_Usada";"GB";"2022-11-07 14:08:09";6.09
"Servidor-SPTECH";"ram";"ram_Usada";"GB";"2022-11-07 14:08:07";6.1
"Servidor-SPTECH";"ram";"ram_Usada";"GB";"2022-11-07 14:08:05";6.11
"Servidor-SPTECH";"ram";"ram_Usada";"GB";"2022-11-07 14:08:04";6.08
"Servidor-SPTECH";"ram";"ram_Usada";"GB";"2022-11-07 14:08:02";5.88
"Servidor-SPTECH";"ram";"ram_Usada";"GB";"2022-11-07 14:08:01";5.92
"Servidor-SPTECH";"ram";"ram_Usada";"GB";"2022-11-07 14:07:59";5.92
"Servidor-SPTECH";"ram";"ram_Usada";"GB";"2022-11-07 14:07:57";5.92
"Servidor-SPTECH";"ram";"ram_Usada";"GB";"2022-11-07 14:07:56";5.91
"Servidor-SPTECH";"ram";"ram_Usada";"GB";"2022-11-07 14:07:54";5.91
"Servidor-SPTECH";"ram";"ram_Usada";"GB";"2022-11-07 14:07:53";5.91
"Servidor-SPTECH";"ram";"ram_Usada";"GB";"2022-11-07 14:07:51";5.91
"Servidor-SPTECH";"ram";"ram_Usada";"GB";"2022-11-07 14:07:50";5.91
"Servidor-SPTECH";"ram";"ram_Usada";"GB";"2022-11-07 14:07:48";5.91
"Servidor-SPTECH";"ram";"ram_Usada";"GB";"2022-11-07 14:07:47";5.91
"Servidor-SPTECH";"ram";"ram_Usada";"GB";"2022-11-07 14:07:45";5.91
"Servidor-SPTECH";"ram";"ram_Usada";"GB";"2022-11-07 14:07:43";5.91
"Servidor-SPTECH";"ram";"ram_Usada";"GB";"2022-11-07 14:07:42";5.91
"Servidor-SPTECH";"ram";"ram_Usada";"GB";"2022-11-07 14:07:40";5.91
"Servidor-SPTECH";"ram";"ram_Usada";"GB";"2022-11-07 14:07:39";5.91
"Servidor-SPTECH";"ram";"ram_Usada";"GB";"2022-11-07 14:07:37";5.91
"Servidor-SPTECH";"ram";"ram_Usada";"GB";"2022-11-07 14:07:36";5.91
"Servidor-SPTECH";"ram";"ram_Usada";"GB";"2022-11-07 14:07:34";5.91
"Servidor-SPTECH";"ram";"ram_Usada";"GB";"2022-11-07 14:07:33";5.91
"Servidor-SPTECH";"ram";"ram_Usada";"GB";"2022-11-07 14:07:31";5.91
"Servidor-SPTECH";"ram";"ram_Usada";"GB";"2022-11-07 14:07:30";5.91
"Servidor-SPTECH";"ram";"ram_Usada";"GB";"2022-11-07 14:07:28";5.9
"Servidor-SPTECH";"ram";"ram_Usada";"GB";"2022-11-07 14:07:26";5.9
"Servidor-SPTECH";"ram";"ram_Usada";"GB";"2022-11-07 14:07:25";5.9
"Servidor-SPTECH";"ram";"ram_Usada";"GB";"2022-11-07 14:07:23";5.9
"Servidor-SPTECH";"ram";"ram_Usada";"GB";"2022-11-07 14:07:22";5.9
"Servidor-SPTECH";"ram";"ram_Usada";"GB";"2022-11-07 14:07:20";5.89
"Servidor-SPTECH";"ram";"ram_Usada";"GB";"2022-11-07 14:07:19";5.9
"Servidor-SPTECH";"ram";"ram_Usada";"GB";"2022-11-07 14:07:17";5.9
"Servidor-SPTECH";"ram";"ram_Usada";"GB";"2022-11-07 14:07:16";5.89
"Servidor-SPTECH";"ram";"ram_Usada";"GB";"2022-11-07 14:07:14";5.86
"Servidor-SPTECH";"ram";"ram_Usada";"GB";"2022-11-07 14:07:13";5.9
"Servidor-SPTECH";"ram";"ram_Usada";"GB";"2022-11-07 14:07:11";5.89
"Servidor-SPTECH";"ram";"ram_Usada";"GB";"2022-11-07 14:07:09";5.89
"Servidor-SPTECH";"ram";"ram_Usada";"GB";"2022-11-07 14:07:08";5.86
"Servidor-SPTECH";"ram";"ram_Usada";"GB";"2022-11-07 14:07:06";5.89
"Servidor-SPTECH";"ram";"ram_Usada";"GB";"2022-11-07 14:07:05";5.89
"Servidor-SPTECH";"ram";"ram_Usada";"GB";"2022-11-07 14:07:03";5.89
"Servidor-SPTECH";"ram";"ram_Usada";"GB";"2022-11-07 14:07:02";5.92
"Servidor-SPTECH";"ram";"ram_Usada";"GB";"2022-11-07 14:07:00";5.92
"Servidor-SPTECH";"ram";"ram_Usada";"GB";"2022-11-07 14:06:59";5.91
"Servidor-SPTECH";"ram";"ram_Usada";"GB";"2022-11-07 14:06:57";5.91
"Servidor-SPTECH";"ram";"ram_Usada";"GB";"2022-11-07 14:06:56";5.91
"Servidor-SPTECH";"ram";"ram_Usada";"GB";"2022-11-07 14:06:54";5.91
"Servidor-SPTECH";"ram";"ram_Usada";"GB";"2022-11-07 14:06:52";5.9
"Servidor-SPTECH";"ram";"ram_Usada";"GB";"2022-11-07 14:06:51";5.91
"Servidor-SPTECH";"ram";"ram_Usada";"GB";"2022-11-07 14:06:49";5.9
"Servidor-SPTECH";"ram";"ram_Usada";"GB";"2022-11-07 14:06:48";5.91
"Servidor-SPTECH";"ram";"ram_Usada";"GB";"2022-11-07 14:06:46";5.9
"Servidor-SPTECH";"ram";"ram_Usada";"GB";"2022-11-07 14:06:45";5.91
"Servidor-SPTECH";"ram";"ram_Usada";"GB";"2022-11-07 14:06:43";5.9
"Servidor-SPTECH";"ram";"ram_Usada";"GB";"2022-11-07 14:06:42";5.91
"Servidor-SPTECH";"ram";"ram_Usada";"GB";"2022-11-07 14:06:40";5.9
"Servidor-SPTECH";"ram";"ram_Usada";"GB";"2022-11-07 14:06:38";5.9
"Servidor-SPTECH";"ram";"ram_Usada";"GB";"2022-11-07 14:06:37";5.91
"Servidor-SPTECH";"ram";"ram_Usada";"GB";"2022-11-07 14:06:35";5.9
"Servidor-SPTECH";"ram";"ram_Usada";"GB";"2022-11-07 14:06:34";5.9
"Servidor-SPTECH";"ram";"ram_Usada";"GB";"2022-11-07 14:06:32";5.9
"Servidor-SPTECH";"ram";"ram_Usada";"GB";"2022-11-07 14:06:31";5.9
"Servidor-SPTECH";"ram";"ram_Usada";"GB";"2022-11-07 14:06:29";5.89
"Servidor-SPTECH";"ram";"ram_Usada";"GB";"2022-11-07 14:06:28";5.89
"Servidor-SPTECH";"ram";"ram_Usada";"GB";"2022-11-07 14:06:26";5.88
"Servidor-SPTECH";"ram";"ram_Usada";"GB";"2022-11-07 14:06:25";5.89
"Servidor-SPTECH";"ram";"ram_Usada";"GB";"2022-11-07 14:06:23";5.88
"Servidor-SPTECH";"ram";"ram_Usada";"GB";"2022-11-07 14:06:21";5.88
"Servidor-SPTECH";"ram";"ram_Usada";"GB";"2022-11-07 14:06:20";5.86
"Servidor-SPTECH";"ram";"ram_Usada";"GB";"2022-11-07 14:06:18";5.88
"Servidor-SPTECH";"ram";"ram_Usada";"GB";"2022-11-07 14:06:17";5.88
"Servidor-SPTECH";"ram";"ram_Usada";"GB";"2022-11-07 14:06:15";5.88
"Servidor-SPTECH";"ram";"ram_Usada";"GB";"2022-11-07 14:06:14";5.85
"Servidor-SPTECH";"ram";"ram_Usada";"GB";"2022-11-07 14:06:12";5.88
"Servidor-SPTECH";"ram";"ram_Usada";"GB";"2022-11-07 14:06:11";5.88
"Servidor-SPTECH";"ram";"ram_Usada";"GB";"2022-11-07 14:06:09";5.88
"Servidor-SPTECH";"ram";"ram_Usada";"GB";"2022-11-07 14:06:07";5.87
"Servidor-SPTECH";"ram";"ram_Usada";"GB";"2022-11-07 14:06:06";5.87
"Servidor-SPTECH";"ram";"ram_Usada";"GB";"2022-11-07 14:06:04";5.88
"Servidor-SPTECH";"ram";"ram_Usada";"GB";"2022-11-07 14:06:03";5.93
"Servidor-SPTECH";"ram";"ram_Usada";"GB";"2022-11-07 14:06:01";5.95
"Servidor-SPTECH";"ram";"ram_Usada";"GB";"2022-11-07 14:06:00";5.95
"Servidor-SPTECH";"ram";"ram_Usada";"GB";"2022-11-07 14:05:58";5.94
"Servidor-SPTECH";"ram";"ram_Usada";"GB";"2022-11-07 14:05:56";5.94
"Servidor-SPTECH";"ram";"ram_Usada";"GB";"2022-11-07 14:05:55";5.95
"Servidor-SPTECH";"ram";"ram_Usada";"GB";"2022-11-07 14:05:53";5.94
"Servidor-SPTECH";"ram";"ram_Usada";"GB";"2022-11-07 14:05:52";5.94
"Servidor-SPTECH";"ram";"ram_Usada";"GB";"2022-11-07 14:05:50";5.94
"Servidor-SPTECH";"ram";"ram_Usada";"GB";"2022-11-07 14:05:49";5.94
"Servidor-SPTECH";"ram";"ram_Usada";"GB";"2022-11-07 14:05:47";5.94
"Servidor-SPTECH";"ram";"ram_Usada";"GB";"2022-11-07 14:05:46";5.94
"Servidor-SPTECH";"ram";"ram_Usada";"GB";"2022-11-07 14:05:44";5.94
"Servidor-SPTECH";"ram";"ram_Usada";"GB";"2022-11-07 14:05:43";5.95
"Servidor-SPTECH";"ram";"ram_Usada";"GB";"2022-11-07 14:05:41";5.93
"Servidor-SPTECH";"ram";"ram_Usada";"GB";"2022-11-07 14:05:40";5.94
"Servidor-SPTECH";"ram";"ram_Usada";"GB";"2022-11-07 14:05:38";5.93
"Servidor-SPTECH";"ram";"ram_Usada";"GB";"2022-11-07 14:05:36";5.93
"Servidor-SPTECH";"ram";"ram_Usada";"GB";"2022-11-07 14:05:35";5.93
"Servidor-SPTECH";"ram";"ram_Usada";"GB";"2022-11-07 14:05:33";5.93
"Servidor-SPTECH";"ram";"ram_Usada";"GB";"2022-11-07 14:05:32";5.9
"Servidor-SPTECH";"ram";"ram_Usada";"GB";"2022-11-07 14:05:30";5.93
"Servidor-SPTECH";"ram";"ram_Usada";"GB";"2022-11-07 14:05:29";5.93
"Servidor-SPTECH";"ram";"ram_Usada";"GB";"2022-11-07 14:05:27";5.93
"Servidor-SPTECH";"ram";"ram_Usada";"GB";"2022-11-07 14:05:25";5.9
"Servidor-SPTECH";"ram";"ram_Usada";"GB";"2022-11-07 14:05:24";5.93
"Servidor-SPTECH";"ram";"ram_Usada";"GB";"2022-11-07 14:05:22";5.93
"Servidor-SPTECH";"ram";"ram_Usada";"GB";"2022-11-07 14:05:21";5.92
"Servidor-SPTECH";"ram";"ram_Usada";"GB";"2022-11-07 14:05:19";5.9
"Servidor-SPTECH";"ram";"ram_Usada";"GB";"2022-11-07 14:05:18";5.92
"Servidor-SPTECH";"ram";"ram_Usada";"GB";"2022-11-07 14:05:16";5.93
"Servidor-SPTECH";"ram";"ram_Usada";"GB";"2022-11-07 14:05:15";5.93
"Servidor-SPTECH";"ram";"ram_Usada";"GB";"2022-11-07 14:05:13";5.92
"Servidor-SPTECH";"ram";"ram_Usada";"GB";"2022-11-07 14:05:12";5.92
"Servidor-SPTECH";"ram";"ram_Usada";"GB";"2022-11-07 14:05:10";5.92
"Servidor-SPTECH";"ram";"ram_Usada";"GB";"2022-11-07 14:05:08";5.92
"Servidor-SPTECH";"ram";"ram_Usada";"GB";"2022-11-07 14:05:07";5.92
"Servidor-SPTECH";"ram";"ram_Usada";"GB";"2022-11-07 14:05:05";5.92
"Servidor-SPTECH";"ram";"ram_Usada";"GB";"2022-11-07 14:05:04";5.92
"Servidor-SPTECH";"ram";"ram_Usada";"GB";"2022-11-07 14:05:02";5.94
"Servidor-SPTECH";"ram";"ram_Usada";"GB";"2022-11-07 14:05:01";5.94
"Servidor-SPTECH";"ram";"ram_Usada";"GB";"2022-11-07 14:04:59";5.94
"Servidor-SPTECH";"ram";"ram_Usada";"GB";"2022-11-07 14:04:58";5.93
"Servidor-SPTECH";"ram";"ram_Usada";"GB";"2022-11-07 14:04:56";5.94
"Servidor-SPTECH";"ram";"ram_Usada";"GB";"2022-11-07 14:04:55";5.93
"Servidor-SPTECH";"ram";"ram_Usada";"GB";"2022-11-07 14:04:53";5.94
"Servidor-SPTECH";"ram";"ram_Usada";"GB";"2022-11-07 14:04:51";5.94
"Servidor-SPTECH";"ram";"ram_Usada";"GB";"2022-11-07 14:04:50";5.93
"Servidor-SPTECH";"ram";"ram_Usada";"GB";"2022-11-07 14:04:48";5.94
"Servidor-SPTECH";"ram";"ram_Usada";"GB";"2022-11-07 14:04:47";5.94
"Servidor-SPTECH";"ram";"ram_Usada";"GB";"2022-11-07 14:04:45";5.94
"Servidor-SPTECH";"ram";"ram_Usada";"GB";"2022-11-07 14:04:44";5.91
"Servidor-SPTECH";"ram";"ram_Usada";"GB";"2022-11-07 14:04:42";5.93
"Servidor-SPTECH";"ram";"ram_Usada";"GB";"2022-11-07 14:04:41";5.94
"Servidor-SPTECH";"ram";"ram_Usada";"GB";"2022-11-07 14:04:39";5.94
"Servidor-SPTECH";"ram";"ram_Usada";"GB";"2022-11-07 14:04:37";5.91
"Servidor-SPTECH";"ram";"ram_Usada";"GB";"2022-11-07 14:04:36";5.94
"Servidor-SPTECH";"ram";"ram_Usada";"GB";"2022-11-07 14:04:34";5.93
"Servidor-SPTECH";"ram";"ram_Usada";"GB";"2022-11-07 14:04:33";5.93
"Servidor-SPTECH";"ram";"ram_Usada";"GB";"2022-11-07 14:04:31";5.9
"Servidor-SPTECH";"ram";"ram_Usada";"GB";"2022-11-07 14:04:30";5.93
"Servidor-SPTECH";"ram";"ram_Usada";"GB";"2022-11-07 14:04:28";5.93
"Servidor-SPTECH";"ram";"ram_Usada";"GB";"2022-11-07 14:04:27";5.93
"Servidor-SPTECH";"ram";"ram_Usada";"GB";"2022-11-07 14:04:25";5.9
"Servidor-SPTECH";"ram";"ram_Usada";"GB";"2022-11-07 14:04:23";5.93
"Servidor-SPTECH";"ram";"ram_Usada";"GB";"2022-11-07 14:04:22";5.92
"Servidor-SPTECH";"ram";"ram_Usada";"GB";"2022-11-07 14:04:20";5.92
"Servidor-SPTECH";"ram";"ram_Usada";"GB";"2022-11-07 14:04:19";5.92
"Servidor-SPTECH";"ram";"ram_Usada";"GB";"2022-11-07 14:04:17";5.93
"Servidor-SPTECH";"ram";"ram_Usada";"GB";"2022-11-07 14:04:16";5.92
"Servidor-SPTECH";"ram";"ram_Usada";"GB";"2022-11-07 14:04:14";5.92
"Servidor-SPTECH";"ram";"ram_Usada";"GB";"2022-11-07 14:04:13";5.92
"Servidor-SPTECH";"ram";"ram_Usada";"GB";"2022-11-07 14:04:11";5.92
"Servidor-SPTECH";"ram";"ram_Usada";"GB";"2022-11-07 14:04:10";5.92
"Servidor-SPTECH";"ram";"ram_Usada";"GB";"2022-11-07 14:04:08";5.93
"Servidor-SPTECH";"ram";"ram_Usada";"GB";"2022-11-07 14:04:06";5.93
"Servidor-SPTECH";"ram";"ram_Usada";"GB";"2022-11-07 14:04:05";5.93
"Servidor-SPTECH";"ram";"ram_Usada";"GB";"2022-11-07 14:04:03";5.93
"Servidor-SPTECH";"ram";"ram_Usada";"GB";"2022-11-07 14:04:02";5.95
"Servidor-SPTECH";"ram";"ram_Usada";"GB";"2022-11-07 14:04:00";5.95
"Servidor-SPTECH";"ram";"ram_Usada";"GB";"2022-11-07 14:03:59";5.94
"Servidor-SPTECH";"ram";"ram_Usada";"GB";"2022-11-07 14:03:57";5.95
"Servidor-SPTECH";"ram";"ram_Usada";"GB";"2022-11-07 14:03:56";5.94
"Servidor-SPTECH";"ram";"ram_Usada";"GB";"2022-11-07 14:03:54";5.94
"Servidor-SPTECH";"ram";"ram_Usada";"GB";"2022-11-07 14:03:53";5.94
"Servidor-SPTECH";"ram";"ram_Usada";"GB";"2022-11-07 14:03:51";5.94
"Servidor-SPTECH";"ram";"ram_Usada";"GB";"2022-11-07 14:03:50";5.91
"Servidor-SPTECH";"ram";"ram_Usada";"GB";"2022-11-07 14:03:48";5.94
"Servidor-SPTECH";"ram";"ram_Usada";"GB";"2022-11-07 14:03:46";5.94
"Servidor-SPTECH";"ram";"ram_Usada";"GB";"2022-11-07 14:03:45";5.94
"Servidor-SPTECH";"ram";"ram_Usada";"GB";"2022-11-07 14:03:43";5.91
"Servidor-SPTECH";"ram";"ram_Usada";"GB";"2022-11-07 14:03:42";5.94
"Servidor-SPTECH";"ram";"ram_Usada";"GB";"2022-11-07 14:03:40";5.94
"Servidor-SPTECH";"ram";"ram_Usada";"GB";"2022-11-07 14:03:39";5.94
"Servidor-SPTECH";"ram";"ram_Usada";"GB";"2022-11-07 14:03:37";5.91
"Servidor-SPTECH";"ram";"ram_Usada";"GB";"2022-11-07 14:03:36";5.94
"Servidor-SPTECH";"ram";"ram_Usada";"GB";"2022-11-07 14:03:34";5.94
"Servidor-SPTECH";"ram";"ram_Usada";"GB";"2022-11-07 14:03:33";5.93
"Servidor-SPTECH";"ram";"ram_Usada";"GB";"2022-11-07 14:03:31";5.9
"Servidor-SPTECH";"ram";"ram_Usada";"GB";"2022-11-07 14:03:29";5.93
"Servidor-SPTECH";"ram";"ram_Usada";"GB";"2022-11-07 14:03:28";5.93
"Servidor-SPTECH";"ram";"ram_Usada";"GB";"2022-11-07 14:03:26";5.93
"Servidor-SPTECH";"ram";"ram_Usada";"GB";"2022-11-07 14:03:25";5.93
"Servidor-SPTECH";"ram";"ram_Usada";"GB";"2022-11-07 14:03:23";5.93
"Servidor-SPTECH";"ram";"ram_Usada";"GB";"2022-11-07 14:03:21";5.94
"Servidor-SPTECH";"ram";"ram_Usada";"GB";"2022-11-07 14:03:20";5.94
"Servidor-SPTECH";"ram";"ram_Usada";"GB";"2022-11-07 14:03:18";5.95
"Servidor-SPTECH";"ram";"ram_Usada";"GB";"2022-11-07 14:03:17";5.94
"Servidor-SPTECH";"ram";"ram_Usada";"GB";"2022-11-07 14:03:15";5.95
"Servidor-SPTECH";"ram";"ram_Usada";"GB";"2022-11-07 14:03:14";5.94
"Servidor-SPTECH";"ram";"ram_Usada";"GB";"2022-11-07 14:03:12";5.81
"Servidor-SPTECH";"ram";"ram_Usada";"GB";"2022-11-07 14:03:11";5.89
"Servidor-SPTECH";"ram";"ram_Usada";"GB";"2022-11-07 14:03:09";5.86
"Servidor-SPTECH";"ram";"ram_Usada";"GB";"2022-11-07 14:03:08";5.86
"Servidor-SPTECH";"ram";"ram_Usada";"GB";"2022-11-07 14:03:06";5.85
"Servidor-SPTECH";"ram";"ram_Usada";"GB";"2022-11-07 14:03:04";5.84
"Servidor-SPTECH";"ram";"ram_Usada";"GB";"2022-11-07 14:03:03";5.85
"Servidor-SPTECH";"ram";"ram_Usada";"GB";"2022-11-07 14:03:01";5.84
"Servidor-SPTECH";"ram";"ram_Usada";"GB";"2022-11-07 14:03:00";5.87
"Servidor-SPTECH";"ram";"ram_Usada";"GB";"2022-11-07 14:02:58";5.87
"Servidor-SPTECH";"ram";"ram_Usada";"GB";"2022-11-07 14:02:57";5.87
"Servidor-SPTECH";"ram";"ram_Usada";"GB";"2022-11-07 14:02:55";5.84
"Servidor-SPTECH";"ram";"ram_Usada";"GB";"2022-11-07 14:02:53";5.87
"Servidor-SPTECH";"ram";"ram_Usada";"GB";"2022-11-07 14:02:52";5.87
"Servidor-SPTECH";"ram";"ram_Usada";"GB";"2022-11-07 14:02:50";5.87
"Servidor-SPTECH";"ram";"ram_Usada";"GB";"2022-11-07 14:02:49";5.83
"Servidor-SPTECH";"ram";"ram_Usada";"GB";"2022-11-07 14:02:47";5.86
"Servidor-SPTECH";"ram";"ram_Usada";"GB";"2022-11-07 14:02:46";5.86
"Servidor-SPTECH";"ram";"ram_Usada";"GB";"2022-11-07 14:02:44";5.87
"Servidor-SPTECH";"ram";"ram_Usada";"GB";"2022-11-07 14:02:43";5.86
"Servidor-SPTECH";"ram";"ram_Usada";"GB";"2022-11-07 14:02:41";5.86
"Servidor-SPTECH";"ram";"ram_Usada";"GB";"2022-11-07 14:02:39";5.86
"Servidor-SPTECH";"ram";"ram_Usada";"GB";"2022-11-07 14:02:38";5.86
"Servidor-SPTECH";"ram";"ram_Usada";"GB";"2022-11-07 14:02:36";5.86
"Servidor-SPTECH";"ram";"ram_Usada";"GB";"2022-11-07 14:02:35";5.86
"Servidor-SPTECH";"ram";"ram_Usada";"GB";"2022-11-07 14:02:33";5.85
"Servidor-SPTECH";"ram";"ram_Usada";"GB";"2022-11-07 14:02:32";5.85
"Servidor-SPTECH";"ram";"ram_Usada";"GB";"2022-11-07 14:02:30";5.85
"Servidor-SPTECH";"ram";"ram_Usada";"GB";"2022-11-07 14:02:28";5.85
"Servidor-SPTECH";"ram";"ram_Usada";"GB";"2022-11-07 14:02:27";5.85
"Servidor-SPTECH";"ram";"ram_Usada";"GB";"2022-11-07 14:02:25";5.82
"Servidor-SPTECH";"ram";"ram_Usada";"GB";"2022-11-07 14:02:24";5.86
"Servidor-SPTECH";"ram";"ram_Usada";"GB";"2022-11-07 14:02:22";5.85
"Servidor-SPTECH";"ram";"ram_Usada";"GB";"2022-11-07 14:02:21";5.85
"Servidor-SPTECH";"ram";"ram_Usada";"GB";"2022-11-07 14:02:19";5.82
"Servidor-SPTECH";"ram";"ram_Usada";"GB";"2022-11-07 14:02:18";5.86
"Servidor-SPTECH";"ram";"ram_Usada";"GB";"2022-11-07 14:02:16";5.85
"Servidor-SPTECH";"ram";"ram_Usada";"GB";"2022-11-07 14:02:14";5.86
"Servidor-SPTECH";"ram";"ram_Usada";"GB";"2022-11-07 14:02:13";5.82
"Servidor-SPTECH";"ram";"ram_Usada";"GB";"2022-11-07 14:02:11";5.85
"Servidor-SPTECH";"ram";"ram_Usada";"GB";"2022-11-07 14:02:10";5.86
"Servidor-SPTECH";"ram";"ram_Usada";"GB";"2022-11-07 14:02:08";5.85
"Servidor-SPTECH";"ram";"ram_Usada";"GB";"2022-11-07 14:02:07";5.82
"Servidor-SPTECH";"ram";"ram_Usada";"GB";"2022-11-07 14:02:05";5.85
"Servidor-SPTECH";"ram";"ram_Usada";"GB";"2022-11-07 14:02:04";5.85
"Servidor-SPTECH";"ram";"ram_Usada";"GB";"2022-11-07 14:02:02";5.87
"Servidor-SPTECH";"ram";"ram_Usada";"GB";"2022-11-07 14:02:01";5.84
"Servidor-SPTECH";"ram";"ram_Usada";"GB";"2022-11-07 14:01:59";5.88
"Servidor-SPTECH";"ram";"ram_Usada";"GB";"2022-11-07 14:01:57";5.88
"Servidor-SPTECH";"ram";"ram_Usada";"GB";"2022-11-07 14:01:56";5.88
"Servidor-SPTECH";"ram";"ram_Usada";"GB";"2022-11-07 14:01:54";5.87
"Servidor-SPTECH";"ram";"ram_Usada";"GB";"2022-11-07 14:01:53";5.88
"Servidor-SPTECH";"ram";"ram_Usada";"GB";"2022-11-07 14:01:51";5.87
"Servidor-SPTECH";"ram";"ram_Usada";"GB";"2022-11-07 14:01:50";5.87
"Servidor-SPTECH";"ram";"ram_Usada";"GB";"2022-11-07 14:01:48";5.87
"Servidor-SPTECH";"ram";"ram_Usada";"GB";"2022-11-07 14:01:47";5.87
"Servidor-SPTECH";"ram";"ram_Usada";"GB";"2022-11-07 14:01:45";5.87
"Servidor-SPTECH";"ram";"ram_Usada";"GB";"2022-11-07 14:01:44";5.86
"Servidor-SPTECH";"ram";"ram_Usada";"GB";"2022-11-07 14:01:42";5.86
"Servidor-SPTECH";"ram";"ram_Usada";"GB";"2022-11-07 14:01:40";5.86
"Servidor-SPTECH";"ram";"ram_Usada";"GB";"2022-11-07 14:01:39";5.87
"Servidor-SPTECH";"ram";"ram_Usada";"GB";"2022-11-07 14:01:37";5.86
"Servidor-SPTECH";"ram";"ram_Usada";"GB";"2022-11-07 14:01:36";5.86
"Servidor-SPTECH";"ram";"ram_Usada";"GB";"2022-11-07 14:01:34";5.86
"Servidor-SPTECH";"ram";"ram_Usada";"GB";"2022-11-07 14:01:33";5.86
"Servidor-SPTECH";"ram";"ram_Usada";"GB";"2022-11-07 14:01:31";5.83
"Servidor-SPTECH";"ram";"ram_Usada";"GB";"2022-11-07 14:01:30";5.86
"Servidor-SPTECH";"ram";"ram_Usada";"GB";"2022-11-07 14:01:28";5.86
"Servidor-SPTECH";"ram";"ram_Usada";"GB";"2022-11-07 14:01:27";5.85
"Servidor-SPTECH";"ram";"ram_Usada";"GB";"2022-11-07 14:01:25";5.83
"Servidor-SPTECH";"ram";"ram_Usada";"GB";"2022-11-07 14:01:24";5.86
"Servidor-SPTECH";"ram";"ram_Usada";"GB";"2022-11-07 14:01:22";5.86
"Servidor-SPTECH";"ram";"ram_Usada";"GB";"2022-11-07 14:01:20";5.85
"Servidor-SPTECH";"ram";"ram_Usada";"GB";"2022-11-07 14:01:19";5.83
"Servidor-SPTECH";"ram";"ram_Usada";"GB";"2022-11-07 14:01:17";5.86
"Servidor-SPTECH";"ram";"ram_Usada";"GB";"2022-11-07 14:01:16";5.85
"Servidor-SPTECH";"ram";"ram_Usada";"GB";"2022-11-07 14:01:14";5.85
"Servidor-SPTECH";"ram";"ram_Usada";"GB";"2022-11-07 14:01:13";5.82
"Servidor-SPTECH";"ram";"ram_Usada";"GB";"2022-11-07 14:01:11";5.85
"Servidor-SPTECH";"ram";"ram_Usada";"GB";"2022-11-07 14:01:10";5.85
"Servidor-SPTECH";"ram";"ram_Usada";"GB";"2022-11-07 14:01:08";5.85
"Servidor-SPTECH";"ram";"ram_Usada";"GB";"2022-11-07 14:01:07";5.82
"Servidor-SPTECH";"ram";"ram_Usada";"GB";"2022-11-07 14:01:05";5.84
"Servidor-SPTECH";"ram";"ram_Usada";"GB";"2022-11-07 14:01:04";5.85
"Servidor-SPTECH";"ram";"ram_Usada";"GB";"2022-11-07 14:01:02";5.87
"Servidor-SPTECH";"ram";"ram_Usada";"GB";"2022-11-07 14:01:00";5.84
"Servidor-SPTECH";"ram";"ram_Usada";"GB";"2022-11-07 14:00:59";5.87
"Servidor-SPTECH";"ram";"ram_Usada";"GB";"2022-11-07 14:00:57";5.87
"Servidor-SPTECH";"ram";"ram_Usada";"GB";"2022-11-07 14:00:56";5.87
"Servidor-SPTECH";"ram";"ram_Usada";"GB";"2022-11-07 14:00:54";5.86
"Servidor-SPTECH";"ram";"ram_Usada";"GB";"2022-11-07 14:00:53";5.87
"Servidor-SPTECH";"ram";"ram_Usada";"GB";"2022-11-07 14:00:51";5.86
"Servidor-SPTECH";"ram";"ram_Usada";"GB";"2022-11-07 14:00:50";5.87
"Servidor-SPTECH";"ram";"ram_Usada";"GB";"2022-11-07 14:00:48";5.87
"Servidor-SPTECH";"ram";"ram_Usada";"GB";"2022-11-07 14:00:46";5.86
"Servidor-SPTECH";"ram";"ram_Usada";"GB";"2022-11-07 14:00:45";5.86
"Servidor-SPTECH";"ram";"ram_Usada";"GB";"2022-11-07 14:00:43";5.86
"Servidor-SPTECH";"ram";"ram_Usada";"GB";"2022-11-07 14:00:42";5.86
"Servidor-SPTECH";"ram";"ram_Usada";"GB";"2022-11-07 14:00:40";5.86
"Servidor-SPTECH";"ram";"ram_Usada";"GB";"2022-11-07 14:00:39";5.86
"Servidor-SPTECH";"ram";"ram_Usada";"GB";"2022-11-07 14:00:37";5.86
"Servidor-SPTECH";"ram";"ram_Usada";"GB";"2022-11-07 14:00:36";5.85
"Servidor-SPTECH";"ram";"ram_Usada";"GB";"2022-11-07 14:00:34";5.84
"Servidor-SPTECH";"ram";"ram_Usada";"GB";"2022-11-07 14:00:33";5.85
"Servidor-SPTECH";"ram";"ram_Usada";"GB";"2022-11-07 14:00:31";5.85
"Servidor-SPTECH";"ram";"ram_Usada";"GB";"2022-11-07 14:00:29";5.85
"Servidor-SPTECH";"ram";"ram_Usada";"GB";"2022-11-07 14:00:28";5.86
"Servidor-SPTECH";"ram";"ram_Usada";"GB";"2022-11-07 14:00:26";5.85
"Servidor-SPTECH";"ram";"ram_Usada";"GB";"2022-11-07 14:00:25";5.85
"Servidor-SPTECH";"ram";"ram_Usada";"GB";"2022-11-07 14:00:23";5.86
"Servidor-SPTECH";"ram";"ram_Usada";"GB";"2022-11-07 14:00:22";5.85
"Servidor-SPTECH";"ram";"ram_Usada";"GB";"2022-11-07 14:00:20";5.85
"Servidor-SPTECH";"ram";"ram_Usada";"GB";"2022-11-07 14:00:19";5.86
"Servidor-SPTECH";"ram";"ram_Usada";"GB";"2022-11-07 14:00:17";5.86
"Servidor-SPTECH";"ram";"ram_Usada";"GB";"2022-11-07 14:00:16";5.85
"Servidor-SPTECH";"ram";"ram_Usada";"GB";"2022-11-07 14:00:14";5.86
"Servidor-SPTECH";"ram";"ram_Usada";"GB";"2022-11-07 14:00:12";5.85
"Servidor-SPTECH";"ram";"ram_Usada";"GB";"2022-11-07 14:00:11";5.86
"Servidor-SPTECH";"ram";"ram_Usada";"GB";"2022-11-07 14:00:09";5.85
"Servidor-SPTECH";"ram";"ram_Usada";"GB";"2022-11-07 14:00:08";5.85
"Servidor-SPTECH";"ram";"ram_Usada";"GB";"2022-11-07 14:00:06";5.85
"Servidor-SPTECH";"ram";"ram_Usada";"GB";"2022-11-07 14:00:05";5.85
"Servidor-SPTECH";"ram";"ram_Usada";"GB";"2022-11-07 14:00:03";5.85
"Servidor-SPTECH";"ram";"ram_Usada";"GB";"2022-11-07 14:00:02";5.87
"Servidor-SPTECH";"ram";"ram_Usada";"GB";"2022-11-07 14:00:00";5.87
"Servidor-SPTECH";"ram";"ram_Usada";"GB";"2022-11-07 13:59:59";5.87
"Servidor-SPTECH";"ram";"ram_Usada";"GB";"2022-11-07 13:59:57";5.87
"Servidor-SPTECH";"ram";"ram_Usada";"GB";"2022-11-07 13:59:55";5.87
"Servidor-SPTECH";"ram";"ram_Usada";"GB";"2022-11-07 13:59:54";5.86
"Servidor-SPTECH";"ram";"ram_Usada";"GB";"2022-11-07 13:59:52";5.86
"Servidor-SPTECH";"ram";"ram_Usada";"GB";"2022-11-07 13:59:51";5.86
"Servidor-SPTECH";"ram";"ram_Usada";"GB";"2022-11-07 13:59:49";5.86
"Servidor-SPTECH";"ram";"ram_Usada";"GB";"2022-11-07 13:59:48";5.85
"Servidor-SPTECH";"ram";"ram_Usada";"GB";"2022-11-07 13:59:46";5.88
"Servidor-SPTECH";"ram";"ram_Usada";"GB";"2022-11-07 13:59:45";5.87
"Servidor-SPTECH";"ram";"ram_Usada";"GB";"2022-11-07 13:59:43";5.86
"Servidor-SPTECH";"ram";"ram_Usada";"GB";"2022-11-07 13:59:42";5.84
"Servidor-SPTECH";"ram";"ram_Usada";"GB";"2022-11-07 13:59:40";5.84
"Servidor-SPTECH";"ram";"ram_Usada";"GB";"2022-11-07 13:59:38";5.84
"Servidor-SPTECH";"ram";"ram_Usada";"GB";"2022-11-07 13:59:37";5.84
"Servidor-SPTECH";"ram";"ram_Usada";"GB";"2022-11-07 13:59:35";5.84
"Servidor-SPTECH";"ram";"ram_Usada";"GB";"2022-11-07 13:59:34";5.81
"Servidor-SPTECH";"ram";"ram_Usada";"GB";"2022-11-07 13:59:32";5.84
"Servidor-SPTECH";"ram";"ram_Usada";"GB";"2022-11-07 13:59:31";5.84
"Servidor-SPTECH";"ram";"ram_Usada";"GB";"2022-11-07 13:59:29";5.84
"Servidor-SPTECH";"ram";"ram_Usada";"GB";"2022-11-07 13:59:28";5.83
"Servidor-SPTECH";"ram";"ram_Usada";"GB";"2022-11-07 13:59:26";5.83
"Servidor-SPTECH";"ram";"ram_Usada";"GB";"2022-11-07 13:59:25";5.83
"Servidor-SPTECH";"ram";"ram_Usada";"GB";"2022-11-07 13:59:23";5.83
"Servidor-SPTECH";"ram";"ram_Usada";"GB";"2022-11-07 13:59:22";5.83
"Servidor-SPTECH";"ram";"ram_Usada";"GB";"2022-11-07 13:59:20";5.83
"Servidor-SPTECH";"ram";"ram_Usada";"GB";"2022-11-07 13:59:19";5.83
"Servidor-SPTECH";"ram";"ram_Usada";"GB";"2022-11-07 13:59:17";5.83
"Servidor-SPTECH";"ram";"ram_Usada";"GB";"2022-11-07 13:59:15";5.83
"Servidor-SPTECH";"ram";"ram_Usada";"GB";"2022-11-07 13:59:14";5.83
"Servidor-SPTECH";"ram";"ram_Usada";"GB";"2022-11-07 13:59:12";5.83
"Servidor-SPTECH";"ram";"ram_Usada";"GB";"2022-11-07 13:59:11";5.83
"Servidor-SPTECH";"ram";"ram_Usada";"GB";"2022-11-07 13:59:09";5.83
"Servidor-SPTECH";"ram";"ram_Usada";"GB";"2022-11-07 13:59:08";5.82
"Servidor-SPTECH";"ram";"ram_Usada";"GB";"2022-11-07 13:59:06";5.82
"Servidor-SPTECH";"ram";"ram_Usada";"GB";"2022-11-07 13:59:04";5.83
"Servidor-SPTECH";"ram";"ram_Usada";"GB";"2022-11-07 13:59:03";5.83
"Servidor-SPTECH";"ram";"ram_Usada";"GB";"2022-11-07 13:59:01";5.85
"Servidor-SPTECH";"ram";"ram_Usada";"GB";"2022-11-07 13:59:00";5.85
"Servidor-SPTECH";"ram";"ram_Usada";"GB";"2022-11-07 13:58:58";5.84
"Servidor-SPTECH";"ram";"ram_Usada";"GB";"2022-11-07 13:58:57";5.84
"Servidor-SPTECH";"ram";"ram_Usada";"GB";"2022-11-07 13:58:55";5.84
"Servidor-SPTECH";"ram";"ram_Usada";"GB";"2022-11-07 13:58:54";5.84
"Servidor-SPTECH";"ram";"ram_Usada";"GB";"2022-11-07 13:58:52";5.84
"Servidor-SPTECH";"ram";"ram_Usada";"GB";"2022-11-07 13:58:50";5.84
"Servidor-SPTECH";"ram";"ram_Usada";"GB";"2022-11-07 13:58:49";5.84
"Servidor-SPTECH";"ram";"ram_Usada";"GB";"2022-11-07 13:58:47";5.85
"Servidor-SPTECH";"ram";"ram_Usada";"GB";"2022-11-07 13:58:46";5.81
"Servidor-SPTECH";"ram";"ram_Usada";"GB";"2022-11-07 13:58:44";5.84
"Servidor-SPTECH";"ram";"ram_Usada";"GB";"2022-11-07 13:58:43";5.84
"Servidor-SPTECH";"ram";"ram_Usada";"GB";"2022-11-07 13:58:41";5.84
"Servidor-SPTECH";"ram";"ram_Usada";"GB";"2022-11-07 13:58:39";5.84
"Servidor-SPTECH";"ram";"ram_Usada";"GB";"2022-11-07 13:58:38";5.84
"Servidor-SPTECH";"ram";"ram_Usada";"GB";"2022-11-07 13:58:36";5.84
"Servidor-SPTECH";"ram";"ram_Usada";"GB";"2022-11-07 13:58:35";5.84
"Servidor-SPTECH";"ram";"ram_Usada";"GB";"2022-11-07 13:58:33";5.83
"Servidor-SPTECH";"ram";"ram_Usada";"GB";"2022-11-07 13:58:32";5.83
"Servidor-SPTECH";"ram";"ram_Usada";"GB";"2022-11-07 13:58:30";5.83
"Servidor-SPTECH";"ram";"ram_Usada";"GB";"2022-11-07 13:58:29";5.84
"Servidor-SPTECH";"ram";"ram_Usada";"GB";"2022-11-07 13:58:27";5.83
"Servidor-SPTECH";"ram";"ram_Usada";"GB";"2022-11-07 13:58:25";5.83
"Servidor-SPTECH";"ram";"ram_Usada";"GB";"2022-11-07 13:58:24";5.83
"Servidor-SPTECH";"ram";"ram_Usada";"GB";"2022-11-07 13:58:22";5.83
"Servidor-SPTECH";"ram";"ram_Usada";"GB";"2022-11-07 13:58:21";5.83
"Servidor-SPTECH";"ram";"ram_Usada";"GB";"2022-11-07 13:58:19";5.83
"Servidor-SPTECH";"ram";"ram_Usada";"GB";"2022-11-07 13:58:18";5.83
"Servidor-SPTECH";"ram";"ram_Usada";"GB";"2022-11-07 13:58:16";5.83
"Servidor-SPTECH";"ram";"ram_Usada";"GB";"2022-11-07 13:58:14";5.83
"Servidor-SPTECH";"ram";"ram_Usada";"GB";"2022-11-07 13:58:13";5.83
"Servidor-SPTECH";"ram";"ram_Usada";"GB";"2022-11-07 13:58:11";5.83
"Servidor-SPTECH";"ram";"ram_Usada";"GB";"2022-11-07 13:58:10";5.82
"Servidor-SPTECH";"ram";"ram_Usada";"GB";"2022-11-07 13:58:08";5.82
"Servidor-SPTECH";"ram";"ram_Usada";"GB";"2022-11-07 13:58:07";5.83
"Servidor-SPTECH";"ram";"ram_Usada";"GB";"2022-11-07 13:58:05";5.82
"Servidor-SPTECH";"ram";"ram_Usada";"GB";"2022-11-07 13:58:04";5.78
"Servidor-SPTECH";"ram";"ram_Usada";"GB";"2022-11-07 13:58:02";5.87
"Servidor-SPTECH";"ram";"ram_Usada";"GB";"2022-11-07 13:58:01";5.9
"Servidor-SPTECH";"ram";"ram_Usada";"GB";"2022-11-07 13:57:59";5.9
"Servidor-SPTECH";"ram";"ram_Usada";"GB";"2022-11-07 13:57:57";5.87
"Servidor-SPTECH";"ram";"ram_Usada";"GB";"2022-11-07 13:57:56";5.9
"Servidor-SPTECH";"ram";"ram_Usada";"GB";"2022-11-07 13:57:54";5.9
"Servidor-SPTECH";"ram";"ram_Usada";"GB";"2022-11-07 13:57:53";5.9
"Servidor-SPTECH";"ram";"ram_Usada";"GB";"2022-11-07 13:57:51";5.89
"Servidor-SPTECH";"ram";"ram_Usada";"GB";"2022-11-07 13:57:50";5.9
"Servidor-SPTECH";"ram";"ram_Usada";"GB";"2022-11-07 13:57:48";5.89
"Servidor-SPTECH";"ram";"ram_Usada";"GB";"2022-11-07 13:57:46";5.89
"Servidor-SPTECH";"ram";"ram_Usada";"GB";"2022-11-07 13:57:45";5.89
"Servidor-SPTECH";"ram";"ram_Usada";"GB";"2022-11-07 13:57:43";5.89
"Servidor-SPTECH";"ram";"ram_Usada";"GB";"2022-11-07 13:57:42";5.89
"Servidor-SPTECH";"ram";"ram_Usada";"GB";"2022-11-07 13:57:40";5.89
"Servidor-SPTECH";"ram";"ram_Usada";"GB";"2022-11-07 13:57:39";5.89
"Servidor-SPTECH";"ram";"ram_Usada";"GB";"2022-11-07 13:57:37";5.89
"Servidor-SPTECH";"ram";"ram_Usada";"GB";"2022-11-07 13:57:36";5.89
"Servidor-SPTECH";"ram";"ram_Usada";"GB";"2022-11-07 13:57:34";5.89
"Servidor-SPTECH";"ram";"ram_Usada";"GB";"2022-11-07 13:57:33";5.89
"Servidor-SPTECH";"ram";"ram_Usada";"GB";"2022-11-07 13:57:31";5.89
"Servidor-SPTECH";"ram";"ram_Usada";"GB";"2022-11-07 13:57:30";5.88
"Servidor-SPTECH";"ram";"ram_Usada";"GB";"2022-11-07 13:57:28";5.89
"Servidor-SPTECH";"ram";"ram_Usada";"GB";"2022-11-07 13:57:26";5.88
"Servidor-SPTECH";"ram";"ram_Usada";"GB";"2022-11-07 13:57:25";5.88
"Servidor-SPTECH";"ram";"ram_Usada";"GB";"2022-11-07 13:57:23";5.88
"Servidor-SPTECH";"ram";"ram_Usada";"GB";"2022-11-07 13:57:22";5.89
"Servidor-SPTECH";"ram";"ram_Usada";"GB";"2022-11-07 13:57:20";5.88
"Servidor-SPTECH";"ram";"ram_Usada";"GB";"2022-11-07 13:57:19";5.88
"Servidor-SPTECH";"ram";"ram_Usada";"GB";"2022-11-07 13:57:17";5.88
"Servidor-SPTECH";"ram";"ram_Usada";"GB";"2022-11-07 13:57:16";5.88
"Servidor-SPTECH";"ram";"ram_Usada";"GB";"2022-11-07 13:57:14";5.88
"Servidor-SPTECH";"ram";"ram_Usada";"GB";"2022-11-07 13:57:13";5.88
"Servidor-SPTECH";"ram";"ram_Usada";"GB";"2022-11-07 13:57:11";5.87
"Servidor-SPTECH";"ram";"ram_Usada";"GB";"2022-11-07 13:57:09";5.85
"Servidor-SPTECH";"ram";"ram_Usada";"GB";"2022-11-07 13:57:08";5.88
"Servidor-SPTECH";"ram";"ram_Usada";"GB";"2022-11-07 13:57:06";5.87
"Servidor-SPTECH";"ram";"ram_Usada";"GB";"2022-11-07 13:57:05";5.88
"Servidor-SPTECH";"ram";"ram_Usada";"GB";"2022-11-07 13:57:03";5.87
"Servidor-SPTECH";"ram";"ram_Usada";"GB";"2022-11-07 13:57:02";5.94
"Servidor-SPTECH";"ram";"ram_Usada";"GB";"2022-11-07 13:57:00";5.94
"Servidor-SPTECH";"ram";"ram_Usada";"GB";"2022-11-07 13:56:59";5.93
"Servidor-SPTECH";"ram";"ram_Usada";"GB";"2022-11-07 13:56:57";5.9
"Servidor-SPTECH";"ram";"ram_Usada";"GB";"2022-11-07 13:56:56";5.93
"Servidor-SPTECH";"ram";"ram_Usada";"GB";"2022-11-07 13:56:54";5.93
"Servidor-SPTECH";"ram";"ram_Usada";"GB";"2022-11-07 13:56:53";5.93
"Servidor-SPTECH";"ram";"ram_Usada";"GB";"2022-11-07 13:56:51";5.9
"Servidor-SPTECH";"ram";"ram_Usada";"GB";"2022-11-07 13:56:50";5.93
"Servidor-SPTECH";"ram";"ram_Usada";"GB";"2022-11-07 13:56:48";5.92
"Servidor-SPTECH";"ram";"ram_Usada";"GB";"2022-11-07 13:56:46";5.93
"Servidor-SPTECH";"ram";"ram_Usada";"GB";"2022-11-07 13:56:45";5.92
"Servidor-SPTECH";"ram";"ram_Usada";"GB";"2022-11-07 13:56:43";5.92
"Servidor-SPTECH";"ram";"ram_Usada";"GB";"2022-11-07 13:56:42";5.92
"Servidor-SPTECH";"ram";"ram_Usada";"GB";"2022-11-07 13:56:40";5.92
"Servidor-SPTECH";"ram";"ram_Usada";"GB";"2022-11-07 13:56:39";5.92
"Servidor-SPTECH";"ram";"ram_Usada";"GB";"2022-11-07 13:56:37";5.91
"Servidor-SPTECH";"ram";"ram_Usada";"GB";"2022-11-07 13:56:36";5.92
"Servidor-SPTECH";"ram";"ram_Usada";"GB";"2022-11-07 13:56:34";5.93
"Servidor-SPTECH";"ram";"ram_Usada";"GB";"2022-11-07 13:56:33";5.91
"Servidor-SPTECH";"ram";"ram_Usada";"GB";"2022-11-07 13:56:31";5.92
"Servidor-SPTECH";"ram";"ram_Usada";"GB";"2022-11-07 13:56:29";5.91
"Servidor-SPTECH";"ram";"ram_Usada";"GB";"2022-11-07 13:56:28";5.91
"Servidor-SPTECH";"ram";"ram_Usada";"GB";"2022-11-07 13:56:26";5.91
"Servidor-SPTECH";"ram";"ram_Usada";"GB";"2022-11-07 13:56:25";5.91
"Servidor-SPTECH";"ram";"ram_Usada";"GB";"2022-11-07 13:56:23";5.91
"Servidor-SPTECH";"ram";"ram_Usada";"GB";"2022-11-07 13:56:22";5.9
"Servidor-SPTECH";"ram";"ram_Usada";"GB";"2022-11-07 13:56:20";5.91
"Servidor-SPTECH";"ram";"ram_Usada";"GB";"2022-11-07 13:56:19";5.92
"Servidor-SPTECH";"ram";"ram_Usada";"GB";"2022-11-07 13:56:17";5.91
"Servidor-SPTECH";"ram";"ram_Usada";"GB";"2022-11-07 13:56:15";5.91
"Servidor-SPTECH";"ram";"ram_Usada";"GB";"2022-11-07 13:56:14";5.91
"Servidor-SPTECH";"ram";"ram_Usada";"GB";"2022-11-07 13:56:12";5.91
"Servidor-SPTECH";"ram";"ram_Usada";"GB";"2022-11-07 13:56:11";5.91
"Servidor-SPTECH";"ram";"ram_Usada";"GB";"2022-11-07 13:56:09";5.88
"Servidor-SPTECH";"ram";"ram_Usada";"GB";"2022-11-07 13:56:08";5.91
"Servidor-SPTECH";"ram";"ram_Usada";"GB";"2022-11-07 13:56:06";5.9
"Servidor-SPTECH";"ram";"ram_Usada";"GB";"2022-11-07 13:56:05";5.91
"Servidor-SPTECH";"ram";"ram_Usada";"GB";"2022-11-07 13:56:03";5.88
"Servidor-SPTECH";"ram";"ram_Usada";"GB";"2022-11-07 13:56:02";5.93
"Servidor-SPTECH";"ram";"ram_Usada";"GB";"2022-11-07 13:56:00";5.93
"Servidor-SPTECH";"ram";"ram_Usada";"GB";"2022-11-07 13:55:58";5.92
"Servidor-SPTECH";"ram";"ram_Usada";"GB";"2022-11-07 13:55:57";5.9
"Servidor-SPTECH";"ram";"ram_Usada";"GB";"2022-11-07 13:55:55";5.92
"Servidor-SPTECH";"ram";"ram_Usada";"GB";"2022-11-07 13:55:54";5.92
"Servidor-SPTECH";"ram";"ram_Usada";"GB";"2022-11-07 13:55:52";5.93
"Servidor-SPTECH";"ram";"ram_Usada";"GB";"2022-11-07 13:55:51";5.89
"Servidor-SPTECH";"ram";"ram_Usada";"GB";"2022-11-07 13:55:49";5.93
"Servidor-SPTECH";"ram";"ram_Usada";"GB";"2022-11-07 13:55:48";5.92
"Servidor-SPTECH";"ram";"ram_Usada";"GB";"2022-11-07 13:55:46";5.93
"Servidor-SPTECH";"ram";"ram_Usada";"GB";"2022-11-07 13:55:45";5.92
"Servidor-SPTECH";"ram";"ram_Usada";"GB";"2022-11-07 13:55:43";5.92
"Servidor-SPTECH";"ram";"ram_Usada";"GB";"2022-11-07 13:55:42";5.92
"Servidor-SPTECH";"ram";"ram_Usada";"GB";"2022-11-07 13:55:40";5.92
"Servidor-SPTECH";"ram";"ram_Usada";"GB";"2022-11-07 13:55:38";5.92
"Servidor-SPTECH";"ram";"ram_Usada";"GB";"2022-11-07 13:55:37";5.92
"Servidor-SPTECH";"ram";"ram_Usada";"GB";"2022-11-07 13:55:35";5.91
"Servidor-SPTECH";"ram";"ram_Usada";"GB";"2022-11-07 13:55:34";5.92
"Servidor-SPTECH";"ram";"ram_Usada";"GB";"2022-11-07 13:55:32";5.92
"Servidor-SPTECH";"ram";"ram_Usada";"GB";"2022-11-07 13:55:31";5.92
"Servidor-SPTECH";"ram";"ram_Usada";"GB";"2022-11-07 13:55:29";5.92
"Servidor-SPTECH";"ram";"ram_Usada";"GB";"2022-11-07 13:55:28";5.92
"Servidor-SPTECH";"ram";"ram_Usada";"GB";"2022-11-07 13:55:26";5.92
"Servidor-SPTECH";"ram";"ram_Usada";"GB";"2022-11-07 13:55:25";5.92
"Servidor-SPTECH";"ram";"ram_Usada";"GB";"2022-11-07 13:55:23";5.92
"Servidor-SPTECH";"ram";"ram_Usada";"GB";"2022-11-07 13:55:22";5.92
"Servidor-SPTECH";"ram";"ram_Usada";"GB";"2022-11-07 13:55:20";5.92
"Servidor-SPTECH";"ram";"ram_Usada";"GB";"2022-11-07 13:55:19";5.91
"Servidor-SPTECH";"ram";"ram_Usada";"GB";"2022-11-07 13:55:17";5.92
"Servidor-SPTECH";"ram";"ram_Usada";"GB";"2022-11-07 13:55:15";5.92
"Servidor-SPTECH";"ram";"ram_Usada";"GB";"2022-11-07 13:55:14";5.91
"Servidor-SPTECH";"ram";"ram_Usada";"GB";"2022-11-07 13:55:12";5.91
"Servidor-SPTECH";"ram";"ram_Usada";"GB";"2022-11-07 13:55:11";5.91
"Servidor-SPTECH";"ram";"ram_Usada";"GB";"2022-11-07 13:55:09";5.88
"Servidor-SPTECH";"ram";"ram_Usada";"GB";"2022-11-07 13:55:08";5.91
"Servidor-SPTECH";"ram";"ram_Usada";"GB";"2022-11-07 13:55:06";5.91
"Servidor-SPTECH";"ram";"ram_Usada";"GB";"2022-11-07 13:55:04";5.91
"Servidor-SPTECH";"ram";"ram_Usada";"GB";"2022-11-07 13:55:03";5.89
"Servidor-SPTECH";"ram";"ram_Usada";"GB";"2022-11-07 13:55:01";5.93
"Servidor-SPTECH";"ram";"ram_Usada";"GB";"2022-11-07 13:55:00";5.94
"Servidor-SPTECH";"ram";"ram_Usada";"GB";"2022-11-07 13:54:58";5.94
"Servidor-SPTECH";"ram";"ram_Usada";"GB";"2022-11-07 13:54:57";5.9
"Servidor-SPTECH";"ram";"ram_Usada";"GB";"2022-11-07 13:54:55";5.93
"Servidor-SPTECH";"ram";"ram_Usada";"GB";"2022-11-07 13:54:54";5.93
"Servidor-SPTECH";"ram";"ram_Usada";"GB";"2022-11-07 13:54:52";5.93
"Servidor-SPTECH";"ram";"ram_Usada";"GB";"2022-11-07 13:54:51";5.9
"Servidor-SPTECH";"ram";"ram_Usada";"GB";"2022-11-07 13:54:49";5.93
"Servidor-SPTECH";"ram";"ram_Usada";"GB";"2022-11-07 13:54:47";5.93
"Servidor-SPTECH";"ram";"ram_Usada";"GB";"2022-11-07 13:54:46";5.93
"Servidor-SPTECH";"ram";"ram_Usada";"GB";"2022-11-07 13:54:44";5.93
"Servidor-SPTECH";"ram";"ram_Usada";"GB";"2022-11-07 13:54:43";5.92
"Servidor-SPTECH";"ram";"ram_Usada";"GB";"2022-11-07 13:54:41";5.92
"Servidor-SPTECH";"ram";"ram_Usada";"GB";"2022-11-07 13:54:40";5.93
"Servidor-SPTECH";"ram";"ram_Usada";"GB";"2022-11-07 13:54:38";5.93
"Servidor-SPTECH";"ram";"ram_Usada";"GB";"2022-11-07 13:54:37";5.93
"Servidor-SPTECH";"ram";"ram_Usada";"GB";"2022-11-07 13:54:35";5.93
"Servidor-SPTECH";"ram";"ram_Usada";"GB";"2022-11-07 13:54:34";5.93
"Servidor-SPTECH";"ram";"ram_Usada";"GB";"2022-11-07 13:54:32";5.93
"Servidor-SPTECH";"ram";"ram_Usada";"GB";"2022-11-07 13:54:31";5.93
"Servidor-SPTECH";"ram";"ram_Usada";"GB";"2022-11-07 13:54:29";5.93
"Servidor-SPTECH";"ram";"ram_Usada";"GB";"2022-11-07 13:54:28";5.93
"Servidor-SPTECH";"ram";"ram_Usada";"GB";"2022-11-07 13:54:26";5.92
"Servidor-SPTECH";"ram";"ram_Usada";"GB";"2022-11-07 13:54:24";5.93
"Servidor-SPTECH";"ram";"ram_Usada";"GB";"2022-11-07 13:54:23";5.92
"Servidor-SPTECH";"ram";"ram_Usada";"GB";"2022-11-07 13:54:21";5.92
"Servidor-SPTECH";"ram";"ram_Usada";"GB";"2022-11-07 13:54:20";5.92
"Servidor-SPTECH";"ram";"ram_Usada";"GB";"2022-11-07 13:54:18";5.93
"Servidor-SPTECH";"ram";"ram_Usada";"GB";"2022-11-07 13:54:17";5.92
"Servidor-SPTECH";"ram";"ram_Usada";"GB";"2022-11-07 13:54:15";5.92
"Servidor-SPTECH";"ram";"ram_Usada";"GB";"2022-11-07 13:54:14";5.92
"Servidor-SPTECH";"ram";"ram_Usada";"GB";"2022-11-07 13:54:12";5.92
"Servidor-SPTECH";"ram";"ram_Usada";"GB";"2022-11-07 13:54:10";5.92
"Servidor-SPTECH";"ram";"ram_Usada";"GB";"2022-11-07 13:54:09";5.89
"Servidor-SPTECH";"ram";"ram_Usada";"GB";"2022-11-07 13:54:07";5.92
"Servidor-SPTECH";"ram";"ram_Usada";"GB";"2022-11-07 13:54:06";5.92
"Servidor-SPTECH";"ram";"ram_Usada";"GB";"2022-11-07 13:54:04";5.92
"Servidor-SPTECH";"ram";"ram_Usada";"GB";"2022-11-07 13:54:03";5.89
"Servidor-SPTECH";"ram";"ram_Usada";"GB";"2022-11-07 13:54:01";5.94
"Servidor-SPTECH";"ram";"ram_Usada";"GB";"2022-11-07 13:54:00";5.94
"Servidor-SPTECH";"ram";"ram_Usada";"GB";"2022-11-07 13:53:58";5.93
"Servidor-SPTECH";"ram";"ram_Usada";"GB";"2022-11-07 13:53:57";5.91
"Servidor-SPTECH";"ram";"ram_Usada";"GB";"2022-11-07 13:53:55";5.93
"Servidor-SPTECH";"ram";"ram_Usada";"GB";"2022-11-07 13:53:53";5.94
"Servidor-SPTECH";"ram";"ram_Usada";"GB";"2022-11-07 13:53:52";5.94
"Servidor-SPTECH";"ram";"ram_Usada";"GB";"2022-11-07 13:53:50";5.91
"Servidor-SPTECH";"ram";"ram_Usada";"GB";"2022-11-07 13:53:49";5.94
"Servidor-SPTECH";"ram";"ram_Usada";"GB";"2022-11-07 13:53:47";5.94
"Servidor-SPTECH";"ram";"ram_Usada";"GB";"2022-11-07 13:53:46";5.95
"Servidor-SPTECH";"ram";"ram_Usada";"GB";"2022-11-07 13:53:44";5.95
"Servidor-SPTECH";"ram";"ram_Usada";"GB";"2022-11-07 13:53:42";5.92
"Servidor-SPTECH";"ram";"ram_Usada";"GB";"2022-11-07 13:53:41";5.92
"Servidor-SPTECH";"ram";"ram_Usada";"GB";"2022-11-07 13:53:39";5.92
"Servidor-SPTECH";"ram";"ram_Usada";"GB";"2022-11-07 13:53:38";5.91
"Servidor-SPTECH";"ram";"ram_Usada";"GB";"2022-11-07 13:53:36";5.92
"Servidor-SPTECH";"ram";"ram_Usada";"GB";"2022-11-07 13:53:35";5.91
"Servidor-SPTECH";"ram";"ram_Usada";"GB";"2022-11-07 13:53:33";5.92
"Servidor-SPTECH";"ram";"ram_Usada";"GB";"2022-11-07 13:53:32";5.91
"Servidor-SPTECH";"ram";"ram_Usada";"GB";"2022-11-07 13:53:30";5.92
"Servidor-SPTECH";"ram";"ram_Usada";"GB";"2022-11-07 13:53:28";5.92
"Servidor-SPTECH";"ram";"ram_Usada";"GB";"2022-11-07 13:53:27";5.89
"Servidor-SPTECH";"ram";"ram_Usada";"GB";"2022-11-07 13:53:25";5.91
"Servidor-SPTECH";"ram";"ram_Usada";"GB";"2022-11-07 13:53:24";5.91
"Servidor-SPTECH";"ram";"ram_Usada";"GB";"2022-11-07 13:53:22";5.92
"Servidor-SPTECH";"ram";"ram_Usada";"GB";"2022-11-07 13:53:21";5.88
"Servidor-SPTECH";"ram";"ram_Usada";"GB";"2022-11-07 13:53:19";5.91
"Servidor-SPTECH";"ram";"ram_Usada";"GB";"2022-11-07 13:53:18";5.91
"Servidor-SPTECH";"ram";"ram_Usada";"GB";"2022-11-07 13:53:16";5.91
"Servidor-SPTECH";"ram";"ram_Usada";"GB";"2022-11-07 13:53:14";5.88
"Servidor-SPTECH";"ram";"ram_Usada";"GB";"2022-11-07 13:53:13";5.9
"Servidor-SPTECH";"ram";"ram_Usada";"GB";"2022-11-07 13:53:11";5.92
"Servidor-SPTECH";"ram";"ram_Usada";"GB";"2022-11-07 13:53:10";5.93
"Servidor-SPTECH";"ram";"ram_Usada";"GB";"2022-11-07 13:53:08";5.9
"Servidor-SPTECH";"ram";"ram_Usada";"GB";"2022-11-07 13:53:07";5.94
"Servidor-SPTECH";"ram";"ram_Usada";"GB";"2022-11-07 13:53:05";5.93
"Servidor-SPTECH";"ram";"ram_Usada";"GB";"2022-11-07 13:53:04";5.93
"Servidor-SPTECH";"ram";"ram_Usada";"GB";"2022-11-07 13:53:02";5.91
"Servidor-SPTECH";"ram";"ram_Usada";"GB";"2022-11-07 13:53:01";5.93
"Servidor-SPTECH";"ram";"ram_Usada";"GB";"2022-11-07 13:52:59";5.94
"Servidor-SPTECH";"ram";"ram_Usada";"GB";"2022-11-07 13:52:58";5.94
"Servidor-SPTECH";"ram";"ram_Usada";"GB";"2022-11-07 13:52:56";5.9
"Servidor-SPTECH";"ram";"ram_Usada";"GB";"2022-11-07 13:52:54";5.93
"Servidor-SPTECH";"ram";"ram_Usada";"GB";"2022-11-07 13:52:53";5.93
"Servidor-SPTECH";"ram";"ram_Usada";"GB";"2022-11-07 13:52:51";5.94
"Servidor-SPTECH";"ram";"ram_Usada";"GB";"2022-11-07 13:52:50";5.94
"Servidor-SPTECH";"ram";"ram_Usada";"GB";"2022-11-07 13:52:48";5.93
"Servidor-SPTECH";"ram";"ram_Usada";"GB";"2022-11-07 13:52:47";5.93
"Servidor-SPTECH";"ram";"ram_Usada";"GB";"2022-11-07 13:52:45";5.93
"Servidor-SPTECH";"ram";"ram_Usada";"GB";"2022-11-07 13:52:44";5.93
"Servidor-SPTECH";"ram";"ram_Usada";"GB";"2022-11-07 13:52:42";5.93
"Servidor-SPTECH";"ram";"ram_Usada";"GB";"2022-11-07 13:52:41";5.93
"Servidor-SPTECH";"ram";"ram_Usada";"GB";"2022-11-07 13:52:39";5.92
"Servidor-SPTECH";"ram";"ram_Usada";"GB";"2022-11-07 13:52:37";5.92
"Servidor-SPTECH";"ram";"ram_Usada";"GB";"2022-11-07 13:52:36";5.93
"Servidor-SPTECH";"ram";"ram_Usada";"GB";"2022-11-07 13:52:34";5.94
"Servidor-SPTECH";"ram";"ram_Usada";"GB";"2022-11-07 13:52:33";5.95
"Servidor-SPTECH";"ram";"ram_Usada";"GB";"2022-11-07 13:52:31";5.97
"Servidor-SPTECH";"ram";"ram_Usada";"GB";"2022-11-07 13:52:30";5.97
"Servidor-SPTECH";"ram";"ram_Usada";"GB";"2022-11-07 13:52:28";5.96
"Servidor-SPTECH";"ram";"ram_Usada";"GB";"2022-11-07 13:52:27";5.94
"Servidor-SPTECH";"ram";"ram_Usada";"GB";"2022-11-07 13:52:25";5.96
"Servidor-SPTECH";"ram";"ram_Usada";"GB";"2022-11-07 13:52:24";5.97
"Servidor-SPTECH";"ram";"ram_Usada";"GB";"2022-11-07 13:52:22";5.96
"Servidor-SPTECH";"ram";"ram_Usada";"GB";"2022-11-07 13:52:20";5.94
"Servidor-SPTECH";"ram";"ram_Usada";"GB";"2022-11-07 13:52:19";5.96
"Servidor-SPTECH";"ram";"ram_Usada";"GB";"2022-11-07 13:52:17";5.96
"Servidor-SPTECH";"ram";"ram_Usada";"GB";"2022-11-07 13:52:16";5.96
"Servidor-SPTECH";"ram";"ram_Usada";"GB";"2022-11-07 13:52:14";5.94
"Servidor-SPTECH";"ram";"ram_Usada";"GB";"2022-11-07 13:52:13";5.96
"Servidor-SPTECH";"ram";"ram_Usada";"GB";"2022-11-07 13:52:11";5.96
"Servidor-SPTECH";"ram";"ram_Usada";"GB";"2022-11-07 13:52:10";5.96
"Servidor-SPTECH";"ram";"ram_Usada";"GB";"2022-11-07 13:52:08";5.93
"Servidor-SPTECH";"ram";"ram_Usada";"GB";"2022-11-07 13:52:07";5.96
"Servidor-SPTECH";"ram";"ram_Usada";"GB";"2022-11-07 13:52:05";5.95
"Servidor-SPTECH";"ram";"ram_Usada";"GB";"2022-11-07 13:52:03";5.96
"Servidor-SPTECH";"ram";"ram_Usada";"GB";"2022-11-07 13:52:02";5.95
"Servidor-SPTECH";"ram";"ram_Usada";"GB";"2022-11-07 13:52:00";5.97
"Servidor-SPTECH";"ram";"ram_Usada";"GB";"2022-11-07 13:51:59";5.97
"Servidor-SPTECH";"ram";"ram_Usada";"GB";"2022-11-07 13:51:57";5.98
"Servidor-SPTECH";"ram";"ram_Usada";"GB";"2022-11-07 13:51:56";5.97
"Servidor-SPTECH";"ram";"ram_Usada";"GB";"2022-11-07 13:51:54";5.97
"Servidor-SPTECH";"ram";"ram_Usada";"GB";"2022-11-07 13:51:52";5.98
"Servidor-SPTECH";"ram";"ram_Usada";"GB";"2022-11-07 13:51:51";5.98
"Servidor-SPTECH";"ram";"ram_Usada";"GB";"2022-11-07 13:51:49";5.97
"Servidor-SPTECH";"ram";"ram_Usada";"GB";"2022-11-07 13:51:48";5.97
"Servidor-SPTECH";"ram";"ram_Usada";"GB";"2022-11-07 13:51:46";5.97
"Servidor-SPTECH";"ram";"ram_Usada";"GB";"2022-11-07 13:51:45";5.97
"Servidor-SPTECH";"ram";"ram_Usada";"GB";"2022-11-07 13:51:43";5.96
"Servidor-SPTECH";"ram";"ram_Usada";"GB";"2022-11-07 13:51:42";5.97
"Servidor-SPTECH";"ram";"ram_Usada";"GB";"2022-11-07 13:51:40";5.96
"Servidor-SPTECH";"ram";"ram_Usada";"GB";"2022-11-07 13:51:39";5.97
"Servidor-SPTECH";"ram";"ram_Usada";"GB";"2022-11-07 13:51:37";5.97
"Servidor-SPTECH";"ram";"ram_Usada";"GB";"2022-11-07 13:51:35";5.96
"Servidor-SPTECH";"ram";"ram_Usada";"GB";"2022-11-07 13:51:34";5.97
"Servidor-SPTECH";"ram";"ram_Usada";"GB";"2022-11-07 13:51:32";5.96
"Servidor-SPTECH";"ram";"ram_Usada";"GB";"2022-11-07 13:51:31";5.96
"Servidor-SPTECH";"ram";"ram_Usada";"GB";"2022-11-07 13:51:29";5.97
"Servidor-SPTECH";"ram";"ram_Usada";"GB";"2022-11-07 13:51:27";5.96
"Servidor-SPTECH";"ram";"ram_Usada";"GB";"2022-11-07 13:51:26";5.97
"Servidor-SPTECH";"ram";"ram_Usada";"GB";"2022-11-07 13:51:24";5.96
"Servidor-SPTECH";"ram";"ram_Usada";"GB";"2022-11-07 13:51:23";5.96
"Servidor-SPTECH";"ram";"ram_Usada";"GB";"2022-11-07 13:51:21";5.96
"Servidor-SPTECH";"ram";"ram_Usada";"GB";"2022-11-07 13:51:20";5.97
"Servidor-SPTECH";"ram";"ram_Usada";"GB";"2022-11-07 13:51:18";5.96
"Servidor-SPTECH";"ram";"ram_Usada";"GB";"2022-11-07 13:51:17";5.96
"Servidor-SPTECH";"ram";"ram_Usada";"GB";"2022-11-07 13:51:15";5.96
"Servidor-SPTECH";"ram";"ram_Usada";"GB";"2022-11-07 13:51:14";5.96
"Servidor-SPTECH";"ram";"ram_Usada";"GB";"2022-11-07 13:51:12";5.95
"Servidor-SPTECH";"ram";"ram_Usada";"GB";"2022-11-07 13:51:11";5.95
"Servidor-SPTECH";"ram";"ram_Usada";"GB";"2022-11-07 13:51:09";5.96
"Servidor-SPTECH";"ram";"ram_Usada";"GB";"2022-11-07 13:51:07";5.96
"Servidor-SPTECH";"ram";"ram_Usada";"GB";"2022-11-07 13:51:06";5.96
"Servidor-SPTECH";"ram";"ram_Usada";"GB";"2022-11-07 13:51:04";5.95
"Servidor-SPTECH";"ram";"ram_Usada";"GB";"2022-11-07 13:51:03";5.96
"Servidor-SPTECH";"ram";"ram_Usada";"GB";"2022-11-07 13:51:01";5.98
"Servidor-SPTECH";"ram";"ram_Usada";"GB";"2022-11-07 13:51:00";5.98
"Servidor-SPTECH";"ram";"ram_Usada";"GB";"2022-11-07 13:50:58";5.98
"Servidor-SPTECH";"ram";"ram_Usada";"GB";"2022-11-07 13:50:57";5.98
"Servidor-SPTECH";"ram";"ram_Usada";"GB";"2022-11-07 13:50:55";5.98
"Servidor-SPTECH";"ram";"ram_Usada";"GB";"2022-11-07 13:50:54";5.97
"Servidor-SPTECH";"ram";"ram_Usada";"GB";"2022-11-07 13:50:52";5.98
"Servidor-SPTECH";"ram";"ram_Usada";"GB";"2022-11-07 13:50:50";5.97
"Servidor-SPTECH";"ram";"ram_Usada";"GB";"2022-11-07 13:50:49";5.97
"Servidor-SPTECH";"ram";"ram_Usada";"GB";"2022-11-07 13:50:47";5.97
"Servidor-SPTECH";"ram";"ram_Usada";"GB";"2022-11-07 13:50:46";5.97
"Servidor-SPTECH";"ram";"ram_Usada";"GB";"2022-11-07 13:50:44";5.97
"Servidor-SPTECH";"ram";"ram_Usada";"GB";"2022-11-07 13:50:43";5.97
"Servidor-SPTECH";"ram";"ram_Usada";"GB";"2022-11-07 13:50:41";5.97
"Servidor-SPTECH";"ram";"ram_Usada";"GB";"2022-11-07 13:50:40";5.98
"Servidor-SPTECH";"ram";"ram_Usada";"GB";"2022-11-07 13:50:38";5.97
"Servidor-SPTECH";"ram";"ram_Usada";"GB";"2022-11-07 13:50:37";5.97
"Servidor-SPTECH";"ram";"ram_Usada";"GB";"2022-11-07 13:50:35";5.99
"Servidor-SPTECH";"ram";"ram_Usada";"GB";"2022-11-07 13:50:34";5.98
"Servidor-SPTECH";"ram";"ram_Usada";"GB";"2022-11-07 13:50:32";5.98
"Servidor-SPTECH";"ram";"ram_Usada";"GB";"2022-11-07 13:50:30";5.98
"Servidor-SPTECH";"ram";"ram_Usada";"GB";"2022-11-07 13:50:29";5.98
"Servidor-SPTECH";"ram";"ram_Usada";"GB";"2022-11-07 13:50:27";5.98
"Servidor-SPTECH";"ram";"ram_Usada";"GB";"2022-11-07 13:50:26";5.97
"Servidor-SPTECH";"ram";"ram_Usada";"GB";"2022-11-07 13:50:24";5.97
"Servidor-SPTECH";"ram";"ram_Usada";"GB";"2022-11-07 13:50:23";5.97
"Servidor-SPTECH";"ram";"ram_Usada";"GB";"2022-11-07 13:50:21";5.97
"Servidor-SPTECH";"ram";"ram_Usada";"GB";"2022-11-07 13:50:20";5.97
"Servidor-SPTECH";"ram";"ram_Usada";"GB";"2022-11-07 13:50:18";5.97
"Servidor-SPTECH";"ram";"ram_Usada";"GB";"2022-11-07 13:50:17";5.97
"Servidor-SPTECH";"ram";"ram_Usada";"GB";"2022-11-07 13:50:15";5.97
"Servidor-SPTECH";"ram";"ram_Usada";"GB";"2022-11-07 13:50:14";5.97
"Servidor-SPTECH";"ram";"ram_Usada";"GB";"2022-11-07 13:50:12";5.97
"Servidor-SPTECH";"ram";"ram_Usada";"GB";"2022-11-07 13:50:10";5.97
"Servidor-SPTECH";"ram";"ram_Usada";"GB";"2022-11-07 13:50:09";5.97
"Servidor-SPTECH";"ram";"ram_Usada";"GB";"2022-11-07 13:50:07";5.96
"Servidor-SPTECH";"ram";"ram_Usada";"GB";"2022-11-07 13:50:06";5.97
"Servidor-SPTECH";"ram";"ram_Usada";"GB";"2022-11-07 13:50:04";5.96
"Servidor-SPTECH";"ram";"ram_Usada";"GB";"2022-11-07 13:50:03";5.96
"Servidor-SPTECH";"ram";"ram_Usada";"GB";"2022-11-07 13:50:01";5.98
"Servidor-SPTECH";"ram";"ram_Usada";"GB";"2022-11-07 13:50:00";5.99
"Servidor-SPTECH";"ram";"ram_Usada";"GB";"2022-11-07 13:49:58";5.97
"Servidor-SPTECH";"ram";"ram_Usada";"GB";"2022-11-07 13:49:57";5.97
"Servidor-SPTECH";"ram";"ram_Usada";"GB";"2022-11-07 13:49:55";5.97
"Servidor-SPTECH";"ram";"ram_Usada";"GB";"2022-11-07 13:49:54";5.97
"Servidor-SPTECH";"ram";"ram_Usada";"GB";"2022-11-07 13:49:52";5.97
"Servidor-SPTECH";"ram";"ram_Usada";"GB";"2022-11-07 13:49:50";5.97
"Servidor-SPTECH";"ram";"ram_Usada";"GB";"2022-11-07 13:49:49";5.97
"Servidor-SPTECH";"ram";"ram_Usada";"GB";"2022-11-07 13:49:47";5.96
"Servidor-SPTECH";"ram";"ram_Usada";"GB";"2022-11-07 13:49:46";5.96
"Servidor-SPTECH";"ram";"ram_Usada";"GB";"2022-11-07 13:49:44";5.96
"Servidor-SPTECH";"ram";"ram_Usada";"GB";"2022-11-07 13:49:43";5.96
"Servidor-SPTECH";"ram";"ram_Usada";"GB";"2022-11-07 13:49:41";5.94
"Servidor-SPTECH";"ram";"ram_Usada";"GB";"2022-11-07 13:49:40";5.96
"Servidor-SPTECH";"ram";"ram_Usada";"GB";"2022-11-07 13:49:38";5.96
"Servidor-SPTECH";"ram";"ram_Usada";"GB";"2022-11-07 13:49:37";5.96
"Servidor-SPTECH";"ram";"ram_Usada";"GB";"2022-11-07 13:49:35";5.96
"Servidor-SPTECH";"ram";"ram_Usada";"GB";"2022-11-07 13:49:33";5.96
"Servidor-SPTECH";"ram";"ram_Usada";"GB";"2022-11-07 13:49:32";5.96
"Servidor-SPTECH";"ram";"ram_Usada";"GB";"2022-11-07 13:49:30";5.96
"Servidor-SPTECH";"ram";"ram_Usada";"GB";"2022-11-07 13:49:29";5.96
"Servidor-SPTECH";"ram";"ram_Usada";"GB";"2022-11-07 13:49:27";5.96
"Servidor-SPTECH";"ram";"ram_Usada";"GB";"2022-11-07 13:49:26";5.95
"Servidor-SPTECH";"ram";"ram_Usada";"GB";"2022-11-07 13:49:24";5.95
"Servidor-SPTECH";"ram";"ram_Usada";"GB";"2022-11-07 13:49:23";5.96
"Servidor-SPTECH";"ram";"ram_Usada";"GB";"2022-11-07 13:49:21";5.95
"Servidor-SPTECH";"ram";"ram_Usada";"GB";"2022-11-07 13:49:19";5.95
"Servidor-SPTECH";"ram";"ram_Usada";"GB";"2022-11-07 13:49:18";5.95
"Servidor-SPTECH";"ram";"ram_Usada";"GB";"2022-11-07 13:49:16";5.95
"Servidor-SPTECH";"ram";"ram_Usada";"GB";"2022-11-07 13:49:15";5.95
"Servidor-SPTECH";"ram";"ram_Usada";"GB";"2022-11-07 13:49:13";5.95
"Servidor-SPTECH";"ram";"ram_Usada";"GB";"2022-11-07 13:49:12";5.95
"Servidor-SPTECH";"ram";"ram_Usada";"GB";"2022-11-07 13:49:10";5.95
"Servidor-SPTECH";"ram";"ram_Usada";"GB";"2022-11-07 13:49:09";5.95
"Servidor-SPTECH";"ram";"ram_Usada";"GB";"2022-11-07 13:49:07";5.95
"Servidor-SPTECH";"ram";"ram_Usada";"GB";"2022-11-07 13:49:06";5.95
"Servidor-SPTECH";"ram";"ram_Usada";"GB";"2022-11-07 13:49:04";5.94
"Servidor-SPTECH";"ram";"ram_Usada";"GB";"2022-11-07 13:49:03";5.94
"Servidor-SPTECH";"ram";"ram_Usada";"GB";"2022-11-07 13:49:01";5.96
"Servidor-SPTECH";"ram";"ram_Usada";"GB";"2022-11-07 13:48:59";5.97
"Servidor-SPTECH";"ram";"ram_Usada";"GB";"2022-11-07 13:48:58";5.96
"Servidor-SPTECH";"ram";"ram_Usada";"GB";"2022-11-07 13:48:56";5.96
"Servidor-SPTECH";"ram";"ram_Usada";"GB";"2022-11-07 13:48:55";5.97
"Servidor-SPTECH";"ram";"ram_Usada";"GB";"2022-11-07 13:48:53";5.97
"Servidor-SPTECH";"ram";"ram_Usada";"GB";"2022-11-07 13:48:52";5.97
"Servidor-SPTECH";"ram";"ram_Usada";"GB";"2022-11-07 13:48:50";5.96
"Servidor-SPTECH";"ram";"ram_Usada";"GB";"2022-11-07 13:48:49";5.96
"Servidor-SPTECH";"ram";"ram_Usada";"GB";"2022-11-07 13:48:47";5.93
"Servidor-SPTECH";"ram";"ram_Usada";"GB";"2022-11-07 13:48:46";5.96
"Servidor-SPTECH";"ram";"ram_Usada";"GB";"2022-11-07 13:48:44";5.96
"Servidor-SPTECH";"ram";"ram_Usada";"GB";"2022-11-07 13:48:42";5.96
"Servidor-SPTECH";"ram";"ram_Usada";"GB";"2022-11-07 13:48:41";5.94
"Servidor-SPTECH";"ram";"ram_Usada";"GB";"2022-11-07 13:48:39";5.96
"Servidor-SPTECH";"ram";"ram_Usada";"GB";"2022-11-07 13:48:38";5.96
"Servidor-SPTECH";"ram";"ram_Usada";"GB";"2022-11-07 13:48:36";5.96
"Servidor-SPTECH";"ram";"ram_Usada";"GB";"2022-11-07 13:48:35";5.93
"Servidor-SPTECH";"ram";"ram_Usada";"GB";"2022-11-07 13:48:33";5.96
"Servidor-SPTECH";"ram";"ram_Usada";"GB";"2022-11-07 13:48:32";5.96
"Servidor-SPTECH";"ram";"ram_Usada";"GB";"2022-11-07 13:48:30";5.96
"Servidor-SPTECH";"ram";"ram_Usada";"GB";"2022-11-07 13:48:29";5.93
"Servidor-SPTECH";"ram";"ram_Usada";"GB";"2022-11-07 13:48:27";5.96
"Servidor-SPTECH";"ram";"ram_Usada";"GB";"2022-11-07 13:48:26";5.96
"Servidor-SPTECH";"ram";"ram_Usada";"GB";"2022-11-07 13:48:24";5.95
"Servidor-SPTECH";"ram";"ram_Usada";"GB";"2022-11-07 13:48:23";5.96
"Servidor-SPTECH";"ram";"ram_Usada";"GB";"2022-11-07 13:48:21";5.96
"Servidor-SPTECH";"ram";"ram_Usada";"GB";"2022-11-07 13:48:19";5.95
"Servidor-SPTECH";"ram";"ram_Usada";"GB";"2022-11-07 13:48:18";5.95
"Servidor-SPTECH";"ram";"ram_Usada";"GB";"2022-11-07 13:48:16";5.94
"Servidor-SPTECH";"ram";"ram_Usada";"GB";"2022-11-07 13:48:15";5.94
"Servidor-SPTECH";"ram";"ram_Usada";"GB";"2022-11-07 13:48:13";5.95
"Servidor-SPTECH";"ram";"ram_Usada";"GB";"2022-11-07 13:48:12";5.94
"Servidor-SPTECH";"ram";"ram_Usada";"GB";"2022-11-07 13:48:10";5.94
"Servidor-SPTECH";"ram";"ram_Usada";"GB";"2022-11-07 13:48:09";6.21
"Servidor-SPTECH";"ram";"ram_Usada";"GB";"2022-11-07 13:48:07";6.21
"Servidor-SPTECH";"ram";"ram_Usada";"GB";"2022-11-07 13:48:06";6.2
"Servidor-SPTECH";"ram";"ram_Usada";"GB";"2022-11-07 13:48:04";6.18
"Servidor-SPTECH";"ram";"ram_Usada";"GB";"2022-11-07 13:48:02";6.13
"Servidor-SPTECH";"ram";"ram_Usada";"GB";"2022-11-07 13:48:01";6.25
"Servidor-SPTECH";"ram";"ram_Usada";"GB";"2022-11-07 13:47:59";6.24
"Servidor-SPTECH";"ram";"ram_Usada";"GB";"2022-11-07 13:47:58";6.25
"Servidor-SPTECH";"ram";"ram_Usada";"GB";"2022-11-07 13:47:56";6.24
"Servidor-SPTECH";"ram";"ram_Usada";"GB";"2022-11-07 13:47:55";6.24
"Servidor-SPTECH";"ram";"ram_Usada";"GB";"2022-11-07 13:47:53";6.24
"Servidor-SPTECH";"ram";"ram_Usada";"GB";"2022-11-07 13:47:52";6.24
"Servidor-SPTECH";"ram";"ram_Usada";"GB";"2022-11-07 13:47:50";6.24
"Servidor-SPTECH";"ram";"ram_Usada";"GB";"2022-11-07 13:47:49";6.23
"Servidor-SPTECH";"ram";"ram_Usada";"GB";"2022-11-07 13:47:47";6.24
"Servidor-SPTECH";"ram";"ram_Usada";"GB";"2022-11-07 13:47:46";6.24
"Servidor-SPTECH";"ram";"ram_Usada";"GB";"2022-11-07 13:47:44";6.24
"Servidor-SPTECH";"ram";"ram_Usada";"GB";"2022-11-07 13:47:43";6.24
"Servidor-SPTECH";"ram";"ram_Usada";"GB";"2022-11-07 13:47:41";6.24
"Servidor-SPTECH";"ram";"ram_Usada";"GB";"2022-11-07 13:47:40";6.23
"Servidor-SPTECH";"ram";"ram_Usada";"GB";"2022-11-07 13:47:38";6.24
"Servidor-SPTECH";"ram";"ram_Usada";"GB";"2022-11-07 13:47:37";6.24
"Servidor-SPTECH";"ram";"ram_Usada";"GB";"2022-11-07 13:47:35";6.23
"Servidor-SPTECH";"ram";"ram_Usada";"GB";"2022-11-07 13:47:34";6.23
"Servidor-SPTECH";"ram";"ram_Usada";"GB";"2022-11-07 13:47:32";6.23
"Servidor-SPTECH";"ram";"ram_Usada";"GB";"2022-11-07 13:47:30";6.23
"Servidor-SPTECH";"ram";"ram_Usada";"GB";"2022-11-07 13:47:29";6.23
"Servidor-SPTECH";"ram";"ram_Usada";"GB";"2022-11-07 13:47:27";6.23
"Servidor-SPTECH";"ram";"ram_Usada";"GB";"2022-11-07 13:47:26";6.23
"Servidor-SPTECH";"ram";"ram_Usada";"GB";"2022-11-07 13:47:24";6.23
"Servidor-SPTECH";"ram";"ram_Usada";"GB";"2022-11-07 13:47:23";6.22
"Servidor-SPTECH";"ram";"ram_Usada";"GB";"2022-11-07 13:47:21";6.23
"Servidor-SPTECH";"ram";"ram_Usada";"GB";"2022-11-07 13:47:20";6.22
"Servidor-SPTECH";"ram";"ram_Usada";"GB";"2022-11-07 13:47:18";6.23
"Servidor-SPTECH";"ram";"ram_Usada";"GB";"2022-11-07 13:47:17";6.19
"Servidor-SPTECH";"ram";"ram_Usada";"GB";"2022-11-07 13:47:15";6.23
"Servidor-SPTECH";"ram";"ram_Usada";"GB";"2022-11-07 13:47:14";6.22
"Servidor-SPTECH";"ram";"ram_Usada";"GB";"2022-11-07 13:47:12";6.22
"Servidor-SPTECH";"ram";"ram_Usada";"GB";"2022-11-07 13:47:11";6.19
"Servidor-SPTECH";"ram";"ram_Usada";"GB";"2022-11-07 13:47:09";6.22
"Servidor-SPTECH";"ram";"ram_Usada";"GB";"2022-11-07 13:47:08";6.22
"Servidor-SPTECH";"ram";"ram_Usada";"GB";"2022-11-07 13:47:06";6.22
"Servidor-SPTECH";"ram";"ram_Usada";"GB";"2022-11-07 13:47:05";6.19
"Servidor-SPTECH";"ram";"ram_Usada";"GB";"2022-11-07 13:47:03";6.22
"Servidor-SPTECH";"ram";"ram_Usada";"GB";"2022-11-07 13:47:01";6.25
"Servidor-SPTECH";"ram";"ram_Usada";"GB";"2022-11-07 13:47:00";6.24
"Servidor-SPTECH";"ram";"ram_Usada";"GB";"2022-11-07 13:46:58";6.24
"Servidor-SPTECH";"ram";"ram_Usada";"GB";"2022-11-07 13:46:57";6.24
"Servidor-SPTECH";"ram";"ram_Usada";"GB";"2022-11-07 13:46:55";6.24
"Servidor-SPTECH";"ram";"ram_Usada";"GB";"2022-11-07 13:46:54";6.24
"Servidor-SPTECH";"ram";"ram_Usada";"GB";"2022-11-07 13:46:52";6.24
"Servidor-SPTECH";"ram";"ram_Usada";"GB";"2022-11-07 13:46:51";6.24
"Servidor-SPTECH";"ram";"ram_Usada";"GB";"2022-11-07 13:46:49";6.24
"Servidor-SPTECH";"ram";"ram_Usada";"GB";"2022-11-07 13:46:48";6.23
"Servidor-SPTECH";"ram";"ram_Usada";"GB";"2022-11-07 13:46:46";6.24
"Servidor-SPTECH";"ram";"ram_Usada";"GB";"2022-11-07 13:46:45";6.25
"Servidor-SPTECH";"ram";"ram_Usada";"GB";"2022-11-07 13:46:43";6.25
"Servidor-SPTECH";"ram";"ram_Usada";"GB";"2022-11-07 13:46:42";6.24
"Servidor-SPTECH";"ram";"ram_Usada";"GB";"2022-11-07 13:46:40";6.23
"Servidor-SPTECH";"ram";"ram_Usada";"GB";"2022-11-07 13:46:39";6.23
"Servidor-SPTECH";"ram";"ram_Usada";"GB";"2022-11-07 13:46:37";6.23
"Servidor-SPTECH";"ram";"ram_Usada";"GB";"2022-11-07 13:46:35";6.23
"Servidor-SPTECH";"ram";"ram_Usada";"GB";"2022-11-07 13:46:34";6.28
"Servidor-SPTECH";"ram";"ram_Usada";"GB";"2022-11-07 13:46:32";6.29
"Servidor-SPTECH";"ram";"ram_Usada";"GB";"2022-11-07 13:46:31";6.29
"Servidor-SPTECH";"ram";"ram_Usada";"GB";"2022-11-07 13:46:29";6.29
"Servidor-SPTECH";"ram";"ram_Usada";"GB";"2022-11-07 13:46:28";6.29
"Servidor-SPTECH";"ram";"ram_Usada";"GB";"2022-11-07 13:46:26";6.28
"Servidor-SPTECH";"ram";"ram_Usada";"GB";"2022-11-07 13:46:24";6.28
"Servidor-SPTECH";"ram";"ram_Usada";"GB";"2022-11-07 13:46:23";6.28
"Servidor-SPTECH";"ram";"ram_Usada";"GB";"2022-11-07 13:46:21";6.29
"Servidor-SPTECH";"ram";"ram_Usada";"GB";"2022-11-07 13:46:20";6.28
"Servidor-SPTECH";"ram";"ram_Usada";"GB";"2022-11-07 13:46:18";6.28
"Servidor-SPTECH";"ram";"ram_Usada";"GB";"2022-11-07 13:46:17";6.25
"Servidor-SPTECH";"ram";"ram_Usada";"GB";"2022-11-07 13:46:15";6.29
"Servidor-SPTECH";"ram";"ram_Usada";"GB";"2022-11-07 13:46:13";6.28
"Servidor-SPTECH";"ram";"ram_Usada";"GB";"2022-11-07 13:46:12";6.28
"Servidor-SPTECH";"ram";"ram_Usada";"GB";"2022-11-07 13:46:10";6.25
"Servidor-SPTECH";"ram";"ram_Usada";"GB";"2022-11-07 13:46:09";6.28
"Servidor-SPTECH";"ram";"ram_Usada";"GB";"2022-11-07 13:46:07";6.28
"Servidor-SPTECH";"ram";"ram_Usada";"GB";"2022-11-07 13:46:06";6.28
"Servidor-SPTECH";"ram";"ram_Usada";"GB";"2022-11-07 13:46:04";6.26
"Servidor-SPTECH";"ram";"ram_Usada";"GB";"2022-11-07 13:46:03";6.31
"Servidor-SPTECH";"ram";"ram_Usada";"GB";"2022-11-07 13:46:01";6.32
"Servidor-SPTECH";"ram";"ram_Usada";"GB";"2022-11-07 13:46:00";6.33
"Servidor-SPTECH";"ram";"ram_Usada";"GB";"2022-11-07 13:45:58";6.33
"Servidor-SPTECH";"ram";"ram_Usada";"GB";"2022-11-07 13:45:56";6.34
"Servidor-SPTECH";"ram";"ram_Usada";"GB";"2022-11-07 13:45:55";6.33
"Servidor-SPTECH";"ram";"ram_Usada";"GB";"2022-11-07 13:45:53";6.33
"Servidor-SPTECH";"ram";"ram_Usada";"GB";"2022-11-07 13:45:52";6.33
"Servidor-SPTECH";"ram";"ram_Usada";"GB";"2022-11-07 13:45:50";6.33
"Servidor-SPTECH";"ram";"ram_Usada";"GB";"2022-11-07 13:45:49";6.33
"Servidor-SPTECH";"ram";"ram_Usada";"GB";"2022-11-07 13:45:47";6.33
"Servidor-SPTECH";"ram";"ram_Usada";"GB";"2022-11-07 13:45:46";6.32
"Servidor-SPTECH";"ram";"ram_Usada";"GB";"2022-11-07 13:45:44";6.33
"Servidor-SPTECH";"ram";"ram_Usada";"GB";"2022-11-07 13:45:43";6.32
"Servidor-SPTECH";"ram";"ram_Usada";"GB";"2022-11-07 13:45:41";6.32
"Servidor-SPTECH";"ram";"ram_Usada";"GB";"2022-11-07 13:45:39";6.33
"Servidor-SPTECH";"ram";"ram_Usada";"GB";"2022-11-07 13:45:38";6.32
"Servidor-SPTECH";"ram";"ram_Usada";"GB";"2022-11-07 13:45:36";6.32
"Servidor-SPTECH";"ram";"ram_Usada";"GB";"2022-11-07 13:45:35";6.34
"Servidor-SPTECH";"ram";"ram_Usada";"GB";"2022-11-07 13:45:33";6.34
"Servidor-SPTECH";"ram";"ram_Usada";"GB";"2022-11-07 13:45:32";6.32
"Servidor-SPTECH";"ram";"ram_Usada";"GB";"2022-11-07 13:45:30";6.32
"Servidor-SPTECH";"ram";"ram_Usada";"GB";"2022-11-07 13:45:29";6.3
"Servidor-SPTECH";"ram";"ram_Usada";"GB";"2022-11-07 13:45:27";6.31
"Servidor-SPTECH";"ram";"ram_Usada";"GB";"2022-11-07 13:45:26";6.31
"Servidor-SPTECH";"ram";"ram_Usada";"GB";"2022-11-07 13:45:24";6.32
"Servidor-SPTECH";"ram";"ram_Usada";"GB";"2022-11-07 13:45:22";6.28
"Servidor-SPTECH";"ram";"ram_Usada";"GB";"2022-11-07 13:45:21";6.31
"Servidor-SPTECH";"ram";"ram_Usada";"GB";"2022-11-07 13:45:19";6.31
"Servidor-SPTECH";"ram";"ram_Usada";"GB";"2022-11-07 13:45:18";6.32
"Servidor-SPTECH";"ram";"ram_Usada";"GB";"2022-11-07 13:45:16";6.28
"Servidor-SPTECH";"ram";"ram_Usada";"GB";"2022-11-07 13:45:15";6.32
"Servidor-SPTECH";"ram";"ram_Usada";"GB";"2022-11-07 13:45:13";6.31
"Servidor-SPTECH";"ram";"ram_Usada";"GB";"2022-11-07 13:45:12";6.31
"Servidor-SPTECH";"ram";"ram_Usada";"GB";"2022-11-07 13:45:10";6.28
"Servidor-SPTECH";"ram";"ram_Usada";"GB";"2022-11-07 13:45:09";6.31
"Servidor-SPTECH";"ram";"ram_Usada";"GB";"2022-11-07 13:45:07";6.32
"Servidor-SPTECH";"ram";"ram_Usada";"GB";"2022-11-07 13:45:06";6.31
"Servidor-SPTECH";"ram";"ram_Usada";"GB";"2022-11-07 13:45:04";6.28
"Servidor-SPTECH";"ram";"ram_Usada";"GB";"2022-11-07 13:45:03";6.31
"Servidor-SPTECH";"ram";"ram_Usada";"GB";"2022-11-07 13:45:01";6.33
"Servidor-SPTECH";"ram";"ram_Usada";"GB";"2022-11-07 13:44:59";6.33
"Servidor-SPTECH";"ram";"ram_Usada";"GB";"2022-11-07 13:44:58";6.3
"Servidor-SPTECH";"ram";"ram_Usada";"GB";"2022-11-07 13:44:56";6.33
"Servidor-SPTECH";"ram";"ram_Usada";"GB";"2022-11-07 13:44:55";6.33
"Servidor-SPTECH";"ram";"ram_Usada";"GB";"2022-11-07 13:44:53";6.33
"Servidor-SPTECH";"ram";"ram_Usada";"GB";"2022-11-07 13:44:52";6.32
"Servidor-SPTECH";"ram";"ram_Usada";"GB";"2022-11-07 13:44:50";6.36
"Servidor-SPTECH";"ram";"ram_Usada";"GB";"2022-11-07 13:44:49";6.35
"Servidor-SPTECH";"ram";"ram_Usada";"GB";"2022-11-07 13:44:47";6.35
"Servidor-SPTECH";"ram";"ram_Usada";"GB";"2022-11-07 13:44:46";6.36
"Servidor-SPTECH";"ram";"ram_Usada";"GB";"2022-11-07 13:44:44";6.35
"Servidor-SPTECH";"ram";"ram_Usada";"GB";"2022-11-07 13:44:42";6.35
"Servidor-SPTECH";"ram";"ram_Usada";"GB";"2022-11-07 13:44:41";6.35
"Servidor-SPTECH";"ram";"ram_Usada";"GB";"2022-11-07 13:44:39";6.35
"Servidor-SPTECH";"ram";"ram_Usada";"GB";"2022-11-07 13:44:38";6.35
"Servidor-SPTECH";"ram";"ram_Usada";"GB";"2022-11-07 13:44:36";6.35
"Servidor-SPTECH";"ram";"ram_Usada";"GB";"2022-11-07 13:44:35";6.35
"Servidor-SPTECH";"ram";"ram_Usada";"GB";"2022-11-07 13:44:33";6.34
"Servidor-SPTECH";"ram";"ram_Usada";"GB";"2022-11-07 13:44:32";6.35
"Servidor-SPTECH";"ram";"ram_Usada";"GB";"2022-11-07 13:44:30";6.35
"Servidor-SPTECH";"ram";"ram_Usada";"GB";"2022-11-07 13:44:29";6.34
"Servidor-SPTECH";"ram";"ram_Usada";"GB";"2022-11-07 13:44:27";6.34
"Servidor-SPTECH";"ram";"ram_Usada";"GB";"2022-11-07 13:44:25";6.34
"Servidor-SPTECH";"ram";"ram_Usada";"GB";"2022-11-07 13:44:24";6.34
"Servidor-SPTECH";"ram";"ram_Usada";"GB";"2022-11-07 13:44:22";6.32
"Servidor-SPTECH";"ram";"ram_Usada";"GB";"2022-11-07 13:44:21";6.35
"Servidor-SPTECH";"ram";"ram_Usada";"GB";"2022-11-07 13:44:19";6.36
"Servidor-SPTECH";"ram";"ram_Usada";"GB";"2022-11-07 13:44:18";6.39
"Servidor-SPTECH";"ram";"ram_Usada";"GB";"2022-11-07 13:44:16";6.36
"Servidor-SPTECH";"ram";"ram_Usada";"GB";"2022-11-07 13:44:15";6.4
"Servidor-SPTECH";"ram";"ram_Usada";"GB";"2022-11-07 13:44:13";6.44
"Servidor-SPTECH";"ram";"ram_Usada";"GB";"2022-11-07 13:44:12";6.45
"Servidor-SPTECH";"ram";"ram_Usada";"GB";"2022-11-07 13:44:10";6.44
"Servidor-SPTECH";"ram";"ram_Usada";"GB";"2022-11-07 13:44:09";6.55
"Servidor-SPTECH";"ram";"ram_Usada";"GB";"2022-11-07 13:44:07";6.56
"Servidor-SPTECH";"ram";"ram_Usada";"GB";"2022-11-07 13:44:06";6.56
"Servidor-SPTECH";"ram";"ram_Usada";"GB";"2022-11-07 13:44:04";6.55
"Servidor-SPTECH";"ram";"ram_Usada";"GB";"2022-11-07 13:44:02";6.63
"Servidor-SPTECH";"ram";"ram_Usada";"GB";"2022-11-07 13:44:01";6.75
"Servidor-SPTECH";"ram";"ram_Usada";"GB";"2022-11-07 13:43:59";6.81
"Servidor-SPTECH";"ram";"ram_Usada";"GB";"2022-11-07 13:43:58";6.8
"Servidor-SPTECH";"ram";"ram_Usada";"GB";"2022-11-07 13:43:56";6.76
"Servidor-SPTECH";"ram";"ram_Usada";"GB";"2022-11-07 13:43:54";6.73
"Servidor-SPTECH";"ram";"ram_Usada";"GB";"2022-11-07 13:43:53";6.45
"Servidor-SPTECH";"ram";"ram_Usada";"GB";"2022-11-07 13:43:51";6.45
"Servidor-SPTECH";"ram";"ram_Usada";"GB";"2022-11-07 13:43:50";6.46
"Servidor-SPTECH";"ram";"ram_Usada";"GB";"2022-11-07 13:43:48";6.48
"Servidor-SPTECH";"ram";"ram_Usada";"GB";"2022-11-07 13:43:47";6.47
"Servidor-SPTECH";"ram";"ram_Usada";"GB";"2022-11-07 13:43:45";6.47
"Servidor-SPTECH";"ram";"ram_Usada";"GB";"2022-11-07 13:43:44";6.47
"Servidor-SPTECH";"ram";"ram_Usada";"GB";"2022-11-07 13:43:42";6.47
"Servidor-SPTECH";"ram";"ram_Usada";"GB";"2022-11-07 13:43:40";6.48
"Servidor-SPTECH";"ram";"ram_Usada";"GB";"2022-11-07 13:43:39";6.47
"Servidor-SPTECH";"ram";"ram_Usada";"GB";"2022-11-07 13:43:37";6.45
"Servidor-SPTECH";"ram";"ram_Usada";"GB";"2022-11-07 13:43:35";6.44
"Servidor-SPTECH";"ram";"ram_Usada";"GB";"2022-11-07 13:43:34";6.42
"Servidor-SPTECH";"ram";"ram_Usada";"GB";"2022-11-07 13:43:32";6.44
"Servidor-SPTECH";"ram";"ram_Usada";"GB";"2022-11-07 13:43:31";6.44
"Servidor-SPTECH";"ram";"ram_Usada";"GB";"2022-11-07 13:43:29";6.44
"Servidor-SPTECH";"ram";"ram_Usada";"GB";"2022-11-07 13:43:28";6.42
"Servidor-SPTECH";"ram";"ram_Usada";"GB";"2022-11-07 13:43:26";6.44
"Servidor-SPTECH";"ram";"ram_Usada";"GB";"2022-11-07 13:43:25";6.44
"Servidor-SPTECH";"ram";"ram_Usada";"GB";"2022-11-07 13:43:23";6.43
"Servidor-SPTECH";"ram";"ram_Usada";"GB";"2022-11-07 13:43:22";6.45
"Servidor-SPTECH";"ram";"ram_Usada";"GB";"2022-11-07 13:43:20";6.52
"Servidor-SPTECH";"ram";"ram_Usada";"GB";"2022-11-07 13:43:18";6.53
"Servidor-SPTECH";"ram";"ram_Usada";"GB";"2022-11-07 13:43:17";6.52
"Servidor-SPTECH";"ram";"ram_Usada";"GB";"2022-11-07 13:43:15";6.55
"Servidor-SPTECH";"ram";"ram_Usada";"GB";"2022-11-07 13:43:14";6.67
"Servidor-SPTECH";"ram";"ram_Usada";"GB";"2022-11-07 13:43:12";6.67
"Servidor-SPTECH";"ram";"ram_Usada";"GB";"2022-11-07 13:43:11";6.7
"Servidor-SPTECH";"ram";"ram_Usada";"GB";"2022-11-07 13:43:09";6.74
"Servidor-SPTECH";"ram";"ram_Usada";"GB";"2022-11-07 13:43:08";6.82
"Servidor-SPTECH";"ram";"ram_Usada";"GB";"2022-11-07 13:43:06";6.77
"Servidor-SPTECH";"ram";"ram_Usada";"GB";"2022-11-07 13:43:04";6.69
"Servidor-SPTECH";"ram";"ram_Usada";"GB";"2022-11-07 13:43:03";6.64
"Servidor-SPTECH";"ram";"ram_Usada";"GB";"2022-11-07 13:43:01";6.47
"Servidor-SPTECH";"ram";"ram_Usada";"GB";"2022-11-07 13:42:59";6.47
"Servidor-SPTECH";"ram";"ram_Usada";"GB";"2022-11-07 13:42:58";6.41
"Servidor-SPTECH";"ram";"ram_Usada";"GB";"2022-11-07 13:42:56";6.41
"Servidor-SPTECH";"ram";"ram_Usada";"GB";"2022-11-07 13:42:54";6.42
"Servidor-SPTECH";"ram";"ram_Usada";"GB";"2022-11-07 13:42:53";6.42
"Servidor-SPTECH";"ram";"ram_Usada";"GB";"2022-11-07 13:42:51";6.35
"Servidor-SPTECH";"ram";"ram_Usada";"GB";"2022-11-07 13:42:50";6.37
"Servidor-SPTECH";"ram";"ram_Usada";"GB";"2022-11-07 13:42:48";6.37
"Servidor-SPTECH";"ram";"ram_Usada";"GB";"2022-11-07 13:42:46";6.36
"Servidor-SPTECH";"ram";"ram_Usada";"GB";"2022-11-07 13:42:45";6.37
"Servidor-SPTECH";"ram";"ram_Usada";"GB";"2022-11-07 13:42:43";6.37
"Servidor-SPTECH";"ram";"ram_Usada";"GB";"2022-11-07 13:42:42";6.37
"Servidor-SPTECH";"ram";"ram_Usada";"GB";"2022-11-07 13:42:40";6.37
"Servidor-SPTECH";"ram";"ram_Usada";"GB";"2022-11-07 13:42:39";6.39
"Servidor-SPTECH";"ram";"ram_Usada";"GB";"2022-11-07 13:42:37";6.39
"Servidor-SPTECH";"ram";"ram_Usada";"GB";"2022-11-07 13:42:35";6.39
"Servidor-SPTECH";"ram";"ram_Usada";"GB";"2022-11-07 13:42:34";6.36
"Servidor-SPTECH";"ram";"ram_Usada";"GB";"2022-11-07 13:42:32";6.4
"Servidor-SPTECH";"ram";"ram_Usada";"GB";"2022-11-07 13:42:31";6.39
"Servidor-SPTECH";"ram";"ram_Usada";"GB";"2022-11-07 13:42:29";6.39
"Servidor-SPTECH";"ram";"ram_Usada";"GB";"2022-11-07 13:42:28";6.35
"Servidor-SPTECH";"ram";"ram_Usada";"GB";"2022-11-07 13:42:26";6.36
"Servidor-SPTECH";"ram";"ram_Usada";"GB";"2022-11-07 13:42:24";6.37
"Servidor-SPTECH";"ram";"ram_Usada";"GB";"2022-11-07 13:42:23";6.35
"Servidor-SPTECH";"ram";"ram_Usada";"GB";"2022-11-07 13:42:21";6.32
"Servidor-SPTECH";"ram";"ram_Usada";"GB";"2022-11-07 13:42:20";6.35
"Servidor-SPTECH";"ram";"ram_Usada";"GB";"2022-11-07 13:42:18";6.34
"Servidor-SPTECH";"ram";"ram_Usada";"GB";"2022-11-07 13:42:16";6.34
"Servidor-SPTECH";"ram";"ram_Usada";"GB";"2022-11-07 13:42:15";6.34
"Servidor-SPTECH";"ram";"ram_Usada";"GB";"2022-11-07 13:42:13";6.34
"Servidor-SPTECH";"ram";"ram_Usada";"GB";"2022-11-07 13:42:12";6.35
"Servidor-SPTECH";"ram";"ram_Usada";"GB";"2022-11-07 13:42:10";6.34
"Servidor-SPTECH";"ram";"ram_Usada";"GB";"2022-11-07 13:42:09";6.34
"Servidor-SPTECH";"ram";"ram_Usada";"GB";"2022-11-07 13:42:07";6.35
"Servidor-SPTECH";"ram";"ram_Usada";"GB";"2022-11-07 13:42:05";6.34
"Servidor-SPTECH";"ram";"ram_Usada";"GB";"2022-11-07 13:42:04";6.32
"Servidor-SPTECH";"ram";"ram_Usada";"GB";"2022-11-07 13:42:02";6.37
"Servidor-SPTECH";"ram";"ram_Usada";"GB";"2022-11-07 13:42:01";6.37
"Servidor-SPTECH";"ram";"ram_Usada";"GB";"2022-11-07 13:41:59";6.37
"Servidor-SPTECH";"ram";"ram_Usada";"GB";"2022-11-07 13:41:58";6.34
"Servidor-SPTECH";"ram";"ram_Usada";"GB";"2022-11-07 13:41:56";6.36
"Servidor-SPTECH";"ram";"ram_Usada";"GB";"2022-11-07 13:41:55";6.36
"Servidor-SPTECH";"ram";"ram_Usada";"GB";"2022-11-07 13:41:53";6.36
"Servidor-SPTECH";"ram";"ram_Usada";"GB";"2022-11-07 13:41:51";6.33
"Servidor-SPTECH";"ram";"ram_Usada";"GB";"2022-11-07 13:41:50";6.36
"Servidor-SPTECH";"ram";"ram_Usada";"GB";"2022-11-07 13:41:48";6.35
"Servidor-SPTECH";"ram";"ram_Usada";"GB";"2022-11-07 13:41:47";6.36
"Servidor-SPTECH";"ram";"ram_Usada";"GB";"2022-11-07 13:41:45";6.37
"Servidor-SPTECH";"ram";"ram_Usada";"GB";"2022-11-07 13:41:43";6.37
"Servidor-SPTECH";"ram";"ram_Usada";"GB";"2022-11-07 13:41:42";6.37
"Servidor-SPTECH";"ram";"ram_Usada";"GB";"2022-11-07 13:41:40";6.38
"Servidor-SPTECH";"ram";"ram_Usada";"GB";"2022-11-07 13:41:39";6.38
"Servidor-SPTECH";"ram";"ram_Usada";"GB";"2022-11-07 13:41:37";6.38
"Servidor-SPTECH";"ram";"ram_Usada";"GB";"2022-11-07 13:41:35";6.4
"Servidor-SPTECH";"ram";"ram_Usada";"GB";"2022-11-07 13:41:33";6.36
"Servidor-SPTECH";"ram";"ram_Usada";"GB";"2022-11-07 13:41:32";6.39
"Servidor-SPTECH";"ram";"ram_Usada";"GB";"2022-11-07 13:41:30";6.39
"Servidor-SPTECH";"ram";"ram_Usada";"GB";"2022-11-07 13:41:29";6.39
"Servidor-SPTECH";"ram";"ram_Usada";"GB";"2022-11-07 13:41:27";6.37
"Servidor-SPTECH";"ram";"ram_Usada";"GB";"2022-11-07 13:41:26";6.37
"Servidor-SPTECH";"ram";"ram_Usada";"GB";"2022-11-07 13:41:24";6.35
"Servidor-SPTECH";"ram";"ram_Usada";"GB";"2022-11-07 13:41:22";6.35
"Servidor-SPTECH";"ram";"ram_Usada";"GB";"2022-11-08 15:21:35";6.41
"Servidor-SPTECH";"ram";"ram_Usada";"GB";"2022-11-08 15:21:34";6.4
"Servidor-SPTECH";"ram";"ram_Usada";"GB";"2022-11-08 15:21:32";6.4
"Servidor-SPTECH";"ram";"ram_Usada";"GB";"2022-11-08 15:21:30";6.4
"Servidor-SPTECH";"ram";"ram_Usada";"GB";"2022-11-08 15:21:29";6.4
"Servidor-SPTECH";"ram";"ram_Usada";"GB";"2022-11-08 15:21:27";6.4
"Servidor-SPTECH";"ram";"ram_Usada";"GB";"2022-11-08 15:21:25";6.39
"Servidor-SPTECH";"ram";"ram_Usada";"GB";"2022-11-08 15:21:24";6.38
"Servidor-SPTECH";"ram";"ram_Usada";"GB";"2022-11-08 15:21:22";6.38
"Servidor-SPTECH";"ram";"ram_Usada";"GB";"2022-11-08 15:21:21";6.38
"Servidor-SPTECH";"ram";"ram_Usada";"GB";"2022-11-08 15:21:19";6.37
"Servidor-SPTECH";"ram";"ram_Usada";"GB";"2022-11-08 15:21:17";6.36
"Servidor-SPTECH";"ram";"ram_Usada";"GB";"2022-11-08 15:21:16";6.35
"Servidor-SPTECH";"ram";"ram_Usada";"GB";"2022-11-08 15:21:14";6.37
"Servidor-SPTECH";"ram";"ram_Usada";"GB";"2022-11-08 15:21:12";6.37
"Servidor-SPTECH";"ram";"ram_Usada";"GB";"2022-11-08 15:21:11";6.36
"Servidor-SPTECH";"ram";"ram_Usada";"GB";"2022-11-08 15:21:09";6.35
"Servidor-SPTECH";"ram";"ram_Usada";"GB";"2022-11-08 15:21:07";6.35
"Servidor-SPTECH";"ram";"ram_Usada";"GB";"2022-11-08 15:21:06";6.41
"Servidor-SPTECH";"ram";"ram_Usada";"GB";"2022-11-08 15:21:04";6.42
"Servidor-SPTECH";"ram";"ram_Usada";"GB";"2022-11-08 15:21:03";6.42
"Servidor-SPTECH";"ram";"ram_Usada";"GB";"2022-11-08 15:21:01";6.41
"Servidor-SPTECH";"ram";"ram_Usada";"GB";"2022-11-08 15:20:59";6.41
"Servidor-SPTECH";"ram";"ram_Usada";"GB";"2022-11-08 15:20:58";6.41
"Servidor-SPTECH";"ram";"ram_Usada";"GB";"2022-11-08 15:20:56";6.4
"Servidor-SPTECH";"ram";"ram_Usada";"GB";"2022-11-08 15:20:54";6.4
"Servidor-SPTECH";"ram";"ram_Usada";"GB";"2022-11-08 15:20:53";6.4
"Servidor-SPTECH";"ram";"ram_Usada";"GB";"2022-11-08 15:20:51";6.4
"Servidor-SPTECH";"ram";"ram_Usada";"GB";"2022-11-08 15:20:49";6.39
"Servidor-SPTECH";"ram";"ram_Usada";"GB";"2022-11-08 15:20:48";6.38
"Servidor-SPTECH";"ram";"ram_Usada";"GB";"2022-11-08 15:20:46";6.37
"Servidor-SPTECH";"ram";"ram_Usada";"GB";"2022-11-08 15:20:45";6.36
"Servidor-SPTECH";"ram";"ram_Usada";"GB";"2022-11-08 15:20:43";6.39
"Servidor-SPTECH";"ram";"ram_Usada";"GB";"2022-11-08 15:20:41";6.4
"Servidor-SPTECH";"ram";"ram_Usada";"GB";"2022-11-08 15:20:40";6.4
"Servidor-SPTECH";"ram";"ram_Usada";"GB";"2022-11-08 15:20:38";6.41
"Servidor-SPTECH";"ram";"ram_Usada";"GB";"2022-11-08 15:20:37";6.43
"Servidor-SPTECH";"ram";"ram_Usada";"GB";"2022-11-08 15:20:35";6.41
"Servidor-SPTECH";"ram";"ram_Usada";"GB";"2022-11-08 15:20:33";6.49
"Servidor-SPTECH";"ram";"ram_Usada";"GB";"2022-11-08 15:20:32";6.42
"Servidor-SPTECH";"ram";"ram_Usada";"GB";"2022-11-08 15:20:30";6.41
"Servidor-SPTECH";"ram";"ram_Usada";"GB";"2022-11-08 15:20:28";6.4
"Servidor-SPTECH";"ram";"ram_Usada";"GB";"2022-11-08 15:20:27";6.4
"Servidor-SPTECH";"ram";"ram_Usada";"GB";"2022-11-08 15:20:25";6.39
"Servidor-SPTECH";"ram";"ram_Usada";"GB";"2022-11-08 15:20:24";6.4
"Servidor-SPTECH";"ram";"ram_Usada";"GB";"2022-11-08 15:20:22";6.41
"Servidor-SPTECH";"ram";"ram_Usada";"GB";"2022-11-08 15:20:20";6.4
"Servidor-SPTECH";"ram";"ram_Usada";"GB";"2022-11-08 15:20:19";6.4
"Servidor-SPTECH";"ram";"ram_Usada";"GB";"2022-11-08 15:20:17";6.4
"Servidor-SPTECH";"ram";"ram_Usada";"GB";"2022-11-08 15:20:16";6.4
"Servidor-SPTECH";"ram";"ram_Usada";"GB";"2022-11-08 15:20:14";6.38
"Servidor-SPTECH";"ram";"ram_Usada";"GB";"2022-11-08 15:20:13";6.38
"Servidor-SPTECH";"ram";"ram_Usada";"GB";"2022-11-08 15:20:11";6.38
"Servidor-SPTECH";"ram";"ram_Usada";"GB";"2022-11-08 15:20:09";6.38
"Servidor-SPTECH";"ram";"ram_Usada";"GB";"2022-11-08 15:20:08";6.38
"Servidor-SPTECH";"ram";"ram_Usada";"GB";"2022-11-08 15:20:06";6.39
"Servidor-SPTECH";"ram";"ram_Usada";"GB";"2022-11-08 15:20:04";6.38
"Servidor-SPTECH";"ram";"ram_Usada";"GB";"2022-11-08 15:20:03";6.37
"Servidor-SPTECH";"ram";"ram_Usada";"GB";"2022-11-08 15:20:01";6.34
"Servidor-SPTECH";"ram";"ram_Usada";"GB";"2022-11-08 15:19:59";6.35
"Servidor-SPTECH";"ram";"ram_Usada";"GB";"2022-11-08 15:19:58";6.35
"Servidor-SPTECH";"ram";"ram_Usada";"GB";"2022-11-08 15:19:56";6.35
"Servidor-SPTECH";"ram";"ram_Usada";"GB";"2022-11-08 15:19:54";6.34
"Servidor-SPTECH";"ram";"ram_Usada";"GB";"2022-11-08 15:19:53";6.35
"Servidor-SPTECH";"ram";"ram_Usada";"GB";"2022-11-08 15:19:51";6.34
"Servidor-SPTECH";"ram";"ram_Usada";"GB";"2022-11-08 15:19:50";6.34
"Servidor-SPTECH";"ram";"ram_Usada";"GB";"2022-11-08 15:19:48";6.34
"Servidor-SPTECH";"ram";"ram_Usada";"GB";"2022-11-08 15:19:47";6.34
"Servidor-SPTECH";"ram";"ram_Usada";"GB";"2022-11-08 15:19:45";6.35
"Servidor-SPTECH";"ram";"ram_Usada";"GB";"2022-11-08 15:19:43";6.29
"Servidor-SPTECH";"ram";"ram_Usada";"GB";"2022-11-08 15:19:42";6.34
"Servidor-SPTECH";"ram";"ram_Usada";"GB";"2022-11-08 15:19:40";6.43
"Servidor-SPTECH";"ram";"ram_Usada";"GB";"2022-11-08 15:19:39";6.42
"Servidor-SPTECH";"ram";"ram_Usada";"GB";"2022-11-08 15:19:37";6.42
"Servidor-SPTECH";"ram";"ram_Usada";"GB";"2022-11-08 15:19:35";6.43
"Servidor-SPTECH";"ram";"ram_Usada";"GB";"2022-11-08 15:19:34";6.42
"Servidor-SPTECH";"ram";"ram_Usada";"GB";"2022-11-08 15:19:32";6.43
"Servidor-SPTECH";"ram";"ram_Usada";"GB";"2022-11-08 15:19:31";6.43
"Servidor-SPTECH";"ram";"ram_Usada";"GB";"2022-11-08 15:19:29";6.42
"Servidor-SPTECH";"ram";"ram_Usada";"GB";"2022-11-08 15:19:28";6.44
"Servidor-SPTECH";"ram";"ram_Usada";"GB";"2022-11-08 15:19:26";6.41
"Servidor-SPTECH";"ram";"ram_Usada";"GB";"2022-11-08 15:19:24";6.41
"Servidor-SPTECH";"ram";"ram_Usada";"GB";"2022-11-08 15:19:22";6.42
"Servidor-SPTECH";"ram";"ram_Usada";"GB";"2022-11-08 15:19:21";6.43
"Servidor-SPTECH";"ram";"ram_Usada";"GB";"2022-11-08 15:19:19";6.41
"Servidor-SPTECH";"ram";"ram_Usada";"GB";"2022-11-08 15:19:18";6.42
"Servidor-SPTECH";"ram";"ram_Usada";"GB";"2022-11-08 15:19:16";6.42
"Servidor-SPTECH";"ram";"ram_Usada";"GB";"2022-11-08 15:19:15";6.41
"Servidor-SPTECH";"ram";"ram_Usada";"GB";"2022-11-08 15:19:13";6.43
"Servidor-SPTECH";"ram";"ram_Usada";"GB";"2022-11-08 15:19:11";6.42
"Servidor-SPTECH";"ram";"ram_Usada";"GB";"2022-11-08 15:19:10";6.43
"Servidor-SPTECH";"ram";"ram_Usada";"GB";"2022-11-08 15:19:08";6.42
"Servidor-SPTECH";"ram";"ram_Usada";"GB";"2022-11-08 15:19:06";6.47
"Servidor-SPTECH";"ram";"ram_Usada";"GB";"2022-11-08 15:19:04";6.48
"Servidor-SPTECH";"ram";"ram_Usada";"GB";"2022-11-08 15:19:03";6.49
"Servidor-SPTECH";"ram";"ram_Usada";"GB";"2022-11-08 15:19:01";6.49
"Servidor-SPTECH";"ram";"ram_Usada";"GB";"2022-11-08 15:19:00";6.37
"Servidor-SPTECH";"ram";"ram_Usada";"GB";"2022-11-08 15:18:58";6.43
"Servidor-SPTECH";"ram";"ram_Usada";"GB";"2022-11-08 15:18:56";6.47
"Servidor-SPTECH";"ram";"ram_Usada";"GB";"2022-11-08 15:18:55";6.51
"Servidor-SPTECH";"ram";"ram_Usada";"GB";"2022-11-08 15:18:53";6.53
"Servidor-SPTECH";"ram";"ram_Usada";"GB";"2022-11-08 15:18:51";6.53
"Servidor-SPTECH";"ram";"ram_Usada";"GB";"2022-11-08 15:18:50";6.58
"Servidor-SPTECH";"ram";"ram_Usada";"GB";"2022-11-08 15:18:48";6.45
"Servidor-SPTECH";"ram";"ram_Usada";"GB";"2022-11-08 15:18:47";6.45
"Servidor-SPTECH";"ram";"ram_Usada";"GB";"2022-11-08 15:18:45";6.47
"Servidor-SPTECH";"ram";"ram_Usada";"GB";"2022-11-08 15:18:43";6.47
"Servidor-SPTECH";"ram";"ram_Usada";"GB";"2022-11-08 15:18:42";6.47
"Servidor-SPTECH";"ram";"ram_Usada";"GB";"2022-11-08 15:18:40";6.47
"Servidor-SPTECH";"ram";"ram_Usada";"GB";"2022-11-08 15:18:38";6.48
"Servidor-SPTECH";"ram";"ram_Usada";"GB";"2022-11-08 15:18:37";6.48
"Servidor-SPTECH";"ram";"ram_Usada";"GB";"2022-11-08 15:18:35";6.48
"Servidor-SPTECH";"ram";"ram_Usada";"GB";"2022-11-08 15:18:34";6.48
"Servidor-SPTECH";"ram";"ram_Usada";"GB";"2022-11-08 15:18:32";6.47
"Servidor-SPTECH";"ram";"ram_Usada";"GB";"2022-11-08 15:18:30";6.47
"Servidor-SPTECH";"ram";"ram_Usada";"GB";"2022-11-08 15:18:29";6.49
"Servidor-SPTECH";"ram";"ram_Usada";"GB";"2022-11-08 15:18:27";6.49
"Servidor-SPTECH";"ram";"ram_Usada";"GB";"2022-11-08 15:18:25";6.5
"Servidor-SPTECH";"ram";"ram_Usada";"GB";"2022-11-08 15:18:24";6.49
"Servidor-SPTECH";"ram";"ram_Usada";"GB";"2022-11-08 15:18:22";6.51
"Servidor-SPTECH";"ram";"ram_Usada";"GB";"2022-11-08 15:18:20";6.52
"Servidor-SPTECH";"ram";"ram_Usada";"GB";"2022-11-08 15:18:19";6.53
"Servidor-SPTECH";"ram";"ram_Usada";"GB";"2022-11-08 15:18:17";6.53
"Servidor-SPTECH";"ram";"ram_Usada";"GB";"2022-11-08 15:18:15";6.53
"Servidor-SPTECH";"ram";"ram_Usada";"GB";"2022-11-08 15:18:14";6.61
"Servidor-SPTECH";"ram";"ram_Usada";"GB";"2022-11-08 15:18:12";6.62
"Servidor-SPTECH";"ram";"ram_Usada";"GB";"2022-11-08 15:18:10";6.6
"Servidor-SPTECH";"ram";"ram_Usada";"GB";"2022-11-08 15:18:08";6.49
"Servidor-SPTECH";"ram";"ram_Usada";"GB";"2022-11-08 15:18:07";6.46
"Servidor-SPTECH";"ram";"ram_Usada";"GB";"2022-11-08 15:18:05";6.45
"Servidor-SPTECH";"ram";"ram_Usada";"GB";"2022-11-08 15:18:03";6.43
"Servidor-SPTECH";"ram";"ram_Usada";"GB";"2022-11-08 15:18:01";6.44
"Servidor-SPTECH";"ram";"ram_Usada";"GB";"2022-11-08 15:18:00";6.44
"Servidor-SPTECH";"ram";"ram_Usada";"GB";"2022-11-08 15:17:58";6.43
"Servidor-SPTECH";"ram";"ram_Usada";"GB";"2022-11-08 15:17:57";6.49
"Servidor-SPTECH";"ram";"ram_Usada";"GB";"2022-11-08 15:17:55";6.43
"Servidor-SPTECH";"ram";"ram_Usada";"GB";"2022-11-08 15:17:53";6.4
"Servidor-SPTECH";"ram";"ram_Usada";"GB";"2022-11-08 15:17:52";6.39
"Servidor-SPTECH";"ram";"ram_Usada";"GB";"2022-11-08 15:17:50";6.39
"Servidor-SPTECH";"ram";"ram_Usada";"GB";"2022-11-08 15:17:48";6.39
"Servidor-SPTECH";"ram";"ram_Usada";"GB";"2022-11-08 15:17:47";6.39
"Servidor-SPTECH";"ram";"ram_Usada";"GB";"2022-11-08 15:17:45";6.38
"Servidor-SPTECH";"ram";"ram_Usada";"GB";"2022-11-08 15:17:43";6.41
"Servidor-SPTECH";"ram";"ram_Usada";"GB";"2022-11-08 15:17:42";6.41
"Servidor-SPTECH";"ram";"ram_Usada";"GB";"2022-11-08 15:17:40";6.4
"Servidor-SPTECH";"ram";"ram_Usada";"GB";"2022-11-08 15:17:39";6.4
"Servidor-SPTECH";"ram";"ram_Usada";"GB";"2022-11-08 15:17:37";6.45
"Servidor-SPTECH";"ram";"ram_Usada";"GB";"2022-11-08 15:17:35";6.47
"Servidor-SPTECH";"ram";"ram_Usada";"GB";"2022-11-08 15:17:33";6.53
"Servidor-SPTECH";"ram";"ram_Usada";"GB";"2022-11-08 15:17:32";6.57
"Servidor-SPTECH";"ram";"ram_Usada";"GB";"2022-11-08 15:17:30";6.59
"Servidor-SPTECH";"ram";"ram_Usada";"GB";"2022-11-08 15:17:29";6.59
"Servidor-SPTECH";"ram";"ram_Usada";"GB";"2022-11-08 15:17:27";6.58
"Servidor-SPTECH";"ram";"ram_Usada";"GB";"2022-11-08 15:17:25";6.52
"Servidor-SPTECH";"ram";"ram_Usada";"GB";"2022-11-08 15:17:24";6.33
"Servidor-SPTECH";"ram";"ram_Usada";"GB";"2022-11-08 15:17:22";6.27
"Servidor-SPTECH";"ram";"ram_Usada";"GB";"2022-11-08 15:17:20";6.28
"Servidor-SPTECH";"ram";"ram_Usada";"GB";"2022-11-08 15:17:19";6.28
"Servidor-SPTECH";"ram";"ram_Usada";"GB";"2022-11-08 15:17:17";6.27
"Servidor-SPTECH";"ram";"ram_Usada";"GB";"2022-11-08 15:17:16";6.28
"Servidor-SPTECH";"ram";"ram_Usada";"GB";"2022-11-08 15:17:14";6.27
"Servidor-SPTECH";"ram";"ram_Usada";"GB";"2022-11-08 15:17:13";6.28
"Servidor-SPTECH";"ram";"ram_Usada";"GB";"2022-11-08 15:17:11";6.26
"Servidor-SPTECH";"ram";"ram_Usada";"GB";"2022-11-08 15:17:09";6.27
"Servidor-SPTECH";"ram";"ram_Usada";"GB";"2022-11-08 15:17:08";6.26
"Servidor-SPTECH";"ram";"ram_Usada";"GB";"2022-11-08 15:17:06";6.26
"Servidor-SPTECH";"ram";"ram_Usada";"GB";"2022-11-08 15:17:05";6.25
"Servidor-SPTECH";"ram";"ram_Usada";"GB";"2022-11-08 15:17:03";6.26
"Servidor-SPTECH";"ram";"ram_Usada";"GB";"2022-11-08 15:17:01";6.37
"Servidor-SPTECH";"ram";"ram_Usada";"GB";"2022-11-08 15:17:00";6.38
"Servidor-SPTECH";"ram";"ram_Usada";"GB";"2022-11-08 15:16:58";6.38
"Servidor-SPTECH";"ram";"ram_Usada";"GB";"2022-11-08 15:16:57";6.37
"Servidor-SPTECH";"ram";"ram_Usada";"GB";"2022-11-08 15:16:55";6.49
"Servidor-SPTECH";"ram";"ram_Usada";"GB";"2022-11-08 15:16:54";6.48
"Servidor-SPTECH";"ram";"ram_Usada";"GB";"2022-11-08 15:16:52";6.61
"Servidor-SPTECH";"ram";"ram_Usada";"GB";"2022-11-08 15:16:50";6.63
"Servidor-SPTECH";"ram";"ram_Usada";"GB";"2022-11-08 15:16:48";6.84
"Servidor-SPTECH";"ram";"ram_Usada";"GB";"2022-11-08 15:16:47";6.59
"Servidor-SPTECH";"ram";"ram_Usada";"GB";"2022-11-08 15:16:45";6.49
"Servidor-SPTECH";"ram";"ram_Usada";"GB";"2022-11-08 15:16:43";6.29
"Servidor-SPTECH";"ram";"ram_Usada";"GB";"2022-11-08 15:16:42";6.14
"Servidor-SPTECH";"ram";"ram_Usada";"GB";"2022-11-08 15:16:40";6.16
"Servidor-SPTECH";"ram";"ram_Usada";"GB";"2022-11-08 15:16:38";6.16
"Servidor-SPTECH";"ram";"ram_Usada";"GB";"2022-11-08 15:16:37";6.23
"Servidor-SPTECH";"ram";"ram_Usada";"GB";"2022-11-08 15:16:35";6.23
"Servidor-SPTECH";"ram";"ram_Usada";"GB";"2022-11-08 15:16:33";6.28
"Servidor-SPTECH";"ram";"ram_Usada";"GB";"2022-11-08 15:16:32";6.27
"Servidor-SPTECH";"ram";"ram_Usada";"GB";"2022-11-08 15:16:30";6.32
"Servidor-SPTECH";"ram";"ram_Usada";"GB";"2022-11-08 15:16:29";6.32
"Servidor-SPTECH";"ram";"ram_Usada";"GB";"2022-11-08 15:16:27";6.35
"Servidor-SPTECH";"ram";"ram_Usada";"GB";"2022-11-08 15:16:25";6.3
"Servidor-SPTECH";"ram";"ram_Usada";"GB";"2022-11-08 15:16:23";6.16
"Servidor-SPTECH";"ram";"ram_Usada";"GB";"2022-11-08 15:16:22";5.99
"Servidor-SPTECH";"ram";"ram_Usada";"GB";"2022-11-08 15:16:20";5.86
"Servidor-SPTECH";"ram";"ram_Usada";"GB";"2022-11-08 15:16:19";5.86
"Servidor-SPTECH";"ram";"ram_Usada";"GB";"2022-11-08 15:16:17";5.86
"Servidor-SPTECH";"ram";"ram_Usada";"GB";"2022-11-08 15:16:15";5.86
"Servidor-SPTECH";"ram";"ram_Usada";"GB";"2022-11-08 15:16:14";5.86
"Servidor-SPTECH";"ram";"ram_Usada";"GB";"2022-11-08 15:16:12";5.89
"Servidor-SPTECH";"ram";"ram_Usada";"GB";"2022-11-08 15:16:10";6.0
"Servidor-SPTECH";"ram";"ram_Usada";"GB";"2022-11-08 15:16:09";6.03
"Servidor-SPTECH";"ram";"ram_Usada";"GB";"2022-11-08 15:16:07";6.06
"Servidor-SPTECH";"ram";"ram_Usada";"GB";"2022-11-08 15:16:06";6.11
"Servidor-SPTECH";"ram";"ram_Usada";"GB";"2022-11-08 15:16:03";6.81
"Servidor-SPTECH";"ram";"ram_Usada";"GB";"2022-11-08 15:16:02";6.59
"Servidor-SPTECH";"ram";"ram_Usada";"GB";"2022-11-08 15:16:00";6.46
"Servidor-SPTECH";"ram";"ram_Usada";"GB";"2022-11-08 15:15:58";6.36
"Servidor-SPTECH";"ram";"ram_Usada";"GB";"2022-11-08 15:15:57";6.44
"Servidor-SPTECH";"ram";"ram_Usada";"GB";"2022-11-08 15:15:55";6.45
"Servidor-SPTECH";"ram";"ram_Usada";"GB";"2022-11-08 15:15:53";6.4
"Servidor-SPTECH";"ram";"ram_Usada";"GB";"2022-11-08 15:15:52";6.4
"Servidor-SPTECH";"ram";"ram_Usada";"GB";"2022-11-08 15:15:50";6.39
"Servidor-SPTECH";"ram";"ram_Usada";"GB";"2022-11-08 15:15:48";6.39
"Servidor-SPTECH";"ram";"ram_Usada";"GB";"2022-11-08 15:15:47";6.37
"Servidor-SPTECH";"ram";"ram_Usada";"GB";"2022-11-08 15:15:45";6.34
"Servidor-SPTECH";"ram";"ram_Usada";"GB";"2022-11-08 15:15:43";6.26
"Servidor-SPTECH";"ram";"ram_Usada";"GB";"2022-11-08 15:15:42";6.29
"Servidor-SPTECH";"ram";"ram_Usada";"GB";"2022-11-08 15:15:40";6.28
"Servidor-SPTECH";"ram";"ram_Usada";"GB";"2022-11-08 15:15:39";6.28
"Servidor-SPTECH";"ram";"ram_Usada";"GB";"2022-11-08 15:15:37";6.28
"Servidor-SPTECH";"ram";"ram_Usada";"GB";"2022-11-08 15:15:35";6.28
"Servidor-SPTECH";"ram";"ram_Usada";"GB";"2022-11-08 15:15:34";6.29
"Servidor-SPTECH";"ram";"ram_Usada";"GB";"2022-11-08 15:15:32";6.29
"Servidor-SPTECH";"ram";"ram_Usada";"GB";"2022-11-08 15:15:31";6.28
"Servidor-SPTECH";"ram";"ram_Usada";"GB";"2022-11-08 15:15:29";6.29
"Servidor-SPTECH";"ram";"ram_Usada";"GB";"2022-11-08 15:15:27";6.29
"Servidor-SPTECH";"ram";"ram_Usada";"GB";"2022-11-08 15:15:26";6.29
"Servidor-SPTECH";"ram";"ram_Usada";"GB";"2022-11-08 15:15:24";6.28
"Servidor-SPTECH";"ram";"ram_Usada";"GB";"2022-11-08 15:15:23";6.29
"Servidor-SPTECH";"ram";"ram_Usada";"GB";"2022-11-08 15:15:21";6.35
"Servidor-SPTECH";"ram";"ram_Usada";"GB";"2022-11-08 15:15:20";6.35
"Servidor-SPTECH";"ram";"ram_Usada";"GB";"2022-11-08 15:15:18";6.36
"Servidor-SPTECH";"ram";"ram_Usada";"GB";"2022-11-08 15:15:16";6.37
"Servidor-SPTECH";"ram";"ram_Usada";"GB";"2022-11-08 15:15:15";6.2
"Servidor-SPTECH";"ram";"ram_Usada";"GB";"2022-11-08 15:15:13";6.17
"Servidor-SPTECH";"ram";"ram_Usada";"GB";"2022-11-08 15:15:12";6.16
"Servidor-SPTECH";"ram";"ram_Usada";"GB";"2022-11-08 15:15:10";6.15
"Servidor-SPTECH";"ram";"ram_Usada";"GB";"2022-11-08 15:15:08";6.14
"Servidor-SPTECH";"ram";"ram_Usada";"GB";"2022-11-08 15:15:06";6.1
"Servidor-SPTECH";"ram";"ram_Usada";"GB";"2022-11-08 15:15:05";6.1
"Servidor-SPTECH";"ram";"ram_Usada";"GB";"2022-11-08 15:15:03";6.09
"Servidor-SPTECH";"ram";"ram_Usada";"GB";"2022-11-08 15:15:02";6.09
"Servidor-SPTECH";"ram";"ram_Usada";"GB";"2022-11-08 15:15:00";6.09
"Servidor-SPTECH";"ram";"ram_Usada";"GB";"2022-11-08 15:14:58";6.09
"Servidor-SPTECH";"ram";"ram_Usada";"GB";"2022-11-08 15:14:57";6.08
"Servidor-SPTECH";"ram";"ram_Usada";"GB";"2022-11-08 15:14:55";6.03
"Servidor-SPTECH";"ram";"ram_Usada";"GB";"2022-11-08 15:14:54";6.04
"Servidor-SPTECH";"ram";"ram_Usada";"GB";"2022-11-08 15:14:52";6.04
"Servidor-SPTECH";"ram";"ram_Usada";"GB";"2022-11-08 15:14:50";6.05
"Servidor-SPTECH";"ram";"ram_Usada";"GB";"2022-11-08 15:14:49";6.06
"Servidor-SPTECH";"ram";"ram_Usada";"GB";"2022-11-08 15:14:47";6.05
"Servidor-SPTECH";"ram";"ram_Usada";"GB";"2022-11-08 15:14:45";6.0
"Servidor-SPTECH";"ram";"ram_Usada";"GB";"2022-11-08 15:14:44";5.97
"Servidor-SPTECH";"ram";"ram_Usada";"GB";"2022-11-08 15:14:42";6.02
"Servidor-SPTECH";"ram";"ram_Usada";"GB";"2022-11-08 15:14:41";6.03
"Servidor-SPTECH";"ram";"ram_Usada";"GB";"2022-11-08 15:14:39";6.02
"Servidor-SPTECH";"ram";"ram_Usada";"GB";"2022-11-08 15:14:38";6.02
"Servidor-SPTECH";"ram";"ram_Usada";"GB";"2022-11-08 15:14:36";6.0
"Servidor-SPTECH";"ram";"ram_Usada";"GB";"2022-11-08 15:14:34";6.01
"Servidor-SPTECH";"ram";"ram_Usada";"GB";"2022-11-08 15:14:33";5.99
"Servidor-SPTECH";"ram";"ram_Usada";"GB";"2022-11-08 15:14:31";5.99
"Servidor-SPTECH";"ram";"ram_Usada";"GB";"2022-11-08 15:14:30";5.98
"Servidor-SPTECH";"ram";"ram_Usada";"GB";"2022-11-08 15:14:28";5.98
"Servidor-SPTECH";"ram";"ram_Usada";"GB";"2022-11-08 15:14:26";5.98
"Servidor-SPTECH";"ram";"ram_Usada";"GB";"2022-11-08 15:14:25";5.99
"Servidor-SPTECH";"ram";"ram_Usada";"GB";"2022-11-08 15:14:23";5.99
"Servidor-SPTECH";"ram";"ram_Usada";"GB";"2022-11-08 15:14:21";5.98
"Servidor-SPTECH";"ram";"ram_Usada";"GB";"2022-11-08 15:14:20";5.98
"Servidor-SPTECH";"ram";"ram_Usada";"GB";"2022-11-08 15:14:18";5.98
"Servidor-SPTECH";"ram";"ram_Usada";"GB";"2022-11-08 15:14:17";5.98
"Servidor-SPTECH";"ram";"ram_Usada";"GB";"2022-11-08 15:14:15";5.98
"Servidor-SPTECH";"ram";"ram_Usada";"GB";"2022-11-08 15:14:13";5.99
"Servidor-SPTECH";"ram";"ram_Usada";"GB";"2022-11-08 15:14:12";5.98
"Servidor-SPTECH";"ram";"ram_Usada";"GB";"2022-11-08 15:14:10";5.98
"Servidor-SPTECH";"ram";"ram_Usada";"GB";"2022-11-08 15:14:09";5.98
"Servidor-SPTECH";"ram";"ram_Usada";"GB";"2022-11-08 15:14:07";5.98
"Servidor-SPTECH";"ram";"ram_Usada";"GB";"2022-11-08 15:14:05";5.98
"Servidor-SPTECH";"ram";"ram_Usada";"GB";"2022-11-08 15:14:04";5.97
"Servidor-SPTECH";"ram";"ram_Usada";"GB";"2022-11-08 15:14:02";5.97
"Servidor-SPTECH";"ram";"ram_Usada";"GB";"2022-11-08 15:14:00";5.97
"Servidor-SPTECH";"ram";"ram_Usada";"GB";"2022-11-08 15:13:59";6.01
"Servidor-SPTECH";"ram";"ram_Usada";"GB";"2022-11-08 15:13:57";6.05
"Servidor-SPTECH";"ram";"ram_Usada";"GB";"2022-11-08 15:13:55";6.05
"Servidor-SPTECH";"ram";"ram_Usada";"GB";"2022-11-08 15:13:54";6.05
"Servidor-SPTECH";"ram";"ram_Usada";"GB";"2022-11-08 15:13:52";6.05
"Servidor-SPTECH";"ram";"ram_Usada";"GB";"2022-11-08 15:13:51";6.05
"Servidor-SPTECH";"ram";"ram_Usada";"GB";"2022-11-08 15:13:49";6.05
"Servidor-SPTECH";"ram";"ram_Usada";"GB";"2022-11-08 15:13:47";6.05
"Servidor-SPTECH";"ram";"ram_Usada";"GB";"2022-11-08 15:13:46";6.04
"Servidor-SPTECH";"ram";"ram_Usada";"GB";"2022-11-08 15:13:44";6.05
"Servidor-SPTECH";"ram";"ram_Usada";"GB";"2022-11-08 15:13:43";6.06
"Servidor-SPTECH";"ram";"ram_Usada";"GB";"2022-11-08 15:13:41";6.06
"Servidor-SPTECH";"ram";"ram_Usada";"GB";"2022-11-08 15:13:39";6.07
"Servidor-SPTECH";"ram";"ram_Usada";"GB";"2022-11-08 15:13:38";6.06
"Servidor-SPTECH";"ram";"ram_Usada";"GB";"2022-11-08 15:13:36";6.07
"Servidor-SPTECH";"ram";"ram_Usada";"GB";"2022-11-08 15:13:35";6.06
"Servidor-SPTECH";"ram";"ram_Usada";"GB";"2022-11-08 15:13:33";6.06
"Servidor-SPTECH";"ram";"ram_Usada";"GB";"2022-11-08 15:13:31";6.06
"Servidor-SPTECH";"ram";"ram_Usada";"GB";"2022-11-08 15:13:30";6.06
"Servidor-SPTECH";"ram";"ram_Usada";"GB";"2022-11-08 15:13:28";6.06
"Servidor-SPTECH";"ram";"ram_Usada";"GB";"2022-11-08 15:13:26";6.06
"Servidor-SPTECH";"ram";"ram_Usada";"GB";"2022-11-08 15:13:25";6.06
"Servidor-SPTECH";"ram";"ram_Usada";"GB";"2022-11-08 15:13:23";6.07
"Servidor-SPTECH";"ram";"ram_Usada";"GB";"2022-11-08 15:13:22";6.06
"Servidor-SPTECH";"ram";"ram_Usada";"GB";"2022-11-08 15:13:20";6.07
"Servidor-SPTECH";"ram";"ram_Usada";"GB";"2022-11-08 15:13:18";6.06
"Servidor-SPTECH";"ram";"ram_Usada";"GB";"2022-11-08 15:13:17";6.06
"Servidor-SPTECH";"ram";"ram_Usada";"GB";"2022-11-08 15:13:15";6.05
"Servidor-SPTECH";"ram";"ram_Usada";"GB";"2022-11-08 15:13:13";6.06
"Servidor-SPTECH";"ram";"ram_Usada";"GB";"2022-11-08 15:13:12";6.07
"Servidor-SPTECH";"ram";"ram_Usada";"GB";"2022-11-08 15:13:10";6.07
"Servidor-SPTECH";"ram";"ram_Usada";"GB";"2022-11-08 15:13:09";6.07
"Servidor-SPTECH";"ram";"ram_Usada";"GB";"2022-11-08 15:13:07";6.07
"Servidor-SPTECH";"ram";"ram_Usada";"GB";"2022-11-08 15:13:05";6.06
"Servidor-SPTECH";"ram";"ram_Usada";"GB";"2022-11-08 15:13:04";6.06
"Servidor-SPTECH";"ram";"ram_Usada";"GB";"2022-11-08 15:13:02";6.06
"Servidor-SPTECH";"ram";"ram_Usada";"GB";"2022-11-08 15:13:01";6.06
"Servidor-SPTECH";"ram";"ram_Usada";"GB";"2022-11-08 15:12:59";6.06
"Servidor-SPTECH";"ram";"ram_Usada";"GB";"2022-11-08 15:12:57";6.06
"Servidor-SPTECH";"ram";"ram_Usada";"GB";"2022-11-08 15:12:56";6.07
"Servidor-SPTECH";"ram";"ram_Usada";"GB";"2022-11-08 15:12:54";6.07
"Servidor-SPTECH";"ram";"ram_Usada";"GB";"2022-11-08 15:12:53";6.08
"Servidor-SPTECH";"ram";"ram_Usada";"GB";"2022-11-08 15:12:51";6.08
"Servidor-SPTECH";"ram";"ram_Usada";"GB";"2022-11-08 15:12:49";6.08
"Servidor-SPTECH";"ram";"ram_Usada";"GB";"2022-11-08 15:12:48";6.13
"Servidor-SPTECH";"ram";"ram_Usada";"GB";"2022-11-08 15:12:46";6.13
"Servidor-SPTECH";"ram";"ram_Usada";"GB";"2022-11-08 15:12:45";6.16
"Servidor-SPTECH";"ram";"ram_Usada";"GB";"2022-11-08 15:12:43";6.18
"Servidor-SPTECH";"ram";"ram_Usada";"GB";"2022-11-08 15:12:42";6.19
"Servidor-SPTECH";"ram";"ram_Usada";"GB";"2022-11-08 15:12:40";6.18
"Servidor-SPTECH";"ram";"ram_Usada";"GB";"2022-11-08 15:12:38";6.19
"Servidor-SPTECH";"ram";"ram_Usada";"GB";"2022-11-08 15:12:37";6.19
"Servidor-SPTECH";"ram";"ram_Usada";"GB";"2022-11-08 15:12:35";6.2
"Servidor-SPTECH";"ram";"ram_Usada";"GB";"2022-11-08 15:12:34";6.2
"Servidor-SPTECH";"ram";"ram_Usada";"GB";"2022-11-08 15:12:32";6.18
"Servidor-SPTECH";"ram";"ram_Usada";"GB";"2022-11-08 15:12:31";6.17
"Servidor-SPTECH";"ram";"ram_Usada";"GB";"2022-11-08 15:12:29";6.17
"Servidor-SPTECH";"ram";"ram_Usada";"GB";"2022-11-08 15:12:27";6.17
"Servidor-SPTECH";"ram";"ram_Usada";"GB";"2022-11-08 15:12:26";6.18
"Servidor-SPTECH";"ram";"ram_Usada";"GB";"2022-11-08 15:12:24";6.18
"Servidor-SPTECH";"ram";"ram_Usada";"GB";"2022-11-08 15:12:22";6.16
"Servidor-SPTECH";"ram";"ram_Usada";"GB";"2022-11-08 15:12:21";6.16
"Servidor-SPTECH";"ram";"ram_Usada";"GB";"2022-11-08 15:12:19";6.14
"Servidor-SPTECH";"ram";"ram_Usada";"GB";"2022-11-08 15:12:17";6.14
"Servidor-SPTECH";"ram";"ram_Usada";"GB";"2022-11-08 15:12:16";6.14
"Servidor-SPTECH";"ram";"ram_Usada";"GB";"2022-11-08 15:12:14";6.08
"Servidor-SPTECH";"ram";"ram_Usada";"GB";"2022-11-08 15:12:12";6.15
"Servidor-SPTECH";"ram";"ram_Usada";"GB";"2022-11-08 15:12:11";6.15
"Servidor-SPTECH";"ram";"ram_Usada";"GB";"2022-11-08 15:12:09";6.16
"Servidor-SPTECH";"ram";"ram_Usada";"GB";"2022-11-08 15:12:08";6.17
"Servidor-SPTECH";"ram";"ram_Usada";"GB";"2022-11-08 15:12:06";6.14
"Servidor-SPTECH";"ram";"ram_Usada";"GB";"2022-11-08 15:12:04";6.15
"Servidor-SPTECH";"ram";"ram_Usada";"GB";"2022-11-08 15:12:03";6.16
"Servidor-SPTECH";"ram";"ram_Usada";"GB";"2022-11-08 15:12:01";6.17
"Servidor-SPTECH";"ram";"ram_Usada";"GB";"2022-11-08 15:11:59";6.15
"Servidor-SPTECH";"ram";"ram_Usada";"GB";"2022-11-08 15:11:58";6.14
"Servidor-SPTECH";"ram";"ram_Usada";"GB";"2022-11-08 15:11:56";6.11
"Servidor-SPTECH";"ram";"ram_Usada";"GB";"2022-11-08 15:11:55";6.14
"Servidor-SPTECH";"ram";"ram_Usada";"GB";"2022-11-08 15:11:53";6.14
"Servidor-SPTECH";"ram";"ram_Usada";"GB";"2022-11-08 15:11:51";6.12
"Servidor-SPTECH";"ram";"ram_Usada";"GB";"2022-11-08 15:11:50";6.14
"Servidor-SPTECH";"ram";"ram_Usada";"GB";"2022-11-08 15:11:48";6.13
"Servidor-SPTECH";"ram";"ram_Usada";"GB";"2022-11-08 15:11:47";6.13
"Servidor-SPTECH";"ram";"ram_Usada";"GB";"2022-11-08 15:11:45";6.16
"Servidor-SPTECH";"ram";"ram_Usada";"GB";"2022-11-08 15:11:43";6.16
"Servidor-SPTECH";"ram";"ram_Usada";"GB";"2022-11-08 15:11:42";6.15
"Servidor-SPTECH";"ram";"ram_Usada";"GB";"2022-11-08 15:11:40";6.17
"Servidor-SPTECH";"ram";"ram_Usada";"GB";"2022-11-08 15:11:39";6.17
"Servidor-SPTECH";"ram";"ram_Usada";"GB";"2022-11-08 15:11:37";6.16
"Servidor-SPTECH";"ram";"ram_Usada";"GB";"2022-11-08 15:11:35";6.16
"Servidor-SPTECH";"ram";"ram_Usada";"GB";"2022-11-08 15:11:34";6.16
"Servidor-SPTECH";"ram";"ram_Usada";"GB";"2022-11-08 15:11:32";6.15
"Servidor-SPTECH";"ram";"ram_Usada";"GB";"2022-11-08 15:11:30";6.15
"Servidor-SPTECH";"ram";"ram_Usada";"GB";"2022-11-08 15:11:29";6.13
"Servidor-SPTECH";"ram";"ram_Usada";"GB";"2022-11-08 15:11:27";6.13
"Servidor-SPTECH";"ram";"ram_Usada";"GB";"2022-11-08 15:11:26";6.12
"Servidor-SPTECH";"ram";"ram_Usada";"GB";"2022-11-08 15:11:24";6.13
"Servidor-SPTECH";"ram";"ram_Usada";"GB";"2022-11-08 15:11:22";6.13
"Servidor-SPTECH";"ram";"ram_Usada";"GB";"2022-11-08 15:11:21";6.17
"Servidor-SPTECH";"ram";"ram_Usada";"GB";"2022-11-08 15:11:19";6.18
"Servidor-SPTECH";"ram";"ram_Usada";"GB";"2022-11-08 15:11:18";6.17
"Servidor-SPTECH";"ram";"ram_Usada";"GB";"2022-11-08 15:11:16";6.18
"Servidor-SPTECH";"ram";"ram_Usada";"GB";"2022-11-08 15:11:14";6.18
"Servidor-SPTECH";"ram";"ram_Usada";"GB";"2022-11-08 15:11:13";6.19
"Servidor-SPTECH";"ram";"ram_Usada";"GB";"2022-11-08 15:11:11";6.19
"Servidor-SPTECH";"ram";"ram_Usada";"GB";"2022-11-08 15:11:10";6.17
"Servidor-SPTECH";"ram";"ram_Usada";"GB";"2022-11-08 15:11:08";6.17
"Servidor-SPTECH";"ram";"ram_Usada";"GB";"2022-11-08 15:11:06";6.18
"Servidor-SPTECH";"ram";"ram_Usada";"GB";"2022-11-08 15:11:05";6.18
"Servidor-SPTECH";"ram";"ram_Usada";"GB";"2022-11-08 15:11:03";6.16
"Servidor-SPTECH";"ram";"ram_Usada";"GB";"2022-11-08 15:11:02";6.15
"Servidor-SPTECH";"ram";"ram_Usada";"GB";"2022-11-08 15:11:00";6.14
"Servidor-SPTECH";"ram";"ram_Usada";"GB";"2022-11-08 15:10:58";6.13
"Servidor-SPTECH";"ram";"ram_Usada";"GB";"2022-11-08 15:10:57";6.13
"Servidor-SPTECH";"ram";"ram_Usada";"GB";"2022-11-08 15:10:55";6.15
"Servidor-SPTECH";"ram";"ram_Usada";"GB";"2022-11-08 15:10:54";6.15
"Servidor-SPTECH";"ram";"ram_Usada";"GB";"2022-11-08 15:10:52";6.15
"Servidor-SPTECH";"ram";"ram_Usada";"GB";"2022-11-08 15:10:50";6.16
"Servidor-SPTECH";"ram";"ram_Usada";"GB";"2022-11-08 15:10:49";6.15
"Servidor-SPTECH";"ram";"ram_Usada";"GB";"2022-11-08 15:10:47";6.15
"Servidor-SPTECH";"ram";"ram_Usada";"GB";"2022-11-08 15:10:45";6.14
"Servidor-SPTECH";"ram";"ram_Usada";"GB";"2022-11-08 15:10:44";6.15
"Servidor-SPTECH";"ram";"ram_Usada";"GB";"2022-11-08 15:10:42";6.18
"Servidor-SPTECH";"ram";"ram_Usada";"GB";"2022-11-08 15:10:40";6.17
"Servidor-SPTECH";"ram";"ram_Usada";"GB";"2022-11-08 15:10:39";6.16
"Servidor-SPTECH";"ram";"ram_Usada";"GB";"2022-11-08 15:10:37";6.14
"Servidor-SPTECH";"ram";"ram_Usada";"GB";"2022-11-08 15:10:36";6.12
"Servidor-SPTECH";"ram";"ram_Usada";"GB";"2022-11-08 15:10:34";6.13
"Servidor-SPTECH";"ram";"ram_Usada";"GB";"2022-11-08 15:10:32";6.13
"Servidor-SPTECH";"ram";"ram_Usada";"GB";"2022-11-08 15:10:31";6.11
"Servidor-SPTECH";"ram";"ram_Usada";"GB";"2022-11-08 15:10:29";6.15
"Servidor-SPTECH";"ram";"ram_Usada";"GB";"2022-11-08 15:10:27";6.15
"Servidor-SPTECH";"ram";"ram_Usada";"GB";"2022-11-08 15:10:26";6.15
"Servidor-SPTECH";"ram";"ram_Usada";"GB";"2022-11-08 15:10:24";6.16
"Servidor-SPTECH";"ram";"ram_Usada";"GB";"2022-11-08 15:10:23";6.14
"Servidor-SPTECH";"ram";"ram_Usada";"GB";"2022-11-08 15:10:21";6.14
"Servidor-SPTECH";"ram";"ram_Usada";"GB";"2022-11-08 15:10:19";6.14
"Servidor-SPTECH";"ram";"ram_Usada";"GB";"2022-11-08 15:10:18";6.14
"Servidor-SPTECH";"ram";"ram_Usada";"GB";"2022-11-08 15:10:16";6.14
"Servidor-SPTECH";"ram";"ram_Usada";"GB";"2022-11-08 15:10:14";6.14
"Servidor-SPTECH";"ram";"ram_Usada";"GB";"2022-11-08 15:10:13";6.14
"Servidor-SPTECH";"ram";"ram_Usada";"GB";"2022-11-08 15:10:11";6.14
"Servidor-SPTECH";"ram";"ram_Usada";"GB";"2022-11-08 15:10:10";6.16
"Servidor-SPTECH";"ram";"ram_Usada";"GB";"2022-11-08 15:10:08";6.16
"Servidor-SPTECH";"ram";"ram_Usada";"GB";"2022-11-08 15:10:07";6.15
"Servidor-SPTECH";"ram";"ram_Usada";"GB";"2022-11-08 15:10:05";6.16
"Servidor-SPTECH";"ram";"ram_Usada";"GB";"2022-11-08 15:10:03";6.17
"Servidor-SPTECH";"ram";"ram_Usada";"GB";"2022-11-08 15:10:02";6.16
"Servidor-SPTECH";"ram";"ram_Usada";"GB";"2022-11-08 15:10:00";6.17
"Servidor-SPTECH";"ram";"ram_Usada";"GB";"2022-11-08 15:09:59";6.13
"Servidor-SPTECH";"ram";"ram_Usada";"GB";"2022-11-08 15:09:57";6.14
"Servidor-SPTECH";"ram";"ram_Usada";"GB";"2022-11-08 15:09:55";6.14
"Servidor-SPTECH";"ram";"ram_Usada";"GB";"2022-11-08 15:09:54";6.15
"Servidor-SPTECH";"ram";"ram_Usada";"GB";"2022-11-08 15:09:52";6.15
"Servidor-SPTECH";"ram";"ram_Usada";"GB";"2022-11-08 15:09:50";6.11
"Servidor-SPTECH";"ram";"ram_Usada";"GB";"2022-11-08 15:09:49";6.15
"Servidor-SPTECH";"ram";"ram_Usada";"GB";"2022-11-08 15:09:47";6.16
"Servidor-SPTECH";"ram";"ram_Usada";"GB";"2022-11-08 15:09:45";6.13
"Servidor-SPTECH";"ram";"ram_Usada";"GB";"2022-11-08 15:09:44";6.14
"Servidor-SPTECH";"ram";"ram_Usada";"GB";"2022-11-08 15:09:42";6.1
"Servidor-SPTECH";"ram";"ram_Usada";"GB";"2022-11-08 15:09:40";6.12
"Servidor-SPTECH";"ram";"ram_Usada";"GB";"2022-11-08 15:09:39";6.15
"Servidor-SPTECH";"ram";"ram_Usada";"GB";"2022-11-08 15:09:37";6.15
"Servidor-SPTECH";"ram";"ram_Usada";"GB";"2022-11-08 15:09:36";6.15
"Servidor-SPTECH";"ram";"ram_Usada";"GB";"2022-11-08 15:09:34";6.17
"Servidor-SPTECH";"ram";"ram_Usada";"GB";"2022-11-08 15:09:32";6.17
"Servidor-SPTECH";"ram";"ram_Usada";"GB";"2022-11-08 15:09:31";6.17
"Servidor-SPTECH";"ram";"ram_Usada";"GB";"2022-11-08 15:09:29";6.17
"Servidor-SPTECH";"ram";"ram_Usada";"GB";"2022-11-08 15:09:27";6.09
"Servidor-SPTECH";"ram";"ram_Usada";"GB";"2022-11-08 15:09:26";6.09
"Servidor-SPTECH";"ram";"ram_Usada";"GB";"2022-11-08 15:09:24";6.09
"Servidor-SPTECH";"ram";"ram_Usada";"GB";"2022-11-08 15:09:23";6.1
"Servidor-SPTECH";"ram";"ram_Usada";"GB";"2022-11-08 15:09:21";6.13
"Servidor-SPTECH";"ram";"ram_Usada";"GB";"2022-11-08 15:09:19";6.13
"Servidor-SPTECH";"ram";"ram_Usada";"GB";"2022-11-08 15:09:18";6.16
"Servidor-SPTECH";"ram";"ram_Usada";"GB";"2022-11-08 15:09:16";6.18
"Servidor-SPTECH";"ram";"ram_Usada";"GB";"2022-11-08 15:09:14";6.18
"Servidor-SPTECH";"ram";"ram_Usada";"GB";"2022-11-08 15:09:13";6.16
"Servidor-SPTECH";"ram";"ram_Usada";"GB";"2022-11-08 15:09:11";6.17
"Servidor-SPTECH";"ram";"ram_Usada";"GB";"2022-11-08 15:09:09";6.18
"Servidor-SPTECH";"ram";"ram_Usada";"GB";"2022-11-08 15:09:08";6.19
"Servidor-SPTECH";"ram";"ram_Usada";"GB";"2022-11-08 15:09:06";6.17
"Servidor-SPTECH";"ram";"ram_Usada";"GB";"2022-11-08 15:09:04";6.09
"Servidor-SPTECH";"ram";"ram_Usada";"GB";"2022-11-08 15:09:03";6.11
"Servidor-SPTECH";"ram";"ram_Usada";"GB";"2022-11-08 15:09:01";6.19
"Servidor-SPTECH";"ram";"ram_Usada";"GB";"2022-11-08 15:08:59";6.34
"Servidor-SPTECH";"ram";"ram_Usada";"GB";"2022-11-08 15:08:58";6.35
"Servidor-SPTECH";"ram";"ram_Usada";"GB";"2022-11-08 15:08:56";6.42
"Servidor-SPTECH";"ram";"ram_Usada";"GB";"2022-11-08 15:08:55";6.67
"Servidor-SPTECH";"ram";"ram_Usada";"GB";"2022-11-08 15:08:53";6.65
"Servidor-SPTECH";"ram";"ram_Usada";"GB";"2022-11-08 15:08:51";6.61
"Servidor-SPTECH";"ram";"ram_Usada";"GB";"2022-11-08 15:08:50";6.62
"Servidor-SPTECH";"ram";"ram_Usada";"GB";"2022-11-08 15:08:48";6.61
"Servidor-SPTECH";"ram";"ram_Usada";"GB";"2022-11-08 15:08:46";6.61
"Servidor-SPTECH";"ram";"ram_Usada";"GB";"2022-11-08 15:08:45";6.62
"Servidor-SPTECH";"ram";"ram_Usada";"GB";"2022-11-08 15:08:43";6.66
"Servidor-SPTECH";"ram";"ram_Usada";"GB";"2022-11-08 15:08:41";6.65
"Servidor-SPTECH";"ram";"ram_Usada";"GB";"2022-11-08 15:08:40";6.66
"Servidor-SPTECH";"ram";"ram_Usada";"GB";"2022-11-08 15:08:38";6.66
"Servidor-SPTECH";"ram";"ram_Usada";"GB";"2022-11-08 15:08:36";6.65
"Servidor-SPTECH";"ram";"ram_Usada";"GB";"2022-11-08 15:08:35";6.65
"Servidor-SPTECH";"ram";"ram_Usada";"GB";"2022-11-08 15:08:33";6.61
"Servidor-SPTECH";"ram";"ram_Usada";"GB";"2022-11-08 15:08:31";6.66
"Servidor-SPTECH";"ram";"ram_Usada";"GB";"2022-11-08 15:08:30";6.66
"Servidor-SPTECH";"ram";"ram_Usada";"GB";"2022-11-08 15:08:28";6.67
"Servidor-SPTECH";"ram";"ram_Usada";"GB";"2022-11-08 15:08:27";6.69
"Servidor-SPTECH";"ram";"ram_Usada";"GB";"2022-11-08 15:08:25";6.7
"Servidor-SPTECH";"ram";"ram_Usada";"GB";"2022-11-08 15:08:23";6.66
"Servidor-SPTECH";"ram";"ram_Usada";"GB";"2022-11-08 15:08:22";6.67
"Servidor-SPTECH";"ram";"ram_Usada";"GB";"2022-11-08 15:08:20";6.7
"Servidor-SPTECH";"ram";"ram_Usada";"GB";"2022-11-08 15:08:19";6.7
"Servidor-SPTECH";"ram";"ram_Usada";"GB";"2022-11-08 15:08:17";6.7
"Servidor-SPTECH";"ram";"ram_Usada";"GB";"2022-11-08 15:08:15";6.69
"Servidor-SPTECH";"ram";"ram_Usada";"GB";"2022-11-08 15:08:14";6.67
"Servidor-SPTECH";"ram";"ram_Usada";"GB";"2022-11-08 15:08:12";6.63
"Servidor-SPTECH";"ram";"ram_Usada";"GB";"2022-11-08 15:08:11";6.61
"Servidor-SPTECH";"ram";"ram_Usada";"GB";"2022-11-08 15:08:09";6.62
"Servidor-SPTECH";"ram";"ram_Usada";"GB";"2022-11-08 15:08:07";6.62
"Servidor-SPTECH";"ram";"ram_Usada";"GB";"2022-11-08 15:08:06";6.63
"Servidor-SPTECH";"ram";"ram_Usada";"GB";"2022-11-08 15:08:04";6.47
"Servidor-SPTECH";"ram";"ram_Usada";"GB";"2022-11-08 15:08:02";6.47
"Servidor-SPTECH";"ram";"ram_Usada";"GB";"2022-11-08 15:08:01";6.47
"Servidor-SPTECH";"ram";"ram_Usada";"GB";"2022-11-08 15:07:59";6.47
"Servidor-SPTECH";"ram";"ram_Usada";"GB";"2022-11-08 15:07:57";6.47
"Servidor-SPTECH";"ram";"ram_Usada";"GB";"2022-11-08 15:07:56";6.47
"Servidor-SPTECH";"ram";"ram_Usada";"GB";"2022-11-08 15:07:54";6.47
"Servidor-SPTECH";"ram";"ram_Usada";"GB";"2022-11-08 15:07:53";6.47
"Servidor-SPTECH";"ram";"ram_Usada";"GB";"2022-11-08 15:07:51";6.48
"Servidor-SPTECH";"ram";"ram_Usada";"GB";"2022-11-08 15:07:49";6.48
"Servidor-SPTECH";"ram";"ram_Usada";"GB";"2022-11-08 15:07:48";6.48
"Servidor-SPTECH";"ram";"ram_Usada";"GB";"2022-11-08 15:07:46";6.49
"Servidor-SPTECH";"ram";"ram_Usada";"GB";"2022-11-08 15:07:45";6.5
"Servidor-SPTECH";"ram";"ram_Usada";"GB";"2022-11-08 15:07:43";6.52
"Servidor-SPTECH";"ram";"ram_Usada";"GB";"2022-11-08 15:07:41";6.52
"Servidor-SPTECH";"ram";"ram_Usada";"GB";"2022-11-08 15:07:40";6.51
"Servidor-SPTECH";"ram";"ram_Usada";"GB";"2022-11-08 15:07:38";6.51
"Servidor-SPTECH";"ram";"ram_Usada";"GB";"2022-11-08 15:07:36";6.52
"Servidor-SPTECH";"ram";"ram_Usada";"GB";"2022-11-08 15:07:35";6.57
"Servidor-SPTECH";"ram";"ram_Usada";"GB";"2022-11-08 15:07:33";6.72
"Servidor-SPTECH";"ram";"ram_Usada";"GB";"2022-11-08 15:07:32";6.72
"Servidor-SPTECH";"ram";"ram_Usada";"GB";"2022-11-08 15:07:30";6.72
"Servidor-SPTECH";"ram";"ram_Usada";"GB";"2022-11-08 15:07:28";6.71
"Servidor-SPTECH";"ram";"ram_Usada";"GB";"2022-11-08 15:07:27";6.61
"Servidor-SPTECH";"ram";"ram_Usada";"GB";"2022-11-08 15:07:25";6.6
"Servidor-SPTECH";"ram";"ram_Usada";"GB";"2022-11-08 15:07:23";6.6
"Servidor-SPTECH";"ram";"ram_Usada";"GB";"2022-11-08 15:07:22";6.62
"Servidor-SPTECH";"ram";"ram_Usada";"GB";"2022-11-08 15:07:20";6.62
"Servidor-SPTECH";"ram";"ram_Usada";"GB";"2022-11-08 15:07:19";6.64
"Servidor-SPTECH";"ram";"ram_Usada";"GB";"2022-11-08 15:07:17";6.65
"Servidor-SPTECH";"ram";"ram_Usada";"GB";"2022-11-08 15:07:15";6.65
"Servidor-SPTECH";"ram";"ram_Usada";"GB";"2022-11-08 15:07:14";6.68
"Servidor-SPTECH";"ram";"ram_Usada";"GB";"2022-11-08 15:07:12";6.67
"Servidor-SPTECH";"ram";"ram_Usada";"GB";"2022-11-08 15:07:10";6.62
"Servidor-SPTECH";"ram";"ram_Usada";"GB";"2022-11-08 15:07:08";6.63
"Servidor-SPTECH";"ram";"ram_Usada";"GB";"2022-11-08 15:07:07";6.49
"Servidor-SPTECH";"ram";"ram_Usada";"GB";"2022-11-08 15:07:05";6.52
"Servidor-SPTECH";"ram";"ram_Usada";"GB";"2022-11-08 15:07:04";6.53
"Servidor-SPTECH";"ram";"ram_Usada";"GB";"2022-11-08 15:07:02";6.68
"Servidor-SPTECH";"ram";"ram_Usada";"GB";"2022-11-08 15:07:00";6.68
"Servidor-SPTECH";"ram";"ram_Usada";"GB";"2022-11-08 15:06:59";6.68
"Servidor-SPTECH";"ram";"ram_Usada";"GB";"2022-11-08 15:06:57";6.67
"Servidor-SPTECH";"ram";"ram_Usada";"GB";"2022-11-08 15:06:55";6.65
"Servidor-SPTECH";"ram";"ram_Usada";"GB";"2022-11-08 15:06:54";6.49
"Servidor-SPTECH";"ram";"ram_Usada";"GB";"2022-11-08 15:06:52";6.51
"Servidor-SPTECH";"ram";"ram_Usada";"GB";"2022-11-08 15:06:50";6.49
"Servidor-SPTECH";"ram";"ram_Usada";"GB";"2022-11-08 15:06:49";6.51
"Servidor-SPTECH";"ram";"ram_Usada";"GB";"2022-11-08 15:06:47";6.52
"Servidor-SPTECH";"ram";"ram_Usada";"GB";"2022-11-08 15:06:45";6.52
"Servidor-SPTECH";"ram";"ram_Usada";"GB";"2022-11-08 15:06:44";6.52
"Servidor-SPTECH";"ram";"ram_Usada";"GB";"2022-11-08 15:06:42";6.54
"Servidor-SPTECH";"ram";"ram_Usada";"GB";"2022-11-08 15:06:41";6.54
"Servidor-SPTECH";"ram";"ram_Usada";"GB";"2022-11-08 15:06:39";6.55
"Servidor-SPTECH";"ram";"ram_Usada";"GB";"2022-11-08 15:06:37";6.56
"Servidor-SPTECH";"ram";"ram_Usada";"GB";"2022-11-08 15:06:36";6.55
"Servidor-SPTECH";"ram";"ram_Usada";"GB";"2022-11-08 15:06:34";6.55
"Servidor-SPTECH";"ram";"ram_Usada";"GB";"2022-11-08 15:06:32";6.56
"Servidor-SPTECH";"ram";"ram_Usada";"GB";"2022-11-08 15:06:31";6.55
"Servidor-SPTECH";"ram";"ram_Usada";"GB";"2022-11-08 15:06:29";6.55
"Servidor-SPTECH";"ram";"ram_Usada";"GB";"2022-11-08 15:06:28";6.56
"Servidor-SPTECH";"ram";"ram_Usada";"GB";"2022-11-08 15:06:26";6.53
"Servidor-SPTECH";"ram";"ram_Usada";"GB";"2022-11-08 15:06:24";6.53
"Servidor-SPTECH";"ram";"ram_Usada";"GB";"2022-11-08 15:06:23";6.58
"Servidor-SPTECH";"ram";"ram_Usada";"GB";"2022-11-08 15:06:21";6.58
"Servidor-SPTECH";"ram";"ram_Usada";"GB";"2022-11-08 15:06:19";6.57
"Servidor-SPTECH";"ram";"ram_Usada";"GB";"2022-11-08 15:06:17";6.57
"Servidor-SPTECH";"ram";"ram_Usada";"GB";"2022-11-08 15:06:16";6.58
"Servidor-SPTECH";"ram";"ram_Usada";"GB";"2022-11-08 15:06:14";6.58
"Servidor-SPTECH";"ram";"ram_Usada";"GB";"2022-11-08 15:06:13";6.59
"Servidor-SPTECH";"ram";"ram_Usada";"GB";"2022-11-08 15:06:11";6.66
"Servidor-SPTECH";"ram";"ram_Usada";"GB";"2022-11-08 15:06:09";6.66
"Servidor-SPTECH";"ram";"ram_Usada";"GB";"2022-11-08 15:06:08";6.66
"Servidor-SPTECH";"ram";"ram_Usada";"GB";"2022-11-08 15:06:06";6.68
"Servidor-SPTECH";"ram";"ram_Usada";"GB";"2022-11-08 15:06:04";6.67
"Servidor-SPTECH";"ram";"ram_Usada";"GB";"2022-11-08 15:06:03";6.65
"Servidor-SPTECH";"ram";"ram_Usada";"GB";"2022-11-08 15:06:01";6.62
"Servidor-SPTECH";"ram";"ram_Usada";"GB";"2022-11-08 15:05:59";6.44
"Servidor-SPTECH";"ram";"ram_Usada";"GB";"2022-11-08 15:05:58";6.4
"Servidor-SPTECH";"ram";"ram_Usada";"GB";"2022-11-08 15:05:56";6.4
"Servidor-SPTECH";"ram";"ram_Usada";"GB";"2022-11-08 15:05:55";6.4
"Servidor-SPTECH";"ram";"ram_Usada";"GB";"2022-11-08 15:05:53";6.4
"Servidor-SPTECH";"ram";"ram_Usada";"GB";"2022-11-08 15:05:52";6.4
"Servidor-SPTECH";"ram";"ram_Usada";"GB";"2022-11-08 15:05:50";6.41
"Servidor-SPTECH";"ram";"ram_Usada";"GB";"2022-11-08 15:05:48";6.4
"Servidor-SPTECH";"ram";"ram_Usada";"GB";"2022-11-08 15:05:47";6.4
"Servidor-SPTECH";"ram";"ram_Usada";"GB";"2022-11-08 15:05:45";6.4
"Servidor-SPTECH";"ram";"ram_Usada";"GB";"2022-11-08 15:05:43";6.41
"Servidor-SPTECH";"ram";"ram_Usada";"GB";"2022-11-08 15:05:42";6.42
"Servidor-SPTECH";"ram";"ram_Usada";"GB";"2022-11-08 15:05:40";6.43
"Servidor-SPTECH";"ram";"ram_Usada";"GB";"2022-11-08 15:05:39";6.42
"Servidor-SPTECH";"ram";"ram_Usada";"GB";"2022-11-08 15:05:37";6.43
"Servidor-SPTECH";"ram";"ram_Usada";"GB";"2022-11-08 15:05:35";6.42
"Servidor-SPTECH";"ram";"ram_Usada";"GB";"2022-11-08 15:05:34";6.42
"Servidor-SPTECH";"ram";"ram_Usada";"GB";"2022-11-08 15:05:32";6.43
"Servidor-SPTECH";"ram";"ram_Usada";"GB";"2022-11-08 15:05:30";6.42
"Servidor-SPTECH";"ram";"ram_Usada";"GB";"2022-11-08 15:05:29";6.42
"Servidor-SPTECH";"ram";"ram_Usada";"GB";"2022-11-08 15:05:27";6.42
"Servidor-SPTECH";"ram";"ram_Usada";"GB";"2022-11-08 15:05:26";6.42
"Servidor-SPTECH";"ram";"ram_Usada";"GB";"2022-11-08 15:05:24";6.42
"Servidor-SPTECH";"ram";"ram_Usada";"GB";"2022-11-08 15:05:22";6.42
"Servidor-SPTECH";"ram";"ram_Usada";"GB";"2022-11-08 15:05:21";6.42
"Servidor-SPTECH";"ram";"ram_Usada";"GB";"2022-11-08 15:05:19";6.42
"Servidor-SPTECH";"ram";"ram_Usada";"GB";"2022-11-08 15:05:17";6.42
"Servidor-SPTECH";"ram";"ram_Usada";"GB";"2022-11-08 15:05:16";6.42
"Servidor-SPTECH";"ram";"ram_Usada";"GB";"2022-11-08 15:05:14";6.46
"Servidor-SPTECH";"ram";"ram_Usada";"GB";"2022-11-08 15:05:13";6.46
"Servidor-SPTECH";"ram";"ram_Usada";"GB";"2022-11-08 15:05:11";6.58
"Servidor-SPTECH";"ram";"ram_Usada";"GB";"2022-11-08 15:05:09";6.59
"Servidor-SPTECH";"ram";"ram_Usada";"GB";"2022-11-08 15:05:08";6.6
"Servidor-SPTECH";"ram";"ram_Usada";"GB";"2022-11-08 15:05:06";6.62
"Servidor-SPTECH";"ram";"ram_Usada";"GB";"2022-11-08 15:05:04";6.56
"Servidor-SPTECH";"ram";"ram_Usada";"GB";"2022-11-08 15:05:03";6.57
"Servidor-SPTECH";"ram";"ram_Usada";"GB";"2022-11-08 15:05:01";6.58
"Servidor-SPTECH";"ram";"ram_Usada";"GB";"2022-11-08 15:04:59";6.6
"Servidor-SPTECH";"ram";"ram_Usada";"GB";"2022-11-08 15:04:58";6.61
"Servidor-SPTECH";"ram";"ram_Usada";"GB";"2022-11-08 15:04:56";6.6
"Servidor-SPTECH";"ram";"ram_Usada";"GB";"2022-11-08 15:04:54";6.56
"Servidor-SPTECH";"ram";"ram_Usada";"GB";"2022-11-08 15:04:52";6.41
"Servidor-SPTECH";"ram";"ram_Usada";"GB";"2022-11-08 15:04:51";6.42
"Servidor-SPTECH";"ram";"ram_Usada";"GB";"2022-11-08 15:04:49";6.41
"Servidor-SPTECH";"ram";"ram_Usada";"GB";"2022-11-08 15:04:47";6.44
"Servidor-SPTECH";"ram";"ram_Usada";"GB";"2022-11-08 15:04:46";6.58
"Servidor-SPTECH";"ram";"ram_Usada";"GB";"2022-11-08 15:04:44";6.58
"Servidor-SPTECH";"ram";"ram_Usada";"GB";"2022-11-08 15:04:42";6.63
"Servidor-SPTECH";"ram";"ram_Usada";"GB";"2022-11-08 15:04:41";6.62
"Servidor-SPTECH";"ram";"ram_Usada";"GB";"2022-11-08 15:04:39";6.48
"Servidor-SPTECH";"ram";"ram_Usada";"GB";"2022-11-08 15:04:37";6.48
"Servidor-SPTECH";"ram";"ram_Usada";"GB";"2022-11-08 15:04:36";6.48
"Servidor-SPTECH";"ram";"ram_Usada";"GB";"2022-11-08 15:04:34";6.48
"Servidor-SPTECH";"ram";"ram_Usada";"GB";"2022-11-08 15:04:32";6.49
"Servidor-SPTECH";"ram";"ram_Usada";"GB";"2022-11-08 15:04:31";6.47
"Servidor-SPTECH";"ram";"ram_Usada";"GB";"2022-11-08 15:04:29";6.48
"Servidor-SPTECH";"ram";"ram_Usada";"GB";"2022-11-08 15:04:27";6.44
"Servidor-SPTECH";"ram";"ram_Usada";"GB";"2022-11-08 15:04:26";6.47
"Servidor-SPTECH";"ram";"ram_Usada";"GB";"2022-11-08 15:04:24";6.47
"Servidor-SPTECH";"ram";"ram_Usada";"GB";"2022-11-08 15:04:22";6.47
"Servidor-SPTECH";"ram";"ram_Usada";"GB";"2022-11-08 15:04:21";6.48
"Servidor-SPTECH";"ram";"ram_Usada";"GB";"2022-11-08 15:04:19";6.47
"Servidor-SPTECH";"ram";"ram_Usada";"GB";"2022-11-08 15:04:18";6.5
"Servidor-SPTECH";"ram";"ram_Usada";"GB";"2022-11-08 15:04:16";6.52
"Servidor-SPTECH";"ram";"ram_Usada";"GB";"2022-11-08 15:04:14";6.48
"Servidor-SPTECH";"ram";"ram_Usada";"GB";"2022-11-08 15:04:13";6.52
"Servidor-SPTECH";"ram";"ram_Usada";"GB";"2022-11-08 15:04:11";6.53
"Servidor-SPTECH";"ram";"ram_Usada";"GB";"2022-11-08 15:04:09";6.54
"Servidor-SPTECH";"ram";"ram_Usada";"GB";"2022-11-08 15:04:08";6.54
"Servidor-SPTECH";"ram";"ram_Usada";"GB";"2022-11-08 15:04:06";6.54
"Servidor-SPTECH";"ram";"ram_Usada";"GB";"2022-11-08 15:04:05";6.53
"Servidor-SPTECH";"ram";"ram_Usada";"GB";"2022-11-08 15:04:03";6.53
"Servidor-SPTECH";"ram";"ram_Usada";"GB";"2022-11-08 15:04:01";6.51
"Servidor-SPTECH";"ram";"ram_Usada";"GB";"2022-11-08 15:04:00";6.52
"Servidor-SPTECH";"ram";"ram_Usada";"GB";"2022-11-08 15:03:58";6.52
"Servidor-SPTECH";"ram";"ram_Usada";"GB";"2022-11-08 15:03:56";6.54
"Servidor-SPTECH";"ram";"ram_Usada";"GB";"2022-11-08 15:03:55";6.57
"Servidor-SPTECH";"ram";"ram_Usada";"GB";"2022-11-08 15:03:53";6.57
"Servidor-SPTECH";"ram";"ram_Usada";"GB";"2022-11-08 15:03:51";6.57
"Servidor-SPTECH";"ram";"ram_Usada";"GB";"2022-11-08 15:03:50";6.55
"Servidor-SPTECH";"ram";"ram_Usada";"GB";"2022-11-08 15:03:48";6.56
"Servidor-SPTECH";"ram";"ram_Usada";"GB";"2022-11-08 15:03:47";6.55
"Servidor-SPTECH";"ram";"ram_Usada";"GB";"2022-11-08 15:03:45";6.55
"Servidor-SPTECH";"ram";"ram_Usada";"GB";"2022-11-08 15:03:43";6.58
"Servidor-SPTECH";"ram";"ram_Usada";"GB";"2022-11-08 15:03:42";6.54
"Servidor-SPTECH";"ram";"ram_Usada";"GB";"2022-11-08 15:03:40";6.57
"Servidor-SPTECH";"ram";"ram_Usada";"GB";"2022-11-08 15:03:38";6.57
"Servidor-SPTECH";"ram";"ram_Usada";"GB";"2022-11-08 15:03:37";6.58
"Servidor-SPTECH";"ram";"ram_Usada";"GB";"2022-11-08 15:03:35";6.58
"Servidor-SPTECH";"ram";"ram_Usada";"GB";"2022-11-08 15:03:33";6.57
"Servidor-SPTECH";"ram";"ram_Usada";"GB";"2022-11-08 15:03:32";6.57
"Servidor-SPTECH";"ram";"ram_Usada";"GB";"2022-11-08 15:03:30";6.57
"Servidor-SPTECH";"ram";"ram_Usada";"GB";"2022-11-08 15:03:29";6.55
"Servidor-SPTECH";"ram";"ram_Usada";"GB";"2022-11-08 15:03:27";6.54
"Servidor-SPTECH";"ram";"ram_Usada";"GB";"2022-11-08 15:03:25";6.55
"Servidor-SPTECH";"ram";"ram_Usada";"GB";"2022-11-08 15:03:24";6.55
"Servidor-SPTECH";"ram";"ram_Usada";"GB";"2022-11-08 15:03:22";6.56
"Servidor-SPTECH";"ram";"ram_Usada";"GB";"2022-11-08 15:03:20";6.56
"Servidor-SPTECH";"ram";"ram_Usada";"GB";"2022-11-08 15:03:19";6.56
"Servidor-SPTECH";"ram";"ram_Usada";"GB";"2022-11-08 15:03:17";6.57
"Servidor-SPTECH";"ram";"ram_Usada";"GB";"2022-11-08 15:03:15";6.56
"Servidor-SPTECH";"ram";"ram_Usada";"GB";"2022-11-08 15:03:14";6.56
"Servidor-SPTECH";"ram";"ram_Usada";"GB";"2022-11-08 15:03:12";6.58
"Servidor-SPTECH";"ram";"ram_Usada";"GB";"2022-11-08 15:03:11";6.57
"Servidor-SPTECH";"ram";"ram_Usada";"GB";"2022-11-08 15:03:09";6.58
"Servidor-SPTECH";"ram";"ram_Usada";"GB";"2022-11-08 15:03:07";6.58
"Servidor-SPTECH";"ram";"ram_Usada";"GB";"2022-11-08 15:03:06";6.57
"Servidor-SPTECH";"ram";"ram_Usada";"GB";"2022-11-08 15:03:04";6.59
"Servidor-SPTECH";"ram";"ram_Usada";"GB";"2022-11-08 15:03:02";6.55
"Servidor-SPTECH";"ram";"ram_Usada";"GB";"2022-11-08 15:03:01";6.55
"Servidor-SPTECH";"ram";"ram_Usada";"GB";"2022-11-08 15:02:59";6.54
"Servidor-SPTECH";"ram";"ram_Usada";"GB";"2022-11-08 15:02:57";6.54
"Servidor-SPTECH";"ram";"ram_Usada";"GB";"2022-11-08 15:02:56";6.56
"Servidor-SPTECH";"ram";"ram_Usada";"GB";"2022-11-08 15:02:54";6.57
"Servidor-SPTECH";"ram";"ram_Usada";"GB";"2022-11-08 15:02:52";6.56
"Servidor-SPTECH";"ram";"ram_Usada";"GB";"2022-11-08 15:02:51";6.57
"Servidor-SPTECH";"ram";"ram_Usada";"GB";"2022-11-08 15:02:49";6.59
"Servidor-SPTECH";"ram";"ram_Usada";"GB";"2022-11-08 15:02:47";6.59
"Servidor-SPTECH";"ram";"ram_Usada";"GB";"2022-11-08 15:02:46";6.6
"Servidor-SPTECH";"ram";"ram_Usada";"GB";"2022-11-08 15:02:44";6.6
"Servidor-SPTECH";"ram";"ram_Usada";"GB";"2022-11-08 15:02:43";6.61
"Servidor-SPTECH";"ram";"ram_Usada";"GB";"2022-11-08 15:02:41";6.62
"Servidor-SPTECH";"ram";"ram_Usada";"GB";"2022-11-08 15:02:39";6.61
"Servidor-SPTECH";"ram";"ram_Usada";"GB";"2022-11-08 15:02:38";6.6
"Servidor-SPTECH";"ram";"ram_Usada";"GB";"2022-11-08 15:02:36";6.62
"Servidor-SPTECH";"ram";"ram_Usada";"GB";"2022-11-08 15:02:34";6.63
"Servidor-SPTECH";"ram";"ram_Usada";"GB";"2022-11-08 15:02:33";6.62
"Servidor-SPTECH";"ram";"ram_Usada";"GB";"2022-11-08 15:02:31";6.61
"Servidor-SPTECH";"ram";"ram_Usada";"GB";"2022-11-08 15:02:29";6.62
"Servidor-SPTECH";"ram";"ram_Usada";"GB";"2022-11-08 15:02:28";6.61
"Servidor-SPTECH";"ram";"ram_Usada";"GB";"2022-11-08 15:02:26";6.59
"Servidor-SPTECH";"ram";"ram_Usada";"GB";"2022-11-08 15:02:24";6.59
"Servidor-SPTECH";"ram";"ram_Usada";"GB";"2022-11-08 15:02:23";6.59
"Servidor-SPTECH";"ram";"ram_Usada";"GB";"2022-11-08 15:02:21";6.58
"Servidor-SPTECH";"ram";"ram_Usada";"GB";"2022-11-08 15:02:19";6.58
"Servidor-SPTECH";"ram";"ram_Usada";"GB";"2022-11-08 15:02:18";6.58
"Servidor-SPTECH";"ram";"ram_Usada";"GB";"2022-11-08 15:02:16";6.58
"Servidor-SPTECH";"ram";"ram_Usada";"GB";"2022-11-08 15:02:14";6.56
"Servidor-SPTECH";"ram";"ram_Usada";"GB";"2022-11-08 15:02:13";6.62
"Servidor-SPTECH";"ram";"ram_Usada";"GB";"2022-11-08 15:02:11";6.63
"Servidor-SPTECH";"ram";"ram_Usada";"GB";"2022-11-08 15:02:10";6.65
"Servidor-SPTECH";"ram";"ram_Usada";"GB";"2022-11-08 15:02:08";6.7
"Servidor-SPTECH";"ram";"ram_Usada";"GB";"2022-11-08 15:02:06";6.65
"Servidor-SPTECH";"ram";"ram_Usada";"GB";"2022-11-08 15:02:05";6.64
"Servidor-SPTECH";"ram";"ram_Usada";"GB";"2022-11-08 15:02:03";6.63
"Servidor-SPTECH";"ram";"ram_Usada";"GB";"2022-11-08 15:02:01";6.47
"Servidor-SPTECH";"ram";"ram_Usada";"GB";"2022-11-08 15:02:00";6.46
"Servidor-SPTECH";"ram";"ram_Usada";"GB";"2022-11-08 15:01:58";6.47
"Servidor-SPTECH";"ram";"ram_Usada";"GB";"2022-11-08 15:01:57";6.47
"Servidor-SPTECH";"ram";"ram_Usada";"GB";"2022-11-08 15:01:55";6.47
"Servidor-SPTECH";"ram";"ram_Usada";"GB";"2022-11-08 15:01:53";6.49
"Servidor-SPTECH";"ram";"ram_Usada";"GB";"2022-11-08 15:01:52";6.49
"Servidor-SPTECH";"ram";"ram_Usada";"GB";"2022-11-08 15:01:50";6.62
"Servidor-SPTECH";"ram";"ram_Usada";"GB";"2022-11-08 15:01:48";6.61
"Servidor-SPTECH";"ram";"ram_Usada";"GB";"2022-11-08 15:01:47";6.6
"Servidor-SPTECH";"ram";"ram_Usada";"GB";"2022-11-08 15:01:45";6.61
"Servidor-SPTECH";"ram";"ram_Usada";"GB";"2022-11-08 15:01:44";6.47
"Servidor-SPTECH";"ram";"ram_Usada";"GB";"2022-11-08 15:01:42";6.49
"Servidor-SPTECH";"ram";"ram_Usada";"GB";"2022-11-08 15:01:40";6.5
"Servidor-SPTECH";"ram";"ram_Usada";"GB";"2022-11-08 15:01:39";6.5
"Servidor-SPTECH";"ram";"ram_Usada";"GB";"2022-11-08 15:01:37";6.5
"Servidor-SPTECH";"ram";"ram_Usada";"GB";"2022-11-08 15:01:35";6.5
"Servidor-SPTECH";"ram";"ram_Usada";"GB";"2022-11-08 15:01:34";6.49
"Servidor-SPTECH";"ram";"ram_Usada";"GB";"2022-11-08 15:01:32";6.5
"Servidor-SPTECH";"ram";"ram_Usada";"GB";"2022-11-08 15:01:30";6.49
"Servidor-SPTECH";"ram";"ram_Usada";"GB";"2022-11-08 15:01:29";6.5
"Servidor-SPTECH";"ram";"ram_Usada";"GB";"2022-11-08 15:01:27";6.51
"Servidor-SPTECH";"ram";"ram_Usada";"GB";"2022-11-08 15:01:26";6.51
"Servidor-SPTECH";"ram";"ram_Usada";"GB";"2022-11-08 15:01:24";6.51
"Servidor-SPTECH";"ram";"ram_Usada";"GB";"2022-11-08 15:01:22";6.51
"Servidor-SPTECH";"ram";"ram_Usada";"GB";"2022-11-08 15:01:21";6.51
"Servidor-SPTECH";"ram";"ram_Usada";"GB";"2022-11-08 15:01:19";6.51
"Servidor-SPTECH";"ram";"ram_Usada";"GB";"2022-11-08 15:01:18";6.55
"Servidor-SPTECH";"ram";"ram_Usada";"GB";"2022-11-08 15:01:16";6.54
"Servidor-SPTECH";"ram";"ram_Usada";"GB";"2022-11-08 15:01:14";6.55
"Servidor-SPTECH";"ram";"ram_Usada";"GB";"2022-11-08 15:01:13";6.55
"Servidor-SPTECH";"ram";"ram_Usada";"GB";"2022-11-08 15:01:11";6.55
"Servidor-SPTECH";"ram";"ram_Usada";"GB";"2022-11-08 15:01:10";6.56
"Servidor-SPTECH";"ram";"ram_Usada";"GB";"2022-11-08 15:01:08";6.56
"Servidor-SPTECH";"ram";"ram_Usada";"GB";"2022-11-08 15:01:06";6.55
"Servidor-SPTECH";"ram";"ram_Usada";"GB";"2022-11-08 15:01:05";6.56
"Servidor-SPTECH";"ram";"ram_Usada";"GB";"2022-11-08 15:01:03";6.57
"Servidor-SPTECH";"ram";"ram_Usada";"GB";"2022-11-08 15:01:01";6.57
"Servidor-SPTECH";"ram";"ram_Usada";"GB";"2022-11-08 15:01:00";6.58
"Servidor-SPTECH";"ram";"ram_Usada";"GB";"2022-11-08 15:00:58";6.58
"Servidor-SPTECH";"ram";"ram_Usada";"GB";"2022-11-08 15:00:57";6.58
"Servidor-SPTECH";"ram";"ram_Usada";"GB";"2022-11-08 15:00:55";6.57
"Servidor-SPTECH";"ram";"ram_Usada";"GB";"2022-11-08 15:00:53";6.58
"Servidor-SPTECH";"ram";"ram_Usada";"GB";"2022-11-08 15:00:52";6.58
"Servidor-SPTECH";"ram";"ram_Usada";"GB";"2022-11-08 15:00:50";6.58
"Servidor-SPTECH";"ram";"ram_Usada";"GB";"2022-11-08 15:00:48";6.57
"Servidor-SPTECH";"ram";"ram_Usada";"GB";"2022-11-08 15:00:47";6.6
"Servidor-SPTECH";"ram";"ram_Usada";"GB";"2022-11-08 15:00:45";6.61
"Servidor-SPTECH";"ram";"ram_Usada";"GB";"2022-11-08 15:00:43";6.64
"Servidor-SPTECH";"ram";"ram_Usada";"GB";"2022-11-08 15:00:42";6.64
"Servidor-SPTECH";"ram";"ram_Usada";"GB";"2022-11-08 15:00:40";6.64
"Servidor-SPTECH";"ram";"ram_Usada";"GB";"2022-11-08 15:00:39";6.64
"Servidor-SPTECH";"ram";"ram_Usada";"GB";"2022-11-08 15:00:37";6.63
"Servidor-SPTECH";"ram";"ram_Usada";"GB";"2022-11-08 15:00:36";6.61
"Servidor-SPTECH";"ram";"ram_Usada";"GB";"2022-11-08 15:00:34";6.59
"Servidor-SPTECH";"ram";"ram_Usada";"GB";"2022-11-08 15:00:32";6.58
"Servidor-SPTECH";"ram";"ram_Usada";"GB";"2022-11-08 15:00:31";6.59
"Servidor-SPTECH";"ram";"ram_Usada";"GB";"2022-11-08 15:00:29";6.59
"Servidor-SPTECH";"ram";"ram_Usada";"GB";"2022-11-08 15:00:27";6.59
"Servidor-SPTECH";"ram";"ram_Usada";"GB";"2022-11-08 15:00:26";6.59
"Servidor-SPTECH";"ram";"ram_Usada";"GB";"2022-11-08 15:00:24";6.59
"Servidor-SPTECH";"ram";"ram_Usada";"GB";"2022-11-08 15:00:22";6.59
"Servidor-SPTECH";"ram";"ram_Usada";"GB";"2022-11-08 15:00:20";6.61
"Servidor-SPTECH";"ram";"ram_Usada";"GB";"2022-11-08 15:00:19";6.68
"Servidor-SPTECH";"ram";"ram_Usada";"GB";"2022-11-08 15:00:17";6.67
"Servidor-SPTECH";"ram";"ram_Usada";"GB";"2022-11-08 15:00:15";6.68
"Servidor-SPTECH";"ram";"ram_Usada";"GB";"2022-11-08 15:00:14";6.71
"Servidor-SPTECH";"ram";"ram_Usada";"GB";"2022-11-08 15:00:12";6.69
"Servidor-SPTECH";"ram";"ram_Usada";"GB";"2022-11-08 15:00:11";6.71
"Servidor-SPTECH";"ram";"ram_Usada";"GB";"2022-11-08 15:00:09";6.7
"Servidor-SPTECH";"ram";"ram_Usada";"GB";"2022-11-08 15:00:07";6.57
"Servidor-SPTECH";"ram";"ram_Usada";"GB";"2022-11-08 15:00:06";6.59
"Servidor-SPTECH";"ram";"ram_Usada";"GB";"2022-11-08 15:00:04";6.58
"Servidor-SPTECH";"ram";"ram_Usada";"GB";"2022-11-08 15:00:03";6.49
"Servidor-SPTECH";"ram";"ram_Usada";"GB";"2022-11-08 15:00:01";6.5
"Servidor-SPTECH";"ram";"ram_Usada";"GB";"2022-11-08 14:59:59";6.67
"Servidor-SPTECH";"ram";"ram_Usada";"GB";"2022-11-08 14:59:58";6.72
"Servidor-SPTECH";"ram";"ram_Usada";"GB";"2022-11-08 14:59:56";6.73
"Servidor-SPTECH";"ram";"ram_Usada";"GB";"2022-11-08 14:59:54";6.73
"Servidor-SPTECH";"ram";"ram_Usada";"GB";"2022-11-08 14:59:53";6.68
"Servidor-SPTECH";"ram";"ram_Usada";"GB";"2022-11-08 14:59:51";6.73
"Servidor-SPTECH";"ram";"ram_Usada";"GB";"2022-11-08 14:59:49";6.64
"Servidor-SPTECH";"ram";"ram_Usada";"GB";"2022-11-08 14:59:47";6.63
"Servidor-SPTECH";"ram";"ram_Usada";"GB";"2022-11-08 14:59:46";6.49
"Servidor-SPTECH";"ram";"ram_Usada";"GB";"2022-11-08 14:59:44";6.49
"Servidor-SPTECH";"ram";"ram_Usada";"GB";"2022-11-08 14:59:42";6.52
"Servidor-SPTECH";"ram";"ram_Usada";"GB";"2022-11-08 14:59:41";6.56
"Servidor-SPTECH";"ram";"ram_Usada";"GB";"2022-11-08 14:59:39";6.56
"Servidor-SPTECH";"ram";"ram_Usada";"GB";"2022-11-08 14:59:37";6.53
"Servidor-SPTECH";"ram";"ram_Usada";"GB";"2022-11-08 14:59:36";6.55
"Servidor-SPTECH";"ram";"ram_Usada";"GB";"2022-11-08 14:59:34";6.55
"Servidor-SPTECH";"ram";"ram_Usada";"GB";"2022-11-08 14:59:32";6.56
"Servidor-SPTECH";"ram";"ram_Usada";"GB";"2022-11-08 14:59:31";6.56
"Servidor-SPTECH";"ram";"ram_Usada";"GB";"2022-11-08 14:59:29";6.57
"Servidor-SPTECH";"ram";"ram_Usada";"GB";"2022-11-08 14:59:28";6.56
"Servidor-SPTECH";"ram";"ram_Usada";"GB";"2022-11-08 14:59:26";6.56
"Servidor-SPTECH";"ram";"ram_Usada";"GB";"2022-11-08 14:59:24";6.56
"Servidor-SPTECH";"ram";"ram_Usada";"GB";"2022-11-08 14:59:23";6.55
"Servidor-SPTECH";"ram";"ram_Usada";"GB";"2022-11-08 14:59:21";6.55
"Servidor-SPTECH";"ram";"ram_Usada";"GB";"2022-11-08 14:59:19";6.54
"Servidor-SPTECH";"ram";"ram_Usada";"GB";"2022-11-08 14:59:18";6.51
"Servidor-SPTECH";"ram";"ram_Usada";"GB";"2022-11-08 14:59:16";6.51
"Servidor-SPTECH";"ram";"ram_Usada";"GB";"2022-11-08 14:59:14";6.53
"Servidor-SPTECH";"ram";"ram_Usada";"GB";"2022-11-08 14:59:13";6.53
"Servidor-SPTECH";"ram";"ram_Usada";"GB";"2022-11-08 14:59:11";6.53
"Servidor-SPTECH";"ram";"ram_Usada";"GB";"2022-11-08 14:59:09";6.54
"Servidor-SPTECH";"ram";"ram_Usada";"GB";"2022-11-08 14:59:08";6.54
"Servidor-SPTECH";"ram";"ram_Usada";"GB";"2022-11-08 14:59:06";6.53
"Servidor-SPTECH";"ram";"ram_Usada";"GB";"2022-11-08 14:59:05";6.52
"Servidor-SPTECH";"ram";"ram_Usada";"GB";"2022-11-08 14:59:03";6.52
"Servidor-SPTECH";"ram";"ram_Usada";"GB";"2022-11-08 14:59:01";6.5
"Servidor-SPTECH";"ram";"ram_Usada";"GB";"2022-11-08 14:59:00";6.51
"Servidor-SPTECH";"ram";"ram_Usada";"GB";"2022-11-08 14:58:58";6.51
"Servidor-SPTECH";"ram";"ram_Usada";"GB";"2022-11-08 14:58:56";6.5
"Servidor-SPTECH";"ram";"ram_Usada";"GB";"2022-11-08 14:58:54";6.54
"Servidor-SPTECH";"ram";"ram_Usada";"GB";"2022-11-08 14:58:53";6.54
"Servidor-SPTECH";"ram";"ram_Usada";"GB";"2022-11-08 14:58:51";6.53
"Servidor-SPTECH";"ram";"ram_Usada";"GB";"2022-11-08 14:58:49";6.53
"Servidor-SPTECH";"ram";"ram_Usada";"GB";"2022-11-08 14:58:48";6.54
"Servidor-SPTECH";"ram";"ram_Usada";"GB";"2022-11-08 14:58:46";6.52
"Servidor-SPTECH";"ram";"ram_Usada";"GB";"2022-11-08 14:58:45";6.53
"Servidor-SPTECH";"ram";"ram_Usada";"GB";"2022-11-08 14:58:43";6.55
"Servidor-SPTECH";"ram";"ram_Usada";"GB";"2022-11-08 14:58:41";6.55
"Servidor-SPTECH";"ram";"ram_Usada";"GB";"2022-11-08 14:58:40";6.55
"Servidor-SPTECH";"ram";"ram_Usada";"GB";"2022-11-08 14:58:38";6.58
"Servidor-SPTECH";"ram";"ram_Usada";"GB";"2022-11-08 14:58:36";6.58
"Servidor-SPTECH";"ram";"ram_Usada";"GB";"2022-11-08 14:58:35";6.58
"Servidor-SPTECH";"ram";"ram_Usada";"GB";"2022-11-08 14:58:33";6.58
"Servidor-SPTECH";"ram";"ram_Usada";"GB";"2022-11-08 14:58:31";6.61
"Servidor-SPTECH";"ram";"ram_Usada";"GB";"2022-11-08 14:58:30";6.62
"Servidor-SPTECH";"ram";"ram_Usada";"GB";"2022-11-08 14:58:28";6.61
"Servidor-SPTECH";"ram";"ram_Usada";"GB";"2022-11-08 14:58:27";6.62
"Servidor-SPTECH";"ram";"ram_Usada";"GB";"2022-11-08 14:58:25";6.61
"Servidor-SPTECH";"ram";"ram_Usada";"GB";"2022-11-08 14:58:23";6.61
"Servidor-SPTECH";"ram";"ram_Usada";"GB";"2022-11-08 14:58:22";6.6
"Servidor-SPTECH";"ram";"ram_Usada";"GB";"2022-11-08 14:58:20";6.56
"Servidor-SPTECH";"ram";"ram_Usada";"GB";"2022-11-08 14:58:18";6.56
"Servidor-SPTECH";"ram";"ram_Usada";"GB";"2022-11-08 14:58:17";6.56
"Servidor-SPTECH";"ram";"ram_Usada";"GB";"2022-11-08 14:58:15";6.55
"Servidor-SPTECH";"ram";"ram_Usada";"GB";"2022-11-08 14:58:13";6.55
"Servidor-SPTECH";"ram";"ram_Usada";"GB";"2022-11-08 14:58:12";6.56
"Servidor-SPTECH";"ram";"ram_Usada";"GB";"2022-11-08 14:58:10";6.55
"Servidor-SPTECH";"ram";"ram_Usada";"GB";"2022-11-08 14:58:08";6.56
"Servidor-SPTECH";"ram";"ram_Usada";"GB";"2022-11-08 14:58:07";6.56
"Servidor-SPTECH";"ram";"ram_Usada";"GB";"2022-11-08 14:58:05";6.54
"Servidor-SPTECH";"ram";"ram_Usada";"GB";"2022-11-08 14:58:03";6.55
"Servidor-SPTECH";"ram";"ram_Usada";"GB";"2022-11-08 14:58:02";6.56
"Servidor-SPTECH";"ram";"ram_Usada";"GB";"2022-11-08 14:58:00";6.56
"Servidor-SPTECH";"ram";"ram_Usada";"GB";"2022-11-08 14:57:59";6.56
"Servidor-SPTECH";"ram";"ram_Usada";"GB";"2022-11-08 14:57:57";6.57
"Servidor-SPTECH";"ram";"ram_Usada";"GB";"2022-11-08 14:57:55";6.57
"Servidor-SPTECH";"ram";"ram_Usada";"GB";"2022-11-08 14:57:54";6.58
"Servidor-SPTECH";"ram";"ram_Usada";"GB";"2022-11-08 14:57:52";6.56
"Servidor-SPTECH";"ram";"ram_Usada";"GB";"2022-11-08 14:57:50";6.56
"Servidor-SPTECH";"ram";"ram_Usada";"GB";"2022-11-08 14:57:49";6.56
"Servidor-SPTECH";"ram";"ram_Usada";"GB";"2022-11-08 14:57:47";6.55
"Servidor-SPTECH";"ram";"ram_Usada";"GB";"2022-11-08 14:57:45";6.52
"Servidor-SPTECH";"ram";"ram_Usada";"GB";"2022-11-08 14:57:44";6.55
"Servidor-SPTECH";"ram";"ram_Usada";"GB";"2022-11-08 14:57:42";6.6
"Servidor-SPTECH";"ram";"ram_Usada";"GB";"2022-11-08 14:57:40";6.61
"Servidor-SPTECH";"ram";"ram_Usada";"GB";"2022-11-08 14:57:39";6.62
"Servidor-SPTECH";"ram";"ram_Usada";"GB";"2022-11-08 14:57:37";6.62
"Servidor-SPTECH";"ram";"ram_Usada";"GB";"2022-11-08 14:57:35";6.6
"Servidor-SPTECH";"ram";"ram_Usada";"GB";"2022-11-08 14:57:34";6.57
"Servidor-SPTECH";"ram";"ram_Usada";"GB";"2022-11-08 14:57:32";6.56
"Servidor-SPTECH";"ram";"ram_Usada";"GB";"2022-11-08 14:57:31";6.57
"Servidor-SPTECH";"ram";"ram_Usada";"GB";"2022-11-08 14:57:29";6.57
"Servidor-SPTECH";"ram";"ram_Usada";"GB";"2022-11-08 14:57:27";6.57
"Servidor-SPTECH";"ram";"ram_Usada";"GB";"2022-11-08 14:57:26";6.57
"Servidor-SPTECH";"ram";"ram_Usada";"GB";"2022-11-08 14:57:24";6.57
"Servidor-SPTECH";"ram";"ram_Usada";"GB";"2022-11-08 14:57:22";6.59
"Servidor-SPTECH";"ram";"ram_Usada";"GB";"2022-11-08 14:57:21";6.56
"Servidor-SPTECH";"ram";"ram_Usada";"GB";"2022-11-08 14:57:19";6.56
"Servidor-SPTECH";"ram";"ram_Usada";"GB";"2022-11-08 14:57:17";6.56
"Servidor-SPTECH";"ram";"ram_Usada";"GB";"2022-11-08 14:57:16";6.56
"Servidor-SPTECH";"ram";"ram_Usada";"GB";"2022-11-08 14:57:14";6.57
"Servidor-SPTECH";"ram";"ram_Usada";"GB";"2022-11-08 14:57:12";6.58
"Servidor-SPTECH";"ram";"ram_Usada";"GB";"2022-11-08 14:57:11";6.59
"Servidor-SPTECH";"ram";"ram_Usada";"GB";"2022-11-08 14:57:09";6.61
"Servidor-SPTECH";"ram";"ram_Usada";"GB";"2022-11-08 14:57:07";6.6
"Servidor-SPTECH";"ram";"ram_Usada";"GB";"2022-11-08 14:57:06";6.6
"Servidor-SPTECH";"ram";"ram_Usada";"GB";"2022-11-08 14:57:04";6.62
"Servidor-SPTECH";"ram";"ram_Usada";"GB";"2022-11-08 14:57:03";6.53
"Servidor-SPTECH";"ram";"ram_Usada";"GB";"2022-11-08 14:57:01";6.52
"Servidor-SPTECH";"ram";"ram_Usada";"GB";"2022-11-08 14:57:00";6.53
"Servidor-SPTECH";"ram";"ram_Usada";"GB";"2022-11-08 14:56:58";6.53
"Servidor-SPTECH";"ram";"ram_Usada";"GB";"2022-11-08 14:56:56";6.54
"Servidor-SPTECH";"ram";"ram_Usada";"GB";"2022-11-08 14:56:55";6.56
"Servidor-SPTECH";"ram";"ram_Usada";"GB";"2022-11-08 14:56:53";6.56
"Servidor-SPTECH";"ram";"ram_Usada";"GB";"2022-11-08 14:56:51";6.56
"Servidor-SPTECH";"ram";"ram_Usada";"GB";"2022-11-08 14:56:50";6.56
"Servidor-SPTECH";"ram";"ram_Usada";"GB";"2022-11-08 14:56:48";6.55
"Servidor-SPTECH";"ram";"ram_Usada";"GB";"2022-11-08 14:56:46";6.5
"Servidor-SPTECH";"ram";"ram_Usada";"GB";"2022-11-08 14:56:45";6.5
"Servidor-SPTECH";"ram";"ram_Usada";"GB";"2022-11-08 14:56:43";6.49
"Servidor-SPTECH";"ram";"ram_Usada";"GB";"2022-11-08 14:56:41";6.51
"Servidor-SPTECH";"ram";"ram_Usada";"GB";"2022-11-08 14:56:40";6.56
"Servidor-SPTECH";"ram";"ram_Usada";"GB";"2022-11-08 14:56:38";6.51
"Servidor-SPTECH";"ram";"ram_Usada";"GB";"2022-11-08 14:56:36";6.52
"Servidor-SPTECH";"ram";"ram_Usada";"GB";"2022-11-08 14:56:35";6.51
"Servidor-SPTECH";"ram";"ram_Usada";"GB";"2022-11-08 14:56:33";6.47
"Servidor-SPTECH";"ram";"ram_Usada";"GB";"2022-11-08 14:56:31";6.46
"Servidor-SPTECH";"ram";"ram_Usada";"GB";"2022-11-08 14:56:30";6.46
"Servidor-SPTECH";"ram";"ram_Usada";"GB";"2022-11-08 14:56:28";6.47
"Servidor-SPTECH";"ram";"ram_Usada";"GB";"2022-11-08 14:56:26";6.47
"Servidor-SPTECH";"ram";"ram_Usada";"GB";"2022-11-08 14:56:25";6.47
"Servidor-SPTECH";"ram";"ram_Usada";"GB";"2022-11-08 14:56:23";6.47
"Servidor-SPTECH";"ram";"ram_Usada";"GB";"2022-11-08 14:56:21";6.46
"Servidor-SPTECH";"ram";"ram_Usada";"GB";"2022-11-08 14:56:20";6.47
"Servidor-SPTECH";"ram";"ram_Usada";"GB";"2022-11-08 14:56:18";6.48
"Servidor-SPTECH";"ram";"ram_Usada";"GB";"2022-11-08 14:56:16";6.47
"Servidor-SPTECH";"ram";"ram_Usada";"GB";"2022-11-08 14:56:15";6.47
"Servidor-SPTECH";"ram";"ram_Usada";"GB";"2022-11-08 14:56:13";6.46
"Servidor-SPTECH";"ram";"ram_Usada";"GB";"2022-11-08 14:56:11";6.46
"Servidor-SPTECH";"ram";"ram_Usada";"GB";"2022-11-08 14:56:09";6.47
"Servidor-SPTECH";"ram";"ram_Usada";"GB";"2022-11-08 14:56:08";6.46
"Servidor-SPTECH";"ram";"ram_Usada";"GB";"2022-11-08 14:56:06";6.46
"Servidor-SPTECH";"ram";"ram_Usada";"GB";"2022-11-08 14:56:04";6.44
"Servidor-SPTECH";"ram";"ram_Usada";"GB";"2022-11-08 14:56:03";6.44
"Servidor-SPTECH";"ram";"ram_Usada";"GB";"2022-11-08 14:56:01";6.43
"Servidor-SPTECH";"ram";"ram_Usada";"GB";"2022-11-08 14:56:00";6.42
"Servidor-SPTECH";"ram";"ram_Usada";"GB";"2022-11-08 14:55:58";6.43
"Servidor-SPTECH";"ram";"ram_Usada";"GB";"2022-11-08 14:55:56";6.43
"Servidor-SPTECH";"ram";"ram_Usada";"GB";"2022-11-08 14:55:55";6.43
"Servidor-SPTECH";"ram";"ram_Usada";"GB";"2022-11-08 14:55:53";6.42
"Servidor-SPTECH";"ram";"ram_Usada";"GB";"2022-11-08 14:55:51";6.42
"Servidor-SPTECH";"ram";"ram_Usada";"GB";"2022-11-08 14:55:50";6.42
"Servidor-SPTECH";"ram";"ram_Usada";"GB";"2022-11-08 14:55:48";6.42
"Servidor-SPTECH";"ram";"ram_Usada";"GB";"2022-11-08 14:55:47";6.42
"Servidor-SPTECH";"ram";"ram_Usada";"GB";"2022-11-08 14:55:45";6.42
"Servidor-SPTECH";"ram";"ram_Usada";"GB";"2022-11-08 14:55:43";6.44
"Servidor-SPTECH";"ram";"ram_Usada";"GB";"2022-11-08 14:55:42";6.45
"Servidor-SPTECH";"ram";"ram_Usada";"GB";"2022-11-08 14:55:40";6.45
"Servidor-SPTECH";"ram";"ram_Usada";"GB";"2022-11-08 14:55:39";6.44
"Servidor-SPTECH";"ram";"ram_Usada";"GB";"2022-11-08 14:55:37";6.44
"Servidor-SPTECH";"ram";"ram_Usada";"GB";"2022-11-08 14:55:35";6.44
"Servidor-SPTECH";"ram";"ram_Usada";"GB";"2022-11-08 14:55:34";6.44
"Servidor-SPTECH";"ram";"ram_Usada";"GB";"2022-11-08 14:55:32";6.48
"Servidor-SPTECH";"ram";"ram_Usada";"GB";"2022-11-08 14:55:30";6.44
"Servidor-SPTECH";"ram";"ram_Usada";"GB";"2022-11-08 14:55:29";6.44
"Servidor-SPTECH";"ram";"ram_Usada";"GB";"2022-11-08 14:55:27";6.44
"Servidor-SPTECH";"ram";"ram_Usada";"GB";"2022-11-08 14:55:25";6.44
"Servidor-SPTECH";"ram";"ram_Usada";"GB";"2022-11-08 14:55:24";6.45
"Servidor-SPTECH";"ram";"ram_Usada";"GB";"2022-11-08 14:55:22";6.44
"Servidor-SPTECH";"ram";"ram_Usada";"GB";"2022-11-08 14:55:21";6.43
"Servidor-SPTECH";"ram";"ram_Usada";"GB";"2022-11-08 14:55:19";6.43
"Servidor-SPTECH";"ram";"ram_Usada";"GB";"2022-11-08 14:55:17";6.43
"Servidor-SPTECH";"ram";"ram_Usada";"GB";"2022-11-08 14:55:16";6.39
"Servidor-SPTECH";"ram";"ram_Usada";"GB";"2022-11-08 14:55:14";6.39
"Servidor-SPTECH";"ram";"ram_Usada";"GB";"2022-11-08 14:55:12";6.4
"Servidor-SPTECH";"ram";"ram_Usada";"GB";"2022-11-08 14:55:11";6.4
"Servidor-SPTECH";"ram";"ram_Usada";"GB";"2022-11-08 14:55:09";6.41
"Servidor-SPTECH";"ram";"ram_Usada";"GB";"2022-11-08 14:55:07";6.42
"Servidor-SPTECH";"ram";"ram_Usada";"GB";"2022-11-08 14:55:06";6.42
"Servidor-SPTECH";"ram";"ram_Usada";"GB";"2022-11-08 14:55:04";6.41
"Servidor-SPTECH";"ram";"ram_Usada";"GB";"2022-11-08 14:55:03";6.42
"Servidor-SPTECH";"ram";"ram_Usada";"GB";"2022-11-08 14:55:01";6.42
"Servidor-SPTECH";"ram";"ram_Usada";"GB";"2022-11-08 14:55:00";6.44
"Servidor-SPTECH";"ram";"ram_Usada";"GB";"2022-11-08 14:54:58";6.43
"Servidor-SPTECH";"ram";"ram_Usada";"GB";"2022-11-08 14:54:56";6.43
"Servidor-SPTECH";"ram";"ram_Usada";"GB";"2022-11-08 14:54:55";6.44
"Servidor-SPTECH";"ram";"ram_Usada";"GB";"2022-11-08 14:54:53";6.43
"Servidor-SPTECH";"ram";"ram_Usada";"GB";"2022-11-08 14:54:51";6.43
"Servidor-SPTECH";"ram";"ram_Usada";"GB";"2022-11-08 14:54:50";6.42
"Servidor-SPTECH";"ram";"ram_Usada";"GB";"2022-11-08 14:54:48";6.42
"Servidor-SPTECH";"ram";"ram_Usada";"GB";"2022-11-08 14:54:46";6.42
"Servidor-SPTECH";"ram";"ram_Usada";"GB";"2022-11-08 14:54:45";6.42
"Servidor-SPTECH";"ram";"ram_Usada";"GB";"2022-11-08 14:54:43";6.44
"Servidor-SPTECH";"ram";"ram_Usada";"GB";"2022-11-08 14:54:41";6.42
"Servidor-SPTECH";"ram";"ram_Usada";"GB";"2022-11-08 14:54:40";6.42
"Servidor-SPTECH";"ram";"ram_Usada";"GB";"2022-11-08 14:54:38";6.42
"Servidor-SPTECH";"ram";"ram_Usada";"GB";"2022-11-08 14:54:36";6.45
"Servidor-SPTECH";"ram";"ram_Usada";"GB";"2022-11-08 14:54:35";6.45
"Servidor-SPTECH";"ram";"ram_Usada";"GB";"2022-11-08 14:54:33";6.46
"Servidor-SPTECH";"ram";"ram_Usada";"GB";"2022-11-08 14:54:31";6.46
"Servidor-SPTECH";"ram";"ram_Usada";"GB";"2022-11-08 14:54:30";6.46
"Servidor-SPTECH";"ram";"ram_Usada";"GB";"2022-11-08 14:54:28";6.45
"Servidor-SPTECH";"ram";"ram_Usada";"GB";"2022-11-08 14:54:26";6.44
"Servidor-SPTECH";"ram";"ram_Usada";"GB";"2022-11-08 14:54:25";6.43
"Servidor-SPTECH";"ram";"ram_Usada";"GB";"2022-11-08 14:54:23";6.42
"Servidor-SPTECH";"ram";"ram_Usada";"GB";"2022-11-08 14:54:21";6.39
"Servidor-SPTECH";"ram";"ram_Usada";"GB";"2022-11-08 14:54:20";6.39
"Servidor-SPTECH";"ram";"ram_Usada";"GB";"2022-11-08 14:54:18";6.41
"Servidor-SPTECH";"ram";"ram_Usada";"GB";"2022-11-08 14:54:16";6.41
"Servidor-SPTECH";"ram";"ram_Usada";"GB";"2022-11-08 14:54:15";6.42
"Servidor-SPTECH";"ram";"ram_Usada";"GB";"2022-11-08 14:54:13";6.42
"Servidor-SPTECH";"ram";"ram_Usada";"GB";"2022-11-08 14:54:12";6.42
"Servidor-SPTECH";"ram";"ram_Usada";"GB";"2022-11-08 14:54:10";6.42
"Servidor-SPTECH";"ram";"ram_Usada";"GB";"2022-11-08 14:54:08";6.43
"Servidor-SPTECH";"ram";"ram_Usada";"GB";"2022-11-08 14:54:07";6.42
"Servidor-SPTECH";"ram";"ram_Usada";"GB";"2022-11-08 14:54:05";6.41
"Servidor-SPTECH";"ram";"ram_Usada";"GB";"2022-11-08 14:54:03";6.42
"Servidor-SPTECH";"ram";"ram_Usada";"GB";"2022-11-08 14:54:02";6.41
"Servidor-SPTECH";"ram";"ram_Usada";"GB";"2022-11-08 14:54:00";6.41
"Servidor-SPTECH";"ram";"ram_Usada";"GB";"2022-11-08 14:53:58";6.4
"Servidor-SPTECH";"ram";"ram_Usada";"GB";"2022-11-08 14:53:57";6.37
"Servidor-SPTECH";"ram";"ram_Usada";"GB";"2022-11-08 14:53:55";6.37
"Servidor-SPTECH";"ram";"ram_Usada";"GB";"2022-11-08 14:53:53";6.46
"Servidor-SPTECH";"ram";"ram_Usada";"GB";"2022-11-08 14:53:52";6.46
"Servidor-SPTECH";"ram";"ram_Usada";"GB";"2022-11-08 14:53:50";6.46
"Servidor-SPTECH";"ram";"ram_Usada";"GB";"2022-11-08 14:53:48";6.46
"Servidor-SPTECH";"ram";"ram_Usada";"GB";"2022-11-08 14:53:47";6.46
"Servidor-SPTECH";"ram";"ram_Usada";"GB";"2022-11-08 14:53:45";6.45
"Servidor-SPTECH";"ram";"ram_Usada";"GB";"2022-11-08 14:53:44";6.48
"Servidor-SPTECH";"ram";"ram_Usada";"GB";"2022-11-08 14:53:42";6.5
"Servidor-SPTECH";"ram";"ram_Usada";"GB";"2022-11-08 14:53:40";6.5
"Servidor-SPTECH";"ram";"ram_Usada";"GB";"2022-11-08 14:53:39";6.52
"Servidor-SPTECH";"ram";"ram_Usada";"GB";"2022-11-08 14:53:37";6.52
"Servidor-SPTECH";"ram";"ram_Usada";"GB";"2022-11-08 14:53:35";6.52
"Servidor-SPTECH";"ram";"ram_Usada";"GB";"2022-11-08 14:53:34";6.51
"Servidor-SPTECH";"ram";"ram_Usada";"GB";"2022-11-08 14:53:32";6.52
"Servidor-SPTECH";"ram";"ram_Usada";"GB";"2022-11-08 14:53:30";6.52
"Servidor-SPTECH";"ram";"ram_Usada";"GB";"2022-11-08 14:53:29";6.53
"Servidor-SPTECH";"ram";"ram_Usada";"GB";"2022-11-08 14:53:27";6.53
"Servidor-SPTECH";"ram";"ram_Usada";"GB";"2022-11-08 14:53:26";6.53
"Servidor-SPTECH";"ram";"ram_Usada";"GB";"2022-11-08 14:53:24";6.52
"Servidor-SPTECH";"ram";"ram_Usada";"GB";"2022-11-08 14:53:22";6.52
"Servidor-SPTECH";"ram";"ram_Usada";"GB";"2022-11-08 14:53:21";6.52
"Servidor-SPTECH";"ram";"ram_Usada";"GB";"2022-11-08 14:53:19";6.52
"Servidor-SPTECH";"ram";"ram_Usada";"GB";"2022-11-08 14:53:17";6.5
"Servidor-SPTECH";"ram";"ram_Usada";"GB";"2022-11-08 14:53:16";6.52
"Servidor-SPTECH";"ram";"ram_Usada";"GB";"2022-11-08 14:53:14";6.5
"Servidor-SPTECH";"ram";"ram_Usada";"GB";"2022-11-08 14:53:12";6.5
"Servidor-SPTECH";"ram";"ram_Usada";"GB";"2022-11-08 14:53:11";6.53
"Servidor-SPTECH";"ram";"ram_Usada";"GB";"2022-11-08 14:53:09";6.53
"Servidor-SPTECH";"ram";"ram_Usada";"GB";"2022-11-08 14:53:08";6.54
"Servidor-SPTECH";"ram";"ram_Usada";"GB";"2022-11-08 14:53:06";6.54
"Servidor-SPTECH";"ram";"ram_Usada";"GB";"2022-11-08 14:53:04";6.53
"Servidor-SPTECH";"ram";"ram_Usada";"GB";"2022-11-08 14:53:03";6.54
"Servidor-SPTECH";"ram";"ram_Usada";"GB";"2022-11-08 14:53:01";6.52
"Servidor-SPTECH";"ram";"ram_Usada";"GB";"2022-11-08 14:52:59";6.51
"Servidor-SPTECH";"ram";"ram_Usada";"GB";"2022-11-08 14:52:58";6.49
"Servidor-SPTECH";"ram";"ram_Usada";"GB";"2022-11-08 14:52:56";6.49
"Servidor-SPTECH";"ram";"ram_Usada";"GB";"2022-11-08 14:52:54";6.49
"Servidor-SPTECH";"ram";"ram_Usada";"GB";"2022-11-08 14:52:53";6.46
"Servidor-SPTECH";"ram";"ram_Usada";"GB";"2022-11-08 14:52:51";6.47
"Servidor-SPTECH";"ram";"ram_Usada";"GB";"2022-11-08 14:52:49";6.51
"Servidor-SPTECH";"ram";"ram_Usada";"GB";"2022-11-08 14:52:48";6.52
"Servidor-SPTECH";"ram";"ram_Usada";"GB";"2022-11-08 14:52:46";6.52
"Servidor-SPTECH";"ram";"ram_Usada";"GB";"2022-11-08 14:52:44";6.53
"Servidor-SPTECH";"ram";"ram_Usada";"GB";"2022-11-08 14:52:43";6.55
"Servidor-SPTECH";"ram";"ram_Usada";"GB";"2022-11-08 14:52:41";6.55
"Servidor-SPTECH";"ram";"ram_Usada";"GB";"2022-11-08 14:52:40";6.54
"Servidor-SPTECH";"ram";"ram_Usada";"GB";"2022-11-08 14:52:38";6.54
"Servidor-SPTECH";"ram";"ram_Usada";"GB";"2022-11-08 14:52:36";6.5
"Servidor-SPTECH";"ram";"ram_Usada";"GB";"2022-11-08 14:52:34";6.5
"Servidor-SPTECH";"ram";"ram_Usada";"GB";"2022-11-08 14:52:33";6.5
"Servidor-SPTECH";"ram";"ram_Usada";"GB";"2022-11-08 14:52:31";6.51
"Servidor-SPTECH";"ram";"ram_Usada";"GB";"2022-11-08 14:52:30";6.49
"Servidor-SPTECH";"ram";"ram_Usada";"GB";"2022-11-08 14:52:28";6.48
"Servidor-SPTECH";"ram";"ram_Usada";"GB";"2022-11-08 14:52:26";6.47
"Servidor-SPTECH";"ram";"ram_Usada";"GB";"2022-11-08 14:52:25";6.51
"Servidor-SPTECH";"ram";"ram_Usada";"GB";"2022-11-08 14:52:23";6.51
"Servidor-SPTECH";"ram";"ram_Usada";"GB";"2022-11-08 14:52:21";6.49
"Servidor-SPTECH";"ram";"ram_Usada";"GB";"2022-11-08 14:52:20";6.49
"Servidor-SPTECH";"ram";"ram_Usada";"GB";"2022-11-08 14:52:18";6.49
"Servidor-SPTECH";"ram";"ram_Usada";"GB";"2022-11-08 14:52:16";6.48
"Servidor-SPTECH";"ram";"ram_Usada";"GB";"2022-11-08 14:52:15";6.48
"Servidor-SPTECH";"ram";"ram_Usada";"GB";"2022-11-08 14:52:13";6.49
"Servidor-SPTECH";"ram";"ram_Usada";"GB";"2022-11-08 14:52:12";6.49
"Servidor-SPTECH";"ram";"ram_Usada";"GB";"2022-11-08 14:52:10";6.5
"Servidor-SPTECH";"ram";"ram_Usada";"GB";"2022-11-08 14:52:08";6.5
"Servidor-SPTECH";"ram";"ram_Usada";"GB";"2022-11-08 14:52:07";6.5
"Servidor-SPTECH";"ram";"ram_Usada";"GB";"2022-11-08 14:52:05";6.49
"Servidor-SPTECH";"ram";"ram_Usada";"GB";"2022-11-08 14:52:04";6.48
"Servidor-SPTECH";"ram";"ram_Usada";"GB";"2022-11-08 14:52:02";6.5
"Servidor-SPTECH";"ram";"ram_Usada";"GB";"2022-11-08 14:52:00";6.5
"Servidor-SPTECH";"ram";"ram_Usada";"GB";"2022-11-08 14:51:59";6.5
"Servidor-SPTECH";"ram";"ram_Usada";"GB";"2022-11-08 14:51:57";6.49
"Servidor-SPTECH";"ram";"ram_Usada";"GB";"2022-11-08 14:51:55";6.49
"Servidor-SPTECH";"ram";"ram_Usada";"GB";"2022-11-08 14:51:54";6.5
"Servidor-SPTECH";"ram";"ram_Usada";"GB";"2022-11-08 14:51:52";6.5
"Servidor-SPTECH";"ram";"ram_Usada";"GB";"2022-11-08 14:51:50";6.51
"Servidor-SPTECH";"ram";"ram_Usada";"GB";"2022-11-08 14:51:49";6.56
"Servidor-SPTECH";"ram";"ram_Usada";"GB";"2022-11-08 14:51:47";6.57
"Servidor-SPTECH";"ram";"ram_Usada";"GB";"2022-11-08 14:51:45";6.55
"Servidor-SPTECH";"ram";"ram_Usada";"GB";"2022-11-08 14:51:44";6.56
"Servidor-SPTECH";"ram";"ram_Usada";"GB";"2022-11-08 14:51:42";6.57
"Servidor-SPTECH";"ram";"ram_Usada";"GB";"2022-11-08 14:51:41";6.57
"Servidor-SPTECH";"ram";"ram_Usada";"GB";"2022-11-08 14:51:39";6.54
"Servidor-SPTECH";"ram";"ram_Usada";"GB";"2022-11-08 14:51:37";6.53
"Servidor-SPTECH";"ram";"ram_Usada";"GB";"2022-11-08 14:51:36";6.54
"Servidor-SPTECH";"ram";"ram_Usada";"GB";"2022-11-08 14:51:34";6.53
"Servidor-SPTECH";"ram";"ram_Usada";"GB";"2022-11-08 14:51:32";6.53
"Servidor-SPTECH";"ram";"ram_Usada";"GB";"2022-11-08 14:51:31";6.54
"Servidor-SPTECH";"ram";"ram_Usada";"GB";"2022-11-08 14:51:29";6.54
"Servidor-SPTECH";"ram";"ram_Usada";"GB";"2022-11-08 14:51:27";6.56
"Servidor-SPTECH";"ram";"ram_Usada";"GB";"2022-11-08 14:51:26";6.57
"Servidor-SPTECH";"ram";"ram_Usada";"GB";"2022-11-08 14:51:24";6.58
"Servidor-SPTECH";"ram";"ram_Usada";"GB";"2022-11-08 14:51:23";6.58
"Servidor-SPTECH";"ram";"ram_Usada";"GB";"2022-11-08 14:51:21";6.58
"Servidor-SPTECH";"ram";"ram_Usada";"GB";"2022-11-08 14:51:19";6.57
"Servidor-SPTECH";"ram";"ram_Usada";"GB";"2022-11-08 14:51:18";6.57
"Servidor-SPTECH";"ram";"ram_Usada";"GB";"2022-11-08 14:51:16";6.57
"Servidor-SPTECH";"ram";"ram_Usada";"GB";"2022-11-08 14:51:14";6.57
"Servidor-SPTECH";"ram";"ram_Usada";"GB";"2022-11-08 14:51:13";6.56
"Servidor-SPTECH";"ram";"ram_Usada";"GB";"2022-11-08 14:51:11";6.54
"Servidor-SPTECH";"ram";"ram_Usada";"GB";"2022-11-08 14:51:09";6.54
"Servidor-SPTECH";"ram";"ram_Usada";"GB";"2022-11-08 14:51:08";6.56
"Servidor-SPTECH";"ram";"ram_Usada";"GB";"2022-11-08 14:51:06";6.57
"Servidor-SPTECH";"ram";"ram_Usada";"GB";"2022-11-08 14:51:05";6.56
"Servidor-SPTECH";"ram";"ram_Usada";"GB";"2022-11-08 14:51:03";6.55
"Servidor-SPTECH";"ram";"ram_Usada";"GB";"2022-11-08 14:51:01";6.56
"Servidor-SPTECH";"ram";"ram_Usada";"GB";"2022-11-08 14:51:00";6.55
"Servidor-SPTECH";"ram";"ram_Usada";"GB";"2022-11-08 14:50:58";6.56
"Servidor-SPTECH";"ram";"ram_Usada";"GB";"2022-11-08 14:50:56";6.54
"Servidor-SPTECH";"ram";"ram_Usada";"GB";"2022-11-08 14:50:55";6.55
"Servidor-SPTECH";"ram";"ram_Usada";"GB";"2022-11-08 14:50:53";6.55
"Servidor-SPTECH";"ram";"ram_Usada";"GB";"2022-11-08 14:50:51";6.55
"Servidor-SPTECH";"ram";"ram_Usada";"GB";"2022-11-08 14:50:50";6.55
"Servidor-SPTECH";"ram";"ram_Usada";"GB";"2022-11-08 14:50:48";6.54
"Servidor-SPTECH";"ram";"ram_Usada";"GB";"2022-11-08 14:50:46";6.47
"Servidor-SPTECH";"ram";"ram_Usada";"GB";"2022-11-08 14:50:45";6.47
"Servidor-SPTECH";"ram";"ram_Usada";"GB";"2022-11-08 14:50:43";6.5
"Servidor-SPTECH";"ram";"ram_Usada";"GB";"2022-11-08 14:50:41";6.58
"Servidor-SPTECH";"ram";"ram_Usada";"GB";"2022-11-08 14:50:40";6.57
"Servidor-SPTECH";"ram";"ram_Usada";"GB";"2022-11-08 14:50:38";6.57
"Servidor-SPTECH";"ram";"ram_Usada";"GB";"2022-11-08 14:50:36";6.57
"Servidor-SPTECH";"ram";"ram_Usada";"GB";"2022-11-08 14:50:35";6.57
"Servidor-SPTECH";"ram";"ram_Usada";"GB";"2022-11-08 14:50:33";6.56
"Servidor-SPTECH";"ram";"ram_Usada";"GB";"2022-11-08 14:50:32";6.56
"Servidor-SPTECH";"ram";"ram_Usada";"GB";"2022-11-08 14:50:30";6.54
"Servidor-SPTECH";"ram";"ram_Usada";"GB";"2022-11-08 14:50:28";6.5
"Servidor-SPTECH";"ram";"ram_Usada";"GB";"2022-11-08 14:50:27";6.49
"Servidor-SPTECH";"ram";"ram_Usada";"GB";"2022-11-08 14:50:25";6.5
"Servidor-SPTECH";"ram";"ram_Usada";"GB";"2022-11-08 14:50:23";6.53
"Servidor-SPTECH";"ram";"ram_Usada";"GB";"2022-11-08 14:50:22";6.53
"Servidor-SPTECH";"ram";"ram_Usada";"GB";"2022-11-08 14:50:20";6.54
"Servidor-SPTECH";"ram";"ram_Usada";"GB";"2022-11-08 14:50:19";6.54
"Servidor-SPTECH";"ram";"ram_Usada";"GB";"2022-11-08 14:50:17";6.53
"Servidor-SPTECH";"ram";"ram_Usada";"GB";"2022-11-08 14:50:15";6.54
"Servidor-SPTECH";"ram";"ram_Usada";"GB";"2022-11-08 14:50:14";6.55
"Servidor-SPTECH";"ram";"ram_Usada";"GB";"2022-11-08 14:50:12";6.55
"Servidor-SPTECH";"ram";"ram_Usada";"GB";"2022-11-08 14:50:10";6.55
"Servidor-SPTECH";"ram";"ram_Usada";"GB";"2022-11-08 14:50:08";6.52
"Servidor-SPTECH";"ram";"ram_Usada";"GB";"2022-11-08 14:50:07";6.52
"Servidor-SPTECH";"ram";"ram_Usada";"GB";"2022-11-08 14:50:05";6.53
"Servidor-SPTECH";"ram";"ram_Usada";"GB";"2022-11-08 14:50:04";6.53
"Servidor-SPTECH";"ram";"ram_Usada";"GB";"2022-11-08 14:50:02";6.5
"Servidor-SPTECH";"ram";"ram_Usada";"GB";"2022-11-08 14:50:01";6.47
"Servidor-SPTECH";"ram";"ram_Usada";"GB";"2022-11-08 14:49:59";6.43
"Servidor-SPTECH";"ram";"ram_Usada";"GB";"2022-11-08 14:49:57";6.45
"Servidor-SPTECH";"ram";"ram_Usada";"GB";"2022-11-08 14:49:56";6.44
"Servidor-SPTECH";"ram";"ram_Usada";"GB";"2022-11-08 14:49:54";6.45
"Servidor-SPTECH";"ram";"ram_Usada";"GB";"2022-11-08 14:49:52";6.46
"Servidor-SPTECH";"ram";"ram_Usada";"GB";"2022-11-08 14:49:51";6.46
"Servidor-SPTECH";"ram";"ram_Usada";"GB";"2022-11-08 14:49:49";6.43
"Servidor-SPTECH";"ram";"ram_Usada";"GB";"2022-11-08 14:49:48";6.36
"Servidor-SPTECH";"ram";"ram_Usada";"GB";"2022-11-08 14:49:46";6.29
"Servidor-SPTECH";"ram";"ram_Usada";"GB";"2022-11-08 14:49:44";6.33
"Servidor-SPTECH";"ram";"ram_Usada";"GB";"2022-11-08 14:49:43";6.37
"Servidor-SPTECH";"ram";"ram_Usada";"GB";"2022-11-08 14:49:41";6.79
"Servidor-SPTECH";"ram";"ram_Usada";"GB";"2022-11-08 14:49:39";6.98
"Servidor-SPTECH";"ram";"ram_Usada";"GB";"2022-11-08 14:49:37";6.98
"Servidor-SPTECH";"ram";"ram_Usada";"GB";"2022-11-08 14:49:36";6.82
"Servidor-SPTECH";"ram";"ram_Usada";"GB";"2022-11-08 14:49:34";6.95
"Servidor-SPTECH";"ram";"ram_Usada";"GB";"2022-11-08 14:49:32";7.08
"Servidor-SPTECH";"ram";"ram_Usada";"GB";"2022-11-08 14:49:30";7.09
"Servidor-SPTECH";"ram";"ram_Usada";"GB";"2022-11-08 14:49:28";7.48
"Servidor-SPTECH";"ram";"ram_Usada";"GB";"2022-11-08 14:49:26";7.45
"Servidor-SPTECH";"ram";"ram_Usada";"GB";"2022-11-08 14:49:24";6.92
"Servidor-SPTECH";"ram";"ram_Usada";"GB";"2022-11-08 14:49:23";6.85
"Servidor-SPTECH";"ram";"ram_Usada";"GB";"2022-11-08 14:49:21";6.77
"Servidor-SPTECH";"ram";"ram_Usada";"GB";"2022-11-08 14:49:19";6.68
"Servidor-SPTECH";"ram";"ram_Usada";"GB";"2022-11-08 14:49:17";6.65
"Servidor-SPTECH";"ram";"ram_Usada";"GB";"2022-11-08 14:49:16";6.68
"Servidor-SPTECH";"ram";"ram_Usada";"GB";"2022-11-08 14:49:14";6.66
"Servidor-SPTECH";"ram";"ram_Usada";"GB";"2022-11-08 14:49:12";6.66
"Servidor-SPTECH";"ram";"ram_Usada";"GB";"2022-11-08 14:49:10";6.66
"Servidor-SPTECH";"ram";"ram_Usada";"GB";"2022-11-08 14:49:09";6.66
"Servidor-SPTECH";"ram";"ram_Usada";"GB";"2022-11-08 14:49:07";6.67
"Servidor-SPTECH";"ram";"ram_Usada";"GB";"2022-11-08 14:49:05";6.64
"Servidor-SPTECH";"ram";"ram_Usada";"GB";"2022-11-08 14:49:03";6.66
"Servidor-SPTECH";"ram";"ram_Usada";"GB";"2022-11-08 14:49:02";6.66
"Servidor-SPTECH";"ram";"ram_Usada";"GB";"2022-11-08 14:49:00";6.66
"Servidor-SPTECH";"ram";"ram_Usada";"GB";"2022-11-08 14:48:58";6.67
"Servidor-SPTECH";"ram";"ram_Usada";"GB";"2022-11-08 14:48:56";6.65
"Servidor-SPTECH";"ram";"ram_Usada";"GB";"2022-11-08 14:48:55";6.65
"Servidor-SPTECH";"ram";"ram_Usada";"GB";"2022-11-08 14:48:53";6.71
"Servidor-SPTECH";"ram";"ram_Usada";"GB";"2022-11-08 14:48:51";6.77
"Servidor-SPTECH";"ram";"ram_Usada";"GB";"2022-11-08 14:48:50";6.77
"Servidor-SPTECH";"ram";"ram_Usada";"GB";"2022-11-08 14:48:48";6.77
"Servidor-SPTECH";"ram";"ram_Usada";"GB";"2022-11-08 14:48:46";6.78
"Servidor-SPTECH";"ram";"ram_Usada";"GB";"2022-11-08 14:48:44";6.77
"Servidor-SPTECH";"ram";"ram_Usada";"GB";"2022-11-08 14:48:42";6.78
"Servidor-SPTECH";"ram";"ram_Usada";"GB";"2022-11-08 14:48:41";6.77
"Servidor-SPTECH";"ram";"ram_Usada";"GB";"2022-11-08 14:48:39";6.76
"Servidor-SPTECH";"ram";"ram_Usada";"GB";"2022-11-08 14:48:37";6.77
"Servidor-SPTECH";"ram";"ram_Usada";"GB";"2022-11-08 14:48:36";6.76
"Servidor-SPTECH";"ram";"ram_Usada";"GB";"2022-11-08 14:48:34";6.76
"Servidor-SPTECH";"ram";"ram_Usada";"GB";"2022-11-08 14:48:32";6.75
"Servidor-SPTECH";"ram";"ram_Usada";"GB";"2022-11-08 14:48:30";6.72
"Servidor-SPTECH";"ram";"ram_Usada";"GB";"2022-11-08 14:48:28";6.73
"Servidor-SPTECH";"ram";"ram_Usada";"GB";"2022-11-08 14:48:26";6.7
"Servidor-SPTECH";"ram";"ram_Usada";"GB";"2022-11-08 14:48:24";6.69
"Servidor-SPTECH";"ram";"ram_Usada";"GB";"2022-11-08 14:48:22";6.66
"Servidor-SPTECH";"ram";"ram_Usada";"GB";"2022-11-08 14:48:21";6.68
"Servidor-SPTECH";"ram";"ram_Usada";"GB";"2022-11-08 14:48:19";6.69
"Servidor-SPTECH";"ram";"ram_Usada";"GB";"2022-11-08 14:48:17";6.65
"Servidor-SPTECH";"ram";"ram_Usada";"GB";"2022-11-08 14:48:15";6.68
"Servidor-SPTECH";"ram";"ram_Usada";"GB";"2022-11-08 14:48:14";6.68
"Servidor-SPTECH";"ram";"ram_Usada";"GB";"2022-11-08 14:48:12";6.69
"Servidor-SPTECH";"ram";"ram_Usada";"GB";"2022-11-08 14:48:10";6.68
"Servidor-SPTECH";"ram";"ram_Usada";"GB";"2022-11-08 14:48:08";6.7
"Servidor-SPTECH";"ram";"ram_Usada";"GB";"2022-11-08 14:48:07";6.7
"Servidor-SPTECH";"ram";"ram_Usada";"GB";"2022-11-08 14:48:05";6.84
"Servidor-SPTECH";"ram";"ram_Usada";"GB";"2022-11-08 14:48:03";6.71
"Servidor-SPTECH";"ram";"ram_Usada";"GB";"2022-11-08 14:48:01";6.71
"Servidor-SPTECH";"ram";"ram_Usada";"GB";"2022-11-08 14:48:00";6.7
"Servidor-SPTECH";"ram";"ram_Usada";"GB";"2022-11-08 14:47:58";6.71
"Servidor-SPTECH";"ram";"ram_Usada";"GB";"2022-11-08 14:47:56";6.72
"Servidor-SPTECH";"ram";"ram_Usada";"GB";"2022-11-08 14:47:54";6.71
"Servidor-SPTECH";"ram";"ram_Usada";"GB";"2022-11-08 14:47:53";6.69
"Servidor-SPTECH";"ram";"ram_Usada";"GB";"2022-11-08 14:47:51";6.72
"Servidor-SPTECH";"ram";"ram_Usada";"GB";"2022-11-08 14:47:49";6.71
"Servidor-SPTECH";"ram";"ram_Usada";"GB";"2022-11-08 14:47:47";6.7
"Servidor-SPTECH";"ram";"ram_Usada";"GB";"2022-11-08 14:47:46";6.72
"Servidor-SPTECH";"ram";"ram_Usada";"GB";"2022-11-08 14:47:44";6.72
"Servidor-SPTECH";"ram";"ram_Usada";"GB";"2022-11-08 14:47:42";6.75
"Servidor-SPTECH";"ram";"ram_Usada";"GB";"2022-11-08 14:47:40";6.76
"Servidor-SPTECH";"ram";"ram_Usada";"GB";"2022-11-08 14:47:38";6.76
"Servidor-SPTECH";"ram";"ram_Usada";"GB";"2022-11-08 14:47:36";6.76
"Servidor-SPTECH";"ram";"ram_Usada";"GB";"2022-11-08 14:47:35";6.76
"Servidor-SPTECH";"ram";"ram_Usada";"GB";"2022-11-08 14:47:33";6.76
"Servidor-SPTECH";"ram";"ram_Usada";"GB";"2022-11-08 14:47:31";6.71
"Servidor-SPTECH";"ram";"ram_Usada";"GB";"2022-11-08 14:47:29";6.72
"Servidor-SPTECH";"ram";"ram_Usada";"GB";"2022-11-08 14:47:28";6.73
"Servidor-SPTECH";"ram";"ram_Usada";"GB";"2022-11-08 14:47:26";6.72
"Servidor-SPTECH";"ram";"ram_Usada";"GB";"2022-11-08 14:47:24";6.71
"Servidor-SPTECH";"ram";"ram_Usada";"GB";"2022-11-08 14:47:22";6.71
"Servidor-SPTECH";"ram";"ram_Usada";"GB";"2022-11-08 14:47:20";6.69
"Servidor-SPTECH";"ram";"ram_Usada";"GB";"2022-11-08 14:47:19";6.7
"Servidor-SPTECH";"ram";"ram_Usada";"GB";"2022-11-08 14:47:17";6.7
"Servidor-SPTECH";"ram";"ram_Usada";"GB";"2022-11-08 14:47:15";6.69
"Servidor-SPTECH";"ram";"ram_Usada";"GB";"2022-11-08 14:47:13";6.7
"Servidor-SPTECH";"ram";"ram_Usada";"GB";"2022-11-08 14:47:11";6.7
"Servidor-SPTECH";"ram";"ram_Usada";"GB";"2022-11-08 14:47:09";6.68
"Servidor-SPTECH";"ram";"ram_Usada";"GB";"2022-11-08 14:47:08";6.69
"Servidor-SPTECH";"ram";"ram_Usada";"GB";"2022-11-08 14:47:06";6.68
"Servidor-SPTECH";"ram";"ram_Usada";"GB";"2022-11-08 14:47:04";6.7
"Servidor-SPTECH";"ram";"ram_Usada";"GB";"2022-11-08 14:47:02";6.7
"Servidor-SPTECH";"ram";"ram_Usada";"GB";"2022-11-08 14:47:00";6.69
"Servidor-SPTECH";"ram";"ram_Usada";"GB";"2022-11-08 14:46:58";6.78
"Servidor-SPTECH";"ram";"ram_Usada";"GB";"2022-11-08 14:46:56";6.76
"Servidor-SPTECH";"ram";"ram_Usada";"GB";"2022-11-08 14:46:54";6.77
"Servidor-SPTECH";"ram";"ram_Usada";"GB";"2022-11-08 14:46:52";6.74
"Servidor-SPTECH";"ram";"ram_Usada";"GB";"2022-11-08 14:46:51";6.75
"Servidor-SPTECH";"ram";"ram_Usada";"GB";"2022-11-08 14:46:49";6.75
"Servidor-SPTECH";"ram";"ram_Usada";"GB";"2022-11-08 14:46:47";6.74
"Servidor-SPTECH";"ram";"ram_Usada";"GB";"2022-11-08 14:46:45";6.67
"Servidor-SPTECH";"ram";"ram_Usada";"GB";"2022-11-08 14:46:43";6.68
"Servidor-SPTECH";"ram";"ram_Usada";"GB";"2022-11-08 14:46:42";6.64
"Servidor-SPTECH";"ram";"ram_Usada";"GB";"2022-11-08 14:46:40";6.56
"Servidor-SPTECH";"ram";"ram_Usada";"GB";"2022-11-08 14:46:38";6.56
"Servidor-SPTECH";"ram";"ram_Usada";"GB";"2022-11-08 14:46:36";6.57
"Servidor-SPTECH";"ram";"ram_Usada";"GB";"2022-11-08 14:46:34";6.57
"Servidor-SPTECH";"ram";"ram_Usada";"GB";"2022-11-08 14:46:32";6.58
"Servidor-SPTECH";"ram";"ram_Usada";"GB";"2022-11-08 14:46:31";6.57
"Servidor-SPTECH";"ram";"ram_Usada";"GB";"2022-11-08 14:46:29";6.58
"Servidor-SPTECH";"ram";"ram_Usada";"GB";"2022-11-08 14:46:27";6.59
"Servidor-SPTECH";"ram";"ram_Usada";"GB";"2022-11-08 14:46:25";6.54
"Servidor-SPTECH";"ram";"ram_Usada";"GB";"2022-11-08 14:46:23";6.54
"Servidor-SPTECH";"ram";"ram_Usada";"GB";"2022-11-08 14:46:22";6.55
"Servidor-SPTECH";"ram";"ram_Usada";"GB";"2022-11-08 14:46:20";6.55
"Servidor-SPTECH";"ram";"ram_Usada";"GB";"2022-11-08 14:46:18";6.54
"Servidor-SPTECH";"ram";"ram_Usada";"GB";"2022-11-08 14:46:16";6.54
"Servidor-SPTECH";"ram";"ram_Usada";"GB";"2022-11-08 14:46:14";6.54
"Servidor-SPTECH";"ram";"ram_Usada";"GB";"2022-11-08 14:46:12";6.55
"Servidor-SPTECH";"ram";"ram_Usada";"GB";"2022-11-08 14:46:11";6.56
"Servidor-SPTECH";"ram";"ram_Usada";"GB";"2022-11-08 14:46:09";6.56
"Servidor-SPTECH";"ram";"ram_Usada";"GB";"2022-11-08 14:46:07";6.57
"Servidor-SPTECH";"ram";"ram_Usada";"GB";"2022-11-08 14:46:06";6.57
"Servidor-SPTECH";"ram";"ram_Usada";"GB";"2022-11-08 14:46:04";6.57
"Servidor-SPTECH";"ram";"ram_Usada";"GB";"2022-11-08 14:46:02";6.54
"Servidor-SPTECH";"ram";"ram_Usada";"GB";"2022-11-08 14:46:00";6.5
"Servidor-SPTECH";"ram";"ram_Usada";"GB";"2022-11-08 14:45:58";6.51
"Servidor-SPTECH";"ram";"ram_Usada";"GB";"2022-11-08 14:45:56";6.5
"Servidor-SPTECH";"ram";"ram_Usada";"GB";"2022-11-08 14:45:55";6.5
"Servidor-SPTECH";"ram";"ram_Usada";"GB";"2022-11-08 14:45:53";6.51
"Servidor-SPTECH";"ram";"ram_Usada";"GB";"2022-11-08 14:45:51";6.5
"Servidor-SPTECH";"ram";"ram_Usada";"GB";"2022-11-08 14:45:49";6.5
"Servidor-SPTECH";"ram";"ram_Usada";"GB";"2022-11-08 14:45:47";6.5
"Servidor-SPTECH";"ram";"ram_Usada";"GB";"2022-11-08 14:45:45";6.5
"Servidor-SPTECH";"ram";"ram_Usada";"GB";"2022-11-08 14:45:43";6.5
"Servidor-SPTECH";"ram";"ram_Usada";"GB";"2022-11-08 14:45:42";6.52
"Servidor-SPTECH";"ram";"ram_Usada";"GB";"2022-11-08 14:45:40";6.52
"Servidor-SPTECH";"ram";"ram_Usada";"GB";"2022-11-08 14:45:38";6.49
"Servidor-SPTECH";"ram";"ram_Usada";"GB";"2022-11-08 14:45:36";6.52
"Servidor-SPTECH";"ram";"ram_Usada";"GB";"2022-11-08 14:45:34";6.52
"Servidor-SPTECH";"ram";"ram_Usada";"GB";"2022-11-08 14:45:32";6.52
"Servidor-SPTECH";"ram";"ram_Usada";"GB";"2022-11-08 14:45:31";6.52
"Servidor-SPTECH";"ram";"ram_Usada";"GB";"2022-11-08 14:45:29";6.53
"Servidor-SPTECH";"ram";"ram_Usada";"GB";"2022-11-08 14:45:27";6.53
"Servidor-SPTECH";"ram";"ram_Usada";"GB";"2022-11-08 14:45:25";6.53
"Servidor-SPTECH";"ram";"ram_Usada";"GB";"2022-11-08 14:45:23";6.5
"Servidor-SPTECH";"ram";"ram_Usada";"GB";"2022-11-08 14:45:21";6.51
"Servidor-SPTECH";"ram";"ram_Usada";"GB";"2022-11-08 14:45:19";6.51
"Servidor-SPTECH";"ram";"ram_Usada";"GB";"2022-11-08 14:45:18";6.51
"Servidor-SPTECH";"ram";"ram_Usada";"GB";"2022-11-08 14:45:16";6.55
"Servidor-SPTECH";"ram";"ram_Usada";"GB";"2022-11-08 14:45:14";6.57
"Servidor-SPTECH";"ram";"ram_Usada";"GB";"2022-11-08 14:45:12";6.68
"Servidor-SPTECH";"ram";"ram_Usada";"GB";"2022-11-08 14:45:10";6.67
"Servidor-SPTECH";"ram";"ram_Usada";"GB";"2022-11-08 14:45:08";6.66
"Servidor-SPTECH";"ram";"ram_Usada";"GB";"2022-11-08 14:45:06";6.66
"Servidor-SPTECH";"ram";"ram_Usada";"GB";"2022-11-08 14:45:04";6.64
"Servidor-SPTECH";"ram";"ram_Usada";"GB";"2022-11-08 14:45:02";6.65
"Servidor-SPTECH";"ram";"ram_Usada";"GB";"2022-11-08 14:45:01";6.64
"Servidor-SPTECH";"ram";"ram_Usada";"GB";"2022-11-08 14:44:59";6.63
"Servidor-SPTECH";"ram";"ram_Usada";"GB";"2022-11-08 14:44:57";6.64
"Servidor-SPTECH";"ram";"ram_Usada";"GB";"2022-11-08 14:44:55";6.64
"Servidor-SPTECH";"ram";"ram_Usada";"GB";"2022-11-08 14:44:53";6.63
"Servidor-SPTECH";"ram";"ram_Usada";"GB";"2022-11-08 14:44:52";6.63
"Servidor-SPTECH";"ram";"ram_Usada";"GB";"2022-11-08 14:44:50";6.62
"Servidor-SPTECH";"ram";"ram_Usada";"GB";"2022-11-08 14:44:48";6.63
"Servidor-SPTECH";"ram";"ram_Usada";"GB";"2022-11-08 14:44:46";6.63
"Servidor-SPTECH";"ram";"ram_Usada";"GB";"2022-11-08 14:44:44";6.62
"Servidor-SPTECH";"ram";"ram_Usada";"GB";"2022-11-08 14:44:43";6.64
"Servidor-SPTECH";"ram";"ram_Usada";"GB";"2022-11-08 14:44:41";6.65
"Servidor-SPTECH";"ram";"ram_Usada";"GB";"2022-11-08 14:44:39";6.64
"Servidor-SPTECH";"ram";"ram_Usada";"GB";"2022-11-08 14:44:37";6.62
"Servidor-SPTECH";"ram";"ram_Usada";"GB";"2022-11-08 14:44:36";6.65
"Servidor-SPTECH";"ram";"ram_Usada";"GB";"2022-11-08 14:44:34";6.65
"Servidor-SPTECH";"ram";"ram_Usada";"GB";"2022-11-08 14:44:32";6.64
"Servidor-SPTECH";"ram";"ram_Usada";"GB";"2022-11-08 14:44:30";6.65
"Servidor-SPTECH";"ram";"ram_Usada";"GB";"2022-11-08 14:44:29";6.64
"Servidor-SPTECH";"ram";"ram_Usada";"GB";"2022-11-08 14:44:27";6.65
"Servidor-SPTECH";"ram";"ram_Usada";"GB";"2022-11-08 14:44:25";6.62
"Servidor-SPTECH";"ram";"ram_Usada";"GB";"2022-11-08 14:44:23";6.62
"Servidor-SPTECH";"ram";"ram_Usada";"GB";"2022-11-08 14:44:22";6.62
"Servidor-SPTECH";"ram";"ram_Usada";"GB";"2022-11-08 14:44:20";6.62
"Servidor-SPTECH";"ram";"ram_Usada";"GB";"2022-11-08 14:44:18";6.62
"Servidor-SPTECH";"ram";"ram_Usada";"GB";"2022-11-08 14:44:16";6.62
"Servidor-SPTECH";"ram";"ram_Usada";"GB";"2022-11-08 14:44:15";6.63
"Servidor-SPTECH";"ram";"ram_Usada";"GB";"2022-11-08 14:44:13";6.63
"Servidor-SPTECH";"ram";"ram_Usada";"GB";"2022-11-08 14:44:11";6.64
"Servidor-SPTECH";"ram";"ram_Usada";"GB";"2022-11-08 14:44:09";6.65
"Servidor-SPTECH";"ram";"ram_Usada";"GB";"2022-11-08 14:44:08";6.62
"Servidor-SPTECH";"ram";"ram_Usada";"GB";"2022-11-08 14:44:06";6.63
"Servidor-SPTECH";"ram";"ram_Usada";"GB";"2022-11-08 14:44:04";6.62
"Servidor-SPTECH";"ram";"ram_Usada";"GB";"2022-11-08 14:44:02";6.62
"Servidor-SPTECH";"ram";"ram_Usada";"GB";"2022-11-08 14:44:01";6.63
"Servidor-SPTECH";"ram";"ram_Usada";"GB";"2022-11-08 14:43:59";6.61
"Servidor-SPTECH";"ram";"ram_Usada";"GB";"2022-11-08 14:43:57";6.61
"Servidor-SPTECH";"ram";"ram_Usada";"GB";"2022-11-08 14:43:55";6.58
"Servidor-SPTECH";"ram";"ram_Usada";"GB";"2022-11-08 14:43:54";6.61
"Servidor-SPTECH";"ram";"ram_Usada";"GB";"2022-11-08 14:43:52";6.97
"Servidor-SPTECH";"ram";"ram_Usada";"GB";"2022-11-08 14:43:50";7.09
"Servidor-SPTECH";"ram";"ram_Usada";"GB";"2022-11-08 14:43:48";7.1
"Servidor-SPTECH";"ram";"ram_Usada";"GB";"2022-11-08 14:43:46";7.1
"Servidor-SPTECH";"ram";"ram_Usada";"GB";"2022-11-08 14:43:45";7.1
"Servidor-SPTECH";"ram";"ram_Usada";"GB";"2022-11-08 14:43:43";7.11
"Servidor-SPTECH";"ram";"ram_Usada";"GB";"2022-11-08 14:43:41";7.11
"Servidor-SPTECH";"ram";"ram_Usada";"GB";"2022-11-08 14:43:39";7.11
"Servidor-SPTECH";"ram";"ram_Usada";"GB";"2022-11-08 14:43:38";7.11
"Servidor-SPTECH";"ram";"ram_Usada";"GB";"2022-11-08 14:43:36";7.11
"Servidor-SPTECH";"ram";"ram_Usada";"GB";"2022-11-08 14:43:34";7.1
"Servidor-SPTECH";"ram";"ram_Usada";"GB";"2022-11-08 14:43:32";7.1
"Servidor-SPTECH";"ram";"ram_Usada";"GB";"2022-11-08 14:43:31";7.11
"Servidor-SPTECH";"ram";"ram_Usada";"GB";"2022-11-08 14:43:29";7.11
"Servidor-SPTECH";"ram";"ram_Usada";"GB";"2022-11-08 14:43:27";7.12
"Servidor-SPTECH";"ram";"ram_Usada";"GB";"2022-11-08 14:43:25";7.08
"Servidor-SPTECH";"ram";"ram_Usada";"GB";"2022-11-08 14:43:24";7.12
"Servidor-SPTECH";"ram";"ram_Usada";"GB";"2022-11-08 14:43:22";7.12
"Servidor-SPTECH";"ram";"ram_Usada";"GB";"2022-11-08 14:43:20";7.12
"Servidor-SPTECH";"ram";"ram_Usada";"GB";"2022-11-08 14:43:18";7.11
"Servidor-SPTECH";"ram";"ram_Usada";"GB";"2022-11-08 14:43:17";7.12
"Servidor-SPTECH";"ram";"ram_Usada";"GB";"2022-11-08 14:43:15";7.12
"Servidor-SPTECH";"ram";"ram_Usada";"GB";"2022-11-08 14:43:13";7.09
"Servidor-SPTECH";"ram";"ram_Usada";"GB";"2022-11-08 14:43:11";7.13
"Servidor-SPTECH";"ram";"ram_Usada";"GB";"2022-11-08 14:43:09";7.15
"Servidor-SPTECH";"ram";"ram_Usada";"GB";"2022-11-08 14:43:08";7.15
"Servidor-SPTECH";"ram";"ram_Usada";"GB";"2022-11-08 14:43:06";7.15
"Servidor-SPTECH";"ram";"ram_Usada";"GB";"2022-11-08 14:43:04";7.15
"Servidor-SPTECH";"ram";"ram_Usada";"GB";"2022-11-08 14:43:02";7.19
"Servidor-SPTECH";"ram";"ram_Usada";"GB";"2022-11-08 14:43:01";7.21
"Servidor-SPTECH";"ram";"ram_Usada";"GB";"2022-11-08 14:42:59";7.21
"Servidor-SPTECH";"ram";"ram_Usada";"GB";"2022-11-08 14:42:57";7.17
"Servidor-SPTECH";"ram";"ram_Usada";"GB";"2022-11-08 14:42:55";7.16
"Servidor-SPTECH";"ram";"ram_Usada";"GB";"2022-11-08 14:42:53";7.3
"Servidor-SPTECH";"ram";"ram_Usada";"GB";"2022-11-08 14:42:51";7.07
"Servidor-SPTECH";"ram";"ram_Usada";"GB";"2022-11-08 14:42:49";7.04
"Servidor-SPTECH";"ram";"ram_Usada";"GB";"2022-11-08 14:42:47";7.07
"Servidor-SPTECH";"ram";"ram_Usada";"GB";"2022-11-08 14:42:45";7.06
"Servidor-SPTECH";"ram";"ram_Usada";"GB";"2022-11-08 14:42:44";7.03
"Servidor-SPTECH";"ram";"ram_Usada";"GB";"2022-11-08 14:42:42";7.05
"Servidor-SPTECH";"ram";"ram_Usada";"GB";"2022-11-08 14:42:40";7.06
"Servidor-SPTECH";"ram";"ram_Usada";"GB";"2022-11-08 14:42:38";7.07
"Servidor-SPTECH";"ram";"ram_Usada";"GB";"2022-11-08 14:42:37";7.06
"Servidor-SPTECH";"ram";"ram_Usada";"GB";"2022-11-08 14:42:35";7.06
"Servidor-SPTECH";"ram";"ram_Usada";"GB";"2022-11-08 14:42:33";7.23
"Servidor-SPTECH";"ram";"ram_Usada";"GB";"2022-11-08 14:42:31";7.23
"Servidor-SPTECH";"ram";"ram_Usada";"GB";"2022-11-08 14:42:29";7.28
"Servidor-SPTECH";"ram";"ram_Usada";"GB";"2022-11-08 14:42:27";7.27
"Servidor-SPTECH";"ram";"ram_Usada";"GB";"2022-11-08 14:42:26";7.27
"Servidor-SPTECH";"ram";"ram_Usada";"GB";"2022-11-08 14:42:24";7.35
"Servidor-SPTECH";"ram";"ram_Usada";"GB";"2022-11-08 14:42:21";7.27
"Servidor-SPTECH";"ram";"ram_Usada";"GB";"2022-11-08 14:42:19";7.29
"Servidor-SPTECH";"ram";"ram_Usada";"GB";"2022-11-08 14:42:17";7.22
"Servidor-SPTECH";"ram";"ram_Usada";"GB";"2022-11-08 14:42:16";7.33
"Servidor-SPTECH";"ram";"ram_Usada";"GB";"2022-11-08 14:42:14";7.25
"Servidor-SPTECH";"ram";"ram_Usada";"GB";"2022-11-08 14:42:11";6.63
"Servidor-SPTECH";"ram";"ram_Usada";"GB";"2022-11-08 14:42:09";6.63
"Servidor-SPTECH";"ram";"ram_Usada";"GB";"2022-11-08 14:42:07";6.64
"Servidor-SPTECH";"ram";"ram_Usada";"GB";"2022-11-08 14:42:06";6.63
"Servidor-SPTECH";"ram";"ram_Usada";"GB";"2022-11-08 14:42:04";6.61
"Servidor-SPTECH";"ram";"ram_Usada";"GB";"2022-11-08 14:42:02";6.67
"Servidor-SPTECH";"ram";"ram_Usada";"GB";"2022-11-08 14:42:01";6.74
"Servidor-SPTECH";"ram";"ram_Usada";"GB";"2022-11-08 14:41:59";6.8
"Servidor-SPTECH";"ram";"ram_Usada";"GB";"2022-11-08 14:41:57";6.84
"Servidor-SPTECH";"ram";"ram_Usada";"GB";"2022-11-08 14:41:55";6.87
"Servidor-SPTECH";"ram";"ram_Usada";"GB";"2022-11-08 14:41:53";6.85
"Servidor-SPTECH";"ram";"ram_Usada";"GB";"2022-11-08 14:41:51";6.85
"Servidor-SPTECH";"ram";"ram_Usada";"GB";"2022-11-08 14:41:50";6.85
"Servidor-SPTECH";"ram";"ram_Usada";"GB";"2022-11-08 14:41:47";6.98
"Servidor-SPTECH";"ram";"ram_Usada";"GB";"2022-11-08 14:41:45";6.78
"Servidor-SPTECH";"ram";"ram_Usada";"GB";"2022-11-08 14:41:43";6.81
"Servidor-SPTECH";"ram";"ram_Usada";"GB";"2022-11-08 14:41:41";6.57
"Servidor-SPTECH";"ram";"ram_Usada";"GB";"2022-11-08 14:41:40";6.54
"Servidor-SPTECH";"ram";"ram_Usada";"GB";"2022-11-08 14:41:38";6.57
"Servidor-SPTECH";"ram";"ram_Usada";"GB";"2022-11-08 14:41:37";6.57
"Servidor-SPTECH";"ram";"ram_Usada";"GB";"2022-11-08 14:41:35";6.57
"Servidor-SPTECH";"ram";"ram_Usada";"GB";"2022-11-08 14:41:33";6.58
"Servidor-SPTECH";"ram";"ram_Usada";"GB";"2022-11-08 14:41:31";6.57
"Servidor-SPTECH";"ram";"ram_Usada";"GB";"2022-11-08 14:41:30";6.58
"Servidor-SPTECH";"ram";"ram_Usada";"GB";"2022-11-08 14:41:28";6.57
"Servidor-SPTECH";"ram";"ram_Usada";"GB";"2022-11-08 14:41:26";6.61
"Servidor-SPTECH";"ram";"ram_Usada";"GB";"2022-11-08 14:41:25";6.6
"Servidor-SPTECH";"ram";"ram_Usada";"GB";"2022-11-08 14:41:23";6.56
"Servidor-SPTECH";"ram";"ram_Usada";"GB";"2022-11-08 14:41:21";6.56
"Servidor-SPTECH";"ram";"ram_Usada";"GB";"2022-11-08 14:41:19";6.54
"Servidor-SPTECH";"ram";"ram_Usada";"GB";"2022-11-08 14:41:18";6.54
"Servidor-SPTECH";"ram";"ram_Usada";"GB";"2022-11-08 14:41:16";6.56
"Servidor-SPTECH";"ram";"ram_Usada";"GB";"2022-11-08 14:41:14";6.57
"Servidor-SPTECH";"ram";"ram_Usada";"GB";"2022-11-08 14:41:13";6.57
"Servidor-SPTECH";"ram";"ram_Usada";"GB";"2022-11-08 14:41:11";6.57
"Servidor-SPTECH";"ram";"ram_Usada";"GB";"2022-11-08 14:41:09";6.53
"Servidor-SPTECH";"ram";"ram_Usada";"GB";"2022-11-08 14:41:07";6.56
"Servidor-SPTECH";"ram";"ram_Usada";"GB";"2022-11-08 14:41:06";6.57
"Servidor-SPTECH";"ram";"ram_Usada";"GB";"2022-11-08 14:41:04";6.57
"Servidor-SPTECH";"ram";"ram_Usada";"GB";"2022-11-08 14:41:02";6.57
"Servidor-SPTECH";"ram";"ram_Usada";"GB";"2022-11-08 14:41:01";6.57
"Servidor-SPTECH";"ram";"ram_Usada";"GB";"2022-11-08 14:40:59";6.59
"Servidor-SPTECH";"ram";"ram_Usada";"GB";"2022-11-08 14:40:57";6.57
"Servidor-SPTECH";"ram";"ram_Usada";"GB";"2022-11-08 14:40:55";6.6
"Servidor-SPTECH";"ram";"ram_Usada";"GB";"2022-11-08 14:40:54";6.6
"Servidor-SPTECH";"ram";"ram_Usada";"GB";"2022-11-08 14:40:52";6.6
"Servidor-SPTECH";"ram";"ram_Usada";"GB";"2022-11-08 14:40:50";6.61
"Servidor-SPTECH";"ram";"ram_Usada";"GB";"2022-11-08 14:40:49";6.62
"Servidor-SPTECH";"ram";"ram_Usada";"GB";"2022-11-08 14:40:47";6.6
"Servidor-SPTECH";"ram";"ram_Usada";"GB";"2022-11-08 14:40:45";6.58
"Servidor-SPTECH";"ram";"ram_Usada";"GB";"2022-11-08 14:40:44";6.57
"Servidor-SPTECH";"ram";"ram_Usada";"GB";"2022-11-08 14:40:42";6.63
"Servidor-SPTECH";"ram";"ram_Usada";"GB";"2022-11-08 14:40:40";6.82
"Servidor-SPTECH";"ram";"ram_Usada";"GB";"2022-11-08 14:40:39";6.81
"Servidor-SPTECH";"ram";"ram_Usada";"GB";"2022-11-08 14:40:37";6.91
"Servidor-SPTECH";"ram";"ram_Usada";"GB";"2022-11-08 14:40:35";6.46
"Servidor-SPTECH";"ram";"ram_Usada";"GB";"2022-11-08 14:40:33";6.44
"Servidor-SPTECH";"ram";"ram_Usada";"GB";"2022-11-08 14:40:32";6.46
"Servidor-SPTECH";"ram";"ram_Usada";"GB";"2022-11-08 14:40:30";6.43
"Servidor-SPTECH";"ram";"ram_Usada";"GB";"2022-11-08 14:40:28";6.43
"Servidor-SPTECH";"ram";"ram_Usada";"GB";"2022-11-08 14:40:26";6.44
"Servidor-SPTECH";"ram";"ram_Usada";"GB";"2022-11-08 14:40:25";6.43
"Servidor-SPTECH";"ram";"ram_Usada";"GB";"2022-11-08 14:40:23";6.42
"Servidor-SPTECH";"ram";"ram_Usada";"GB";"2022-11-08 14:40:22";6.4
"Servidor-SPTECH";"ram";"ram_Usada";"GB";"2022-11-08 14:40:20";6.42
"Servidor-SPTECH";"ram";"ram_Usada";"GB";"2022-11-08 14:40:18";6.42
"Servidor-SPTECH";"ram";"ram_Usada";"GB";"2022-11-08 14:40:16";6.41
"Servidor-SPTECH";"ram";"ram_Usada";"GB";"2022-11-08 14:40:14";6.41
"Servidor-SPTECH";"ram";"ram_Usada";"GB";"2022-11-08 14:40:13";6.4
"Servidor-SPTECH";"ram";"ram_Usada";"GB";"2022-11-08 14:40:11";6.41
"Servidor-SPTECH";"ram";"ram_Usada";"GB";"2022-11-08 14:40:09";6.38
"Servidor-SPTECH";"ram";"ram_Usada";"GB";"2022-11-08 14:40:08";6.4
"Servidor-SPTECH";"ram";"ram_Usada";"GB";"2022-11-08 14:40:06";6.4
"Servidor-SPTECH";"ram";"ram_Usada";"GB";"2022-11-08 14:40:04";6.4
"Servidor-SPTECH";"ram";"ram_Usada";"GB";"2022-11-08 14:40:03";6.38
"Servidor-SPTECH";"ram";"ram_Usada";"GB";"2022-11-08 14:40:01";6.41
"Servidor-SPTECH";"ram";"ram_Usada";"GB";"2022-11-08 14:39:59";6.36
"Servidor-SPTECH";"ram";"ram_Usada";"GB";"2022-11-08 14:39:58";6.36
"Servidor-SPTECH";"ram";"ram_Usada";"GB";"2022-11-08 14:39:56";6.36
"Servidor-SPTECH";"ram";"ram_Usada";"GB";"2022-11-08 14:39:54";6.35
"Servidor-SPTECH";"ram";"ram_Usada";"GB";"2022-11-08 14:39:53";6.35
"Servidor-SPTECH";"ram";"ram_Usada";"GB";"2022-11-08 14:39:51";6.33
"Servidor-SPTECH";"ram";"ram_Usada";"GB";"2022-11-08 14:39:49";6.35
"Servidor-SPTECH";"ram";"ram_Usada";"GB";"2022-11-08 14:39:48";6.35
"Servidor-SPTECH";"ram";"ram_Usada";"GB";"2022-11-08 14:39:46";6.33
"Servidor-SPTECH";"ram";"ram_Usada";"GB";"2022-11-08 14:39:44";6.34
"Servidor-SPTECH";"ram";"ram_Usada";"GB";"2022-11-08 14:39:42";6.35
"Servidor-SPTECH";"ram";"ram_Usada";"GB";"2022-11-08 14:39:41";6.44
"Servidor-SPTECH";"ram";"ram_Usada";"GB";"2022-11-08 14:39:39";6.4
"Servidor-SPTECH";"ram";"ram_Usada";"GB";"2022-11-08 14:39:37";6.42
"Servidor-SPTECH";"ram";"ram_Usada";"GB";"2022-11-08 14:39:35";6.42
"Servidor-SPTECH";"ram";"ram_Usada";"GB";"2022-11-08 14:39:34";6.43
"Servidor-SPTECH";"ram";"ram_Usada";"GB";"2022-11-08 14:39:32";6.43
"Servidor-SPTECH";"ram";"ram_Usada";"GB";"2022-11-08 14:39:30";6.43
"Servidor-SPTECH";"ram";"ram_Usada";"GB";"2022-11-08 14:39:28";6.43
"Servidor-SPTECH";"ram";"ram_Usada";"GB";"2022-11-08 14:39:27";6.44
"Servidor-SPTECH";"ram";"ram_Usada";"GB";"2022-11-08 14:39:25";6.46
"Servidor-SPTECH";"ram";"ram_Usada";"GB";"2022-11-08 14:39:23";6.47
"Servidor-SPTECH";"ram";"ram_Usada";"GB";"2022-11-08 14:39:22";6.47
"Servidor-SPTECH";"ram";"ram_Usada";"GB";"2022-11-08 14:39:20";6.47
"Servidor-SPTECH";"ram";"ram_Usada";"GB";"2022-11-08 14:39:18";6.47
"Servidor-SPTECH";"ram";"ram_Usada";"GB";"2022-11-08 14:39:17";6.47
"Servidor-SPTECH";"ram";"ram_Usada";"GB";"2022-11-08 14:39:15";6.44
"Servidor-SPTECH";"ram";"ram_Usada";"GB";"2022-11-08 14:39:13";6.46
"Servidor-SPTECH";"ram";"ram_Usada";"GB";"2022-11-08 14:39:11";6.46
"Servidor-SPTECH";"ram";"ram_Usada";"GB";"2022-11-08 14:39:09";6.44
"Servidor-SPTECH";"ram";"ram_Usada";"GB";"2022-11-08 14:39:08";6.48
"Servidor-SPTECH";"ram";"ram_Usada";"GB";"2022-11-08 14:39:06";6.47
"Servidor-SPTECH";"ram";"ram_Usada";"GB";"2022-11-08 14:39:04";6.47
"Servidor-SPTECH";"ram";"ram_Usada";"GB";"2022-11-08 14:39:03";6.44
"Servidor-SPTECH";"ram";"ram_Usada";"GB";"2022-11-08 14:39:01";6.47
"Servidor-SPTECH";"ram";"ram_Usada";"GB";"2022-11-08 14:38:59";6.47
"Servidor-SPTECH";"ram";"ram_Usada";"GB";"2022-11-08 14:38:58";6.46
"Servidor-SPTECH";"ram";"ram_Usada";"GB";"2022-11-08 14:38:56";6.46
"Servidor-SPTECH";"ram";"ram_Usada";"GB";"2022-11-08 14:38:54";6.45
"Servidor-SPTECH";"ram";"ram_Usada";"GB";"2022-11-08 14:38:53";6.55
"Servidor-SPTECH";"ram";"ram_Usada";"GB";"2022-11-08 14:38:51";6.52
"Servidor-SPTECH";"ram";"ram_Usada";"GB";"2022-11-08 14:38:49";6.56
"Servidor-SPTECH";"ram";"ram_Usada";"GB";"2022-11-08 14:38:47";6.56
"Servidor-SPTECH";"ram";"ram_Usada";"GB";"2022-11-08 14:38:46";6.44
"Servidor-SPTECH";"ram";"ram_Usada";"GB";"2022-11-08 14:38:44";6.41
"Servidor-SPTECH";"ram";"ram_Usada";"GB";"2022-11-08 14:38:42";6.47
"Servidor-SPTECH";"ram";"ram_Usada";"GB";"2022-11-08 14:38:41";6.47
"Servidor-SPTECH";"ram";"ram_Usada";"GB";"2022-11-08 14:38:39";6.45
"Servidor-SPTECH";"ram";"ram_Usada";"GB";"2022-11-08 14:38:37";6.49
"Servidor-SPTECH";"ram";"ram_Usada";"GB";"2022-11-08 14:38:36";6.48
"Servidor-SPTECH";"ram";"ram_Usada";"GB";"2022-11-08 14:38:34";6.49
"Servidor-SPTECH";"ram";"ram_Usada";"GB";"2022-11-08 14:38:32";6.46
"Servidor-SPTECH";"ram";"ram_Usada";"GB";"2022-11-08 14:38:31";6.47
"Servidor-SPTECH";"ram";"ram_Usada";"GB";"2022-11-08 14:38:29";6.48
"Servidor-SPTECH";"ram";"ram_Usada";"GB";"2022-11-08 14:38:27";6.48
"Servidor-SPTECH";"ram";"ram_Usada";"GB";"2022-11-08 14:38:26";6.48
"Servidor-SPTECH";"ram";"ram_Usada";"GB";"2022-11-08 14:38:24";6.46
"Servidor-SPTECH";"ram";"ram_Usada";"GB";"2022-11-08 14:38:22";6.44
"Servidor-SPTECH";"ram";"ram_Usada";"GB";"2022-11-08 14:38:21";6.42
"Servidor-SPTECH";"ram";"ram_Usada";"GB";"2022-11-08 14:38:19";6.44
"Servidor-SPTECH";"ram";"ram_Usada";"GB";"2022-11-08 14:38:17";6.44
"Servidor-SPTECH";"ram";"ram_Usada";"GB";"2022-11-08 14:38:16";6.44
"Servidor-SPTECH";"ram";"ram_Usada";"GB";"2022-11-08 14:38:14";6.48
"Servidor-SPTECH";"ram";"ram_Usada";"GB";"2022-11-08 14:38:12";6.48
"Servidor-SPTECH";"ram";"ram_Usada";"GB";"2022-11-08 14:38:10";6.47
"Servidor-SPTECH";"ram";"ram_Usada";"GB";"2022-11-08 14:38:09";6.44
"Servidor-SPTECH";"ram";"ram_Usada";"GB";"2022-11-08 14:38:07";6.47
"Servidor-SPTECH";"ram";"ram_Usada";"GB";"2022-11-08 14:38:05";6.48
"Servidor-SPTECH";"ram";"ram_Usada";"GB";"2022-11-08 14:38:03";6.48
"Servidor-SPTECH";"ram";"ram_Usada";"GB";"2022-11-08 14:38:02";6.47
"Servidor-SPTECH";"ram";"ram_Usada";"GB";"2022-11-08 14:38:00";6.46
"Servidor-SPTECH";"ram";"ram_Usada";"GB";"2022-11-08 14:37:58";6.46
"Servidor-SPTECH";"ram";"ram_Usada";"GB";"2022-11-08 14:37:56";6.46
"Servidor-SPTECH";"ram";"ram_Usada";"GB";"2022-11-08 14:37:55";6.48
"Servidor-SPTECH";"ram";"ram_Usada";"GB";"2022-11-08 14:37:53";6.47
"Servidor-SPTECH";"ram";"ram_Usada";"GB";"2022-11-08 14:37:51";6.49
"Servidor-SPTECH";"ram";"ram_Usada";"GB";"2022-11-08 14:37:50";6.51
"Servidor-SPTECH";"ram";"ram_Usada";"GB";"2022-11-08 14:37:48";6.51
"Servidor-SPTECH";"ram";"ram_Usada";"GB";"2022-11-08 14:37:46";6.49
"Servidor-SPTECH";"ram";"ram_Usada";"GB";"2022-11-08 14:37:45";6.5
"Servidor-SPTECH";"ram";"ram_Usada";"GB";"2022-11-08 14:37:43";6.7
"Servidor-SPTECH";"ram";"ram_Usada";"GB";"2022-11-08 14:37:41";6.67
"Servidor-SPTECH";"ram";"ram_Usada";"GB";"2022-11-08 14:37:40";6.65
"Servidor-SPTECH";"ram";"ram_Usada";"GB";"2022-11-08 14:37:38";6.65
"Servidor-SPTECH";"ram";"ram_Usada";"GB";"2022-11-08 14:37:36";6.6
"Servidor-SPTECH";"ram";"ram_Usada";"GB";"2022-11-08 14:37:35";6.58
"Servidor-SPTECH";"ram";"ram_Usada";"GB";"2022-11-08 14:37:33";6.57
"Servidor-SPTECH";"ram";"ram_Usada";"GB";"2022-11-08 14:37:31";6.58
"Servidor-SPTECH";"ram";"ram_Usada";"GB";"2022-11-08 14:37:30";6.58
"Servidor-SPTECH";"ram";"ram_Usada";"GB";"2022-11-08 14:37:28";6.58
"Servidor-SPTECH";"ram";"ram_Usada";"GB";"2022-11-08 14:37:26";6.58
"Servidor-SPTECH";"ram";"ram_Usada";"GB";"2022-11-08 14:37:25";6.59
"Servidor-SPTECH";"ram";"ram_Usada";"GB";"2022-11-08 14:37:23";6.57
"Servidor-SPTECH";"ram";"ram_Usada";"GB";"2022-11-08 14:37:21";6.55
"Servidor-SPTECH";"ram";"ram_Usada";"GB";"2022-11-08 14:37:20";6.55
"Servidor-SPTECH";"ram";"ram_Usada";"GB";"2022-11-08 14:37:18";6.55
"Servidor-SPTECH";"ram";"ram_Usada";"GB";"2022-11-08 14:37:16";6.55
"Servidor-SPTECH";"ram";"ram_Usada";"GB";"2022-11-08 14:37:14";6.55
"Servidor-SPTECH";"ram";"ram_Usada";"GB";"2022-11-08 14:37:13";6.56
"Servidor-SPTECH";"ram";"ram_Usada";"GB";"2022-11-08 14:37:11";6.58
"Servidor-SPTECH";"ram";"ram_Usada";"GB";"2022-11-08 14:37:09";6.59
"Servidor-SPTECH";"ram";"ram_Usada";"GB";"2022-11-08 14:37:08";6.62
"Servidor-SPTECH";"ram";"ram_Usada";"GB";"2022-11-08 14:37:06";6.62
"Servidor-SPTECH";"ram";"ram_Usada";"GB";"2022-11-08 14:37:04";6.65
"Servidor-SPTECH";"ram";"ram_Usada";"GB";"2022-11-08 14:37:02";6.62
"Servidor-SPTECH";"ram";"ram_Usada";"GB";"2022-11-08 14:37:01";6.68
"Servidor-SPTECH";"ram";"ram_Usada";"GB";"2022-11-08 14:36:59";6.69
"Servidor-SPTECH";"ram";"ram_Usada";"GB";"2022-11-08 14:36:57";6.71
"Servidor-SPTECH";"ram";"ram_Usada";"GB";"2022-11-08 14:36:55";6.69
"Servidor-SPTECH";"ram";"ram_Usada";"GB";"2022-11-08 14:36:53";6.68
"Servidor-SPTECH";"ram";"ram_Usada";"GB";"2022-11-08 14:36:52";6.79
"Servidor-SPTECH";"ram";"ram_Usada";"GB";"2022-11-08 14:36:50";6.59
"Servidor-SPTECH";"ram";"ram_Usada";"GB";"2022-11-08 14:36:48";6.5
"Servidor-SPTECH";"ram";"ram_Usada";"GB";"2022-11-08 14:36:47";6.5
"Servidor-SPTECH";"ram";"ram_Usada";"GB";"2022-11-08 14:36:45";6.5
"Servidor-SPTECH";"ram";"ram_Usada";"GB";"2022-11-08 14:36:43";6.51
"Servidor-SPTECH";"ram";"ram_Usada";"GB";"2022-11-08 14:36:41";6.51
"Servidor-SPTECH";"ram";"ram_Usada";"GB";"2022-11-08 14:36:40";6.51
"Servidor-SPTECH";"ram";"ram_Usada";"GB";"2022-11-08 14:36:38";6.51
"Servidor-SPTECH";"ram";"ram_Usada";"GB";"2022-11-08 14:36:36";6.51
"Servidor-SPTECH";"ram";"ram_Usada";"GB";"2022-11-08 14:36:35";6.51
"Servidor-SPTECH";"ram";"ram_Usada";"GB";"2022-11-08 14:36:33";6.51
"Servidor-SPTECH";"ram";"ram_Usada";"GB";"2022-11-08 14:36:32";6.5
"Servidor-SPTECH";"ram";"ram_Usada";"GB";"2022-11-08 14:36:30";6.47
"Servidor-SPTECH";"ram";"ram_Usada";"GB";"2022-11-08 14:36:28";6.51
"Servidor-SPTECH";"ram";"ram_Usada";"GB";"2022-11-08 14:36:26";6.5
"Servidor-SPTECH";"ram";"ram_Usada";"GB";"2022-11-08 14:36:25";6.5
"Servidor-SPTECH";"ram";"ram_Usada";"GB";"2022-11-08 14:36:23";6.51
"Servidor-SPTECH";"ram";"ram_Usada";"GB";"2022-11-08 14:36:21";6.5
"Servidor-SPTECH";"ram";"ram_Usada";"GB";"2022-11-08 14:36:20";6.51
"Servidor-SPTECH";"ram";"ram_Usada";"GB";"2022-11-08 14:36:18";6.5
"Servidor-SPTECH";"ram";"ram_Usada";"GB";"2022-11-08 14:36:16";6.5
"Servidor-SPTECH";"ram";"ram_Usada";"GB";"2022-11-08 14:36:14";6.5
"Servidor-SPTECH";"ram";"ram_Usada";"GB";"2022-11-08 14:36:13";6.49
"Servidor-SPTECH";"ram";"ram_Usada";"GB";"2022-11-08 14:36:11";6.51
"Servidor-SPTECH";"ram";"ram_Usada";"GB";"2022-11-08 14:36:09";6.51
"Servidor-SPTECH";"ram";"ram_Usada";"GB";"2022-11-08 14:36:08";6.51
"Servidor-SPTECH";"ram";"ram_Usada";"GB";"2022-11-08 14:36:06";6.52
"Servidor-SPTECH";"ram";"ram_Usada";"GB";"2022-11-08 14:36:04";6.5
"Servidor-SPTECH";"ram";"ram_Usada";"GB";"2022-11-08 14:36:03";6.51
"Servidor-SPTECH";"ram";"ram_Usada";"GB";"2022-11-08 14:36:01";6.51
"Servidor-SPTECH";"ram";"ram_Usada";"GB";"2022-11-08 14:35:59";6.5
"Servidor-SPTECH";"ram";"ram_Usada";"GB";"2022-11-08 14:35:57";6.49
"Servidor-SPTECH";"ram";"ram_Usada";"GB";"2022-11-08 14:35:56";6.5
"Servidor-SPTECH";"ram";"ram_Usada";"GB";"2022-11-08 14:35:54";6.5
"Servidor-SPTECH";"ram";"ram_Usada";"GB";"2022-11-08 14:35:52";6.51
"Servidor-SPTECH";"ram";"ram_Usada";"GB";"2022-11-08 14:35:50";6.51
"Servidor-SPTECH";"ram";"ram_Usada";"GB";"2022-11-08 14:35:49";6.51
"Servidor-SPTECH";"ram";"ram_Usada";"GB";"2022-11-08 14:35:47";6.51
"Servidor-SPTECH";"ram";"ram_Usada";"GB";"2022-11-08 14:35:45";6.54
"Servidor-SPTECH";"ram";"ram_Usada";"GB";"2022-11-08 14:35:44";6.54
"Servidor-SPTECH";"ram";"ram_Usada";"GB";"2022-11-08 14:35:42";6.55
"Servidor-SPTECH";"ram";"ram_Usada";"GB";"2022-11-08 14:35:40";6.58
"Servidor-SPTECH";"ram";"ram_Usada";"GB";"2022-11-08 14:35:39";6.58
"Servidor-SPTECH";"ram";"ram_Usada";"GB";"2022-11-08 14:35:37";6.6
"Servidor-SPTECH";"ram";"ram_Usada";"GB";"2022-11-08 14:35:35";6.59
"Servidor-SPTECH";"ram";"ram_Usada";"GB";"2022-11-08 14:35:33";6.59
"Servidor-SPTECH";"ram";"ram_Usada";"GB";"2022-11-08 14:35:32";6.59
"Servidor-SPTECH";"ram";"ram_Usada";"GB";"2022-11-08 14:35:30";6.53
"Servidor-SPTECH";"ram";"ram_Usada";"GB";"2022-11-08 14:35:28";6.54
"Servidor-SPTECH";"ram";"ram_Usada";"GB";"2022-11-08 14:35:26";6.54
"Servidor-SPTECH";"ram";"ram_Usada";"GB";"2022-11-08 14:35:25";6.53
"Servidor-SPTECH";"ram";"ram_Usada";"GB";"2022-11-08 14:35:23";6.53
"Servidor-SPTECH";"ram";"ram_Usada";"GB";"2022-11-08 14:35:22";6.53
"Servidor-SPTECH";"ram";"ram_Usada";"GB";"2022-11-08 14:35:20";6.53
"Servidor-SPTECH";"ram";"ram_Usada";"GB";"2022-11-08 14:35:18";6.53
"Servidor-SPTECH";"ram";"ram_Usada";"GB";"2022-11-08 14:35:17";6.55
"Servidor-SPTECH";"ram";"ram_Usada";"GB";"2022-11-08 14:35:15";6.54
"Servidor-SPTECH";"ram";"ram_Usada";"GB";"2022-11-08 14:35:13";6.55
"Servidor-SPTECH";"ram";"ram_Usada";"GB";"2022-11-08 14:35:11";6.57
"Servidor-SPTECH";"ram";"ram_Usada";"GB";"2022-11-08 14:35:10";6.57
"Servidor-SPTECH";"ram";"ram_Usada";"GB";"2022-11-08 14:35:08";6.57
"Servidor-SPTECH";"ram";"ram_Usada";"GB";"2022-11-08 14:35:06";6.6
"Servidor-SPTECH";"ram";"ram_Usada";"GB";"2022-11-08 14:35:05";6.61
"Servidor-SPTECH";"ram";"ram_Usada";"GB";"2022-11-08 14:35:03";6.61
"Servidor-SPTECH";"ram";"ram_Usada";"GB";"2022-11-08 14:35:01";6.61
"Servidor-SPTECH";"ram";"ram_Usada";"GB";"2022-11-08 14:34:59";6.56
"Servidor-SPTECH";"ram";"ram_Usada";"GB";"2022-11-08 14:34:58";6.5
"Servidor-SPTECH";"ram";"ram_Usada";"GB";"2022-11-08 14:34:56";6.51
"Servidor-SPTECH";"ram";"ram_Usada";"GB";"2022-11-08 14:34:54";6.5
"Servidor-SPTECH";"ram";"ram_Usada";"GB";"2022-11-08 14:34:53";6.51
"Servidor-SPTECH";"ram";"ram_Usada";"GB";"2022-11-08 14:34:51";6.51
"Servidor-SPTECH";"ram";"ram_Usada";"GB";"2022-11-08 14:34:49";6.49
"Servidor-SPTECH";"ram";"ram_Usada";"GB";"2022-11-08 14:34:48";6.46
"Servidor-SPTECH";"ram";"ram_Usada";"GB";"2022-11-08 14:34:46";6.5
"Servidor-SPTECH";"ram";"ram_Usada";"GB";"2022-11-08 14:34:44";6.5
"Servidor-SPTECH";"ram";"ram_Usada";"GB";"2022-11-08 14:34:42";6.5
"Servidor-SPTECH";"ram";"ram_Usada";"GB";"2022-11-08 14:34:41";6.5
"Servidor-SPTECH";"ram";"ram_Usada";"GB";"2022-11-08 14:34:39";6.5
"Servidor-SPTECH";"ram";"ram_Usada";"GB";"2022-11-08 14:34:37";6.5
"Servidor-SPTECH";"ram";"ram_Usada";"GB";"2022-11-08 14:34:36";6.5
"Servidor-SPTECH";"ram";"ram_Usada";"GB";"2022-11-08 14:34:34";6.47
"Servidor-SPTECH";"ram";"ram_Usada";"GB";"2022-11-08 14:34:32";6.47
"Servidor-SPTECH";"ram";"ram_Usada";"GB";"2022-11-08 14:34:31";6.47
"Servidor-SPTECH";"ram";"ram_Usada";"GB";"2022-11-08 14:34:29";6.48
"Servidor-SPTECH";"ram";"ram_Usada";"GB";"2022-11-08 14:34:27";6.48
"Servidor-SPTECH";"ram";"ram_Usada";"GB";"2022-11-08 14:34:25";6.47
"Servidor-SPTECH";"ram";"ram_Usada";"GB";"2022-11-08 14:34:24";6.48
"Servidor-SPTECH";"ram";"ram_Usada";"GB";"2022-11-08 14:34:22";6.49
"Servidor-SPTECH";"ram";"ram_Usada";"GB";"2022-11-08 14:34:20";6.49
"Servidor-SPTECH";"ram";"ram_Usada";"GB";"2022-11-08 14:34:19";6.49
"Servidor-SPTECH";"ram";"ram_Usada";"GB";"2022-11-08 14:34:17";6.54
"Servidor-SPTECH";"ram";"ram_Usada";"GB";"2022-11-08 14:34:15";6.48
"Servidor-SPTECH";"ram";"ram_Usada";"GB";"2022-11-08 14:34:14";6.47
"Servidor-SPTECH";"ram";"ram_Usada";"GB";"2022-11-08 14:34:12";6.47
"Servidor-SPTECH";"ram";"ram_Usada";"GB";"2022-11-08 14:34:10";6.48
"Servidor-SPTECH";"ram";"ram_Usada";"GB";"2022-11-08 14:34:08";6.47
"Servidor-SPTECH";"ram";"ram_Usada";"GB";"2022-11-08 14:34:07";6.47
"Servidor-SPTECH";"ram";"ram_Usada";"GB";"2022-11-08 14:34:05";6.47
"Servidor-SPTECH";"ram";"ram_Usada";"GB";"2022-11-08 14:34:03";6.47
"Servidor-SPTECH";"ram";"ram_Usada";"GB";"2022-11-08 14:34:01";6.47
"Servidor-SPTECH";"ram";"ram_Usada";"GB";"2022-11-08 14:33:59";6.43
"Servidor-SPTECH";"ram";"ram_Usada";"GB";"2022-11-08 14:33:58";6.46
"Servidor-SPTECH";"ram";"ram_Usada";"GB";"2022-11-08 14:33:56";6.47
"Servidor-SPTECH";"ram";"ram_Usada";"GB";"2022-11-08 14:33:54";6.48
"Servidor-SPTECH";"ram";"ram_Usada";"GB";"2022-11-08 14:33:52";6.49
"Servidor-SPTECH";"ram";"ram_Usada";"GB";"2022-11-08 14:33:51";6.49
"Servidor-SPTECH";"ram";"ram_Usada";"GB";"2022-11-08 14:33:49";6.68
"Servidor-SPTECH";"ram";"ram_Usada";"GB";"2022-11-08 14:33:47";6.69
"Servidor-SPTECH";"ram";"ram_Usada";"GB";"2022-11-08 14:33:45";6.73
"Servidor-SPTECH";"ram";"ram_Usada";"GB";"2022-11-08 14:33:44";6.74
"Servidor-SPTECH";"ram";"ram_Usada";"GB";"2022-11-08 14:33:42";6.79
"Servidor-SPTECH";"ram";"ram_Usada";"GB";"2022-11-08 14:33:40";6.74
"Servidor-SPTECH";"ram";"ram_Usada";"GB";"2022-11-08 14:33:39";6.7
"Servidor-SPTECH";"ram";"ram_Usada";"GB";"2022-11-08 14:33:37";6.7
"Servidor-SPTECH";"ram";"ram_Usada";"GB";"2022-11-08 14:33:35";6.66
"Servidor-SPTECH";"ram";"ram_Usada";"GB";"2022-11-08 14:33:33";6.7
"Servidor-SPTECH";"ram";"ram_Usada";"GB";"2022-11-08 14:33:32";6.7
"Servidor-SPTECH";"ram";"ram_Usada";"GB";"2022-11-08 14:33:30";6.69
"Servidor-SPTECH";"ram";"ram_Usada";"GB";"2022-11-08 14:33:28";6.69
"Servidor-SPTECH";"ram";"ram_Usada";"GB";"2022-11-08 14:33:27";6.69
"Servidor-SPTECH";"ram";"ram_Usada";"GB";"2022-11-08 14:33:25";6.69
"Servidor-SPTECH";"ram";"ram_Usada";"GB";"2022-11-08 14:33:23";6.67
"Servidor-SPTECH";"ram";"ram_Usada";"GB";"2022-11-08 14:33:21";6.69
"Servidor-SPTECH";"ram";"ram_Usada";"GB";"2022-11-08 14:33:19";6.69
"Servidor-SPTECH";"ram";"ram_Usada";"GB";"2022-11-08 14:33:18";6.69
"Servidor-SPTECH";"ram";"ram_Usada";"GB";"2022-11-08 14:33:16";6.7
"Servidor-SPTECH";"ram";"ram_Usada";"GB";"2022-11-08 14:33:14";6.69
"Servidor-SPTECH";"ram";"ram_Usada";"GB";"2022-11-08 14:33:12";6.7
"Servidor-SPTECH";"ram";"ram_Usada";"GB";"2022-11-08 14:33:11";6.69
"Servidor-SPTECH";"ram";"ram_Usada";"GB";"2022-11-08 14:33:09";6.7
"Servidor-SPTECH";"ram";"ram_Usada";"GB";"2022-11-08 14:33:07";6.7
"Servidor-SPTECH";"ram";"ram_Usada";"GB";"2022-11-08 14:33:06";6.7
"Servidor-SPTECH";"ram";"ram_Usada";"GB";"2022-11-08 14:33:04";6.7
"Servidor-SPTECH";"ram";"ram_Usada";"GB";"2022-11-08 14:33:02";6.7
"Servidor-SPTECH";"ram";"ram_Usada";"GB";"2022-11-08 14:33:00";6.69
"Servidor-SPTECH";"ram";"ram_Usada";"GB";"2022-11-08 14:32:59";6.69
"Servidor-SPTECH";"ram";"ram_Usada";"GB";"2022-11-08 14:32:57";6.69
"Servidor-SPTECH";"ram";"ram_Usada";"GB";"2022-11-08 14:32:55";6.7
"Servidor-SPTECH";"ram";"ram_Usada";"GB";"2022-11-08 14:32:54";6.68
"Servidor-SPTECH";"ram";"ram_Usada";"GB";"2022-11-08 14:32:52";6.68
"Servidor-SPTECH";"ram";"ram_Usada";"GB";"2022-11-08 14:32:50";6.69
"Servidor-SPTECH";"ram";"ram_Usada";"GB";"2022-11-08 14:32:48";6.67
"Servidor-SPTECH";"ram";"ram_Usada";"GB";"2022-11-08 14:32:47";6.63
"Servidor-SPTECH";"ram";"ram_Usada";"GB";"2022-11-08 14:32:45";6.67
"Servidor-SPTECH";"ram";"ram_Usada";"GB";"2022-11-08 14:32:43";6.66
"Servidor-SPTECH";"ram";"ram_Usada";"GB";"2022-11-08 14:32:42";6.69
"Servidor-SPTECH";"ram";"ram_Usada";"GB";"2022-11-08 14:32:40";6.7
"Servidor-SPTECH";"ram";"ram_Usada";"GB";"2022-11-08 14:32:39";6.7
"Servidor-SPTECH";"ram";"ram_Usada";"GB";"2022-11-08 14:32:37";6.7
"Servidor-SPTECH";"ram";"ram_Usada";"GB";"2022-11-08 14:32:35";6.67
"Servidor-SPTECH";"ram";"ram_Usada";"GB";"2022-11-08 14:32:34";6.71
"Servidor-SPTECH";"ram";"ram_Usada";"GB";"2022-11-08 14:32:32";6.71
"Servidor-SPTECH";"ram";"ram_Usada";"GB";"2022-11-08 14:32:30";6.72
"Servidor-SPTECH";"ram";"ram_Usada";"GB";"2022-11-08 14:32:28";6.71
"Servidor-SPTECH";"ram";"ram_Usada";"GB";"2022-11-08 14:32:27";6.72
"Servidor-SPTECH";"ram";"ram_Usada";"GB";"2022-11-08 14:32:25";6.73
"Servidor-SPTECH";"ram";"ram_Usada";"GB";"2022-11-08 14:32:23";6.71
"Servidor-SPTECH";"ram";"ram_Usada";"GB";"2022-11-08 14:32:22";6.68
"Servidor-SPTECH";"ram";"ram_Usada";"GB";"2022-11-08 14:32:20";6.7
"Servidor-SPTECH";"ram";"ram_Usada";"GB";"2022-11-08 14:32:18";6.7
"Servidor-SPTECH";"ram";"ram_Usada";"GB";"2022-11-08 14:32:17";6.73
"Servidor-SPTECH";"ram";"ram_Usada";"GB";"2022-11-08 14:32:15";6.73
"Servidor-SPTECH";"ram";"ram_Usada";"GB";"2022-11-08 14:32:13";6.73
"Servidor-SPTECH";"ram";"ram_Usada";"GB";"2022-11-08 14:32:12";6.7
"Servidor-SPTECH";"ram";"ram_Usada";"GB";"2022-11-08 14:32:10";6.69
"Servidor-SPTECH";"ram";"ram_Usada";"GB";"2022-11-08 14:32:08";6.68
"Servidor-SPTECH";"ram";"ram_Usada";"GB";"2022-11-08 14:32:07";6.68
"Servidor-SPTECH";"ram";"ram_Usada";"GB";"2022-11-08 14:32:05";6.66
"Servidor-SPTECH";"ram";"ram_Usada";"GB";"2022-11-08 14:32:03";6.7
"Servidor-SPTECH";"ram";"ram_Usada";"GB";"2022-11-08 14:32:01";6.71
"Servidor-SPTECH";"ram";"ram_Usada";"GB";"2022-11-08 14:32:00";6.7
"Servidor-SPTECH";"ram";"ram_Usada";"GB";"2022-11-08 14:31:58";6.72
"Servidor-SPTECH";"ram";"ram_Usada";"GB";"2022-11-08 14:31:56";6.72
"Servidor-SPTECH";"ram";"ram_Usada";"GB";"2022-11-08 14:31:54";6.73
"Servidor-SPTECH";"ram";"ram_Usada";"GB";"2022-11-08 14:31:53";6.71
"Servidor-SPTECH";"ram";"ram_Usada";"GB";"2022-11-08 14:31:51";6.72
"Servidor-SPTECH";"ram";"ram_Usada";"GB";"2022-11-08 14:31:49";6.72
"Servidor-SPTECH";"ram";"ram_Usada";"GB";"2022-11-08 14:31:48";6.68
"Servidor-SPTECH";"ram";"ram_Usada";"GB";"2022-11-08 14:31:46";6.67
"Servidor-SPTECH";"ram";"ram_Usada";"GB";"2022-11-08 14:31:44";6.67
"Servidor-SPTECH";"ram";"ram_Usada";"GB";"2022-11-08 14:31:43";6.68
"Servidor-SPTECH";"ram";"ram_Usada";"GB";"2022-11-08 14:31:41";6.65
"Servidor-SPTECH";"ram";"ram_Usada";"GB";"2022-11-08 14:31:39";6.68
"Servidor-SPTECH";"ram";"ram_Usada";"GB";"2022-11-08 14:31:37";6.67
"Servidor-SPTECH";"ram";"ram_Usada";"GB";"2022-11-08 14:31:36";6.67
"Servidor-SPTECH";"ram";"ram_Usada";"GB";"2022-11-08 14:31:34";6.67
"Servidor-SPTECH";"ram";"ram_Usada";"GB";"2022-11-08 14:31:32";6.67
"Servidor-SPTECH";"ram";"ram_Usada";"GB";"2022-11-08 14:31:31";6.69
"Servidor-SPTECH";"ram";"ram_Usada";"GB";"2022-11-08 14:31:29";6.66
"Servidor-SPTECH";"ram";"ram_Usada";"GB";"2022-11-08 14:31:27";6.68
"Servidor-SPTECH";"ram";"ram_Usada";"GB";"2022-11-08 14:31:26";6.71
"Servidor-SPTECH";"ram";"ram_Usada";"GB";"2022-11-08 14:31:24";6.72
"Servidor-SPTECH";"ram";"ram_Usada";"GB";"2022-11-08 14:31:22";6.71
"Servidor-SPTECH";"ram";"ram_Usada";"GB";"2022-11-08 14:31:21";6.72
"Servidor-SPTECH";"ram";"ram_Usada";"GB";"2022-11-08 14:31:19";6.66
"Servidor-SPTECH";"ram";"ram_Usada";"GB";"2022-11-08 14:31:17";6.65
"Servidor-SPTECH";"ram";"ram_Usada";"GB";"2022-11-08 14:31:16";6.67
"Servidor-SPTECH";"ram";"ram_Usada";"GB";"2022-11-08 14:31:14";6.67
"Servidor-SPTECH";"ram";"ram_Usada";"GB";"2022-11-08 14:31:12";6.7
"Servidor-SPTECH";"ram";"ram_Usada";"GB";"2022-11-08 14:31:10";6.67
"Servidor-SPTECH";"ram";"ram_Usada";"GB";"2022-11-08 14:31:09";6.7
"Servidor-SPTECH";"ram";"ram_Usada";"GB";"2022-11-08 14:31:07";6.68
"Servidor-SPTECH";"ram";"ram_Usada";"GB";"2022-11-08 14:31:05";6.68
"Servidor-SPTECH";"ram";"ram_Usada";"GB";"2022-11-08 14:31:03";6.67
"Servidor-SPTECH";"ram";"ram_Usada";"GB";"2022-11-08 14:31:02";6.67
"Servidor-SPTECH";"ram";"ram_Usada";"GB";"2022-11-08 14:31:00";6.67
"Servidor-SPTECH";"ram";"ram_Usada";"GB";"2022-11-08 14:30:59";6.64
"Servidor-SPTECH";"ram";"ram_Usada";"GB";"2022-11-08 14:30:57";6.69
"Servidor-SPTECH";"ram";"ram_Usada";"GB";"2022-11-08 14:30:55";6.67
"Servidor-SPTECH";"ram";"ram_Usada";"GB";"2022-11-08 14:30:53";6.68
"Servidor-SPTECH";"ram";"ram_Usada";"GB";"2022-11-08 14:30:52";6.67
"Servidor-SPTECH";"ram";"ram_Usada";"GB";"2022-11-08 14:30:50";6.67
"Servidor-SPTECH";"ram";"ram_Usada";"GB";"2022-11-08 14:30:48";6.7
"Servidor-SPTECH";"ram";"ram_Usada";"GB";"2022-11-08 14:30:47";6.67
"Servidor-SPTECH";"ram";"ram_Usada";"GB";"2022-11-08 14:30:45";6.7
"Servidor-SPTECH";"ram";"ram_Usada";"GB";"2022-11-08 14:30:43";6.66
"Servidor-SPTECH";"ram";"ram_Usada";"GB";"2022-11-08 14:30:42";6.67
"Servidor-SPTECH";"ram";"ram_Usada";"GB";"2022-11-08 14:30:40";6.67
"Servidor-SPTECH";"ram";"ram_Usada";"GB";"2022-11-08 14:30:38";6.67
"Servidor-SPTECH";"ram";"ram_Usada";"GB";"2022-11-08 14:30:36";6.67
"Servidor-SPTECH";"ram";"ram_Usada";"GB";"2022-11-08 14:30:35";6.64
"Servidor-SPTECH";"ram";"ram_Usada";"GB";"2022-11-08 14:30:33";6.67
"Servidor-SPTECH";"ram";"ram_Usada";"GB";"2022-11-08 14:30:31";6.67
"Servidor-SPTECH";"ram";"ram_Usada";"GB";"2022-11-08 14:30:30";6.67
"Servidor-SPTECH";"ram";"ram_Usada";"GB";"2022-11-08 14:30:28";6.67
"Servidor-SPTECH";"ram";"ram_Usada";"GB";"2022-11-08 14:30:26";6.68
"Servidor-SPTECH";"ram";"ram_Usada";"GB";"2022-11-08 14:30:25";6.67
"Servidor-SPTECH";"ram";"ram_Usada";"GB";"2022-11-08 14:30:23";6.68
"Servidor-SPTECH";"ram";"ram_Usada";"GB";"2022-11-08 14:30:21";6.72
"Servidor-SPTECH";"ram";"ram_Usada";"GB";"2022-11-08 14:30:19";6.73
"Servidor-SPTECH";"ram";"ram_Usada";"GB";"2022-11-08 14:30:18";6.72
"Servidor-SPTECH";"ram";"ram_Usada";"GB";"2022-11-08 14:30:16";6.73
"Servidor-SPTECH";"ram";"ram_Usada";"GB";"2022-11-08 14:30:14";6.72
"Servidor-SPTECH";"ram";"ram_Usada";"GB";"2022-11-08 14:30:12";6.67
"Servidor-SPTECH";"ram";"ram_Usada";"GB";"2022-11-08 14:30:10";6.63
"Servidor-SPTECH";"ram";"ram_Usada";"GB";"2022-11-08 14:30:09";6.65
"Servidor-SPTECH";"ram";"ram_Usada";"GB";"2022-11-08 14:30:07";6.49
"Servidor-SPTECH";"ram";"ram_Usada";"GB";"2022-11-08 14:30:05";6.48
"Servidor-SPTECH";"ram";"ram_Usada";"GB";"2022-11-08 14:30:04";6.49
"Servidor-SPTECH";"ram";"ram_Usada";"GB";"2022-11-08 14:30:02";6.5
"Servidor-SPTECH";"ram";"ram_Usada";"GB";"2022-11-08 14:30:00";6.5
"Servidor-SPTECH";"ram";"ram_Usada";"GB";"2022-11-08 14:29:59";6.47
"Servidor-SPTECH";"ram";"ram_Usada";"GB";"2022-11-08 14:29:57";6.5
"Servidor-SPTECH";"ram";"ram_Usada";"GB";"2022-11-08 14:29:55";6.52
"Servidor-SPTECH";"ram";"ram_Usada";"GB";"2022-11-08 14:29:53";6.51
"Servidor-SPTECH";"ram";"ram_Usada";"GB";"2022-11-08 14:29:52";6.5
"Servidor-SPTECH";"ram";"ram_Usada";"GB";"2022-11-08 14:29:50";6.48
"Servidor-SPTECH";"ram";"ram_Usada";"GB";"2022-11-08 14:29:48";6.48
"Servidor-SPTECH";"ram";"ram_Usada";"GB";"2022-11-08 14:29:47";6.48
"Servidor-SPTECH";"ram";"ram_Usada";"GB";"2022-11-08 14:29:45";6.47
"Servidor-SPTECH";"ram";"ram_Usada";"GB";"2022-11-08 14:29:43";6.49
"Servidor-SPTECH";"ram";"ram_Usada";"GB";"2022-11-08 14:29:42";6.53
"Servidor-SPTECH";"ram";"ram_Usada";"GB";"2022-11-08 14:29:40";6.63
"Servidor-SPTECH";"ram";"ram_Usada";"GB";"2022-11-08 14:29:38";6.63
"Servidor-SPTECH";"ram";"ram_Usada";"GB";"2022-11-08 14:29:36";6.63
"Servidor-SPTECH";"ram";"ram_Usada";"GB";"2022-11-08 14:29:35";6.61
"Servidor-SPTECH";"ram";"ram_Usada";"GB";"2022-11-08 14:29:33";6.63
"Servidor-SPTECH";"ram";"ram_Usada";"GB";"2022-11-08 14:29:31";6.63
"Servidor-SPTECH";"ram";"ram_Usada";"GB";"2022-11-08 14:29:30";6.62
"Servidor-SPTECH";"ram";"ram_Usada";"GB";"2022-11-08 14:29:28";6.59
"Servidor-SPTECH";"ram";"ram_Usada";"GB";"2022-11-08 14:29:26";6.62
"Servidor-SPTECH";"ram";"ram_Usada";"GB";"2022-11-08 14:29:25";6.62
"Servidor-SPTECH";"ram";"ram_Usada";"GB";"2022-11-08 14:29:23";6.61
"Servidor-SPTECH";"ram";"ram_Usada";"GB";"2022-11-08 14:29:21";6.62
"Servidor-SPTECH";"ram";"ram_Usada";"GB";"2022-11-08 14:29:19";6.63
"Servidor-SPTECH";"ram";"ram_Usada";"GB";"2022-11-08 14:29:18";6.63
"Servidor-SPTECH";"ram";"ram_Usada";"GB";"2022-11-08 14:29:16";6.61
"Servidor-SPTECH";"ram";"ram_Usada";"GB";"2022-11-08 14:29:15";6.64
"Servidor-SPTECH";"ram";"ram_Usada";"GB";"2022-11-08 14:29:13";6.64
"Servidor-SPTECH";"ram";"ram_Usada";"GB";"2022-11-08 14:29:11";6.63
"Servidor-SPTECH";"ram";"ram_Usada";"GB";"2022-11-08 14:29:10";6.62
"Servidor-SPTECH";"ram";"ram_Usada";"GB";"2022-11-08 14:29:08";6.6
"Servidor-SPTECH";"ram";"ram_Usada";"GB";"2022-11-08 14:29:06";6.6
"Servidor-SPTECH";"ram";"ram_Usada";"GB";"2022-11-08 14:29:05";6.59
"Servidor-SPTECH";"ram";"ram_Usada";"GB";"2022-11-08 14:29:03";6.61
"Servidor-SPTECH";"ram";"ram_Usada";"GB";"2022-11-08 14:29:01";6.61
"Servidor-SPTECH";"ram";"ram_Usada";"GB";"2022-11-08 14:29:00";6.62
"Servidor-SPTECH";"ram";"ram_Usada";"GB";"2022-11-08 14:28:58";6.6
"Servidor-SPTECH";"ram";"ram_Usada";"GB";"2022-11-08 14:28:56";6.62
"Servidor-SPTECH";"ram";"ram_Usada";"GB";"2022-11-08 14:28:54";6.63
"Servidor-SPTECH";"ram";"ram_Usada";"GB";"2022-11-08 14:28:53";6.63
"Servidor-SPTECH";"ram";"ram_Usada";"GB";"2022-11-08 14:28:51";6.62
"Servidor-SPTECH";"ram";"ram_Usada";"GB";"2022-11-08 14:28:49";6.62
"Servidor-SPTECH";"ram";"ram_Usada";"GB";"2022-11-08 14:28:48";6.88
"Servidor-SPTECH";"ram";"ram_Usada";"GB";"2022-11-08 14:28:46";6.87
"Servidor-SPTECH";"ram";"ram_Usada";"GB";"2022-11-08 14:28:44";6.9
"Servidor-SPTECH";"ram";"ram_Usada";"GB";"2022-11-08 14:28:43";6.92
"Servidor-SPTECH";"ram";"ram_Usada";"GB";"2022-11-08 14:28:41";6.91
"Servidor-SPTECH";"ram";"ram_Usada";"GB";"2022-11-08 14:28:39";6.91
"Servidor-SPTECH";"ram";"ram_Usada";"GB";"2022-11-08 14:28:37";6.91
"Servidor-SPTECH";"ram";"ram_Usada";"GB";"2022-11-08 14:28:36";6.91
"Servidor-SPTECH";"ram";"ram_Usada";"GB";"2022-11-08 14:28:34";6.88
"Servidor-SPTECH";"ram";"ram_Usada";"GB";"2022-11-08 14:28:32";6.92
"Servidor-SPTECH";"ram";"ram_Usada";"GB";"2022-11-08 14:28:31";6.91
"Servidor-SPTECH";"ram";"ram_Usada";"GB";"2022-11-08 14:28:29";6.92
"Servidor-SPTECH";"ram";"ram_Usada";"GB";"2022-11-08 14:28:27";6.92
"Servidor-SPTECH";"ram";"ram_Usada";"GB";"2022-11-08 14:28:26";6.91
"Servidor-SPTECH";"ram";"ram_Usada";"GB";"2022-11-08 14:28:24";6.91
"Servidor-SPTECH";"ram";"ram_Usada";"GB";"2022-11-08 14:28:22";6.88
"Servidor-SPTECH";"ram";"ram_Usada";"GB";"2022-11-08 14:28:21";6.9
"Servidor-SPTECH";"ram";"ram_Usada";"GB";"2022-11-08 14:28:19";6.89
"Servidor-SPTECH";"ram";"ram_Usada";"GB";"2022-11-08 14:28:18";6.9
"Servidor-SPTECH";"ram";"ram_Usada";"GB";"2022-11-08 14:28:16";6.88
"Servidor-SPTECH";"ram";"ram_Usada";"GB";"2022-11-08 14:28:14";6.9
"Servidor-SPTECH";"ram";"ram_Usada";"GB";"2022-11-08 14:28:13";6.9
"Servidor-SPTECH";"ram";"ram_Usada";"GB";"2022-11-08 14:28:11";6.9
"Servidor-SPTECH";"ram";"ram_Usada";"GB";"2022-11-08 14:28:09";6.9
"Servidor-SPTECH";"ram";"ram_Usada";"GB";"2022-11-08 14:28:08";6.91
"Servidor-SPTECH";"ram";"ram_Usada";"GB";"2022-11-08 14:28:06";6.9
"Servidor-SPTECH";"ram";"ram_Usada";"GB";"2022-11-08 14:28:04";6.87
"Servidor-SPTECH";"ram";"ram_Usada";"GB";"2022-11-08 14:28:03";6.9
"Servidor-SPTECH";"ram";"ram_Usada";"GB";"2022-11-08 14:28:01";6.89
"Servidor-SPTECH";"ram";"ram_Usada";"GB";"2022-11-08 14:27:59";6.89
"Servidor-SPTECH";"ram";"ram_Usada";"GB";"2022-11-08 14:27:58";6.89
"Servidor-SPTECH";"ram";"ram_Usada";"GB";"2022-11-08 14:27:56";6.91
"Servidor-SPTECH";"ram";"ram_Usada";"GB";"2022-11-08 14:27:55";6.91
"Servidor-SPTECH";"ram";"ram_Usada";"GB";"2022-11-08 14:27:53";6.92
"Servidor-SPTECH";"ram";"ram_Usada";"GB";"2022-11-08 14:27:51";6.92
"Servidor-SPTECH";"ram";"ram_Usada";"GB";"2022-11-08 14:27:49";6.91
"Servidor-SPTECH";"ram";"ram_Usada";"GB";"2022-11-08 14:27:48";6.92
"Servidor-SPTECH";"ram";"ram_Usada";"GB";"2022-11-08 14:27:46";6.92
"Servidor-SPTECH";"ram";"ram_Usada";"GB";"2022-11-08 14:27:44";6.91
"Servidor-SPTECH";"ram";"ram_Usada";"GB";"2022-11-08 14:27:43";6.93
"Servidor-SPTECH";"ram";"ram_Usada";"GB";"2022-11-08 14:27:41";6.92
"Servidor-SPTECH";"ram";"ram_Usada";"GB";"2022-11-08 14:27:39";6.92
"Servidor-SPTECH";"ram";"ram_Usada";"GB";"2022-11-08 14:27:37";6.92
"Servidor-SPTECH";"ram";"ram_Usada";"GB";"2022-11-08 14:27:36";6.92
"Servidor-SPTECH";"ram";"ram_Usada";"GB";"2022-11-08 14:27:34";6.91
"Servidor-SPTECH";"ram";"ram_Usada";"GB";"2022-11-08 14:27:32";6.91
"Servidor-SPTECH";"ram";"ram_Usada";"GB";"2022-11-08 14:27:31";6.91
"Servidor-SPTECH";"ram";"ram_Usada";"GB";"2022-11-08 14:27:29";6.91
"Servidor-SPTECH";"ram";"ram_Usada";"GB";"2022-11-08 14:27:27";6.9
"Servidor-SPTECH";"ram";"ram_Usada";"GB";"2022-11-08 14:27:26";6.92
"Servidor-SPTECH";"ram";"ram_Usada";"GB";"2022-11-08 14:27:24";6.92
"Servidor-SPTECH";"ram";"ram_Usada";"GB";"2022-11-08 14:27:22";6.92
"Servidor-SPTECH";"ram";"ram_Usada";"GB";"2022-11-08 14:27:21";6.93
"Servidor-SPTECH";"ram";"ram_Usada";"GB";"2022-11-08 14:27:19";6.93
"Servidor-SPTECH";"ram";"ram_Usada";"GB";"2022-11-08 14:27:17";6.92
"Servidor-SPTECH";"ram";"ram_Usada";"GB";"2022-11-08 14:27:16";6.92
"Servidor-SPTECH";"ram";"ram_Usada";"GB";"2022-11-08 14:27:14";6.91
"Servidor-SPTECH";"ram";"ram_Usada";"GB";"2022-11-08 14:27:12";6.9
"Servidor-SPTECH";"ram";"ram_Usada";"GB";"2022-11-08 14:27:11";6.9
"Servidor-SPTECH";"ram";"ram_Usada";"GB";"2022-11-08 14:27:09";6.9
"Servidor-SPTECH";"ram";"ram_Usada";"GB";"2022-11-08 14:27:07";6.89
"Servidor-SPTECH";"ram";"ram_Usada";"GB";"2022-11-08 14:27:06";6.91
"Servidor-SPTECH";"ram";"ram_Usada";"GB";"2022-11-08 14:27:04";6.9
"Servidor-SPTECH";"ram";"ram_Usada";"GB";"2022-11-08 14:27:02";6.91
"Servidor-SPTECH";"ram";"ram_Usada";"GB";"2022-11-08 14:27:01";6.92
"Servidor-SPTECH";"ram";"ram_Usada";"GB";"2022-11-08 14:26:59";6.9
"Servidor-SPTECH";"ram";"ram_Usada";"GB";"2022-11-08 14:26:57";6.84
"Servidor-SPTECH";"ram";"ram_Usada";"GB";"2022-11-08 14:26:56";6.85
"Servidor-SPTECH";"ram";"ram_Usada";"GB";"2022-11-08 14:26:54";6.85
"Servidor-SPTECH";"ram";"ram_Usada";"GB";"2022-11-08 14:26:52";6.85
"Servidor-SPTECH";"ram";"ram_Usada";"GB";"2022-11-08 14:26:50";6.85
"Servidor-SPTECH";"ram";"ram_Usada";"GB";"2022-11-08 14:26:49";6.84
"Servidor-SPTECH";"ram";"ram_Usada";"GB";"2022-11-08 14:26:47";6.83
"Servidor-SPTECH";"ram";"ram_Usada";"GB";"2022-11-08 14:26:46";6.82
"Servidor-SPTECH";"ram";"ram_Usada";"GB";"2022-11-08 14:26:44";6.83
"Servidor-SPTECH";"ram";"ram_Usada";"GB";"2022-11-08 14:26:42";6.82
"Servidor-SPTECH";"ram";"ram_Usada";"GB";"2022-11-08 14:26:40";6.82
"Servidor-SPTECH";"ram";"ram_Usada";"GB";"2022-11-08 14:26:39";6.81
"Servidor-SPTECH";"ram";"ram_Usada";"GB";"2022-11-08 14:26:37";6.84
"Servidor-SPTECH";"ram";"ram_Usada";"GB";"2022-11-08 14:26:35";6.84
"Servidor-SPTECH";"ram";"ram_Usada";"GB";"2022-11-08 14:26:34";6.84
"Servidor-SPTECH";"ram";"ram_Usada";"GB";"2022-11-08 14:26:32";6.84
"Servidor-SPTECH";"ram";"ram_Usada";"GB";"2022-11-08 14:26:30";6.85
"Servidor-SPTECH";"ram";"ram_Usada";"GB";"2022-11-08 14:26:29";6.81
"Servidor-SPTECH";"ram";"ram_Usada";"GB";"2022-11-08 14:26:27";6.81
"Servidor-SPTECH";"ram";"ram_Usada";"GB";"2022-11-08 14:26:25";6.78
"Servidor-SPTECH";"ram";"ram_Usada";"GB";"2022-11-08 14:26:23";6.79
"Servidor-SPTECH";"ram";"ram_Usada";"GB";"2022-11-08 14:26:21";6.78
"Servidor-SPTECH";"ram";"ram_Usada";"GB";"2022-11-08 14:26:20";6.79
"Servidor-SPTECH";"ram";"ram_Usada";"GB";"2022-11-08 14:26:18";6.77
"Servidor-SPTECH";"ram";"ram_Usada";"GB";"2022-11-08 14:26:17";6.78
"Servidor-SPTECH";"ram";"ram_Usada";"GB";"2022-11-08 14:26:15";6.79
"Servidor-SPTECH";"ram";"ram_Usada";"GB";"2022-11-08 14:26:13";6.73
"Servidor-SPTECH";"ram";"ram_Usada";"GB";"2022-11-08 14:26:12";6.76
"Servidor-SPTECH";"ram";"ram_Usada";"GB";"2022-11-08 14:26:10";6.76
"Servidor-SPTECH";"ram";"ram_Usada";"GB";"2022-11-08 14:26:08";6.76
"Servidor-SPTECH";"ram";"ram_Usada";"GB";"2022-11-08 14:26:07";6.76
"Servidor-SPTECH";"ram";"ram_Usada";"GB";"2022-11-08 14:26:05";6.76
"Servidor-SPTECH";"ram";"ram_Usada";"GB";"2022-11-08 14:26:03";6.78
"Servidor-SPTECH";"ram";"ram_Usada";"GB";"2022-11-08 14:26:02";6.78
"Servidor-SPTECH";"ram";"ram_Usada";"GB";"2022-11-08 14:26:00";6.78
"Servidor-SPTECH";"ram";"ram_Usada";"GB";"2022-11-08 14:25:58";6.79
"Servidor-SPTECH";"ram";"ram_Usada";"GB";"2022-11-08 14:25:57";6.79
"Servidor-SPTECH";"ram";"ram_Usada";"GB";"2022-11-08 14:25:55";6.78
"Servidor-SPTECH";"ram";"ram_Usada";"GB";"2022-11-08 14:25:53";6.79
"Servidor-SPTECH";"ram";"ram_Usada";"GB";"2022-11-08 14:25:51";6.71
"Servidor-SPTECH";"ram";"ram_Usada";"GB";"2022-11-08 14:25:49";6.69
"Servidor-SPTECH";"ram";"ram_Usada";"GB";"2022-11-08 14:25:48";6.69
"Servidor-SPTECH";"ram";"ram_Usada";"GB";"2022-11-08 14:25:46";6.69
"Servidor-SPTECH";"ram";"ram_Usada";"GB";"2022-11-08 14:25:45";6.69
"Servidor-SPTECH";"ram";"ram_Usada";"GB";"2022-11-08 14:25:43";6.68
"Servidor-SPTECH";"ram";"ram_Usada";"GB";"2022-11-08 14:25:41";6.68
"Servidor-SPTECH";"ram";"ram_Usada";"GB";"2022-11-08 14:25:40";6.69
"Servidor-SPTECH";"ram";"ram_Usada";"GB";"2022-11-08 14:25:38";6.69
"Servidor-SPTECH";"ram";"ram_Usada";"GB";"2022-11-08 14:25:36";6.7
"Servidor-SPTECH";"ram";"ram_Usada";"GB";"2022-11-08 14:25:35";6.7
"Servidor-SPTECH";"ram";"ram_Usada";"GB";"2022-11-08 14:25:33";6.7
"Servidor-SPTECH";"ram";"ram_Usada";"GB";"2022-11-08 14:25:31";6.7
"Servidor-SPTECH";"ram";"ram_Usada";"GB";"2022-11-08 14:25:30";6.69
"Servidor-SPTECH";"ram";"ram_Usada";"GB";"2022-11-08 14:25:28";6.69
"Servidor-SPTECH";"ram";"ram_Usada";"GB";"2022-11-08 14:25:26";6.69
"Servidor-SPTECH";"ram";"ram_Usada";"GB";"2022-11-08 14:25:25";6.67
"Servidor-SPTECH";"ram";"ram_Usada";"GB";"2022-11-08 14:25:23";6.67
"Servidor-SPTECH";"ram";"ram_Usada";"GB";"2022-11-08 14:25:21";6.67
"Servidor-SPTECH";"ram";"ram_Usada";"GB";"2022-11-08 14:25:19";6.69
"Servidor-SPTECH";"ram";"ram_Usada";"GB";"2022-11-08 14:25:18";6.83
"Servidor-SPTECH";"ram";"ram_Usada";"GB";"2022-11-08 14:25:16";6.8
"Servidor-SPTECH";"ram";"ram_Usada";"GB";"2022-11-08 14:25:14";6.82
"Servidor-SPTECH";"ram";"ram_Usada";"GB";"2022-11-08 14:25:12";6.82
"Servidor-SPTECH";"ram";"ram_Usada";"GB";"2022-11-08 14:25:11";6.81
"Servidor-SPTECH";"ram";"ram_Usada";"GB";"2022-11-08 14:25:09";6.81
"Servidor-SPTECH";"ram";"ram_Usada";"GB";"2022-11-08 14:25:07";6.81
"Servidor-SPTECH";"ram";"ram_Usada";"GB";"2022-11-08 14:25:06";6.78
"Servidor-SPTECH";"ram";"ram_Usada";"GB";"2022-11-08 14:25:04";6.79
"Servidor-SPTECH";"ram";"ram_Usada";"GB";"2022-11-08 14:25:02";6.8
"Servidor-SPTECH";"ram";"ram_Usada";"GB";"2022-11-08 14:25:01";6.79
"Servidor-SPTECH";"ram";"ram_Usada";"GB";"2022-11-08 14:24:59";6.79
"Servidor-SPTECH";"ram";"ram_Usada";"GB";"2022-11-08 14:24:57";6.79
"Servidor-SPTECH";"ram";"ram_Usada";"GB";"2022-11-08 14:24:56";6.78
"Servidor-SPTECH";"ram";"ram_Usada";"GB";"2022-11-08 14:24:54";6.78
"Servidor-SPTECH";"ram";"ram_Usada";"GB";"2022-11-08 14:24:52";6.79
"Servidor-SPTECH";"ram";"ram_Usada";"GB";"2022-11-08 14:24:51";6.79
"Servidor-SPTECH";"ram";"ram_Usada";"GB";"2022-11-08 14:24:49";6.79
"Servidor-SPTECH";"ram";"ram_Usada";"GB";"2022-11-08 14:24:47";6.78
"Servidor-SPTECH";"ram";"ram_Usada";"GB";"2022-11-08 14:24:46";6.78
"Servidor-SPTECH";"ram";"ram_Usada";"GB";"2022-11-08 14:24:44";6.78
"Servidor-SPTECH";"ram";"ram_Usada";"GB";"2022-11-08 14:24:42";6.82
"Servidor-SPTECH";"ram";"ram_Usada";"GB";"2022-11-08 14:24:41";6.82
"Servidor-SPTECH";"ram";"ram_Usada";"GB";"2022-11-08 14:24:39";6.84
"Servidor-SPTECH";"ram";"ram_Usada";"GB";"2022-11-08 14:24:37";6.84
"Servidor-SPTECH";"ram";"ram_Usada";"GB";"2022-11-08 14:24:35";6.91
"Servidor-SPTECH";"ram";"ram_Usada";"GB";"2022-11-08 14:24:34";6.9
"Servidor-SPTECH";"ram";"ram_Usada";"GB";"2022-11-08 14:24:32";6.9
"Servidor-SPTECH";"ram";"ram_Usada";"GB";"2022-11-08 14:24:30";6.89
"Servidor-SPTECH";"ram";"ram_Usada";"GB";"2022-11-08 14:24:28";6.87
"Servidor-SPTECH";"ram";"ram_Usada";"GB";"2022-11-08 14:24:27";6.94
"Servidor-SPTECH";"ram";"ram_Usada";"GB";"2022-11-08 14:24:25";6.81
"Servidor-SPTECH";"ram";"ram_Usada";"GB";"2022-11-08 14:24:23";6.71
"Servidor-SPTECH";"ram";"ram_Usada";"GB";"2022-11-08 14:24:21";6.7
"Servidor-SPTECH";"ram";"ram_Usada";"GB";"2022-11-08 14:24:20";6.7
"Servidor-SPTECH";"ram";"ram_Usada";"GB";"2022-11-08 14:24:18";6.69
"Servidor-SPTECH";"ram";"ram_Usada";"GB";"2022-11-08 14:24:16";6.69
"Servidor-SPTECH";"ram";"ram_Usada";"GB";"2022-11-08 14:24:15";6.67
"Servidor-SPTECH";"ram";"ram_Usada";"GB";"2022-11-08 14:24:13";6.67
"Servidor-SPTECH";"ram";"ram_Usada";"GB";"2022-11-08 14:24:11";6.68
"Servidor-SPTECH";"ram";"ram_Usada";"GB";"2022-11-08 14:24:10";6.68
"Servidor-SPTECH";"ram";"ram_Usada";"GB";"2022-11-08 14:24:08";6.67
"Servidor-SPTECH";"ram";"ram_Usada";"GB";"2022-11-08 14:24:07";6.64
"Servidor-SPTECH";"ram";"ram_Usada";"GB";"2022-11-08 14:24:05";6.68
"Servidor-SPTECH";"ram";"ram_Usada";"GB";"2022-11-08 14:24:03";6.68
"Servidor-SPTECH";"ram";"ram_Usada";"GB";"2022-11-08 14:24:01";6.66
"Servidor-SPTECH";"ram";"ram_Usada";"GB";"2022-11-08 14:24:00";6.65
"Servidor-SPTECH";"ram";"ram_Usada";"GB";"2022-11-08 14:23:58";6.65
"Servidor-SPTECH";"ram";"ram_Usada";"GB";"2022-11-08 14:23:57";6.65
"Servidor-SPTECH";"ram";"ram_Usada";"GB";"2022-11-08 14:23:55";6.65
"Servidor-SPTECH";"ram";"ram_Usada";"GB";"2022-11-08 14:23:53";6.65
"Servidor-SPTECH";"ram";"ram_Usada";"GB";"2022-11-08 14:23:52";6.65
"Servidor-SPTECH";"ram";"ram_Usada";"GB";"2022-11-08 14:23:50";6.64
"Servidor-SPTECH";"ram";"ram_Usada";"GB";"2022-11-08 14:23:48";6.63
"Servidor-SPTECH";"ram";"ram_Usada";"GB";"2022-11-08 14:23:47";6.74
"Servidor-SPTECH";"ram";"ram_Usada";"GB";"2022-11-08 14:23:45";6.77
"Servidor-SPTECH";"ram";"ram_Usada";"GB";"2022-11-08 14:23:43";6.79
"Servidor-SPTECH";"ram";"ram_Usada";"GB";"2022-11-08 14:23:42";6.79
"Servidor-SPTECH";"ram";"ram_Usada";"GB";"2022-11-08 14:23:40";6.79
"Servidor-SPTECH";"ram";"ram_Usada";"GB";"2022-11-08 14:23:38";6.83
"Servidor-SPTECH";"ram";"ram_Usada";"GB";"2022-11-08 14:23:37";6.79
"Servidor-SPTECH";"ram";"ram_Usada";"GB";"2022-11-08 14:23:35";6.82
"Servidor-SPTECH";"ram";"ram_Usada";"GB";"2022-11-08 14:23:33";6.84
"Servidor-SPTECH";"ram";"ram_Usada";"GB";"2022-11-08 14:23:32";6.85
"Servidor-SPTECH";"ram";"ram_Usada";"GB";"2022-11-08 14:23:30";6.84
"Servidor-SPTECH";"ram";"ram_Usada";"GB";"2022-11-08 14:23:28";6.84
"Servidor-SPTECH";"ram";"ram_Usada";"GB";"2022-11-08 14:23:27";6.84
"Servidor-SPTECH";"ram";"ram_Usada";"GB";"2022-11-08 14:23:25";6.83
"Servidor-SPTECH";"ram";"ram_Usada";"GB";"2022-11-08 14:23:23";6.84
"Servidor-SPTECH";"ram";"ram_Usada";"GB";"2022-11-08 14:23:21";6.87
"Servidor-SPTECH";"ram";"ram_Usada";"GB";"2022-11-08 14:23:20";6.87
"Servidor-SPTECH";"ram";"ram_Usada";"GB";"2022-11-08 14:23:18";6.87
"Servidor-SPTECH";"ram";"ram_Usada";"GB";"2022-11-08 14:23:16";6.86
"Servidor-SPTECH";"ram";"ram_Usada";"GB";"2022-11-08 14:23:15";6.86
"Servidor-SPTECH";"ram";"ram_Usada";"GB";"2022-11-08 14:23:13";6.84
"Servidor-SPTECH";"ram";"ram_Usada";"GB";"2022-11-08 14:23:11";6.87
"Servidor-SPTECH";"ram";"ram_Usada";"GB";"2022-11-08 14:23:09";6.86
"Servidor-SPTECH";"ram";"ram_Usada";"GB";"2022-11-08 14:23:08";6.86
"Servidor-SPTECH";"ram";"ram_Usada";"GB";"2022-11-08 14:23:06";6.87
"Servidor-SPTECH";"ram";"ram_Usada";"GB";"2022-11-08 14:23:04";6.86
"Servidor-SPTECH";"ram";"ram_Usada";"GB";"2022-11-08 14:23:03";6.86
"Servidor-SPTECH";"ram";"ram_Usada";"GB";"2022-11-08 14:23:01";6.86
"Servidor-SPTECH";"ram";"ram_Usada";"GB";"2022-11-08 14:22:59";6.86
"Servidor-SPTECH";"ram";"ram_Usada";"GB";"2022-11-08 14:22:57";6.86
"Servidor-SPTECH";"ram";"ram_Usada";"GB";"2022-11-08 14:22:56";6.86
"Servidor-SPTECH";"ram";"ram_Usada";"GB";"2022-11-08 14:22:54";6.86
"Servidor-SPTECH";"ram";"ram_Usada";"GB";"2022-11-08 14:22:52";6.87
"Servidor-SPTECH";"ram";"ram_Usada";"GB";"2022-11-08 14:22:51";6.88
"Servidor-SPTECH";"ram";"ram_Usada";"GB";"2022-11-08 14:22:49";6.87
"Servidor-SPTECH";"ram";"ram_Usada";"GB";"2022-11-08 14:22:47";6.86
"Servidor-SPTECH";"ram";"ram_Usada";"GB";"2022-11-08 14:22:46";6.86
"Servidor-SPTECH";"ram";"ram_Usada";"GB";"2022-11-08 14:22:44";6.85
"Servidor-SPTECH";"ram";"ram_Usada";"GB";"2022-11-08 14:22:42";6.85
"Servidor-SPTECH";"ram";"ram_Usada";"GB";"2022-11-08 14:22:41";6.87
"Servidor-SPTECH";"ram";"ram_Usada";"GB";"2022-11-08 14:22:39";6.86
"Servidor-SPTECH";"ram";"ram_Usada";"GB";"2022-11-08 14:22:37";6.86
"Servidor-SPTECH";"ram";"ram_Usada";"GB";"2022-11-08 14:22:35";6.86
"Servidor-SPTECH";"ram";"ram_Usada";"GB";"2022-11-08 14:22:34";6.84
"Servidor-SPTECH";"ram";"ram_Usada";"GB";"2022-11-08 14:22:32";6.83
"Servidor-SPTECH";"ram";"ram_Usada";"GB";"2022-11-08 14:22:30";6.81
"Servidor-SPTECH";"ram";"ram_Usada";"GB";"2022-11-08 14:22:29";6.84
"Servidor-SPTECH";"ram";"ram_Usada";"GB";"2022-11-08 14:22:27";6.83
"Servidor-SPTECH";"ram";"ram_Usada";"GB";"2022-11-08 14:22:25";6.83
"Servidor-SPTECH";"ram";"ram_Usada";"GB";"2022-11-08 14:22:24";6.84
"Servidor-SPTECH";"ram";"ram_Usada";"GB";"2022-11-08 14:22:22";6.83
"Servidor-SPTECH";"ram";"ram_Usada";"GB";"2022-11-08 14:22:20";6.82
"Servidor-SPTECH";"ram";"ram_Usada";"GB";"2022-11-08 14:22:19";6.83
"Servidor-SPTECH";"ram";"ram_Usada";"GB";"2022-11-08 14:22:17";6.83
"Servidor-SPTECH";"ram";"ram_Usada";"GB";"2022-11-08 14:22:16";6.83
"Servidor-SPTECH";"ram";"ram_Usada";"GB";"2022-11-08 14:22:14";6.83
"Servidor-SPTECH";"ram";"ram_Usada";"GB";"2022-11-08 14:22:12";6.8
"Servidor-SPTECH";"ram";"ram_Usada";"GB";"2022-11-08 14:22:10";6.83
"Servidor-SPTECH";"ram";"ram_Usada";"GB";"2022-11-08 14:22:09";6.83
"Servidor-SPTECH";"ram";"ram_Usada";"GB";"2022-11-08 14:22:07";6.84
"Servidor-SPTECH";"ram";"ram_Usada";"GB";"2022-11-08 14:22:05";6.84
"Servidor-SPTECH";"ram";"ram_Usada";"GB";"2022-11-08 14:22:03";6.83
"Servidor-SPTECH";"ram";"ram_Usada";"GB";"2022-11-08 14:22:02";6.81
"Servidor-SPTECH";"ram";"ram_Usada";"GB";"2022-11-08 14:22:00";6.8
"Servidor-SPTECH";"ram";"ram_Usada";"GB";"2022-11-08 14:21:58";6.81
"Servidor-SPTECH";"ram";"ram_Usada";"GB";"2022-11-08 14:21:56";6.81
"Servidor-SPTECH";"ram";"ram_Usada";"GB";"2022-11-08 14:21:55";6.82
"Servidor-SPTECH";"ram";"ram_Usada";"GB";"2022-11-08 14:21:53";6.81
"Servidor-SPTECH";"ram";"ram_Usada";"GB";"2022-11-08 14:21:52";6.82
"Servidor-SPTECH";"ram";"ram_Usada";"GB";"2022-11-08 14:21:50";6.8
"Servidor-SPTECH";"ram";"ram_Usada";"GB";"2022-11-08 14:21:48";6.78
"Servidor-SPTECH";"ram";"ram_Usada";"GB";"2022-11-08 14:21:47";6.8
"Servidor-SPTECH";"ram";"ram_Usada";"GB";"2022-11-08 14:21:45";6.8
"Servidor-SPTECH";"ram";"ram_Usada";"GB";"2022-11-08 14:21:43";6.81
"Servidor-SPTECH";"ram";"ram_Usada";"GB";"2022-11-08 14:21:41";6.82
"Servidor-SPTECH";"ram";"ram_Usada";"GB";"2022-11-08 14:21:39";6.82
"Servidor-SPTECH";"ram";"ram_Usada";"GB";"2022-11-08 14:21:37";6.83
"Servidor-SPTECH";"ram";"ram_Usada";"GB";"2022-11-08 14:21:36";6.79
"Servidor-SPTECH";"ram";"ram_Usada";"GB";"2022-11-08 14:21:34";6.82
"Servidor-SPTECH";"ram";"ram_Usada";"GB";"2022-11-08 14:21:32";6.81
"Servidor-SPTECH";"ram";"ram_Usada";"GB";"2022-11-08 14:21:31";6.82
"Servidor-SPTECH";"ram";"ram_Usada";"GB";"2022-11-08 14:21:29";6.82
"Servidor-SPTECH";"ram";"ram_Usada";"GB";"2022-11-08 14:21:27";6.82
"Servidor-SPTECH";"ram";"ram_Usada";"GB";"2022-11-08 14:21:26";6.81
"Servidor-SPTECH";"ram";"ram_Usada";"GB";"2022-11-08 14:21:24";6.81
"Servidor-SPTECH";"ram";"ram_Usada";"GB";"2022-11-08 14:21:22";6.81
"Servidor-SPTECH";"ram";"ram_Usada";"GB";"2022-11-08 14:21:20";6.8
"Servidor-SPTECH";"ram";"ram_Usada";"GB";"2022-11-08 14:21:18";6.79
"Servidor-SPTECH";"ram";"ram_Usada";"GB";"2022-11-08 14:21:16";6.84
"Servidor-SPTECH";"ram";"ram_Usada";"GB";"2022-11-08 14:21:15";6.84
"Servidor-SPTECH";"ram";"ram_Usada";"GB";"2022-11-08 14:21:13";6.83
"Servidor-SPTECH";"ram";"ram_Usada";"GB";"2022-11-08 14:21:11";6.82
"Servidor-SPTECH";"ram";"ram_Usada";"GB";"2022-11-08 14:21:09";6.83
"Servidor-SPTECH";"ram";"ram_Usada";"GB";"2022-11-08 14:21:07";6.83
"Servidor-SPTECH";"ram";"ram_Usada";"GB";"2022-11-08 14:21:06";6.81
"Servidor-SPTECH";"ram";"ram_Usada";"GB";"2022-11-08 14:21:04";6.83
"Servidor-SPTECH";"ram";"ram_Usada";"GB";"2022-11-08 14:21:02";6.8
"Servidor-SPTECH";"ram";"ram_Usada";"GB";"2022-11-08 14:21:00";6.8
"Servidor-SPTECH";"ram";"ram_Usada";"GB";"2022-11-08 14:20:59";6.82
"Servidor-SPTECH";"ram";"ram_Usada";"GB";"2022-11-08 14:20:57";6.81
"Servidor-SPTECH";"ram";"ram_Usada";"GB";"2022-11-08 14:20:55";6.83
"Servidor-SPTECH";"ram";"ram_Usada";"GB";"2022-11-08 14:20:54";6.81
"Servidor-SPTECH";"ram";"ram_Usada";"GB";"2022-11-08 14:20:52";6.83
"Servidor-SPTECH";"ram";"ram_Usada";"GB";"2022-11-08 14:20:50";6.91
"Servidor-SPTECH";"ram";"ram_Usada";"GB";"2022-11-08 14:20:48";6.93
"Servidor-SPTECH";"ram";"ram_Usada";"GB";"2022-11-08 14:20:47";6.93
"Servidor-SPTECH";"ram";"ram_Usada";"GB";"2022-11-08 14:20:45";6.91
"Servidor-SPTECH";"ram";"ram_Usada";"GB";"2022-11-08 14:20:43";6.89
"Servidor-SPTECH";"ram";"ram_Usada";"GB";"2022-11-08 14:20:41";6.9
"Servidor-SPTECH";"ram";"ram_Usada";"GB";"2022-11-08 14:20:40";6.89
"Servidor-SPTECH";"ram";"ram_Usada";"GB";"2022-11-08 14:20:38";6.89
"Servidor-SPTECH";"ram";"ram_Usada";"GB";"2022-11-08 14:20:36";6.91
"Servidor-SPTECH";"ram";"ram_Usada";"GB";"2022-11-08 14:20:35";6.9
"Servidor-SPTECH";"ram";"ram_Usada";"GB";"2022-11-08 14:20:33";6.92
"Servidor-SPTECH";"ram";"ram_Usada";"GB";"2022-11-08 14:20:31";6.95
"Servidor-SPTECH";"ram";"ram_Usada";"GB";"2022-11-08 14:20:30";6.86
"Servidor-SPTECH";"ram";"ram_Usada";"GB";"2022-11-08 14:20:28";6.79
"Servidor-SPTECH";"ram";"ram_Usada";"GB";"2022-11-08 14:20:26";6.79
"Servidor-SPTECH";"ram";"ram_Usada";"GB";"2022-11-08 14:20:24";6.79
"Servidor-SPTECH";"ram";"ram_Usada";"GB";"2022-11-08 14:20:23";6.8
"Servidor-SPTECH";"ram";"ram_Usada";"GB";"2022-11-08 14:20:21";6.8
"Servidor-SPTECH";"ram";"ram_Usada";"GB";"2022-11-08 14:20:19";6.54
"Servidor-SPTECH";"ram";"ram_Usada";"GB";"2022-11-08 14:20:17";6.5
"Servidor-SPTECH";"ram";"ram_Usada";"GB";"2022-11-08 14:20:16";6.51
"Servidor-SPTECH";"ram";"ram_Usada";"GB";"2022-11-08 14:20:14";6.51
"Servidor-SPTECH";"ram";"ram_Usada";"GB";"2022-11-08 14:20:12";6.51
"Servidor-SPTECH";"ram";"ram_Usada";"GB";"2022-11-08 14:20:11";6.51
"Servidor-SPTECH";"ram";"ram_Usada";"GB";"2022-11-08 14:20:09";6.51
"Servidor-SPTECH";"ram";"ram_Usada";"GB";"2022-11-08 14:20:07";6.51
"Servidor-SPTECH";"ram";"ram_Usada";"GB";"2022-11-08 14:20:06";6.47
"Servidor-SPTECH";"ram";"ram_Usada";"GB";"2022-11-08 14:20:04";6.49
"Servidor-SPTECH";"ram";"ram_Usada";"GB";"2022-11-08 14:20:02";6.49
"Servidor-SPTECH";"ram";"ram_Usada";"GB";"2022-11-08 14:20:00";6.48
"Servidor-SPTECH";"ram";"ram_Usada";"GB";"2022-11-08 14:19:59";6.48
"Servidor-SPTECH";"ram";"ram_Usada";"GB";"2022-11-08 14:19:57";6.48
"Servidor-SPTECH";"ram";"ram_Usada";"GB";"2022-11-08 14:19:55";6.48
"Servidor-SPTECH";"ram";"ram_Usada";"GB";"2022-11-08 14:19:54";6.47
"Servidor-SPTECH";"ram";"ram_Usada";"GB";"2022-11-08 14:19:52";6.48
"Servidor-SPTECH";"ram";"ram_Usada";"GB";"2022-11-08 14:19:50";6.46
"Servidor-SPTECH";"ram";"ram_Usada";"GB";"2022-11-08 14:19:49";6.46
"Servidor-SPTECH";"ram";"ram_Usada";"GB";"2022-11-08 14:19:47";6.46
"Servidor-SPTECH";"ram";"ram_Usada";"GB";"2022-11-08 14:19:45";6.44
"Servidor-SPTECH";"ram";"ram_Usada";"GB";"2022-11-08 14:19:44";6.43
"Servidor-SPTECH";"ram";"ram_Usada";"GB";"2022-11-08 14:19:42";6.46
"Servidor-SPTECH";"ram";"ram_Usada";"GB";"2022-11-08 14:19:40";6.6
"Servidor-SPTECH";"ram";"ram_Usada";"GB";"2022-11-08 14:19:38";6.58
"Servidor-SPTECH";"ram";"ram_Usada";"GB";"2022-11-08 14:19:37";6.49
"Servidor-SPTECH";"ram";"ram_Usada";"GB";"2022-11-08 14:19:35";6.5
"Servidor-SPTECH";"ram";"ram_Usada";"GB";"2022-11-08 14:19:33";6.51
"Servidor-SPTECH";"ram";"ram_Usada";"GB";"2022-11-08 14:19:31";6.48
"Servidor-SPTECH";"ram";"ram_Usada";"GB";"2022-11-08 14:19:30";6.54
"Servidor-SPTECH";"ram";"ram_Usada";"GB";"2022-11-08 14:19:28";6.56
"Servidor-SPTECH";"ram";"ram_Usada";"GB";"2022-11-08 14:19:26";6.55
"Servidor-SPTECH";"ram";"ram_Usada";"GB";"2022-11-08 14:19:25";6.55
"Servidor-SPTECH";"ram";"ram_Usada";"GB";"2022-11-08 14:19:23";6.54
"Servidor-SPTECH";"ram";"ram_Usada";"GB";"2022-11-08 14:19:21";6.54
"Servidor-SPTECH";"ram";"ram_Usada";"GB";"2022-11-08 14:19:20";6.53
"Servidor-SPTECH";"ram";"ram_Usada";"GB";"2022-11-08 14:19:18";6.5
"Servidor-SPTECH";"ram";"ram_Usada";"GB";"2022-11-08 14:19:16";6.53
"Servidor-SPTECH";"ram";"ram_Usada";"GB";"2022-11-08 14:19:15";6.54
"Servidor-SPTECH";"ram";"ram_Usada";"GB";"2022-11-08 14:19:13";6.53
"Servidor-SPTECH";"ram";"ram_Usada";"GB";"2022-11-08 14:19:12";6.5
"Servidor-SPTECH";"ram";"ram_Usada";"GB";"2022-11-08 14:19:10";6.53
"Servidor-SPTECH";"ram";"ram_Usada";"GB";"2022-11-08 14:19:08";6.54
"Servidor-SPTECH";"ram";"ram_Usada";"GB";"2022-11-08 14:19:06";6.61
"Servidor-SPTECH";"ram";"ram_Usada";"GB";"2022-11-08 14:19:04";6.61
"Servidor-SPTECH";"ram";"ram_Usada";"GB";"2022-11-08 14:19:03";6.61
"Servidor-SPTECH";"ram";"ram_Usada";"GB";"2022-11-08 14:19:01";6.62
"Servidor-SPTECH";"ram";"ram_Usada";"GB";"2022-11-08 14:18:59";6.59
"Servidor-SPTECH";"ram";"ram_Usada";"GB";"2022-11-08 14:18:57";6.61
"Servidor-SPTECH";"ram";"ram_Usada";"GB";"2022-11-08 14:18:56";6.61
"Servidor-SPTECH";"ram";"ram_Usada";"GB";"2022-11-08 14:18:54";6.58
"Servidor-SPTECH";"ram";"ram_Usada";"GB";"2022-11-08 14:18:52";6.61
"Servidor-SPTECH";"ram";"ram_Usada";"GB";"2022-11-08 14:18:50";6.59
"Servidor-SPTECH";"ram";"ram_Usada";"GB";"2022-11-08 14:18:49";6.6
"Servidor-SPTECH";"ram";"ram_Usada";"GB";"2022-11-08 14:18:47";6.79
"Servidor-SPTECH";"ram";"ram_Usada";"GB";"2022-11-08 14:18:45";7.11
"Servidor-SPTECH";"ram";"ram_Usada";"GB";"2022-11-08 14:18:44";7.13
"Servidor-SPTECH";"ram";"ram_Usada";"GB";"2022-11-08 14:18:42";7.14
"Servidor-SPTECH";"ram";"ram_Usada";"GB";"2022-11-08 14:18:40";7.18
"Servidor-SPTECH";"ram";"ram_Usada";"GB";"2022-11-08 14:18:38";7.18
"Servidor-SPTECH";"ram";"ram_Usada";"GB";"2022-11-08 14:18:37";7.19
"Servidor-SPTECH";"ram";"ram_Usada";"GB";"2022-11-08 14:18:35";7.15
"Servidor-SPTECH";"ram";"ram_Usada";"GB";"2022-11-08 14:18:33";7.17
"Servidor-SPTECH";"ram";"ram_Usada";"GB";"2022-11-08 14:18:32";7.17
"Servidor-SPTECH";"ram";"ram_Usada";"GB";"2022-11-08 14:18:30";7.16
"Servidor-SPTECH";"ram";"ram_Usada";"GB";"2022-11-08 14:18:28";7.19
"Servidor-SPTECH";"ram";"ram_Usada";"GB";"2022-11-08 14:18:26";7.19
"Servidor-SPTECH";"ram";"ram_Usada";"GB";"2022-11-08 14:18:25";7.2
"Servidor-SPTECH";"ram";"ram_Usada";"GB";"2022-11-08 14:18:23";7.2
"Servidor-SPTECH";"ram";"ram_Usada";"GB";"2022-11-08 14:18:21";7.19
"Servidor-SPTECH";"ram";"ram_Usada";"GB";"2022-11-08 14:18:19";7.17
"Servidor-SPTECH";"ram";"ram_Usada";"GB";"2022-11-08 14:18:18";7.15
"Servidor-SPTECH";"ram";"ram_Usada";"GB";"2022-11-08 14:18:16";7.18
"Servidor-SPTECH";"ram";"ram_Usada";"GB";"2022-11-08 14:18:14";7.21
"Servidor-SPTECH";"ram";"ram_Usada";"GB";"2022-11-08 14:18:13";7.21
"Servidor-SPTECH";"ram";"ram_Usada";"GB";"2022-11-08 14:18:11";7.16
"Servidor-SPTECH";"ram";"ram_Usada";"GB";"2022-11-08 14:18:09";7.19
"Servidor-SPTECH";"ram";"ram_Usada";"GB";"2022-11-08 14:18:08";7.19
"Servidor-SPTECH";"ram";"ram_Usada";"GB";"2022-11-08 14:18:06";7.09
"Servidor-SPTECH";"ram";"ram_Usada";"GB";"2022-11-08 14:18:04";7.12
"Servidor-SPTECH";"ram";"ram_Usada";"GB";"2022-11-08 14:18:02";7.11
"Servidor-SPTECH";"ram";"ram_Usada";"GB";"2022-11-08 14:18:00";7.11
"Servidor-SPTECH";"ram";"ram_Usada";"GB";"2022-11-08 14:17:59";7.12
"Servidor-SPTECH";"ram";"ram_Usada";"GB";"2022-11-08 14:17:57";7.12
"Servidor-SPTECH";"ram";"ram_Usada";"GB";"2022-11-08 14:17:55";7.11
"Servidor-SPTECH";"ram";"ram_Usada";"GB";"2022-11-08 14:17:54";7.09
"Servidor-SPTECH";"ram";"ram_Usada";"GB";"2022-11-08 14:17:52";7.12
"Servidor-SPTECH";"ram";"ram_Usada";"GB";"2022-11-08 14:17:50";7.11
"Servidor-SPTECH";"ram";"ram_Usada";"GB";"2022-11-08 14:17:48";7.13
"Servidor-SPTECH";"ram";"ram_Usada";"GB";"2022-11-08 14:17:47";7.18
"Servidor-SPTECH";"ram";"ram_Usada";"GB";"2022-11-08 14:17:45";7.2
"Servidor-SPTECH";"ram";"ram_Usada";"GB";"2022-11-08 14:17:43";7.11
"Servidor-SPTECH";"ram";"ram_Usada";"GB";"2022-11-08 14:17:42";7.15
"Servidor-SPTECH";"ram";"ram_Usada";"GB";"2022-11-08 14:17:40";7.12
"Servidor-SPTECH";"ram";"ram_Usada";"GB";"2022-11-08 14:17:38";7.1
"Servidor-SPTECH";"ram";"ram_Usada";"GB";"2022-11-08 14:17:36";7.08
"Servidor-SPTECH";"ram";"ram_Usada";"GB";"2022-11-08 14:17:35";7.09
"Servidor-SPTECH";"ram";"ram_Usada";"GB";"2022-11-08 14:17:33";7.09
"Servidor-SPTECH";"ram";"ram_Usada";"GB";"2022-11-08 14:17:31";7.09
"Servidor-SPTECH";"ram";"ram_Usada";"GB";"2022-11-08 14:17:29";7.09
"Servidor-SPTECH";"ram";"ram_Usada";"GB";"2022-11-08 14:17:27";7.09
"Servidor-SPTECH";"ram";"ram_Usada";"GB";"2022-11-08 14:17:26";7.1
"Servidor-SPTECH";"ram";"ram_Usada";"GB";"2022-11-08 14:17:24";7.1
"Servidor-SPTECH";"ram";"ram_Usada";"GB";"2022-11-08 14:17:22";7.09
"Servidor-SPTECH";"ram";"ram_Usada";"GB";"2022-11-08 14:17:20";7.08
"Servidor-SPTECH";"ram";"ram_Usada";"GB";"2022-11-08 14:17:19";7.12
"Servidor-SPTECH";"ram";"ram_Usada";"GB";"2022-11-08 14:17:17";6.99
"Servidor-SPTECH";"ram";"ram_Usada";"GB";"2022-11-08 14:17:15";6.99
"Servidor-SPTECH";"ram";"ram_Usada";"GB";"2022-11-08 14:17:13";6.98
"Servidor-SPTECH";"ram";"ram_Usada";"GB";"2022-11-08 14:17:12";6.99
"Servidor-SPTECH";"ram";"ram_Usada";"GB";"2022-11-08 14:17:10";7.0
"Servidor-SPTECH";"ram";"ram_Usada";"GB";"2022-11-08 14:17:08";7.01
"Servidor-SPTECH";"ram";"ram_Usada";"GB";"2022-11-08 14:17:06";7.02
"Servidor-SPTECH";"ram";"ram_Usada";"GB";"2022-11-08 14:17:05";7.03
"Servidor-SPTECH";"ram";"ram_Usada";"GB";"2022-11-08 14:17:03";7.03
"Servidor-SPTECH";"ram";"ram_Usada";"GB";"2022-11-08 14:17:01";7.04
"Servidor-SPTECH";"ram";"ram_Usada";"GB";"2022-11-08 14:17:00";7.09
"Servidor-SPTECH";"ram";"ram_Usada";"GB";"2022-11-08 14:16:58";7.06
"Servidor-SPTECH";"ram";"ram_Usada";"GB";"2022-11-08 14:16:56";7.05
"Servidor-SPTECH";"ram";"ram_Usada";"GB";"2022-11-08 14:16:54";7.06
"Servidor-SPTECH";"ram";"ram_Usada";"GB";"2022-11-08 14:16:52";6.94
"Servidor-SPTECH";"ram";"ram_Usada";"GB";"2022-11-08 14:16:50";6.99
"Servidor-SPTECH";"ram";"ram_Usada";"GB";"2022-11-08 14:16:48";6.96
"Servidor-SPTECH";"ram";"ram_Usada";"GB";"2022-11-08 14:16:46";7.16
"Servidor-SPTECH";"ram";"ram_Usada";"GB";"2022-11-08 14:16:44";7.31
"Servidor-SPTECH";"ram";"ram_Usada";"GB";"2022-11-08 14:16:42";7.37
"Servidor-SPTECH";"ram";"ram_Usada";"GB";"2022-11-08 14:16:41";7.46
"Servidor-SPTECH";"ram";"ram_Usada";"GB";"2022-11-08 14:16:39";7.42
"Servidor-SPTECH";"ram";"ram_Usada";"GB";"2022-11-08 14:16:37";7.18
"Servidor-SPTECH";"ram";"ram_Usada";"GB";"2022-11-08 14:16:35";7.17
"Servidor-SPTECH";"ram";"ram_Usada";"GB";"2022-11-08 14:16:33";7.17
"Servidor-SPTECH";"ram";"ram_Usada";"GB";"2022-11-08 14:16:31";7.22
"Servidor-SPTECH";"ram";"ram_Usada";"GB";"2022-11-08 14:16:29";7.25
"Servidor-SPTECH";"ram";"ram_Usada";"GB";"2022-11-08 14:16:27";7.34
"Servidor-SPTECH";"ram";"ram_Usada";"GB";"2022-11-08 14:16:25";7.28
"Servidor-SPTECH";"ram";"ram_Usada";"GB";"2022-11-08 14:16:23";7.22
"Servidor-SPTECH";"ram";"ram_Usada";"GB";"2022-11-08 14:16:21";7.23
"Servidor-SPTECH";"ram";"ram_Usada";"GB";"2022-11-08 14:16:20";7.22
"Servidor-SPTECH";"ram";"ram_Usada";"GB";"2022-11-08 14:16:18";7.21
"Servidor-SPTECH";"ram";"ram_Usada";"GB";"2022-11-08 14:16:16";7.22
"Servidor-SPTECH";"ram";"ram_Usada";"GB";"2022-11-08 14:16:14";7.19
"Servidor-SPTECH";"ram";"ram_Usada";"GB";"2022-11-08 14:16:13";7.23
"Servidor-SPTECH";"ram";"ram_Usada";"GB";"2022-11-08 14:16:11";7.24
"Servidor-SPTECH";"ram";"ram_Usada";"GB";"2022-11-08 14:16:09";7.19
"Servidor-SPTECH";"ram";"ram_Usada";"GB";"2022-11-08 14:16:07";7.18
"Servidor-SPTECH";"ram";"ram_Usada";"GB";"2022-11-08 14:16:06";7.18
"Servidor-SPTECH";"ram";"ram_Usada";"GB";"2022-11-08 14:16:04";7.21
"Servidor-SPTECH";"ram";"ram_Usada";"GB";"2022-11-08 14:16:02";7.16
"Servidor-SPTECH";"ram";"ram_Usada";"GB";"2022-11-08 14:16:00";7.3
"Servidor-SPTECH";"ram";"ram_Usada";"GB";"2022-11-08 14:15:58";7.36
"Servidor-SPTECH";"ram";"ram_Usada";"GB";"2022-11-08 14:15:56";7.29
"Servidor-SPTECH";"ram";"ram_Usada";"GB";"2022-11-08 14:15:55";7.21
"Servidor-SPTECH";"ram";"ram_Usada";"GB";"2022-11-08 14:15:53";7.17
"Servidor-SPTECH";"ram";"ram_Usada";"GB";"2022-11-08 14:15:51";7.22
"Servidor-SPTECH";"ram";"ram_Usada";"GB";"2022-11-08 14:15:49";7.27
"Servidor-SPTECH";"ram";"ram_Usada";"GB";"2022-11-08 14:15:47";7.27
"Servidor-SPTECH";"ram";"ram_Usada";"GB";"2022-11-08 14:15:45";7.33
"Servidor-SPTECH";"ram";"ram_Usada";"GB";"2022-11-08 14:15:44";7.25
"Servidor-SPTECH";"ram";"ram_Usada";"GB";"2022-11-08 14:15:42";7.28
"Servidor-SPTECH";"ram";"ram_Usada";"GB";"2022-11-08 14:15:40";7.28
"Servidor-SPTECH";"ram";"ram_Usada";"GB";"2022-11-08 14:15:39";7.28
"Servidor-SPTECH";"ram";"ram_Usada";"GB";"2022-11-08 14:15:37";7.27
"Servidor-SPTECH";"ram";"ram_Usada";"GB";"2022-11-08 14:15:35";7.23
"Servidor-SPTECH";"ram";"ram_Usada";"GB";"2022-11-08 14:15:33";7.19
"Servidor-SPTECH";"ram";"ram_Usada";"GB";"2022-11-08 14:15:32";7.19
"Servidor-SPTECH";"ram";"ram_Usada";"GB";"2022-11-08 14:15:30";7.21
"Servidor-SPTECH";"ram";"ram_Usada";"GB";"2022-11-08 14:15:29";7.18
"Servidor-SPTECH";"ram";"ram_Usada";"GB";"2022-11-08 14:15:27";7.23
"Servidor-SPTECH";"ram";"ram_Usada";"GB";"2022-11-08 14:15:25";7.23
"Servidor-SPTECH";"ram";"ram_Usada";"GB";"2022-11-08 14:15:24";7.23
"Servidor-SPTECH";"ram";"ram_Usada";"GB";"2022-11-08 14:15:22";7.21
"Servidor-SPTECH";"ram";"ram_Usada";"GB";"2022-11-08 14:15:21";7.22
"Servidor-SPTECH";"ram";"ram_Usada";"GB";"2022-11-08 14:15:19";7.22
"Servidor-SPTECH";"ram";"ram_Usada";"GB";"2022-11-08 14:15:18";7.2
"Servidor-SPTECH";"ram";"ram_Usada";"GB";"2022-11-08 14:15:16";7.17
"Servidor-SPTECH";"ram";"ram_Usada";"GB";"2022-11-08 14:15:14";7.13
"Servidor-SPTECH";"ram";"ram_Usada";"GB";"2022-11-08 14:15:12";7.15
"Servidor-SPTECH";"ram";"ram_Usada";"GB";"2022-11-08 14:15:11";7.13
"Servidor-SPTECH";"ram";"ram_Usada";"GB";"2022-11-08 14:15:09";7.13
"Servidor-SPTECH";"ram";"ram_Usada";"GB";"2022-11-08 14:15:08";7.18
"Servidor-SPTECH";"ram";"ram_Usada";"GB";"2022-11-08 14:15:06";7.17
"Servidor-SPTECH";"ram";"ram_Usada";"GB";"2022-11-08 14:15:04";7.17
"Servidor-SPTECH";"ram";"ram_Usada";"GB";"2022-11-08 14:15:03";7.18
"Servidor-SPTECH";"ram";"ram_Usada";"GB";"2022-11-08 14:15:01";7.16
"Servidor-SPTECH";"ram";"ram_Usada";"GB";"2022-11-08 14:15:00";7.17
"Servidor-SPTECH";"ram";"ram_Usada";"GB";"2022-11-08 14:14:58";7.29
"Servidor-SPTECH";"ram";"ram_Usada";"GB";"2022-11-08 14:14:56";7.22
"Servidor-SPTECH";"ram";"ram_Usada";"GB";"2022-11-08 14:14:55";7.25
"Servidor-SPTECH";"ram";"ram_Usada";"GB";"2022-11-08 14:14:53";7.26
"Servidor-SPTECH";"ram";"ram_Usada";"GB";"2022-11-08 14:14:51";7.08
"Servidor-SPTECH";"ram";"ram_Usada";"GB";"2022-11-08 14:14:49";7.09
"Servidor-SPTECH";"ram";"ram_Usada";"GB";"2022-11-08 14:14:48";7.12
"Servidor-SPTECH";"ram";"ram_Usada";"GB";"2022-11-08 14:14:46";7.1
"Servidor-SPTECH";"ram";"ram_Usada";"GB";"2022-11-08 14:14:44";7.09
"Servidor-SPTECH";"ram";"ram_Usada";"GB";"2022-11-08 14:14:42";6.99
"Servidor-SPTECH";"ram";"ram_Usada";"GB";"2022-11-08 14:14:41";6.89
"Servidor-SPTECH";"ram";"ram_Usada";"GB";"2022-11-08 14:14:39";6.99
"Servidor-SPTECH";"ram";"ram_Usada";"GB";"2022-11-08 14:14:37";6.99
"Servidor-SPTECH";"ram";"ram_Usada";"GB";"2022-11-08 14:14:35";7.03
"Servidor-SPTECH";"ram";"ram_Usada";"GB";"2022-11-08 14:14:34";6.93
"Servidor-SPTECH";"ram";"ram_Usada";"GB";"2022-11-08 14:14:32";6.89
"Servidor-SPTECH";"ram";"ram_Usada";"GB";"2022-11-08 14:14:30";6.88
"Servidor-SPTECH";"ram";"ram_Usada";"GB";"2022-11-08 14:14:29";6.88
"Servidor-SPTECH";"ram";"ram_Usada";"GB";"2022-11-08 14:14:27";6.99
"Servidor-SPTECH";"ram";"ram_Usada";"GB";"2022-11-08 14:14:25";6.68
"Servidor-SPTECH";"ram";"ram_Usada";"GB";"2022-11-08 14:14:23";6.65
"Servidor-SPTECH";"ram";"ram_Usada";"GB";"2022-11-08 14:14:22";6.66
"Servidor-SPTECH";"ram";"ram_Usada";"GB";"2022-11-08 14:14:20";6.66
"Servidor-SPTECH";"ram";"ram_Usada";"GB";"2022-11-08 14:14:18";6.77
"Servidor-SPTECH";"ram";"ram_Usada";"GB";"2022-11-08 14:14:17";6.78
"Servidor-SPTECH";"ram";"ram_Usada";"GB";"2022-11-08 14:14:15";6.81
"Servidor-SPTECH";"ram";"ram_Usada";"GB";"2022-11-08 14:14:14";6.83
"Servidor-SPTECH";"ram";"ram_Usada";"GB";"2022-11-08 14:14:12";6.78
"Servidor-SPTECH";"ram";"ram_Usada";"GB";"2022-11-08 14:14:10";6.73
"Servidor-SPTECH";"ram";"ram_Usada";"GB";"2022-11-08 14:14:09";6.81
"Servidor-SPTECH";"ram";"ram_Usada";"GB";"2022-11-08 14:14:07";6.77
"Servidor-SPTECH";"ram";"ram_Usada";"GB";"2022-11-08 14:14:05";6.78
"Servidor-SPTECH";"ram";"ram_Usada";"GB";"2022-11-08 14:14:04";6.78
"Servidor-SPTECH";"ram";"ram_Usada";"GB";"2022-11-08 14:14:02";6.71
"Servidor-SPTECH";"ram";"ram_Usada";"GB";"2022-11-08 14:14:00";6.73
"Servidor-SPTECH";"ram";"ram_Usada";"GB";"2022-11-08 14:13:59";6.7
"Servidor-SPTECH";"ram";"ram_Usada";"GB";"2022-11-08 14:13:57";6.72
"Servidor-SPTECH";"ram";"ram_Usada";"GB";"2022-11-08 14:13:56";6.72
"Servidor-SPTECH";"ram";"ram_Usada";"GB";"2022-11-08 14:13:54";6.73
"Servidor-SPTECH";"ram";"ram_Usada";"GB";"2022-11-08 14:13:52";6.75
"Servidor-SPTECH";"ram";"ram_Usada";"GB";"2022-11-08 14:13:51";6.75
"Servidor-SPTECH";"ram";"ram_Usada";"GB";"2022-11-08 14:13:49";6.74
"Servidor-SPTECH";"ram";"ram_Usada";"GB";"2022-11-08 14:13:48";6.74
"Servidor-SPTECH";"ram";"ram_Usada";"GB";"2022-11-08 14:13:46";6.61
"Servidor-SPTECH";"ram";"ram_Usada";"GB";"2022-11-08 14:13:44";6.72
"Servidor-SPTECH";"ram";"ram_Usada";"GB";"2022-11-08 14:13:43";6.8
"Servidor-SPTECH";"ram";"ram_Usada";"GB";"2022-11-08 14:13:41";6.8
"Servidor-SPTECH";"ram";"ram_Usada";"GB";"2022-11-08 14:13:39";6.8
"Servidor-SPTECH";"ram";"ram_Usada";"GB";"2022-11-08 14:13:38";6.78
"Servidor-SPTECH";"ram";"ram_Usada";"GB";"2022-11-08 14:13:36";6.79
"Servidor-SPTECH";"ram";"ram_Usada";"GB";"2022-11-08 14:13:35";6.79
"Servidor-SPTECH";"ram";"ram_Usada";"GB";"2022-11-08 14:13:33";6.79
"Servidor-SPTECH";"ram";"ram_Usada";"GB";"2022-11-08 14:13:31";6.79
"Servidor-SPTECH";"ram";"ram_Usada";"GB";"2022-11-08 14:13:30";6.78
"Servidor-SPTECH";"ram";"ram_Usada";"GB";"2022-11-08 14:13:28";6.78
"Servidor-SPTECH";"ram";"ram_Usada";"GB";"2022-11-08 14:13:27";6.78
"Servidor-SPTECH";"ram";"ram_Usada";"GB";"2022-11-08 14:13:25";6.78
"Servidor-SPTECH";"ram";"ram_Usada";"GB";"2022-11-08 14:13:23";6.78
"Servidor-SPTECH";"ram";"ram_Usada";"GB";"2022-11-08 14:13:22";6.78
"Servidor-SPTECH";"ram";"ram_Usada";"GB";"2022-11-08 14:13:20";6.76
"Servidor-SPTECH";"ram";"ram_Usada";"GB";"2022-11-08 14:13:18";6.78
"Servidor-SPTECH";"ram";"ram_Usada";"GB";"2022-11-08 14:13:17";6.79
"Servidor-SPTECH";"ram";"ram_Usada";"GB";"2022-11-08 14:13:15";6.78
"Servidor-SPTECH";"ram";"ram_Usada";"GB";"2022-11-08 14:13:13";6.77
"Servidor-SPTECH";"ram";"ram_Usada";"GB";"2022-11-08 14:13:12";6.77
"Servidor-SPTECH";"ram";"ram_Usada";"GB";"2022-11-08 14:13:10";6.78
"Servidor-SPTECH";"ram";"ram_Usada";"GB";"2022-11-08 14:13:08";6.78
"Servidor-SPTECH";"ram";"ram_Usada";"GB";"2022-11-08 14:13:07";6.79
"Servidor-SPTECH";"ram";"ram_Usada";"GB";"2022-11-08 14:13:05";6.8
"Servidor-SPTECH";"ram";"ram_Usada";"GB";"2022-11-08 14:13:04";6.8
"Servidor-SPTECH";"ram";"ram_Usada";"GB";"2022-11-08 14:13:02";6.79
"Servidor-SPTECH";"ram";"ram_Usada";"GB";"2022-11-08 14:13:00";6.8
"Servidor-SPTECH";"ram";"ram_Usada";"GB";"2022-11-08 14:12:59";6.8
"Servidor-SPTECH";"ram";"ram_Usada";"GB";"2022-11-08 14:12:57";6.81
"Servidor-SPTECH";"ram";"ram_Usada";"GB";"2022-11-08 14:12:56";6.77
"Servidor-SPTECH";"ram";"ram_Usada";"GB";"2022-11-08 14:12:54";6.81
"Servidor-SPTECH";"ram";"ram_Usada";"GB";"2022-11-08 14:12:52";6.8
"Servidor-SPTECH";"ram";"ram_Usada";"GB";"2022-11-08 14:12:51";6.79
"Servidor-SPTECH";"ram";"ram_Usada";"GB";"2022-11-08 14:12:49";6.79
"Servidor-SPTECH";"ram";"ram_Usada";"GB";"2022-11-08 14:12:47";6.79
"Servidor-SPTECH";"ram";"ram_Usada";"GB";"2022-11-08 14:12:46";6.77
"Servidor-SPTECH";"ram";"ram_Usada";"GB";"2022-11-08 14:12:44";6.78
"Servidor-SPTECH";"ram";"ram_Usada";"GB";"2022-11-08 14:12:42";6.81
"Servidor-SPTECH";"ram";"ram_Usada";"GB";"2022-11-08 14:12:41";6.82
"Servidor-SPTECH";"ram";"ram_Usada";"GB";"2022-11-08 14:12:39";6.82
"Servidor-SPTECH";"ram";"ram_Usada";"GB";"2022-11-08 14:12:37";6.82
"Servidor-SPTECH";"ram";"ram_Usada";"GB";"2022-11-08 14:12:36";6.83
"Servidor-SPTECH";"ram";"ram_Usada";"GB";"2022-11-08 14:12:34";6.82
"Servidor-SPTECH";"ram";"ram_Usada";"GB";"2022-11-08 14:12:32";6.82
"Servidor-SPTECH";"ram";"ram_Usada";"GB";"2022-11-08 14:12:31";6.81
"Servidor-SPTECH";"ram";"ram_Usada";"GB";"2022-11-08 14:12:29";6.81
"Servidor-SPTECH";"ram";"ram_Usada";"GB";"2022-11-08 14:12:27";6.78
"Servidor-SPTECH";"ram";"ram_Usada";"GB";"2022-11-08 14:12:26";6.76
"Servidor-SPTECH";"ram";"ram_Usada";"GB";"2022-11-08 14:12:24";6.77
"Servidor-SPTECH";"ram";"ram_Usada";"GB";"2022-11-08 14:12:22";6.75
"Servidor-SPTECH";"ram";"ram_Usada";"GB";"2022-11-08 14:12:21";6.75
"Servidor-SPTECH";"ram";"ram_Usada";"GB";"2022-11-08 14:12:19";6.74
"Servidor-SPTECH";"ram";"ram_Usada";"GB";"2022-11-08 14:12:17";6.75
"Servidor-SPTECH";"ram";"ram_Usada";"GB";"2022-11-08 14:12:16";6.75
"Servidor-SPTECH";"ram";"ram_Usada";"GB";"2022-11-08 14:12:14";6.75
"Servidor-SPTECH";"ram";"ram_Usada";"GB";"2022-11-08 14:12:12";6.75
"Servidor-SPTECH";"ram";"ram_Usada";"GB";"2022-11-08 14:12:11";6.76
"Servidor-SPTECH";"ram";"ram_Usada";"GB";"2022-11-08 14:12:09";6.76
"Servidor-SPTECH";"ram";"ram_Usada";"GB";"2022-11-08 14:12:07";6.74
"Servidor-SPTECH";"ram";"ram_Usada";"GB";"2022-11-08 14:12:06";6.77
"Servidor-SPTECH";"ram";"ram_Usada";"GB";"2022-11-08 14:12:04";6.77
"Servidor-SPTECH";"ram";"ram_Usada";"GB";"2022-11-08 14:12:02";6.77
"Servidor-SPTECH";"ram";"ram_Usada";"GB";"2022-11-08 14:12:01";6.77
"Servidor-SPTECH";"ram";"ram_Usada";"GB";"2022-11-08 14:11:59";6.76
"Servidor-SPTECH";"ram";"ram_Usada";"GB";"2022-11-08 14:11:57";6.72
"Servidor-SPTECH";"ram";"ram_Usada";"GB";"2022-11-08 14:11:56";6.7
"Servidor-SPTECH";"ram";"ram_Usada";"GB";"2022-11-08 14:11:54";6.72
"Servidor-SPTECH";"ram";"ram_Usada";"GB";"2022-11-08 14:11:52";6.72
"Servidor-SPTECH";"ram";"ram_Usada";"GB";"2022-11-08 14:11:50";6.69
"Servidor-SPTECH";"ram";"ram_Usada";"GB";"2022-11-08 14:11:49";6.69
"Servidor-SPTECH";"ram";"ram_Usada";"GB";"2022-11-08 14:11:47";6.69
"Servidor-SPTECH";"ram";"ram_Usada";"GB";"2022-11-08 14:11:46";6.7
"Servidor-SPTECH";"ram";"ram_Usada";"GB";"2022-11-08 14:11:44";6.7
"Servidor-SPTECH";"ram";"ram_Usada";"GB";"2022-11-08 14:11:42";6.72
"Servidor-SPTECH";"ram";"ram_Usada";"GB";"2022-11-08 14:11:41";6.71
"Servidor-SPTECH";"ram";"ram_Usada";"GB";"2022-11-08 14:11:39";6.7
"Servidor-SPTECH";"ram";"ram_Usada";"GB";"2022-11-08 14:11:37";6.67
"Servidor-SPTECH";"ram";"ram_Usada";"GB";"2022-11-08 14:11:35";6.69
"Servidor-SPTECH";"ram";"ram_Usada";"GB";"2022-11-08 14:11:34";6.69
"Servidor-SPTECH";"ram";"ram_Usada";"GB";"2022-11-08 14:11:32";6.71
"Servidor-SPTECH";"ram";"ram_Usada";"GB";"2022-11-08 14:11:31";6.7
"Servidor-SPTECH";"ram";"ram_Usada";"GB";"2022-11-08 14:11:29";6.72
"Servidor-SPTECH";"ram";"ram_Usada";"GB";"2022-11-08 14:11:27";6.72
"Servidor-SPTECH";"ram";"ram_Usada";"GB";"2022-11-08 14:11:26";6.7
"Servidor-SPTECH";"ram";"ram_Usada";"GB";"2022-11-08 14:11:24";6.72
"Servidor-SPTECH";"ram";"ram_Usada";"GB";"2022-11-08 14:11:22";6.72
"Servidor-SPTECH";"ram";"ram_Usada";"GB";"2022-11-08 14:11:21";6.72
"Servidor-SPTECH";"ram";"ram_Usada";"GB";"2022-11-08 14:11:19";6.8
"Servidor-SPTECH";"ram";"ram_Usada";"GB";"2022-11-08 14:11:18";6.83
"Servidor-SPTECH";"ram";"ram_Usada";"GB";"2022-11-08 14:11:16";6.83
"Servidor-SPTECH";"ram";"ram_Usada";"GB";"2022-11-08 14:11:14";6.83
"Servidor-SPTECH";"ram";"ram_Usada";"GB";"2022-11-08 14:11:13";6.83
"Servidor-SPTECH";"ram";"ram_Usada";"GB";"2022-11-08 14:11:11";6.83
"Servidor-SPTECH";"ram";"ram_Usada";"GB";"2022-11-08 14:11:09";6.84
"Servidor-SPTECH";"ram";"ram_Usada";"GB";"2022-11-08 14:11:07";6.8
"Servidor-SPTECH";"ram";"ram_Usada";"GB";"2022-11-08 14:11:06";6.81
"Servidor-SPTECH";"ram";"ram_Usada";"GB";"2022-11-08 14:11:04";6.81
"Servidor-SPTECH";"ram";"ram_Usada";"GB";"2022-11-08 14:11:02";6.8
"Servidor-SPTECH";"ram";"ram_Usada";"GB";"2022-11-08 14:11:01";6.81
"Servidor-SPTECH";"ram";"ram_Usada";"GB";"2022-11-08 14:10:59";6.79
"Servidor-SPTECH";"ram";"ram_Usada";"GB";"2022-11-08 14:10:58";6.8
"Servidor-SPTECH";"ram";"ram_Usada";"GB";"2022-11-08 14:10:56";6.81
"Servidor-SPTECH";"ram";"ram_Usada";"GB";"2022-11-08 14:10:54";6.82
"Servidor-SPTECH";"ram";"ram_Usada";"GB";"2022-11-08 14:10:53";6.82
"Servidor-SPTECH";"ram";"ram_Usada";"GB";"2022-11-08 14:10:51";6.82
"Servidor-SPTECH";"ram";"ram_Usada";"GB";"2022-11-08 14:10:49";6.79
"Servidor-SPTECH";"ram";"ram_Usada";"GB";"2022-11-08 14:10:48";6.81
"Servidor-SPTECH";"ram";"ram_Usada";"GB";"2022-11-08 14:10:46";6.78
"Servidor-SPTECH";"ram";"ram_Usada";"GB";"2022-11-08 14:10:44";6.77
"Servidor-SPTECH";"ram";"ram_Usada";"GB";"2022-11-08 14:10:42";6.8
"Servidor-SPTECH";"ram";"ram_Usada";"GB";"2022-11-08 14:10:41";6.81
"Servidor-SPTECH";"ram";"ram_Usada";"GB";"2022-11-08 14:10:39";6.85
"Servidor-SPTECH";"ram";"ram_Usada";"GB";"2022-11-08 14:10:37";6.82
"Servidor-SPTECH";"ram";"ram_Usada";"GB";"2022-11-08 14:10:36";6.86
"Servidor-SPTECH";"ram";"ram_Usada";"GB";"2022-11-08 14:10:34";6.89
"Servidor-SPTECH";"ram";"ram_Usada";"GB";"2022-11-08 14:10:32";6.84
"Servidor-SPTECH";"ram";"ram_Usada";"GB";"2022-11-08 14:10:31";6.82
"Servidor-SPTECH";"ram";"ram_Usada";"GB";"2022-11-08 14:10:29";6.84
"Servidor-SPTECH";"ram";"ram_Usada";"GB";"2022-11-08 14:10:28";6.84
"Servidor-SPTECH";"ram";"ram_Usada";"GB";"2022-11-08 14:10:26";6.86
"Servidor-SPTECH";"ram";"ram_Usada";"GB";"2022-11-08 14:10:24";6.86
"Servidor-SPTECH";"ram";"ram_Usada";"GB";"2022-11-08 14:10:23";6.87
"Servidor-SPTECH";"ram";"ram_Usada";"GB";"2022-11-08 14:10:21";6.86
"Servidor-SPTECH";"ram";"ram_Usada";"GB";"2022-11-08 14:10:19";6.94
"Servidor-SPTECH";"ram";"ram_Usada";"GB";"2022-11-08 14:10:18";7.04
"Servidor-SPTECH";"ram";"ram_Usada";"GB";"2022-11-08 14:10:16";7.06
"Servidor-SPTECH";"ram";"ram_Usada";"GB";"2022-11-08 14:10:14";7.06
"Servidor-SPTECH";"ram";"ram_Usada";"GB";"2022-11-08 14:10:13";6.84
"Servidor-SPTECH";"ram";"ram_Usada";"GB";"2022-11-08 14:10:11";6.87
"Servidor-SPTECH";"ram";"ram_Usada";"GB";"2022-11-08 14:10:09";6.78
"Servidor-SPTECH";"ram";"ram_Usada";"GB";"2022-11-08 14:10:08";6.65
"Servidor-SPTECH";"ram";"ram_Usada";"GB";"2022-11-08 14:10:06";6.61
"Servidor-SPTECH";"ram";"ram_Usada";"GB";"2022-11-08 14:10:05";6.6
"Servidor-SPTECH";"ram";"ram_Usada";"GB";"2022-11-08 14:10:03";6.59
"Servidor-SPTECH";"ram";"ram_Usada";"GB";"2022-11-08 14:10:01";6.55
"Servidor-SPTECH";"ram";"ram_Usada";"GB";"2022-11-08 14:10:00";6.58
"Servidor-SPTECH";"ram";"ram_Usada";"GB";"2022-11-08 14:09:58";6.58
"Servidor-SPTECH";"ram";"ram_Usada";"GB";"2022-11-08 14:09:56";6.57
"Servidor-SPTECH";"ram";"ram_Usada";"GB";"2022-11-08 14:09:55";6.56
"Servidor-SPTECH";"ram";"ram_Usada";"GB";"2022-11-08 14:09:53";6.58
"Servidor-SPTECH";"ram";"ram_Usada";"GB";"2022-11-08 14:09:52";6.59
"Servidor-SPTECH";"ram";"ram_Usada";"GB";"2022-11-08 14:09:50";6.58
"Servidor-SPTECH";"ram";"ram_Usada";"GB";"2022-11-08 14:09:48";6.58
"Servidor-SPTECH";"ram";"ram_Usada";"GB";"2022-11-08 14:09:47";6.58
"Servidor-SPTECH";"ram";"ram_Usada";"GB";"2022-11-08 14:09:45";6.58
"Servidor-SPTECH";"ram";"ram_Usada";"GB";"2022-11-08 14:09:44";6.56
"Servidor-SPTECH";"ram";"ram_Usada";"GB";"2022-11-08 14:09:42";6.57
"Servidor-SPTECH";"ram";"ram_Usada";"GB";"2022-11-08 14:09:40";6.73
"Servidor-SPTECH";"ram";"ram_Usada";"GB";"2022-11-08 14:09:39";6.73
"Servidor-SPTECH";"ram";"ram_Usada";"GB";"2022-11-08 14:09:37";6.73
"Servidor-SPTECH";"ram";"ram_Usada";"GB";"2022-11-08 14:09:35";6.76
"Servidor-SPTECH";"ram";"ram_Usada";"GB";"2022-11-08 14:09:34";6.77
"Servidor-SPTECH";"ram";"ram_Usada";"GB";"2022-11-08 14:09:32";6.78
"Servidor-SPTECH";"ram";"ram_Usada";"GB";"2022-11-08 14:09:31";6.74
"Servidor-SPTECH";"ram";"ram_Usada";"GB";"2022-11-08 14:09:29";6.74
"Servidor-SPTECH";"ram";"ram_Usada";"GB";"2022-11-08 14:09:27";6.74
"Servidor-SPTECH";"ram";"ram_Usada";"GB";"2022-11-08 14:09:26";6.75
"Servidor-SPTECH";"ram";"ram_Usada";"GB";"2022-11-08 14:09:24";6.76
"Servidor-SPTECH";"ram";"ram_Usada";"GB";"2022-11-08 14:09:23";6.75
"Servidor-SPTECH";"ram";"ram_Usada";"GB";"2022-11-08 14:09:21";6.75
"Servidor-SPTECH";"ram";"ram_Usada";"GB";"2022-11-08 14:09:19";6.73
"Servidor-SPTECH";"ram";"ram_Usada";"GB";"2022-11-08 14:09:18";6.75
"Servidor-SPTECH";"ram";"ram_Usada";"GB";"2022-11-08 14:09:16";6.75
"Servidor-SPTECH";"ram";"ram_Usada";"GB";"2022-11-08 14:09:14";6.76
"Servidor-SPTECH";"ram";"ram_Usada";"GB";"2022-11-08 14:09:13";6.71
"Servidor-SPTECH";"ram";"ram_Usada";"GB";"2022-11-08 14:09:11";6.73
"Servidor-SPTECH";"ram";"ram_Usada";"GB";"2022-11-08 14:09:09";6.74
"Servidor-SPTECH";"ram";"ram_Usada";"GB";"2022-11-08 14:09:08";6.73
"Servidor-SPTECH";"ram";"ram_Usada";"GB";"2022-11-08 14:09:06";6.72
"Servidor-SPTECH";"ram";"ram_Usada";"GB";"2022-11-08 14:09:05";6.74
"Servidor-SPTECH";"ram";"ram_Usada";"GB";"2022-11-08 14:09:03";6.74
"Servidor-SPTECH";"ram";"ram_Usada";"GB";"2022-11-08 14:09:01";6.74
"Servidor-SPTECH";"ram";"ram_Usada";"GB";"2022-11-08 14:09:00";6.73
"Servidor-SPTECH";"ram";"ram_Usada";"GB";"2022-11-08 14:08:58";6.74
"Servidor-SPTECH";"ram";"ram_Usada";"GB";"2022-11-08 14:08:56";6.75
"Servidor-SPTECH";"ram";"ram_Usada";"GB";"2022-11-08 14:08:55";6.73
"Servidor-SPTECH";"ram";"ram_Usada";"GB";"2022-11-08 14:08:53";6.77
"Servidor-SPTECH";"ram";"ram_Usada";"GB";"2022-11-08 14:08:52";6.82
"Servidor-SPTECH";"ram";"ram_Usada";"GB";"2022-11-08 14:08:50";6.82
"Servidor-SPTECH";"ram";"ram_Usada";"GB";"2022-11-08 14:08:48";6.78
"Servidor-SPTECH";"ram";"ram_Usada";"GB";"2022-11-08 14:08:47";6.82
"Servidor-SPTECH";"ram";"ram_Usada";"GB";"2022-11-08 14:08:45";6.96
"Servidor-SPTECH";"ram";"ram_Usada";"GB";"2022-11-08 14:08:44";7.05
"Servidor-SPTECH";"ram";"ram_Usada";"GB";"2022-11-08 14:08:42";7.11
"Servidor-SPTECH";"ram";"ram_Usada";"GB";"2022-11-08 14:08:40";7.07
"Servidor-SPTECH";"ram";"ram_Usada";"GB";"2022-11-08 14:08:38";7.07
"Servidor-SPTECH";"ram";"ram_Usada";"GB";"2022-11-08 14:08:37";7.05
"Servidor-SPTECH";"ram";"ram_Usada";"GB";"2022-11-08 14:08:35";6.98
"Servidor-SPTECH";"ram";"ram_Usada";"GB";"2022-11-08 14:08:33";6.9
"Servidor-SPTECH";"ram";"ram_Usada";"GB";"2022-11-08 14:08:32";6.91
"Servidor-SPTECH";"ram";"ram_Usada";"GB";"2022-11-08 14:08:30";6.91
"Servidor-SPTECH";"ram";"ram_Usada";"GB";"2022-11-08 14:08:28";6.91
"Servidor-SPTECH";"ram";"ram_Usada";"GB";"2022-11-08 14:08:27";6.9
"Servidor-SPTECH";"ram";"ram_Usada";"GB";"2022-11-08 14:08:25";6.9
"Servidor-SPTECH";"ram";"ram_Usada";"GB";"2022-11-08 14:08:23";6.9
"Servidor-SPTECH";"ram";"ram_Usada";"GB";"2022-11-08 14:08:22";6.9
"Servidor-SPTECH";"ram";"ram_Usada";"GB";"2022-11-08 14:08:20";6.89
"Servidor-SPTECH";"ram";"ram_Usada";"GB";"2022-11-08 14:08:19";6.86
"Servidor-SPTECH";"ram";"ram_Usada";"GB";"2022-11-08 14:08:17";6.89
"Servidor-SPTECH";"ram";"ram_Usada";"GB";"2022-11-08 14:08:15";6.91
"Servidor-SPTECH";"ram";"ram_Usada";"GB";"2022-11-08 14:08:14";6.91
"Servidor-SPTECH";"ram";"ram_Usada";"GB";"2022-11-08 14:08:12";6.91
"Servidor-SPTECH";"ram";"ram_Usada";"GB";"2022-11-08 14:08:10";6.91
"Servidor-SPTECH";"ram";"ram_Usada";"GB";"2022-11-08 14:08:09";6.83
"Servidor-SPTECH";"ram";"ram_Usada";"GB";"2022-11-08 14:08:07";6.83
"Servidor-SPTECH";"ram";"ram_Usada";"GB";"2022-11-08 14:08:05";6.84
"Servidor-SPTECH";"ram";"ram_Usada";"GB";"2022-11-08 14:08:04";6.83
"Servidor-SPTECH";"ram";"ram_Usada";"GB";"2022-11-08 14:08:02";6.83
"Servidor-SPTECH";"ram";"ram_Usada";"GB";"2022-11-08 14:08:00";6.86
"Servidor-SPTECH";"ram";"ram_Usada";"GB";"2022-11-08 14:07:59";6.89
"Servidor-SPTECH";"ram";"ram_Usada";"GB";"2022-11-08 14:07:57";6.88
"Servidor-SPTECH";"ram";"ram_Usada";"GB";"2022-11-08 14:07:55";6.89
"Servidor-SPTECH";"ram";"ram_Usada";"GB";"2022-11-08 14:07:54";6.9
"Servidor-SPTECH";"ram";"ram_Usada";"GB";"2022-11-08 14:07:52";6.89
"Servidor-SPTECH";"ram";"ram_Usada";"GB";"2022-11-08 14:07:50";6.91
"Servidor-SPTECH";"ram";"ram_Usada";"GB";"2022-11-08 14:07:49";6.91
"Servidor-SPTECH";"ram";"ram_Usada";"GB";"2022-11-08 14:07:47";6.94
"Servidor-SPTECH";"ram";"ram_Usada";"GB";"2022-11-08 14:07:45";7.0
"Servidor-SPTECH";"ram";"ram_Usada";"GB";"2022-11-08 14:07:44";7.02
"Servidor-SPTECH";"ram";"ram_Usada";"GB";"2022-11-08 14:07:42";7.04
"Servidor-SPTECH";"ram";"ram_Usada";"GB";"2022-11-08 14:07:40";7.04
"Servidor-SPTECH";"ram";"ram_Usada";"GB";"2022-11-08 14:07:39";7.04
"Servidor-SPTECH";"ram";"ram_Usada";"GB";"2022-11-08 14:07:37";6.99
"Servidor-SPTECH";"ram";"ram_Usada";"GB";"2022-11-08 14:07:35";7.04
"Servidor-SPTECH";"ram";"ram_Usada";"GB";"2022-11-08 14:07:34";6.94
"Servidor-SPTECH";"ram";"ram_Usada";"GB";"2022-11-08 14:07:32";6.83
"Servidor-SPTECH";"ram";"ram_Usada";"GB";"2022-11-08 14:07:30";6.82
"Servidor-SPTECH";"ram";"ram_Usada";"GB";"2022-11-08 14:07:28";6.8
"Servidor-SPTECH";"ram";"ram_Usada";"GB";"2022-11-08 14:07:27";6.81
"Servidor-SPTECH";"ram";"ram_Usada";"GB";"2022-11-08 14:07:25";6.8
"Servidor-SPTECH";"ram";"ram_Usada";"GB";"2022-11-08 14:07:23";6.81
"Servidor-SPTECH";"ram";"ram_Usada";"GB";"2022-11-08 14:07:22";6.8
"Servidor-SPTECH";"ram";"ram_Usada";"GB";"2022-11-08 14:07:20";6.79
"Servidor-SPTECH";"ram";"ram_Usada";"GB";"2022-11-08 14:07:18";6.73
"Servidor-SPTECH";"ram";"ram_Usada";"GB";"2022-11-08 14:07:17";6.67
"Servidor-SPTECH";"ram";"ram_Usada";"GB";"2022-11-08 14:07:15";6.65
"Servidor-SPTECH";"ram";"ram_Usada";"GB";"2022-11-08 14:07:13";6.66
"Servidor-SPTECH";"ram";"ram_Usada";"GB";"2022-11-08 14:07:12";6.66
"Servidor-SPTECH";"ram";"ram_Usada";"GB";"2022-11-08 14:07:10";6.66
"Servidor-SPTECH";"ram";"ram_Usada";"GB";"2022-11-08 14:07:09";6.66
"Servidor-SPTECH";"ram";"ram_Usada";"GB";"2022-11-08 14:07:07";6.65
"Servidor-SPTECH";"ram";"ram_Usada";"GB";"2022-11-08 14:07:05";6.66
"Servidor-SPTECH";"ram";"ram_Usada";"GB";"2022-11-08 14:07:04";6.66
"Servidor-SPTECH";"ram";"ram_Usada";"GB";"2022-11-08 14:07:02";6.65
"Servidor-SPTECH";"ram";"ram_Usada";"GB";"2022-11-08 14:07:00";6.62
"Servidor-SPTECH";"ram";"ram_Usada";"GB";"2022-11-08 14:06:59";6.64
"Servidor-SPTECH";"ram";"ram_Usada";"GB";"2022-11-08 14:06:57";6.65
"Servidor-SPTECH";"ram";"ram_Usada";"GB";"2022-11-08 14:06:55";6.66
"Servidor-SPTECH";"ram";"ram_Usada";"GB";"2022-11-08 14:06:54";6.65
"Servidor-SPTECH";"ram";"ram_Usada";"GB";"2022-11-08 14:06:52";6.66
"Servidor-SPTECH";"ram";"ram_Usada";"GB";"2022-11-08 14:06:50";6.67
"Servidor-SPTECH";"ram";"ram_Usada";"GB";"2022-11-08 14:06:49";6.65
"Servidor-SPTECH";"ram";"ram_Usada";"GB";"2022-11-08 14:06:47";6.67
"Servidor-SPTECH";"ram";"ram_Usada";"GB";"2022-11-08 14:06:45";6.68
"Servidor-SPTECH";"ram";"ram_Usada";"GB";"2022-11-08 14:06:44";6.69
"Servidor-SPTECH";"ram";"ram_Usada";"GB";"2022-11-08 14:06:42";6.68
"Servidor-SPTECH";"ram";"ram_Usada";"GB";"2022-11-08 14:06:41";6.7
"Servidor-SPTECH";"ram";"ram_Usada";"GB";"2022-11-08 14:06:39";6.7
"Servidor-SPTECH";"ram";"ram_Usada";"GB";"2022-11-08 14:06:37";6.7
"Servidor-SPTECH";"ram";"ram_Usada";"GB";"2022-11-08 14:06:36";6.7
"Servidor-SPTECH";"ram";"ram_Usada";"GB";"2022-11-08 14:06:34";6.68
"Servidor-SPTECH";"ram";"ram_Usada";"GB";"2022-11-08 14:06:32";6.67
"Servidor-SPTECH";"ram";"ram_Usada";"GB";"2022-11-08 14:06:31";6.65
"Servidor-SPTECH";"ram";"ram_Usada";"GB";"2022-11-08 14:06:29";6.68
"Servidor-SPTECH";"ram";"ram_Usada";"GB";"2022-11-08 14:06:27";6.68
"Servidor-SPTECH";"ram";"ram_Usada";"GB";"2022-11-08 14:06:25";6.68
"Servidor-SPTECH";"ram";"ram_Usada";"GB";"2022-11-08 14:06:24";6.68
"Servidor-SPTECH";"ram";"ram_Usada";"GB";"2022-11-08 14:06:22";6.69
"Servidor-SPTECH";"ram";"ram_Usada";"GB";"2022-11-08 14:06:20";6.68
"Servidor-SPTECH";"ram";"ram_Usada";"GB";"2022-11-08 14:06:19";6.64
"Servidor-SPTECH";"ram";"ram_Usada";"GB";"2022-11-08 14:06:17";6.66
"Servidor-SPTECH";"ram";"ram_Usada";"GB";"2022-11-08 14:06:15";6.68
"Servidor-SPTECH";"ram";"ram_Usada";"GB";"2022-11-08 14:06:14";6.67
"Servidor-SPTECH";"ram";"ram_Usada";"GB";"2022-11-08 14:06:12";6.64
"Servidor-SPTECH";"ram";"ram_Usada";"GB";"2022-11-08 14:06:10";6.67
"Servidor-SPTECH";"ram";"ram_Usada";"GB";"2022-11-08 14:06:09";6.67
"Servidor-SPTECH";"ram";"ram_Usada";"GB";"2022-11-08 14:06:07";6.67
"Servidor-SPTECH";"ram";"ram_Usada";"GB";"2022-11-08 14:06:05";6.65
"Servidor-SPTECH";"ram";"ram_Usada";"GB";"2022-11-08 14:06:04";6.64
"Servidor-SPTECH";"ram";"ram_Usada";"GB";"2022-11-08 14:06:02";6.65
"Servidor-SPTECH";"ram";"ram_Usada";"GB";"2022-11-08 14:06:01";6.64
"Servidor-SPTECH";"ram";"ram_Usada";"GB";"2022-11-08 14:05:59";6.64
"Servidor-SPTECH";"ram";"ram_Usada";"GB";"2022-11-08 14:05:57";6.64
"Servidor-SPTECH";"ram";"ram_Usada";"GB";"2022-11-08 14:05:56";6.64
"Servidor-SPTECH";"ram";"ram_Usada";"GB";"2022-11-08 14:05:54";6.61
"Servidor-SPTECH";"ram";"ram_Usada";"GB";"2022-11-08 14:05:53";6.64
"Servidor-SPTECH";"ram";"ram_Usada";"GB";"2022-11-08 14:05:51";6.64
"Servidor-SPTECH";"ram";"ram_Usada";"GB";"2022-11-08 14:05:49";6.65
"Servidor-SPTECH";"ram";"ram_Usada";"GB";"2022-11-08 14:05:48";6.61
"Servidor-SPTECH";"ram";"ram_Usada";"GB";"2022-11-08 14:05:46";6.65
"Servidor-SPTECH";"ram";"ram_Usada";"GB";"2022-11-08 14:05:45";6.65
"Servidor-SPTECH";"ram";"ram_Usada";"GB";"2022-11-08 14:05:43";6.67
"Servidor-SPTECH";"ram";"ram_Usada";"GB";"2022-11-08 14:05:41";6.67
"Servidor-SPTECH";"ram";"ram_Usada";"GB";"2022-11-08 14:05:40";6.69
"Servidor-SPTECH";"ram";"ram_Usada";"GB";"2022-11-08 14:05:38";6.69
"Servidor-SPTECH";"ram";"ram_Usada";"GB";"2022-11-08 14:05:37";6.68
"Servidor-SPTECH";"ram";"ram_Usada";"GB";"2022-11-08 14:05:35";6.7
"Servidor-SPTECH";"ram";"ram_Usada";"GB";"2022-11-08 14:05:33";6.7
"Servidor-SPTECH";"ram";"ram_Usada";"GB";"2022-11-08 14:05:32";6.71
"Servidor-SPTECH";"ram";"ram_Usada";"GB";"2022-11-08 14:05:30";6.7
"Servidor-SPTECH";"ram";"ram_Usada";"GB";"2022-11-08 14:05:29";6.7
"Servidor-SPTECH";"ram";"ram_Usada";"GB";"2022-11-08 14:05:27";6.69
"Servidor-SPTECH";"ram";"ram_Usada";"GB";"2022-11-08 14:05:25";6.7
"Servidor-SPTECH";"ram";"ram_Usada";"GB";"2022-11-08 14:05:23";6.66
"Servidor-SPTECH";"ram";"ram_Usada";"GB";"2022-11-08 14:05:22";6.65
"Servidor-SPTECH";"ram";"ram_Usada";"GB";"2022-11-08 14:05:20";6.64
"Servidor-SPTECH";"ram";"ram_Usada";"GB";"2022-11-08 14:05:18";6.62
"Servidor-SPTECH";"ram";"ram_Usada";"GB";"2022-11-08 14:05:17";6.61
"Servidor-SPTECH";"ram";"ram_Usada";"GB";"2022-11-08 14:05:15";6.62
"Servidor-SPTECH";"ram";"ram_Usada";"GB";"2022-11-08 14:05:14";6.62
"Servidor-SPTECH";"ram";"ram_Usada";"GB";"2022-11-08 14:05:12";6.62
"Servidor-SPTECH";"ram";"ram_Usada";"GB";"2022-11-08 14:05:10";6.63
"Servidor-SPTECH";"ram";"ram_Usada";"GB";"2022-11-08 14:05:09";6.62
"Servidor-SPTECH";"ram";"ram_Usada";"GB";"2022-11-08 14:05:07";6.62
"Servidor-SPTECH";"ram";"ram_Usada";"GB";"2022-11-08 14:05:06";6.62
"Servidor-SPTECH";"ram";"ram_Usada";"GB";"2022-11-08 14:05:04";6.63
"Servidor-SPTECH";"ram";"ram_Usada";"GB";"2022-11-08 14:05:02";6.62
"Servidor-SPTECH";"ram";"ram_Usada";"GB";"2022-11-08 14:05:01";6.63
"Servidor-SPTECH";"ram";"ram_Usada";"GB";"2022-11-08 14:04:59";6.65
"Servidor-SPTECH";"ram";"ram_Usada";"GB";"2022-11-08 14:04:57";6.62
"Servidor-SPTECH";"ram";"ram_Usada";"GB";"2022-11-08 14:04:56";6.65
"Servidor-SPTECH";"ram";"ram_Usada";"GB";"2022-11-08 14:04:54";6.65
"Servidor-SPTECH";"ram";"ram_Usada";"GB";"2022-11-08 14:04:52";6.69
"Servidor-SPTECH";"ram";"ram_Usada";"GB";"2022-11-08 14:04:51";6.69
"Servidor-SPTECH";"ram";"ram_Usada";"GB";"2022-11-08 14:04:49";6.7
"Servidor-SPTECH";"ram";"ram_Usada";"GB";"2022-11-08 14:04:47";6.7
"Servidor-SPTECH";"ram";"ram_Usada";"GB";"2022-11-08 14:04:46";6.71
"Servidor-SPTECH";"ram";"ram_Usada";"GB";"2022-11-08 14:04:44";6.72
"Servidor-SPTECH";"ram";"ram_Usada";"GB";"2022-11-08 14:04:43";6.73
"Servidor-SPTECH";"ram";"ram_Usada";"GB";"2022-11-08 14:04:41";6.74
"Servidor-SPTECH";"ram";"ram_Usada";"GB";"2022-11-08 14:04:39";6.71
"Servidor-SPTECH";"ram";"ram_Usada";"GB";"2022-11-08 14:04:38";6.69
"Servidor-SPTECH";"ram";"ram_Usada";"GB";"2022-11-08 14:04:36";6.69
"Servidor-SPTECH";"ram";"ram_Usada";"GB";"2022-11-08 14:04:34";6.69
"Servidor-SPTECH";"ram";"ram_Usada";"GB";"2022-11-08 14:04:33";6.7
"Servidor-SPTECH";"ram";"ram_Usada";"GB";"2022-11-08 14:04:31";6.68
"Servidor-SPTECH";"ram";"ram_Usada";"GB";"2022-11-08 14:04:30";6.67
"Servidor-SPTECH";"ram";"ram_Usada";"GB";"2022-11-08 14:04:28";6.68
"Servidor-SPTECH";"ram";"ram_Usada";"GB";"2022-11-08 14:04:26";6.68
"Servidor-SPTECH";"ram";"ram_Usada";"GB";"2022-11-08 14:04:25";6.67
"Servidor-SPTECH";"ram";"ram_Usada";"GB";"2022-11-08 14:04:23";6.67
"Servidor-SPTECH";"ram";"ram_Usada";"GB";"2022-11-08 14:04:22";6.67
"Servidor-SPTECH";"ram";"ram_Usada";"GB";"2022-11-08 14:04:20";6.67
"Servidor-SPTECH";"ram";"ram_Usada";"GB";"2022-11-08 14:04:18";6.66
"Servidor-SPTECH";"ram";"ram_Usada";"GB";"2022-11-08 14:04:17";6.66
"Servidor-SPTECH";"ram";"ram_Usada";"GB";"2022-11-08 14:04:15";6.59
"Servidor-SPTECH";"ram";"ram_Usada";"GB";"2022-11-08 14:04:14";6.61
"Servidor-SPTECH";"ram";"ram_Usada";"GB";"2022-11-08 14:04:12";6.61
"Servidor-SPTECH";"ram";"ram_Usada";"GB";"2022-11-08 14:04:10";6.63
"Servidor-SPTECH";"ram";"ram_Usada";"GB";"2022-11-08 14:04:09";6.69
"Servidor-SPTECH";"ram";"ram_Usada";"GB";"2022-11-08 14:04:07";6.7
"Servidor-SPTECH";"ram";"ram_Usada";"GB";"2022-11-08 14:04:05";6.71
"Servidor-SPTECH";"ram";"ram_Usada";"GB";"2022-11-08 14:04:04";6.79
"Servidor-SPTECH";"ram";"ram_Usada";"GB";"2022-11-08 14:04:02";6.82
"Servidor-SPTECH";"ram";"ram_Usada";"GB";"2022-11-08 14:04:00";6.74
"Servidor-SPTECH";"ram";"ram_Usada";"GB";"2022-11-08 14:03:59";6.71
"Servidor-SPTECH";"ram";"ram_Usada";"GB";"2022-11-08 14:03:57";6.73
"Servidor-SPTECH";"ram";"ram_Usada";"GB";"2022-11-08 14:03:55";6.74
"Servidor-SPTECH";"ram";"ram_Usada";"GB";"2022-11-08 14:03:54";6.76
"Servidor-SPTECH";"ram";"ram_Usada";"GB";"2022-11-08 14:03:52";6.72
"Servidor-SPTECH";"ram";"ram_Usada";"GB";"2022-11-08 14:03:50";6.73
"Servidor-SPTECH";"ram";"ram_Usada";"GB";"2022-11-08 14:03:49";6.73
"Servidor-SPTECH";"ram";"ram_Usada";"GB";"2022-11-08 14:03:47";6.74
"Servidor-SPTECH";"ram";"ram_Usada";"GB";"2022-11-08 14:03:46";6.71
"Servidor-SPTECH";"ram";"ram_Usada";"GB";"2022-11-08 14:03:44";6.71
"Servidor-SPTECH";"ram";"ram_Usada";"GB";"2022-11-08 14:03:42";6.87
"Servidor-SPTECH";"ram";"ram_Usada";"GB";"2022-11-08 14:03:40";6.88
"Servidor-SPTECH";"ram";"ram_Usada";"GB";"2022-11-08 14:03:39";6.91
"Servidor-SPTECH";"ram";"ram_Usada";"GB";"2022-11-08 14:03:37";6.92
"Servidor-SPTECH";"ram";"ram_Usada";"GB";"2022-11-08 14:03:35";6.91
"Servidor-SPTECH";"ram";"ram_Usada";"GB";"2022-11-08 14:03:34";6.89
"Servidor-SPTECH";"ram";"ram_Usada";"GB";"2022-11-08 14:03:32";6.89
"Servidor-SPTECH";"ram";"ram_Usada";"GB";"2022-11-08 14:03:31";6.89
"Servidor-SPTECH";"ram";"ram_Usada";"GB";"2022-11-08 14:03:29";6.92
"Servidor-SPTECH";"ram";"ram_Usada";"GB";"2022-11-08 14:03:27";6.88
"Servidor-SPTECH";"ram";"ram_Usada";"GB";"2022-11-08 14:03:26";6.89
"Servidor-SPTECH";"ram";"ram_Usada";"GB";"2022-11-08 14:03:24";6.89
"Servidor-SPTECH";"ram";"ram_Usada";"GB";"2022-11-08 14:03:23";6.89
"Servidor-SPTECH";"ram";"ram_Usada";"GB";"2022-11-08 14:03:21";6.88
"Servidor-SPTECH";"ram";"ram_Usada";"GB";"2022-11-08 14:03:19";6.85
"Servidor-SPTECH";"ram";"ram_Usada";"GB";"2022-11-08 14:03:18";6.85
"Servidor-SPTECH";"ram";"ram_Usada";"GB";"2022-11-08 14:03:16";6.84
"Servidor-SPTECH";"ram";"ram_Usada";"GB";"2022-11-08 14:03:14";6.83
"Servidor-SPTECH";"ram";"ram_Usada";"GB";"2022-11-08 14:03:13";6.83
"Servidor-SPTECH";"ram";"ram_Usada";"GB";"2022-11-08 14:03:11";6.82
"Servidor-SPTECH";"ram";"ram_Usada";"GB";"2022-11-08 14:03:10";6.84
"Servidor-SPTECH";"ram";"ram_Usada";"GB";"2022-11-08 14:03:08";6.84
"Servidor-SPTECH";"ram";"ram_Usada";"GB";"2022-11-08 14:03:06";6.84
"Servidor-SPTECH";"ram";"ram_Usada";"GB";"2022-11-08 14:03:05";6.87
"Servidor-SPTECH";"ram";"ram_Usada";"GB";"2022-11-08 14:03:03";6.88
"Servidor-SPTECH";"ram";"ram_Usada";"GB";"2022-11-08 14:03:02";6.9
"Servidor-SPTECH";"ram";"ram_Usada";"GB";"2022-11-08 14:03:00";6.9
"Servidor-SPTECH";"ram";"ram_Usada";"GB";"2022-11-08 14:02:58";6.91
"Servidor-SPTECH";"ram";"ram_Usada";"GB";"2022-11-08 14:02:57";6.87
"Servidor-SPTECH";"ram";"ram_Usada";"GB";"2022-11-08 14:02:55";6.89
"Servidor-SPTECH";"ram";"ram_Usada";"GB";"2022-11-08 14:02:53";6.89
"Servidor-SPTECH";"ram";"ram_Usada";"GB";"2022-11-08 14:02:52";6.91
"Servidor-SPTECH";"ram";"ram_Usada";"GB";"2022-11-08 14:02:50";6.91
"Servidor-SPTECH";"ram";"ram_Usada";"GB";"2022-11-08 14:02:49";6.95
"Servidor-SPTECH";"ram";"ram_Usada";"GB";"2022-11-08 14:02:47";6.93
"Servidor-SPTECH";"ram";"ram_Usada";"GB";"2022-11-08 14:02:45";6.97
"Servidor-SPTECH";"ram";"ram_Usada";"GB";"2022-11-08 14:02:44";6.97
"Servidor-SPTECH";"ram";"ram_Usada";"GB";"2022-11-08 14:02:42";7.0
"Servidor-SPTECH";"ram";"ram_Usada";"GB";"2022-11-08 14:02:40";7.0
"Servidor-SPTECH";"ram";"ram_Usada";"GB";"2022-11-08 14:02:39";6.99
"Servidor-SPTECH";"ram";"ram_Usada";"GB";"2022-11-08 14:02:37";7.05
"Servidor-SPTECH";"ram";"ram_Usada";"GB";"2022-11-08 14:02:35";7.04
"Servidor-SPTECH";"ram";"ram_Usada";"GB";"2022-11-08 14:02:34";7.06
"Servidor-SPTECH";"ram";"ram_Usada";"GB";"2022-11-08 14:02:31";6.81
"Servidor-SPTECH";"ram";"ram_Usada";"GB";"2022-11-08 14:02:29";6.78
"Servidor-SPTECH";"ram";"ram_Usada";"GB";"2022-11-08 14:02:28";6.79
"Servidor-SPTECH";"ram";"ram_Usada";"GB";"2022-11-08 14:02:26";6.78
"Servidor-SPTECH";"ram";"ram_Usada";"GB";"2022-11-08 14:02:24";6.78
"Servidor-SPTECH";"ram";"ram_Usada";"GB";"2022-11-08 14:02:23";6.8
"Servidor-SPTECH";"ram";"ram_Usada";"GB";"2022-11-08 14:02:21";6.8
"Servidor-SPTECH";"ram";"ram_Usada";"GB";"2022-11-08 14:02:20";6.79
"Servidor-SPTECH";"ram";"ram_Usada";"GB";"2022-11-08 14:02:18";6.81
"Servidor-SPTECH";"ram";"ram_Usada";"GB";"2022-11-08 14:02:16";6.81
"Servidor-SPTECH";"ram";"ram_Usada";"GB";"2022-11-08 14:02:15";6.84
"Servidor-SPTECH";"ram";"ram_Usada";"GB";"2022-11-08 14:02:13";6.84
"Servidor-SPTECH";"ram";"ram_Usada";"GB";"2022-11-08 14:02:11";6.8
"Servidor-SPTECH";"ram";"ram_Usada";"GB";"2022-11-08 14:02:10";6.81
"Servidor-SPTECH";"ram";"ram_Usada";"GB";"2022-11-08 14:02:08";6.81
"Servidor-SPTECH";"ram";"ram_Usada";"GB";"2022-11-08 14:02:07";6.82
"Servidor-SPTECH";"ram";"ram_Usada";"GB";"2022-11-08 14:02:05";6.82
"Servidor-SPTECH";"ram";"ram_Usada";"GB";"2022-11-08 14:02:03";6.81
"Servidor-SPTECH";"ram";"ram_Usada";"GB";"2022-11-08 14:02:02";6.82
"Servidor-SPTECH";"ram";"ram_Usada";"GB";"2022-11-08 14:02:00";6.84
"Servidor-SPTECH";"ram";"ram_Usada";"GB";"2022-11-08 14:01:58";6.83
"Servidor-SPTECH";"ram";"ram_Usada";"GB";"2022-11-08 14:01:57";6.83
"Servidor-SPTECH";"ram";"ram_Usada";"GB";"2022-11-08 14:01:55";6.81
"Servidor-SPTECH";"ram";"ram_Usada";"GB";"2022-11-08 14:01:54";6.84
"Servidor-SPTECH";"ram";"ram_Usada";"GB";"2022-11-08 14:01:52";6.85
"Servidor-SPTECH";"ram";"ram_Usada";"GB";"2022-11-08 14:01:50";7.06
"Servidor-SPTECH";"ram";"ram_Usada";"GB";"2022-11-08 14:01:49";7.07
"Servidor-SPTECH";"ram";"ram_Usada";"GB";"2022-11-08 14:01:47";7.07
"Servidor-SPTECH";"ram";"ram_Usada";"GB";"2022-11-08 14:01:45";7.0
"Servidor-SPTECH";"ram";"ram_Usada";"GB";"2022-11-08 14:01:43";6.58
"Servidor-SPTECH";"ram";"ram_Usada";"GB";"2022-11-08 14:01:42";6.6
"Servidor-SPTECH";"ram";"ram_Usada";"GB";"2022-11-08 14:01:40";6.6
"Servidor-SPTECH";"ram";"ram_Usada";"GB";"2022-11-08 14:01:38";6.6
"Servidor-SPTECH";"ram";"ram_Usada";"GB";"2022-11-08 14:01:37";6.6
"Servidor-SPTECH";"ram";"ram_Usada";"GB";"2022-11-08 14:01:35";6.59
"Servidor-SPTECH";"ram";"ram_Usada";"GB";"2022-11-08 14:01:34";6.6
"Servidor-SPTECH";"ram";"ram_Usada";"GB";"2022-11-08 14:01:32";6.6
"Servidor-SPTECH";"ram";"ram_Usada";"GB";"2022-11-08 14:01:30";6.6
"Servidor-SPTECH";"ram";"ram_Usada";"GB";"2022-11-08 14:01:29";6.6
"Servidor-SPTECH";"ram";"ram_Usada";"GB";"2022-11-08 14:01:27";6.6
"Servidor-SPTECH";"ram";"ram_Usada";"GB";"2022-11-08 14:01:25";6.6
"Servidor-SPTECH";"ram";"ram_Usada";"GB";"2022-11-08 14:01:24";6.6
"Servidor-SPTECH";"ram";"ram_Usada";"GB";"2022-11-08 14:01:22";6.59
"Servidor-SPTECH";"ram";"ram_Usada";"GB";"2022-11-08 14:01:21";6.6
"Servidor-SPTECH";"ram";"ram_Usada";"GB";"2022-11-08 14:01:19";6.59
"Servidor-SPTECH";"ram";"ram_Usada";"GB";"2022-11-08 14:01:17";6.63
"Servidor-SPTECH";"ram";"ram_Usada";"GB";"2022-11-08 14:01:16";6.64
"Servidor-SPTECH";"ram";"ram_Usada";"GB";"2022-11-08 14:01:14";6.65
"Servidor-SPTECH";"ram";"ram_Usada";"GB";"2022-11-08 14:01:12";6.63
"Servidor-SPTECH";"ram";"ram_Usada";"GB";"2022-11-08 14:01:11";6.63
"Servidor-SPTECH";"ram";"ram_Usada";"GB";"2022-11-08 14:01:09";6.61
"Servidor-SPTECH";"ram";"ram_Usada";"GB";"2022-11-08 14:01:08";6.62
"Servidor-SPTECH";"ram";"ram_Usada";"GB";"2022-11-08 14:01:06";6.61
"Servidor-SPTECH";"ram";"ram_Usada";"GB";"2022-11-08 14:01:04";6.62
"Servidor-SPTECH";"ram";"ram_Usada";"GB";"2022-11-08 14:01:03";6.62
"Servidor-SPTECH";"ram";"ram_Usada";"GB";"2022-11-08 14:01:01";6.62
"Servidor-SPTECH";"ram";"ram_Usada";"GB";"2022-11-08 14:01:00";6.63
"Servidor-SPTECH";"ram";"ram_Usada";"GB";"2022-11-08 14:00:58";6.63
"Servidor-SPTECH";"ram";"ram_Usada";"GB";"2022-11-08 14:00:56";6.65
"Servidor-SPTECH";"ram";"ram_Usada";"GB";"2022-11-08 14:00:55";6.66
"Servidor-SPTECH";"ram";"ram_Usada";"GB";"2022-11-08 14:00:53";6.67
"Servidor-SPTECH";"ram";"ram_Usada";"GB";"2022-11-08 14:00:51";6.66
"Servidor-SPTECH";"ram";"ram_Usada";"GB";"2022-11-08 14:00:50";6.66
"Servidor-SPTECH";"ram";"ram_Usada";"GB";"2022-11-08 14:00:48";6.66
"Servidor-SPTECH";"ram";"ram_Usada";"GB";"2022-11-08 14:00:47";6.67
"Servidor-SPTECH";"ram";"ram_Usada";"GB";"2022-11-08 14:00:45";6.67
"Servidor-SPTECH";"ram";"ram_Usada";"GB";"2022-11-08 14:00:43";6.68
"Servidor-SPTECH";"ram";"ram_Usada";"GB";"2022-11-08 14:00:41";6.69
"Servidor-SPTECH";"ram";"ram_Usada";"GB";"2022-11-08 14:00:39";6.7
"Servidor-SPTECH";"ram";"ram_Usada";"GB";"2022-11-08 14:00:38";6.69
"Servidor-SPTECH";"ram";"ram_Usada";"GB";"2022-11-08 14:00:36";6.69
"Servidor-SPTECH";"ram";"ram_Usada";"GB";"2022-11-08 14:00:34";6.69
"Servidor-SPTECH";"ram";"ram_Usada";"GB";"2022-11-08 14:00:33";6.7
"Servidor-SPTECH";"ram";"ram_Usada";"GB";"2022-11-08 14:00:31";6.68
"Servidor-SPTECH";"ram";"ram_Usada";"GB";"2022-11-08 14:00:29";6.68
"Servidor-SPTECH";"ram";"ram_Usada";"GB";"2022-11-08 14:00:28";6.69
"Servidor-SPTECH";"ram";"ram_Usada";"GB";"2022-11-08 14:00:26";6.68
"Servidor-SPTECH";"ram";"ram_Usada";"GB";"2022-11-08 14:00:24";6.69
"Servidor-SPTECH";"ram";"ram_Usada";"GB";"2022-11-08 14:00:23";6.67
"Servidor-SPTECH";"ram";"ram_Usada";"GB";"2022-11-08 14:00:21";6.68
"Servidor-SPTECH";"ram";"ram_Usada";"GB";"2022-11-08 14:00:19";6.68
"Servidor-SPTECH";"ram";"ram_Usada";"GB";"2022-11-08 14:00:18";6.67
"Servidor-SPTECH";"ram";"ram_Usada";"GB";"2022-11-08 14:00:16";6.68
"Servidor-SPTECH";"ram";"ram_Usada";"GB";"2022-11-08 14:00:14";6.66
"Servidor-SPTECH";"ram";"ram_Usada";"GB";"2022-11-08 14:00:12";6.7
"Servidor-SPTECH";"ram";"ram_Usada";"GB";"2022-11-08 14:00:11";6.69
"Servidor-SPTECH";"ram";"ram_Usada";"GB";"2022-11-08 14:00:09";6.69
"Servidor-SPTECH";"ram";"ram_Usada";"GB";"2022-11-08 14:00:07";6.69
"Servidor-SPTECH";"ram";"ram_Usada";"GB";"2022-11-08 14:00:06";6.68
"Servidor-SPTECH";"ram";"ram_Usada";"GB";"2022-11-08 14:00:04";6.68
"Servidor-SPTECH";"ram";"ram_Usada";"GB";"2022-11-08 14:00:02";6.68
"Servidor-SPTECH";"ram";"ram_Usada";"GB";"2022-11-08 14:00:01";6.68
"Servidor-SPTECH";"ram";"ram_Usada";"GB";"2022-11-08 13:59:59";6.68
"Servidor-SPTECH";"ram";"ram_Usada";"GB";"2022-11-08 13:59:57";6.68
"Servidor-SPTECH";"ram";"ram_Usada";"GB";"2022-11-08 13:59:56";6.68
"Servidor-SPTECH";"ram";"ram_Usada";"GB";"2022-11-08 13:59:54";6.68
"Servidor-SPTECH";"ram";"ram_Usada";"GB";"2022-11-08 13:59:52";6.68
"Servidor-SPTECH";"ram";"ram_Usada";"GB";"2022-11-08 13:59:51";6.8
"Servidor-SPTECH";"ram";"ram_Usada";"GB";"2022-11-08 13:59:49";6.76
"Servidor-SPTECH";"ram";"ram_Usada";"GB";"2022-11-08 13:59:47";6.76
"Servidor-SPTECH";"ram";"ram_Usada";"GB";"2022-11-08 13:59:46";6.76
"Servidor-SPTECH";"ram";"ram_Usada";"GB";"2022-11-08 13:59:44";6.76
"Servidor-SPTECH";"ram";"ram_Usada";"GB";"2022-11-08 13:59:43";6.76
"Servidor-SPTECH";"ram";"ram_Usada";"GB";"2022-11-08 13:59:41";6.85
"Servidor-SPTECH";"ram";"ram_Usada";"GB";"2022-11-08 13:59:39";6.81
"Servidor-SPTECH";"ram";"ram_Usada";"GB";"2022-11-08 13:59:37";6.67
"Servidor-SPTECH";"ram";"ram_Usada";"GB";"2022-11-08 13:59:36";6.56
"Servidor-SPTECH";"ram";"ram_Usada";"GB";"2022-11-08 13:59:34";6.57
"Servidor-SPTECH";"ram";"ram_Usada";"GB";"2022-11-08 13:59:33";6.57
"Servidor-SPTECH";"ram";"ram_Usada";"GB";"2022-11-08 13:59:31";6.56
"Servidor-SPTECH";"ram";"ram_Usada";"GB";"2022-11-08 13:59:29";6.56
"Servidor-SPTECH";"ram";"ram_Usada";"GB";"2022-11-08 13:59:28";6.57
"Servidor-SPTECH";"ram";"ram_Usada";"GB";"2022-11-08 13:59:26";6.52
"Servidor-SPTECH";"ram";"ram_Usada";"GB";"2022-11-08 13:59:25";6.55
"Servidor-SPTECH";"ram";"ram_Usada";"GB";"2022-11-08 13:59:23";6.55
"Servidor-SPTECH";"ram";"ram_Usada";"GB";"2022-11-08 13:59:21";6.55
"Servidor-SPTECH";"ram";"ram_Usada";"GB";"2022-11-08 13:59:20";6.55
"Servidor-SPTECH";"ram";"ram_Usada";"GB";"2022-11-08 13:59:18";6.56
"Servidor-SPTECH";"ram";"ram_Usada";"GB";"2022-11-08 13:59:17";6.56
"Servidor-SPTECH";"ram";"ram_Usada";"GB";"2022-11-08 13:59:15";6.56
"Servidor-SPTECH";"ram";"ram_Usada";"GB";"2022-11-08 13:59:13";6.56
"Servidor-SPTECH";"ram";"ram_Usada";"GB";"2022-11-08 13:59:12";6.56
"Servidor-SPTECH";"ram";"ram_Usada";"GB";"2022-11-08 13:59:10";6.56
"Servidor-SPTECH";"ram";"ram_Usada";"GB";"2022-11-08 13:59:09";6.55
"Servidor-SPTECH";"ram";"ram_Usada";"GB";"2022-11-08 13:59:07";6.55
"Servidor-SPTECH";"ram";"ram_Usada";"GB";"2022-11-08 13:59:05";6.55
"Servidor-SPTECH";"ram";"ram_Usada";"GB";"2022-11-08 13:59:04";6.55
"Servidor-SPTECH";"ram";"ram_Usada";"GB";"2022-11-08 13:59:02";6.55
"Servidor-SPTECH";"ram";"ram_Usada";"GB";"2022-11-08 13:59:00";6.56
"Servidor-SPTECH";"ram";"ram_Usada";"GB";"2022-11-08 13:58:59";6.57
"Servidor-SPTECH";"ram";"ram_Usada";"GB";"2022-11-08 13:58:57";6.56
"Servidor-SPTECH";"ram";"ram_Usada";"GB";"2022-11-08 13:58:56";6.55
"Servidor-SPTECH";"ram";"ram_Usada";"GB";"2022-11-08 13:58:54";6.56
"Servidor-SPTECH";"ram";"ram_Usada";"GB";"2022-11-08 13:58:52";6.55
"Servidor-SPTECH";"ram";"ram_Usada";"GB";"2022-11-08 13:58:51";6.56
"Servidor-SPTECH";"ram";"ram_Usada";"GB";"2022-11-08 13:58:49";6.56
"Servidor-SPTECH";"ram";"ram_Usada";"GB";"2022-11-08 13:58:48";6.57
"Servidor-SPTECH";"ram";"ram_Usada";"GB";"2022-11-08 13:58:46";6.57
"Servidor-SPTECH";"ram";"ram_Usada";"GB";"2022-11-08 13:58:44";6.56
"Servidor-SPTECH";"ram";"ram_Usada";"GB";"2022-11-08 13:58:43";6.58
"Servidor-SPTECH";"ram";"ram_Usada";"GB";"2022-11-08 13:58:41";6.87
"Servidor-SPTECH";"ram";"ram_Usada";"GB";"2022-11-08 13:58:39";7.0
"Servidor-SPTECH";"ram";"ram_Usada";"GB";"2022-11-08 13:58:38";7.0
"Servidor-SPTECH";"ram";"ram_Usada";"GB";"2022-11-08 13:58:36";7.0
"Servidor-SPTECH";"ram";"ram_Usada";"GB";"2022-11-08 13:58:35";6.99
"Servidor-SPTECH";"ram";"ram_Usada";"GB";"2022-11-08 13:58:33";7.0
"Servidor-SPTECH";"ram";"ram_Usada";"GB";"2022-11-08 13:58:31";7.0
"Servidor-SPTECH";"ram";"ram_Usada";"GB";"2022-11-08 13:58:30";7.03
"Servidor-SPTECH";"ram";"ram_Usada";"GB";"2022-11-08 13:58:28";7.03
"Servidor-SPTECH";"ram";"ram_Usada";"GB";"2022-11-08 13:58:27";7.03
"Servidor-SPTECH";"ram";"ram_Usada";"GB";"2022-11-08 13:58:25";7.02
"Servidor-SPTECH";"ram";"ram_Usada";"GB";"2022-11-08 13:58:23";7.03
"Servidor-SPTECH";"ram";"ram_Usada";"GB";"2022-11-08 13:58:22";7.03
"Servidor-SPTECH";"ram";"ram_Usada";"GB";"2022-11-08 13:58:20";7.0
"Servidor-SPTECH";"ram";"ram_Usada";"GB";"2022-11-08 13:58:18";7.03
"Servidor-SPTECH";"ram";"ram_Usada";"GB";"2022-11-08 13:58:17";7.03
"Servidor-SPTECH";"ram";"ram_Usada";"GB";"2022-11-08 13:58:15";7.03
"Servidor-SPTECH";"ram";"ram_Usada";"GB";"2022-11-08 13:58:14";7.03
"Servidor-SPTECH";"ram";"ram_Usada";"GB";"2022-11-08 13:58:12";7.02
"Servidor-SPTECH";"ram";"ram_Usada";"GB";"2022-11-08 13:58:10";7.01
"Servidor-SPTECH";"ram";"ram_Usada";"GB";"2022-11-08 13:58:09";6.98
"Servidor-SPTECH";"ram";"ram_Usada";"GB";"2022-11-08 13:58:07";6.98
"Servidor-SPTECH";"ram";"ram_Usada";"GB";"2022-11-08 13:58:05";6.99
"Servidor-SPTECH";"ram";"ram_Usada";"GB";"2022-11-08 13:58:04";7.03
"Servidor-SPTECH";"ram";"ram_Usada";"GB";"2022-11-08 13:58:02";7.03
"Servidor-SPTECH";"ram";"ram_Usada";"GB";"2022-11-08 13:58:00";7.03
"Servidor-SPTECH";"ram";"ram_Usada";"GB";"2022-11-08 13:57:59";7.04
"Servidor-SPTECH";"ram";"ram_Usada";"GB";"2022-11-08 13:57:57";7.04
"Servidor-SPTECH";"ram";"ram_Usada";"GB";"2022-11-08 13:57:55";7.05
"Servidor-SPTECH";"ram";"ram_Usada";"GB";"2022-11-08 13:57:54";7.13
"Servidor-SPTECH";"ram";"ram_Usada";"GB";"2022-11-08 13:57:52";7.14
"Servidor-SPTECH";"ram";"ram_Usada";"GB";"2022-11-08 13:57:51";7.13
"Servidor-SPTECH";"ram";"ram_Usada";"GB";"2022-11-08 13:57:49";7.06
"Servidor-SPTECH";"ram";"ram_Usada";"GB";"2022-11-08 13:57:47";6.88
"Servidor-SPTECH";"ram";"ram_Usada";"GB";"2022-11-08 13:57:46";6.85
"Servidor-SPTECH";"ram";"ram_Usada";"GB";"2022-11-08 13:57:44";6.85
"Servidor-SPTECH";"ram";"ram_Usada";"GB";"2022-11-08 13:57:42";6.92
"Servidor-SPTECH";"ram";"ram_Usada";"GB";"2022-11-08 13:57:41";6.92
"Servidor-SPTECH";"ram";"ram_Usada";"GB";"2022-11-08 13:57:39";6.91
"Servidor-SPTECH";"ram";"ram_Usada";"GB";"2022-11-08 13:57:37";6.99
"Servidor-SPTECH";"ram";"ram_Usada";"GB";"2022-11-08 13:57:36";6.97
"Servidor-SPTECH";"ram";"ram_Usada";"GB";"2022-11-08 13:57:34";6.96
"Servidor-SPTECH";"ram";"ram_Usada";"GB";"2022-11-08 13:57:32";6.91
"Servidor-SPTECH";"ram";"ram_Usada";"GB";"2022-11-08 13:57:30";6.88
"Servidor-SPTECH";"ram";"ram_Usada";"GB";"2022-11-08 13:57:29";6.89
"Servidor-SPTECH";"ram";"ram_Usada";"GB";"2022-11-08 13:57:27";6.9
"Servidor-SPTECH";"ram";"ram_Usada";"GB";"2022-11-08 13:57:26";6.9
"Servidor-SPTECH";"ram";"ram_Usada";"GB";"2022-11-08 13:57:24";6.93
"Servidor-SPTECH";"ram";"ram_Usada";"GB";"2022-11-08 13:57:22";6.97
"Servidor-SPTECH";"ram";"ram_Usada";"GB";"2022-11-08 13:57:20";6.99
"Servidor-SPTECH";"ram";"ram_Usada";"GB";"2022-11-08 13:57:19";6.99
"Servidor-SPTECH";"ram";"ram_Usada";"GB";"2022-11-08 13:57:17";6.98
"Servidor-SPTECH";"ram";"ram_Usada";"GB";"2022-11-08 13:57:16";6.99
"Servidor-SPTECH";"ram";"ram_Usada";"GB";"2022-11-08 13:57:14";6.99
"Servidor-SPTECH";"ram";"ram_Usada";"GB";"2022-11-08 13:57:12";6.97
"Servidor-SPTECH";"ram";"ram_Usada";"GB";"2022-11-08 13:57:11";6.94
"Servidor-SPTECH";"ram";"ram_Usada";"GB";"2022-11-08 13:57:09";6.93
"Servidor-SPTECH";"ram";"ram_Usada";"GB";"2022-11-08 13:57:07";6.93
"Servidor-SPTECH";"ram";"ram_Usada";"GB";"2022-11-08 13:57:06";6.92
"Servidor-SPTECH";"ram";"ram_Usada";"GB";"2022-11-08 13:57:04";6.98
"Servidor-SPTECH";"ram";"ram_Usada";"GB";"2022-11-08 13:57:02";6.98
"Servidor-SPTECH";"ram";"ram_Usada";"GB";"2022-11-08 13:57:00";6.98
"Servidor-SPTECH";"ram";"ram_Usada";"GB";"2022-11-08 13:56:59";6.97
"Servidor-SPTECH";"ram";"ram_Usada";"GB";"2022-11-08 13:56:57";6.97
"Servidor-SPTECH";"ram";"ram_Usada";"GB";"2022-11-08 13:56:55";6.96
"Servidor-SPTECH";"ram";"ram_Usada";"GB";"2022-11-08 13:56:53";6.84
"Servidor-SPTECH";"ram";"ram_Usada";"GB";"2022-11-08 13:56:52";6.83
"Servidor-SPTECH";"ram";"ram_Usada";"GB";"2022-11-08 13:56:50";6.84
"Servidor-SPTECH";"ram";"ram_Usada";"GB";"2022-11-08 13:56:48";6.84
"Servidor-SPTECH";"ram";"ram_Usada";"GB";"2022-11-08 13:56:47";6.84
"Servidor-SPTECH";"ram";"ram_Usada";"GB";"2022-11-08 13:56:45";6.81
"Servidor-SPTECH";"ram";"ram_Usada";"GB";"2022-11-08 13:56:44";6.79
"Servidor-SPTECH";"ram";"ram_Usada";"GB";"2022-11-08 13:56:42";6.83
"Servidor-SPTECH";"ram";"ram_Usada";"GB";"2022-11-08 13:56:41";6.83
"Servidor-SPTECH";"ram";"ram_Usada";"GB";"2022-11-08 13:56:39";6.84
"Servidor-SPTECH";"ram";"ram_Usada";"GB";"2022-11-08 13:56:37";6.83
"Servidor-SPTECH";"ram";"ram_Usada";"GB";"2022-11-08 13:56:36";6.82
"Servidor-SPTECH";"ram";"ram_Usada";"GB";"2022-11-08 13:56:34";6.82
"Servidor-SPTECH";"ram";"ram_Usada";"GB";"2022-11-08 13:56:32";6.83
"Servidor-SPTECH";"ram";"ram_Usada";"GB";"2022-11-08 13:56:31";6.84
"Servidor-SPTECH";"ram";"ram_Usada";"GB";"2022-11-08 13:56:29";6.85
"Servidor-SPTECH";"ram";"ram_Usada";"GB";"2022-11-08 13:56:28";6.85
"Servidor-SPTECH";"ram";"ram_Usada";"GB";"2022-11-08 13:56:26";6.85
"Servidor-SPTECH";"ram";"ram_Usada";"GB";"2022-11-08 13:56:24";6.88
"Servidor-SPTECH";"ram";"ram_Usada";"GB";"2022-11-08 13:56:23";6.87
"Servidor-SPTECH";"ram";"ram_Usada";"GB";"2022-11-08 13:56:21";6.84
"Servidor-SPTECH";"ram";"ram_Usada";"GB";"2022-11-08 13:56:20";6.81
"Servidor-SPTECH";"ram";"ram_Usada";"GB";"2022-11-08 13:56:18";6.83
"Servidor-SPTECH";"ram";"ram_Usada";"GB";"2022-11-08 13:56:16";6.83
"Servidor-SPTECH";"ram";"ram_Usada";"GB";"2022-11-08 13:56:15";6.82
"Servidor-SPTECH";"ram";"ram_Usada";"GB";"2022-11-08 13:56:13";6.88
"Servidor-SPTECH";"ram";"ram_Usada";"GB";"2022-11-08 13:56:12";6.83
"Servidor-SPTECH";"ram";"ram_Usada";"GB";"2022-11-08 13:56:10";6.84
"Servidor-SPTECH";"ram";"ram_Usada";"GB";"2022-11-08 13:56:09";6.84
"Servidor-SPTECH";"ram";"ram_Usada";"GB";"2022-11-08 13:56:07";6.84
"Servidor-SPTECH";"ram";"ram_Usada";"GB";"2022-11-08 13:56:05";6.81
"Servidor-SPTECH";"ram";"ram_Usada";"GB";"2022-11-08 13:56:04";6.85
"Servidor-SPTECH";"ram";"ram_Usada";"GB";"2022-11-08 13:56:02";6.85
"Servidor-SPTECH";"ram";"ram_Usada";"GB";"2022-11-08 13:56:00";6.85
"Servidor-SPTECH";"ram";"ram_Usada";"GB";"2022-11-08 13:55:59";6.82
"Servidor-SPTECH";"ram";"ram_Usada";"GB";"2022-11-08 13:55:57";6.82
"Servidor-SPTECH";"ram";"ram_Usada";"GB";"2022-11-08 13:55:56";6.79
"Servidor-SPTECH";"ram";"ram_Usada";"GB";"2022-11-08 13:55:54";6.85
"Servidor-SPTECH";"ram";"ram_Usada";"GB";"2022-11-08 13:55:52";6.86
"Servidor-SPTECH";"ram";"ram_Usada";"GB";"2022-11-08 13:55:51";6.85
"Servidor-SPTECH";"ram";"ram_Usada";"GB";"2022-11-08 13:55:49";6.85
"Servidor-SPTECH";"ram";"ram_Usada";"GB";"2022-11-08 13:55:48";6.84
"Servidor-SPTECH";"ram";"ram_Usada";"GB";"2022-11-08 13:55:46";6.84
"Servidor-SPTECH";"ram";"ram_Usada";"GB";"2022-11-08 13:55:44";6.88
"Servidor-SPTECH";"ram";"ram_Usada";"GB";"2022-11-08 13:55:43";6.82
"Servidor-SPTECH";"ram";"ram_Usada";"GB";"2022-11-08 13:55:41";6.8
"Servidor-SPTECH";"ram";"ram_Usada";"GB";"2022-11-08 13:55:39";6.86
"Servidor-SPTECH";"ram";"ram_Usada";"GB";"2022-11-08 13:55:38";6.81
"Servidor-SPTECH";"ram";"ram_Usada";"GB";"2022-11-08 13:55:36";6.8
"Servidor-SPTECH";"ram";"ram_Usada";"GB";"2022-11-08 13:55:34";6.84
"Servidor-SPTECH";"ram";"ram_Usada";"GB";"2022-11-08 13:55:33";6.84
"Servidor-SPTECH";"ram";"ram_Usada";"GB";"2022-11-08 13:55:31";6.82
"Servidor-SPTECH";"ram";"ram_Usada";"GB";"2022-11-08 13:55:29";6.81
"Servidor-SPTECH";"ram";"ram_Usada";"GB";"2022-11-08 13:55:28";6.81
"Servidor-SPTECH";"ram";"ram_Usada";"GB";"2022-11-08 13:55:26";6.81
"Servidor-SPTECH";"ram";"ram_Usada";"GB";"2022-11-08 13:55:24";6.79
"Servidor-SPTECH";"ram";"ram_Usada";"GB";"2022-11-08 13:55:23";6.76
"Servidor-SPTECH";"ram";"ram_Usada";"GB";"2022-11-08 13:55:21";6.77
"Servidor-SPTECH";"ram";"ram_Usada";"GB";"2022-11-08 13:55:20";6.75
"Servidor-SPTECH";"ram";"ram_Usada";"GB";"2022-11-08 13:55:18";6.78
"Servidor-SPTECH";"ram";"ram_Usada";"GB";"2022-11-08 13:55:16";6.78
"Servidor-SPTECH";"ram";"ram_Usada";"GB";"2022-11-08 13:55:14";6.78
"Servidor-SPTECH";"ram";"ram_Usada";"GB";"2022-11-08 13:55:13";6.79
"Servidor-SPTECH";"ram";"ram_Usada";"GB";"2022-11-08 13:55:11";6.78
"Servidor-SPTECH";"ram";"ram_Usada";"GB";"2022-11-08 13:55:09";6.76
"Servidor-SPTECH";"ram";"ram_Usada";"GB";"2022-11-08 13:55:08";6.76
"Servidor-SPTECH";"ram";"ram_Usada";"GB";"2022-11-08 13:55:06";6.76
"Servidor-SPTECH";"ram";"ram_Usada";"GB";"2022-11-08 13:55:04";6.76
"Servidor-SPTECH";"ram";"ram_Usada";"GB";"2022-11-08 13:55:03";6.77
"Servidor-SPTECH";"ram";"ram_Usada";"GB";"2022-11-08 13:55:01";6.78
"Servidor-SPTECH";"ram";"ram_Usada";"GB";"2022-11-08 13:54:59";6.79
"Servidor-SPTECH";"ram";"ram_Usada";"GB";"2022-11-08 13:54:58";6.78
"Servidor-SPTECH";"ram";"ram_Usada";"GB";"2022-11-08 13:54:56";6.8
"Servidor-SPTECH";"ram";"ram_Usada";"GB";"2022-11-08 13:54:55";6.81
"Servidor-SPTECH";"ram";"ram_Usada";"GB";"2022-11-08 13:54:53";6.76
"Servidor-SPTECH";"ram";"ram_Usada";"GB";"2022-11-08 13:54:51";6.73
"Servidor-SPTECH";"ram";"ram_Usada";"GB";"2022-11-08 13:54:50";6.72
"Servidor-SPTECH";"ram";"ram_Usada";"GB";"2022-11-08 13:54:48";6.7
"Servidor-SPTECH";"ram";"ram_Usada";"GB";"2022-11-08 13:54:46";6.7
"Servidor-SPTECH";"ram";"ram_Usada";"GB";"2022-11-08 13:54:45";6.7
"Servidor-SPTECH";"ram";"ram_Usada";"GB";"2022-11-08 13:54:43";6.67
"Servidor-SPTECH";"ram";"ram_Usada";"GB";"2022-11-08 13:54:42";6.72
"Servidor-SPTECH";"ram";"ram_Usada";"GB";"2022-11-08 13:54:40";6.72
"Servidor-SPTECH";"ram";"ram_Usada";"GB";"2022-11-08 13:54:38";6.72
"Servidor-SPTECH";"ram";"ram_Usada";"GB";"2022-11-08 13:54:37";6.72
"Servidor-SPTECH";"ram";"ram_Usada";"GB";"2022-11-08 13:54:35";6.73
"Servidor-SPTECH";"ram";"ram_Usada";"GB";"2022-11-08 13:54:34";6.73
"Servidor-SPTECH";"ram";"ram_Usada";"GB";"2022-11-08 13:54:32";6.72
"Servidor-SPTECH";"ram";"ram_Usada";"GB";"2022-11-08 13:54:30";6.73
"Servidor-SPTECH";"ram";"ram_Usada";"GB";"2022-11-08 13:54:29";6.73
"Servidor-SPTECH";"ram";"ram_Usada";"GB";"2022-11-08 13:54:27";6.73
"Servidor-SPTECH";"ram";"ram_Usada";"GB";"2022-11-08 13:54:25";6.71
"Servidor-SPTECH";"ram";"ram_Usada";"GB";"2022-11-08 13:54:24";6.72
"Servidor-SPTECH";"ram";"ram_Usada";"GB";"2022-11-08 13:54:22";6.73
"Servidor-SPTECH";"ram";"ram_Usada";"GB";"2022-11-08 13:54:21";6.72
"Servidor-SPTECH";"ram";"ram_Usada";"GB";"2022-11-08 13:54:19";6.72
"Servidor-SPTECH";"ram";"ram_Usada";"GB";"2022-11-08 13:54:17";6.72
"Servidor-SPTECH";"ram";"ram_Usada";"GB";"2022-11-08 13:54:16";6.72
"Servidor-SPTECH";"ram";"ram_Usada";"GB";"2022-11-08 13:54:14";6.72
"Servidor-SPTECH";"ram";"ram_Usada";"GB";"2022-11-08 13:54:12";6.73
"Servidor-SPTECH";"ram";"ram_Usada";"GB";"2022-11-08 13:54:10";6.73
"Servidor-SPTECH";"ram";"ram_Usada";"GB";"2022-11-08 13:54:09";6.73
"Servidor-SPTECH";"ram";"ram_Usada";"GB";"2022-11-08 13:54:07";6.71
"Servidor-SPTECH";"ram";"ram_Usada";"GB";"2022-11-08 13:54:06";6.73
"Servidor-SPTECH";"ram";"ram_Usada";"GB";"2022-11-08 13:54:04";6.73
"Servidor-SPTECH";"ram";"ram_Usada";"GB";"2022-11-08 13:54:02";6.74
"Servidor-SPTECH";"ram";"ram_Usada";"GB";"2022-11-08 13:54:01";6.71
"Servidor-SPTECH";"ram";"ram_Usada";"GB";"2022-11-08 13:53:59";6.71
"Servidor-SPTECH";"ram";"ram_Usada";"GB";"2022-11-08 13:53:57";6.7
"Servidor-SPTECH";"ram";"ram_Usada";"GB";"2022-11-08 13:53:56";6.71
"Servidor-SPTECH";"ram";"ram_Usada";"GB";"2022-11-08 13:53:54";6.72
"Servidor-SPTECH";"ram";"ram_Usada";"GB";"2022-11-08 13:53:52";6.71
"Servidor-SPTECH";"ram";"ram_Usada";"GB";"2022-11-08 13:53:51";6.69
"Servidor-SPTECH";"ram";"ram_Usada";"GB";"2022-11-08 13:53:49";6.67
"Servidor-SPTECH";"ram";"ram_Usada";"GB";"2022-11-08 13:53:48";6.7
"Servidor-SPTECH";"ram";"ram_Usada";"GB";"2022-11-08 13:53:46";6.68
"Servidor-SPTECH";"ram";"ram_Usada";"GB";"2022-11-08 13:53:44";6.68
"Servidor-SPTECH";"ram";"ram_Usada";"GB";"2022-11-08 13:53:43";6.69
"Servidor-SPTECH";"ram";"ram_Usada";"GB";"2022-11-08 13:53:41";6.71
"Servidor-SPTECH";"ram";"ram_Usada";"GB";"2022-11-08 13:53:40";6.71
"Servidor-SPTECH";"ram";"ram_Usada";"GB";"2022-11-08 13:53:38";6.72
"Servidor-SPTECH";"ram";"ram_Usada";"GB";"2022-11-08 13:53:37";6.71
"Servidor-SPTECH";"ram";"ram_Usada";"GB";"2022-11-08 13:53:35";6.72
"Servidor-SPTECH";"ram";"ram_Usada";"GB";"2022-11-08 13:53:33";6.72
"Servidor-SPTECH";"ram";"ram_Usada";"GB";"2022-11-08 13:53:32";6.71
"Servidor-SPTECH";"ram";"ram_Usada";"GB";"2022-11-08 13:53:30";6.72
"Servidor-SPTECH";"ram";"ram_Usada";"GB";"2022-11-08 13:53:28";6.71
"Servidor-SPTECH";"ram";"ram_Usada";"GB";"2022-11-08 13:53:27";6.72
"Servidor-SPTECH";"ram";"ram_Usada";"GB";"2022-11-08 13:53:25";6.7
"Servidor-SPTECH";"ram";"ram_Usada";"GB";"2022-11-08 13:53:24";6.72
"Servidor-SPTECH";"ram";"ram_Usada";"GB";"2022-11-08 13:53:22";6.72
"Servidor-SPTECH";"ram";"ram_Usada";"GB";"2022-11-08 13:53:21";6.72
"Servidor-SPTECH";"ram";"ram_Usada";"GB";"2022-11-08 13:53:19";6.69
"Servidor-SPTECH";"ram";"ram_Usada";"GB";"2022-11-08 13:53:17";6.72
"Servidor-SPTECH";"ram";"ram_Usada";"GB";"2022-11-08 13:53:16";6.72
"Servidor-SPTECH";"ram";"ram_Usada";"GB";"2022-11-08 13:53:14";6.72
"Servidor-SPTECH";"ram";"ram_Usada";"GB";"2022-11-08 13:53:12";6.72
"Servidor-SPTECH";"ram";"ram_Usada";"GB";"2022-11-08 13:53:11";6.72
"Servidor-SPTECH";"ram";"ram_Usada";"GB";"2022-11-08 13:53:09";6.72
"Servidor-SPTECH";"ram";"ram_Usada";"GB";"2022-11-08 13:53:08";6.72
"Servidor-SPTECH";"ram";"ram_Usada";"GB";"2022-11-08 13:53:06";6.73
"Servidor-SPTECH";"ram";"ram_Usada";"GB";"2022-11-08 13:53:04";6.72
"Servidor-SPTECH";"ram";"ram_Usada";"GB";"2022-11-08 13:53:03";6.72
"Servidor-SPTECH";"ram";"ram_Usada";"GB";"2022-11-08 13:53:01";6.68
"Servidor-SPTECH";"ram";"ram_Usada";"GB";"2022-11-08 13:52:59";6.71
"Servidor-SPTECH";"ram";"ram_Usada";"GB";"2022-11-08 13:52:58";6.71
"Servidor-SPTECH";"ram";"ram_Usada";"GB";"2022-11-08 13:52:56";6.71
"Servidor-SPTECH";"ram";"ram_Usada";"GB";"2022-11-08 13:52:54";6.71
"Servidor-SPTECH";"ram";"ram_Usada";"GB";"2022-11-08 13:52:53";6.71
"Servidor-SPTECH";"ram";"ram_Usada";"GB";"2022-11-08 13:52:51";6.72
"Servidor-SPTECH";"ram";"ram_Usada";"GB";"2022-11-08 13:52:49";6.72
"Servidor-SPTECH";"ram";"ram_Usada";"GB";"2022-11-08 13:52:48";6.72
"Servidor-SPTECH";"ram";"ram_Usada";"GB";"2022-11-08 13:52:46";6.72
"Servidor-SPTECH";"ram";"ram_Usada";"GB";"2022-11-08 13:52:45";6.71
"Servidor-SPTECH";"ram";"ram_Usada";"GB";"2022-11-08 13:52:43";6.7
"Servidor-SPTECH";"ram";"ram_Usada";"GB";"2022-11-08 13:52:41";6.73
"Servidor-SPTECH";"ram";"ram_Usada";"GB";"2022-11-08 13:52:40";6.73
"Servidor-SPTECH";"ram";"ram_Usada";"GB";"2022-11-08 13:52:38";6.73
"Servidor-SPTECH";"ram";"ram_Usada";"GB";"2022-11-08 13:52:37";6.7
"Servidor-SPTECH";"ram";"ram_Usada";"GB";"2022-11-08 13:52:35";6.72
"Servidor-SPTECH";"ram";"ram_Usada";"GB";"2022-11-08 13:52:33";6.73
"Servidor-SPTECH";"ram";"ram_Usada";"GB";"2022-11-08 13:52:32";6.82
"Servidor-SPTECH";"ram";"ram_Usada";"GB";"2022-11-08 13:52:30";6.82
"Servidor-SPTECH";"ram";"ram_Usada";"GB";"2022-11-08 13:52:28";6.83
"Servidor-SPTECH";"ram";"ram_Usada";"GB";"2022-11-08 13:52:27";6.82
"Servidor-SPTECH";"ram";"ram_Usada";"GB";"2022-11-08 13:52:25";6.82
"Servidor-SPTECH";"ram";"ram_Usada";"GB";"2022-11-08 13:52:24";6.82
"Servidor-SPTECH";"ram";"ram_Usada";"GB";"2022-11-08 13:52:22";6.81
"Servidor-SPTECH";"ram";"ram_Usada";"GB";"2022-11-08 13:52:20";6.82
"Servidor-SPTECH";"ram";"ram_Usada";"GB";"2022-11-08 13:52:19";6.78
"Servidor-SPTECH";"ram";"ram_Usada";"GB";"2022-11-08 13:52:17";6.81
"Servidor-SPTECH";"ram";"ram_Usada";"GB";"2022-11-08 13:52:16";6.8
"Servidor-SPTECH";"ram";"ram_Usada";"GB";"2022-11-08 13:52:14";6.81
"Servidor-SPTECH";"ram";"ram_Usada";"GB";"2022-11-08 13:52:12";6.8
"Servidor-SPTECH";"ram";"ram_Usada";"GB";"2022-11-08 13:52:11";6.8
"Servidor-SPTECH";"ram";"ram_Usada";"GB";"2022-11-08 13:52:09";6.81
"Servidor-SPTECH";"ram";"ram_Usada";"GB";"2022-11-08 13:52:07";6.81
"Servidor-SPTECH";"ram";"ram_Usada";"GB";"2022-11-08 13:52:06";6.81
"Servidor-SPTECH";"ram";"ram_Usada";"GB";"2022-11-08 13:52:04";6.81
"Servidor-SPTECH";"ram";"ram_Usada";"GB";"2022-11-08 13:52:03";6.82
"Servidor-SPTECH";"ram";"ram_Usada";"GB";"2022-11-08 13:52:01";6.79
"Servidor-SPTECH";"ram";"ram_Usada";"GB";"2022-11-08 13:51:59";6.83
"Servidor-SPTECH";"ram";"ram_Usada";"GB";"2022-11-08 13:51:58";6.83
"Servidor-SPTECH";"ram";"ram_Usada";"GB";"2022-11-08 13:51:56";6.82
"Servidor-SPTECH";"ram";"ram_Usada";"GB";"2022-11-08 13:51:54";6.82
"Servidor-SPTECH";"ram";"ram_Usada";"GB";"2022-11-08 13:51:53";6.83
"Servidor-SPTECH";"ram";"ram_Usada";"GB";"2022-11-08 13:51:51";6.81
"Servidor-SPTECH";"ram";"ram_Usada";"GB";"2022-11-08 13:51:49";6.82
"Servidor-SPTECH";"ram";"ram_Usada";"GB";"2022-11-08 13:51:48";6.85
"Servidor-SPTECH";"ram";"ram_Usada";"GB";"2022-11-08 13:51:46";6.87
"Servidor-SPTECH";"ram";"ram_Usada";"GB";"2022-11-08 13:51:45";6.86
"Servidor-SPTECH";"ram";"ram_Usada";"GB";"2022-11-08 13:51:43";6.85
"Servidor-SPTECH";"ram";"ram_Usada";"GB";"2022-11-08 13:51:41";6.89
"Servidor-SPTECH";"ram";"ram_Usada";"GB";"2022-11-08 13:51:40";6.88
"Servidor-SPTECH";"ram";"ram_Usada";"GB";"2022-11-08 13:51:38";6.89
"Servidor-SPTECH";"ram";"ram_Usada";"GB";"2022-11-08 13:51:36";6.85
"Servidor-SPTECH";"ram";"ram_Usada";"GB";"2022-11-08 13:51:35";6.86
"Servidor-SPTECH";"ram";"ram_Usada";"GB";"2022-11-08 13:51:33";6.86
"Servidor-SPTECH";"ram";"ram_Usada";"GB";"2022-11-08 13:51:31";6.84
"Servidor-SPTECH";"ram";"ram_Usada";"GB";"2022-11-08 13:51:30";6.83
"Servidor-SPTECH";"ram";"ram_Usada";"GB";"2022-11-08 13:51:28";6.83
"Servidor-SPTECH";"ram";"ram_Usada";"GB";"2022-11-08 13:51:27";6.83
"Servidor-SPTECH";"ram";"ram_Usada";"GB";"2022-11-08 13:51:25";6.83
"Servidor-SPTECH";"ram";"ram_Usada";"GB";"2022-11-08 13:51:23";6.83
"Servidor-SPTECH";"ram";"ram_Usada";"GB";"2022-11-08 13:51:22";6.83
"Servidor-SPTECH";"ram";"ram_Usada";"GB";"2022-11-08 13:51:20";6.82
"Servidor-SPTECH";"ram";"ram_Usada";"GB";"2022-11-08 13:51:19";6.8
"Servidor-SPTECH";"ram";"ram_Usada";"GB";"2022-11-08 13:51:17";6.81
"Servidor-SPTECH";"ram";"ram_Usada";"GB";"2022-11-08 13:51:15";6.82
"Servidor-SPTECH";"ram";"ram_Usada";"GB";"2022-11-08 13:51:14";6.81
"Servidor-SPTECH";"ram";"ram_Usada";"GB";"2022-11-08 13:51:12";6.81
"Servidor-SPTECH";"ram";"ram_Usada";"GB";"2022-11-08 13:51:10";6.81
"Servidor-SPTECH";"ram";"ram_Usada";"GB";"2022-11-08 13:51:09";6.81
"Servidor-SPTECH";"ram";"ram_Usada";"GB";"2022-11-08 13:51:07";6.83
"Servidor-SPTECH";"ram";"ram_Usada";"GB";"2022-11-08 13:51:06";6.83
"Servidor-SPTECH";"ram";"ram_Usada";"GB";"2022-11-08 13:51:04";6.82
"Servidor-SPTECH";"ram";"ram_Usada";"GB";"2022-11-08 13:51:03";6.83
"Servidor-SPTECH";"ram";"ram_Usada";"GB";"2022-11-08 13:51:01";6.8
"Servidor-SPTECH";"ram";"ram_Usada";"GB";"2022-11-08 13:50:59";6.81
"Servidor-SPTECH";"ram";"ram_Usada";"GB";"2022-11-08 13:50:57";6.8
"Servidor-SPTECH";"ram";"ram_Usada";"GB";"2022-11-08 13:50:56";6.78
"Servidor-SPTECH";"ram";"ram_Usada";"GB";"2022-11-08 13:50:54";6.77
"Servidor-SPTECH";"ram";"ram_Usada";"GB";"2022-11-08 13:50:53";6.79
"Servidor-SPTECH";"ram";"ram_Usada";"GB";"2022-11-08 13:50:51";6.79
"Servidor-SPTECH";"ram";"ram_Usada";"GB";"2022-11-08 13:50:49";6.8
"Servidor-SPTECH";"ram";"ram_Usada";"GB";"2022-11-08 13:50:48";6.81
"Servidor-SPTECH";"ram";"ram_Usada";"GB";"2022-11-08 13:50:46";6.81
"Servidor-SPTECH";"ram";"ram_Usada";"GB";"2022-11-08 13:50:45";6.81
"Servidor-SPTECH";"ram";"ram_Usada";"GB";"2022-11-08 13:50:43";6.81
"Servidor-SPTECH";"ram";"ram_Usada";"GB";"2022-11-08 13:50:41";6.83
"Servidor-SPTECH";"ram";"ram_Usada";"GB";"2022-11-08 13:50:40";6.83
"Servidor-SPTECH";"ram";"ram_Usada";"GB";"2022-11-08 13:50:38";6.83
"Servidor-SPTECH";"ram";"ram_Usada";"GB";"2022-11-08 13:50:37";6.79
"Servidor-SPTECH";"ram";"ram_Usada";"GB";"2022-11-08 13:50:35";6.84
"Servidor-SPTECH";"ram";"ram_Usada";"GB";"2022-11-08 13:50:34";6.84
"Servidor-SPTECH";"ram";"ram_Usada";"GB";"2022-11-08 13:50:32";6.85
"Servidor-SPTECH";"ram";"ram_Usada";"GB";"2022-11-08 13:50:30";6.81
"Servidor-SPTECH";"ram";"ram_Usada";"GB";"2022-11-08 13:50:29";6.86
"Servidor-SPTECH";"ram";"ram_Usada";"GB";"2022-11-08 13:50:27";6.87
"Servidor-SPTECH";"ram";"ram_Usada";"GB";"2022-11-08 13:50:25";6.85
"Servidor-SPTECH";"ram";"ram_Usada";"GB";"2022-11-08 13:50:24";6.82
"Servidor-SPTECH";"ram";"ram_Usada";"GB";"2022-11-08 13:50:22";6.82
"Servidor-SPTECH";"ram";"ram_Usada";"GB";"2022-11-08 13:50:20";6.82
"Servidor-SPTECH";"ram";"ram_Usada";"GB";"2022-11-08 13:50:19";6.82
"Servidor-SPTECH";"ram";"ram_Usada";"GB";"2022-11-08 13:50:17";6.77
"Servidor-SPTECH";"ram";"ram_Usada";"GB";"2022-11-08 13:50:16";6.76
"Servidor-SPTECH";"ram";"ram_Usada";"GB";"2022-11-08 13:50:14";6.78
"Servidor-SPTECH";"ram";"ram_Usada";"GB";"2022-11-08 13:50:12";6.75
"Servidor-SPTECH";"ram";"ram_Usada";"GB";"2022-11-08 13:50:11";6.77
"Servidor-SPTECH";"ram";"ram_Usada";"GB";"2022-11-08 13:50:09";6.77
"Servidor-SPTECH";"ram";"ram_Usada";"GB";"2022-11-08 13:50:08";6.77
"Servidor-SPTECH";"ram";"ram_Usada";"GB";"2022-11-08 13:50:06";6.77
"Servidor-SPTECH";"ram";"ram_Usada";"GB";"2022-11-08 13:50:04";6.77
"Servidor-SPTECH";"ram";"ram_Usada";"GB";"2022-11-08 13:50:03";6.77
"Servidor-SPTECH";"ram";"ram_Usada";"GB";"2022-11-08 13:50:01";6.77
"Servidor-SPTECH";"ram";"ram_Usada";"GB";"2022-11-08 13:49:59";6.76
"Servidor-SPTECH";"ram";"ram_Usada";"GB";"2022-11-08 13:49:58";6.81
"Servidor-SPTECH";"ram";"ram_Usada";"GB";"2022-11-08 13:49:56";6.81
"Servidor-SPTECH";"ram";"ram_Usada";"GB";"2022-11-08 13:49:54";6.79
"Servidor-SPTECH";"ram";"ram_Usada";"GB";"2022-11-08 13:49:53";6.84
"Servidor-SPTECH";"ram";"ram_Usada";"GB";"2022-11-08 13:49:51";6.82
"Servidor-SPTECH";"ram";"ram_Usada";"GB";"2022-11-08 13:49:50";6.81
"Servidor-SPTECH";"ram";"ram_Usada";"GB";"2022-11-08 13:49:48";6.81
"Servidor-SPTECH";"ram";"ram_Usada";"GB";"2022-11-08 13:49:46";6.83
"Servidor-SPTECH";"ram";"ram_Usada";"GB";"2022-11-08 13:49:45";6.84
"Servidor-SPTECH";"ram";"ram_Usada";"GB";"2022-11-08 13:49:43";6.87
"Servidor-SPTECH";"ram";"ram_Usada";"GB";"2022-11-08 13:49:41";7.01
"Servidor-SPTECH";"ram";"ram_Usada";"GB";"2022-11-08 13:49:40";7.06
"Servidor-SPTECH";"ram";"ram_Usada";"GB";"2022-11-08 13:49:38";7.08
"Servidor-SPTECH";"ram";"ram_Usada";"GB";"2022-11-08 13:49:36";7.05
"Servidor-SPTECH";"ram";"ram_Usada";"GB";"2022-11-08 13:49:35";7.06
"Servidor-SPTECH";"ram";"ram_Usada";"GB";"2022-11-08 13:49:33";7.07
"Servidor-SPTECH";"ram";"ram_Usada";"GB";"2022-11-08 13:49:31";7.04
"Servidor-SPTECH";"ram";"ram_Usada";"GB";"2022-11-08 13:49:30";7.06
"Servidor-SPTECH";"ram";"ram_Usada";"GB";"2022-11-08 13:49:28";7.11
"Servidor-SPTECH";"ram";"ram_Usada";"GB";"2022-11-08 13:49:26";7.13
"Servidor-SPTECH";"ram";"ram_Usada";"GB";"2022-11-08 13:49:25";7.14
"Servidor-SPTECH";"ram";"ram_Usada";"GB";"2022-11-08 13:49:23";7.14
"Servidor-SPTECH";"ram";"ram_Usada";"GB";"2022-11-08 13:49:21";7.14
"Servidor-SPTECH";"ram";"ram_Usada";"GB";"2022-11-08 13:49:19";7.1
"Servidor-SPTECH";"ram";"ram_Usada";"GB";"2022-11-08 13:49:18";7.08
"Servidor-SPTECH";"ram";"ram_Usada";"GB";"2022-11-08 13:49:16";7.11
"Servidor-SPTECH";"ram";"ram_Usada";"GB";"2022-11-08 13:49:15";7.12
"Servidor-SPTECH";"ram";"ram_Usada";"GB";"2022-11-08 13:49:13";7.12
"Servidor-SPTECH";"ram";"ram_Usada";"GB";"2022-11-08 13:49:12";7.12
"Servidor-SPTECH";"ram";"ram_Usada";"GB";"2022-11-08 13:49:10";7.1
"Servidor-SPTECH";"ram";"ram_Usada";"GB";"2022-11-08 13:49:08";7.11
"Servidor-SPTECH";"ram";"ram_Usada";"GB";"2022-11-08 13:49:06";7.03
"Servidor-SPTECH";"ram";"ram_Usada";"GB";"2022-11-08 13:49:05";7.02
"Servidor-SPTECH";"ram";"ram_Usada";"GB";"2022-11-08 13:49:03";7.01
"Servidor-SPTECH";"ram";"ram_Usada";"GB";"2022-11-08 13:49:01";6.98
"Servidor-SPTECH";"ram";"ram_Usada";"GB";"2022-11-08 13:49:00";6.99
"Servidor-SPTECH";"ram";"ram_Usada";"GB";"2022-11-08 13:48:58";6.97
"Servidor-SPTECH";"ram";"ram_Usada";"GB";"2022-11-08 13:48:56";6.97
"Servidor-SPTECH";"ram";"ram_Usada";"GB";"2022-11-08 13:48:55";7.0
"Servidor-SPTECH";"ram";"ram_Usada";"GB";"2022-11-08 13:48:53";7.0
"Servidor-SPTECH";"ram";"ram_Usada";"GB";"2022-11-08 13:48:52";7.0
"Servidor-SPTECH";"ram";"ram_Usada";"GB";"2022-11-08 13:48:50";7.02
"Servidor-SPTECH";"ram";"ram_Usada";"GB";"2022-11-08 13:48:48";6.93
"Servidor-SPTECH";"ram";"ram_Usada";"GB";"2022-11-08 13:48:47";6.96
"Servidor-SPTECH";"ram";"ram_Usada";"GB";"2022-11-08 13:48:45";6.98
"Servidor-SPTECH";"ram";"ram_Usada";"GB";"2022-11-08 13:48:44";6.96
"Servidor-SPTECH";"ram";"ram_Usada";"GB";"2022-11-08 13:48:42";7.0
"Servidor-SPTECH";"ram";"ram_Usada";"GB";"2022-11-08 13:48:40";6.98
"Servidor-SPTECH";"ram";"ram_Usada";"GB";"2022-11-08 13:48:38";6.99
"Servidor-SPTECH";"ram";"ram_Usada";"GB";"2022-11-08 13:48:36";6.86
"Servidor-SPTECH";"ram";"ram_Usada";"GB";"2022-11-08 13:48:35";6.87
"Servidor-SPTECH";"ram";"ram_Usada";"GB";"2022-11-08 13:48:33";6.87
"Servidor-SPTECH";"ram";"ram_Usada";"GB";"2022-11-08 13:48:31";6.87
"Servidor-SPTECH";"ram";"ram_Usada";"GB";"2022-11-08 13:48:30";6.83
"Servidor-SPTECH";"ram";"ram_Usada";"GB";"2022-11-08 13:48:28";6.88
"Servidor-SPTECH";"ram";"ram_Usada";"GB";"2022-11-08 13:48:26";6.88
"Servidor-SPTECH";"ram";"ram_Usada";"GB";"2022-11-08 13:48:25";6.9
"Servidor-SPTECH";"ram";"ram_Usada";"GB";"2022-11-08 13:48:23";6.9
"Servidor-SPTECH";"ram";"ram_Usada";"GB";"2022-11-08 13:48:21";6.89
"Servidor-SPTECH";"ram";"ram_Usada";"GB";"2022-11-08 13:48:20";6.89
"Servidor-SPTECH";"ram";"ram_Usada";"GB";"2022-11-08 13:48:18";6.87
"Servidor-SPTECH";"ram";"ram_Usada";"GB";"2022-11-08 13:48:17";6.9
"Servidor-SPTECH";"ram";"ram_Usada";"GB";"2022-11-08 13:48:15";6.88
"Servidor-SPTECH";"ram";"ram_Usada";"GB";"2022-11-08 13:48:13";6.87
"Servidor-SPTECH";"ram";"ram_Usada";"GB";"2022-11-08 13:48:12";6.84
"Servidor-SPTECH";"ram";"ram_Usada";"GB";"2022-11-08 13:48:10";6.87
"Servidor-SPTECH";"ram";"ram_Usada";"GB";"2022-11-08 13:48:08";6.89
"Servidor-SPTECH";"ram";"ram_Usada";"GB";"2022-11-08 13:48:07";6.92
"Servidor-SPTECH";"ram";"ram_Usada";"GB";"2022-11-08 13:48:05";6.92
"Servidor-SPTECH";"ram";"ram_Usada";"GB";"2022-11-08 13:48:03";6.92
"Servidor-SPTECH";"ram";"ram_Usada";"GB";"2022-11-08 13:48:02";6.92
"Servidor-SPTECH";"ram";"ram_Usada";"GB";"2022-11-08 13:48:00";6.89
"Servidor-SPTECH";"ram";"ram_Usada";"GB";"2022-11-08 13:47:58";6.94
"Servidor-SPTECH";"ram";"ram_Usada";"GB";"2022-11-08 13:47:57";6.9
"Servidor-SPTECH";"ram";"ram_Usada";"GB";"2022-11-08 13:47:55";6.86
"Servidor-SPTECH";"ram";"ram_Usada";"GB";"2022-11-08 13:47:53";6.86
"Servidor-SPTECH";"ram";"ram_Usada";"GB";"2022-11-08 13:47:51";6.87
"Servidor-SPTECH";"ram";"ram_Usada";"GB";"2022-11-08 13:47:50";6.87
"Servidor-SPTECH";"ram";"ram_Usada";"GB";"2022-11-08 13:47:48";6.86
"Servidor-SPTECH";"ram";"ram_Usada";"GB";"2022-11-08 13:47:47";6.89
"Servidor-SPTECH";"ram";"ram_Usada";"GB";"2022-11-08 13:47:45";6.89
"Servidor-SPTECH";"ram";"ram_Usada";"GB";"2022-11-08 13:47:43";6.89
"Servidor-SPTECH";"ram";"ram_Usada";"GB";"2022-11-08 13:47:42";6.89
"Servidor-SPTECH";"ram";"ram_Usada";"GB";"2022-11-08 13:47:40";6.92
"Servidor-SPTECH";"ram";"ram_Usada";"GB";"2022-11-08 13:47:38";6.93
"Servidor-SPTECH";"ram";"ram_Usada";"GB";"2022-11-08 13:47:37";6.94
"Servidor-SPTECH";"ram";"ram_Usada";"GB";"2022-11-08 13:47:35";6.94
"Servidor-SPTECH";"ram";"ram_Usada";"GB";"2022-11-08 13:47:33";6.93
"Servidor-SPTECH";"ram";"ram_Usada";"GB";"2022-11-08 13:47:31";6.89
"Servidor-SPTECH";"ram";"ram_Usada";"GB";"2022-11-08 13:47:30";6.82
"Servidor-SPTECH";"ram";"ram_Usada";"GB";"2022-11-08 13:47:28";6.88
"Servidor-SPTECH";"ram";"ram_Usada";"GB";"2022-11-08 13:47:26";6.87
"Servidor-SPTECH";"ram";"ram_Usada";"GB";"2022-11-08 13:47:25";6.86
"Servidor-SPTECH";"ram";"ram_Usada";"GB";"2022-11-08 13:47:23";6.86
"Servidor-SPTECH";"ram";"ram_Usada";"GB";"2022-11-08 13:47:21";6.82
"Servidor-SPTECH";"ram";"ram_Usada";"GB";"2022-11-08 13:47:20";6.82
"Servidor-SPTECH";"ram";"ram_Usada";"GB";"2022-11-08 13:47:18";6.82
"Servidor-SPTECH";"ram";"ram_Usada";"GB";"2022-11-08 13:47:16";6.87
"Servidor-SPTECH";"ram";"ram_Usada";"GB";"2022-11-08 13:47:15";6.86
"Servidor-SPTECH";"ram";"ram_Usada";"GB";"2022-11-08 13:47:13";6.86
"Servidor-SPTECH";"ram";"ram_Usada";"GB";"2022-11-08 13:47:11";6.83
"Servidor-SPTECH";"ram";"ram_Usada";"GB";"2022-11-08 13:47:10";6.83
"Servidor-SPTECH";"ram";"ram_Usada";"GB";"2022-11-08 13:47:08";6.82
"Servidor-SPTECH";"ram";"ram_Usada";"GB";"2022-11-08 13:47:07";6.83
"Servidor-SPTECH";"ram";"ram_Usada";"GB";"2022-11-08 13:47:05";6.82
"Servidor-SPTECH";"ram";"ram_Usada";"GB";"2022-11-08 13:47:03";6.83
"Servidor-SPTECH";"ram";"ram_Usada";"GB";"2022-11-08 13:47:02";6.82
"Servidor-SPTECH";"ram";"ram_Usada";"GB";"2022-11-08 13:47:00";6.79
"Servidor-SPTECH";"ram";"ram_Usada";"GB";"2022-11-08 13:46:58";6.86
"Servidor-SPTECH";"ram";"ram_Usada";"GB";"2022-11-08 13:46:56";6.88
"Servidor-SPTECH";"ram";"ram_Usada";"GB";"2022-11-08 13:46:55";6.89
"Servidor-SPTECH";"ram";"ram_Usada";"GB";"2022-11-08 13:46:53";6.89
"Servidor-SPTECH";"ram";"ram_Usada";"GB";"2022-11-08 13:46:51";6.89
"Servidor-SPTECH";"ram";"ram_Usada";"GB";"2022-11-08 13:46:50";6.88
"Servidor-SPTECH";"ram";"ram_Usada";"GB";"2022-11-08 13:46:48";6.87
"Servidor-SPTECH";"ram";"ram_Usada";"GB";"2022-11-08 13:46:46";6.83
"Servidor-SPTECH";"ram";"ram_Usada";"GB";"2022-11-08 13:46:45";6.83
"Servidor-SPTECH";"ram";"ram_Usada";"GB";"2022-11-08 13:46:43";6.85
"Servidor-SPTECH";"ram";"ram_Usada";"GB";"2022-11-08 13:46:41";6.85
"Servidor-SPTECH";"ram";"ram_Usada";"GB";"2022-11-08 13:46:39";6.86
"Servidor-SPTECH";"ram";"ram_Usada";"GB";"2022-11-08 13:46:38";6.92
"Servidor-SPTECH";"ram";"ram_Usada";"GB";"2022-11-08 13:46:36";6.93
"Servidor-SPTECH";"ram";"ram_Usada";"GB";"2022-11-08 13:46:34";6.95
"Servidor-SPTECH";"ram";"ram_Usada";"GB";"2022-11-08 13:46:32";6.94
"Servidor-SPTECH";"ram";"ram_Usada";"GB";"2022-11-08 13:46:31";6.89
"Servidor-SPTECH";"ram";"ram_Usada";"GB";"2022-11-08 13:46:29";6.8
"Servidor-SPTECH";"ram";"ram_Usada";"GB";"2022-11-08 13:46:27";6.79
"Servidor-SPTECH";"ram";"ram_Usada";"GB";"2022-11-08 13:46:26";6.79
"Servidor-SPTECH";"ram";"ram_Usada";"GB";"2022-11-08 13:46:24";6.74
"Servidor-SPTECH";"ram";"ram_Usada";"GB";"2022-11-08 13:46:22";6.73
"Servidor-SPTECH";"ram";"ram_Usada";"GB";"2022-11-08 13:46:21";6.71
"Servidor-SPTECH";"ram";"ram_Usada";"GB";"2022-11-08 13:46:19";6.71
"Servidor-SPTECH";"ram";"ram_Usada";"GB";"2022-11-08 13:46:18";6.68
"Servidor-SPTECH";"ram";"ram_Usada";"GB";"2022-11-08 13:46:16";6.7
"Servidor-SPTECH";"ram";"ram_Usada";"GB";"2022-11-08 13:46:14";6.7
"Servidor-SPTECH";"ram";"ram_Usada";"GB";"2022-11-08 13:46:13";6.68
"Servidor-SPTECH";"ram";"ram_Usada";"GB";"2022-11-08 13:46:11";6.68
"Servidor-SPTECH";"ram";"ram_Usada";"GB";"2022-11-08 13:46:09";6.68
"Servidor-SPTECH";"ram";"ram_Usada";"GB";"2022-11-08 13:46:08";6.68
"Servidor-SPTECH";"ram";"ram_Usada";"GB";"2022-11-08 13:46:06";6.68
"Servidor-SPTECH";"ram";"ram_Usada";"GB";"2022-11-08 13:46:04";6.7
"Servidor-SPTECH";"ram";"ram_Usada";"GB";"2022-11-08 13:46:03";6.7
"Servidor-SPTECH";"ram";"ram_Usada";"GB";"2022-11-08 13:46:01";6.7
"Servidor-SPTECH";"ram";"ram_Usada";"GB";"2022-11-08 13:45:59";6.67
"Servidor-SPTECH";"ram";"ram_Usada";"GB";"2022-11-08 13:45:58";6.7
"Servidor-SPTECH";"ram";"ram_Usada";"GB";"2022-11-08 13:45:56";6.71
"Servidor-SPTECH";"ram";"ram_Usada";"GB";"2022-11-08 13:45:54";6.7
"Servidor-SPTECH";"ram";"ram_Usada";"GB";"2022-11-08 13:45:53";6.69
"Servidor-SPTECH";"ram";"ram_Usada";"GB";"2022-11-08 13:45:51";6.69
"Servidor-SPTECH";"ram";"ram_Usada";"GB";"2022-11-08 13:45:50";6.7
"Servidor-SPTECH";"ram";"ram_Usada";"GB";"2022-11-08 13:45:48";6.66
"Servidor-SPTECH";"ram";"ram_Usada";"GB";"2022-11-08 13:45:46";6.7
"Servidor-SPTECH";"ram";"ram_Usada";"GB";"2022-11-08 13:45:45";6.7
"Servidor-SPTECH";"ram";"ram_Usada";"GB";"2022-11-08 13:45:43";6.69
"Servidor-SPTECH";"ram";"ram_Usada";"GB";"2022-11-08 13:45:41";6.69
"Servidor-SPTECH";"ram";"ram_Usada";"GB";"2022-11-08 13:45:40";6.72
"Servidor-SPTECH";"ram";"ram_Usada";"GB";"2022-11-08 13:45:38";6.73
"Servidor-SPTECH";"ram";"ram_Usada";"GB";"2022-11-08 13:45:37";6.73
"Servidor-SPTECH";"ram";"ram_Usada";"GB";"2022-11-08 13:45:35";6.72
"Servidor-SPTECH";"ram";"ram_Usada";"GB";"2022-11-08 13:45:33";6.71
"Servidor-SPTECH";"ram";"ram_Usada";"GB";"2022-11-08 13:45:32";6.72
"Servidor-SPTECH";"ram";"ram_Usada";"GB";"2022-11-08 13:45:30";6.69
"Servidor-SPTECH";"ram";"ram_Usada";"GB";"2022-11-08 13:45:28";6.71
"Servidor-SPTECH";"ram";"ram_Usada";"GB";"2022-11-08 13:45:26";6.7
"Servidor-SPTECH";"ram";"ram_Usada";"GB";"2022-11-08 13:45:25";6.71
"Servidor-SPTECH";"ram";"ram_Usada";"GB";"2022-11-08 13:45:23";6.68
"Servidor-SPTECH";"ram";"ram_Usada";"GB";"2022-11-08 13:45:22";6.71
"Servidor-SPTECH";"ram";"ram_Usada";"GB";"2022-11-08 13:45:20";6.71
"Servidor-SPTECH";"ram";"ram_Usada";"GB";"2022-11-08 13:45:18";6.72
"Servidor-SPTECH";"ram";"ram_Usada";"GB";"2022-11-08 13:45:17";6.72
"Servidor-SPTECH";"ram";"ram_Usada";"GB";"2022-11-08 13:45:15";6.71
"Servidor-SPTECH";"ram";"ram_Usada";"GB";"2022-11-08 13:45:13";6.72
"Servidor-SPTECH";"ram";"ram_Usada";"GB";"2022-11-08 13:45:12";6.68
"Servidor-SPTECH";"ram";"ram_Usada";"GB";"2022-11-08 13:45:10";6.7
"Servidor-SPTECH";"ram";"ram_Usada";"GB";"2022-11-08 13:45:08";6.7
"Servidor-SPTECH";"ram";"ram_Usada";"GB";"2022-11-08 13:45:07";6.71
"Servidor-SPTECH";"ram";"ram_Usada";"GB";"2022-11-08 13:45:05";6.7
"Servidor-SPTECH";"ram";"ram_Usada";"GB";"2022-11-08 13:45:03";6.7
"Servidor-SPTECH";"ram";"ram_Usada";"GB";"2022-11-08 13:45:02";6.69
"Servidor-SPTECH";"ram";"ram_Usada";"GB";"2022-11-08 13:45:00";6.68
"Servidor-SPTECH";"ram";"ram_Usada";"GB";"2022-11-08 13:44:58";6.68
"Servidor-SPTECH";"ram";"ram_Usada";"GB";"2022-11-08 13:44:57";6.67
"Servidor-SPTECH";"ram";"ram_Usada";"GB";"2022-11-08 13:44:55";6.67
"Servidor-SPTECH";"ram";"ram_Usada";"GB";"2022-11-08 13:44:53";6.68
"Servidor-SPTECH";"ram";"ram_Usada";"GB";"2022-11-08 13:44:52";6.68
"Servidor-SPTECH";"ram";"ram_Usada";"GB";"2022-11-08 13:44:50";6.68
"Servidor-SPTECH";"ram";"ram_Usada";"GB";"2022-11-08 13:44:48";6.69
"Servidor-SPTECH";"ram";"ram_Usada";"GB";"2022-11-08 13:44:47";6.68
"Servidor-SPTECH";"ram";"ram_Usada";"GB";"2022-11-08 13:44:45";6.66
"Servidor-SPTECH";"ram";"ram_Usada";"GB";"2022-11-08 13:44:44";6.66
"Servidor-SPTECH";"ram";"ram_Usada";"GB";"2022-11-08 13:44:42";6.67
"Servidor-SPTECH";"ram";"ram_Usada";"GB";"2022-11-08 13:44:40";6.67
"Servidor-SPTECH";"ram";"ram_Usada";"GB";"2022-11-08 13:44:39";6.67
"Servidor-SPTECH";"ram";"ram_Usada";"GB";"2022-11-08 13:44:37";6.66
"Servidor-SPTECH";"ram";"ram_Usada";"GB";"2022-11-08 13:44:36";6.68
"Servidor-SPTECH";"ram";"ram_Usada";"GB";"2022-11-08 13:44:34";6.66
"Servidor-SPTECH";"ram";"ram_Usada";"GB";"2022-11-08 13:44:32";6.66
"Servidor-SPTECH";"ram";"ram_Usada";"GB";"2022-11-08 13:44:30";6.65
"Servidor-SPTECH";"ram";"ram_Usada";"GB";"2022-11-08 13:44:29";6.67
"Servidor-SPTECH";"ram";"ram_Usada";"GB";"2022-11-08 13:44:27";6.69
"Servidor-SPTECH";"ram";"ram_Usada";"GB";"2022-11-08 13:44:25";6.66
"Servidor-SPTECH";"ram";"ram_Usada";"GB";"2022-11-08 13:44:24";6.66
"Servidor-SPTECH";"ram";"ram_Usada";"GB";"2022-11-08 13:44:22";6.67
"Servidor-SPTECH";"ram";"ram_Usada";"GB";"2022-11-08 13:44:20";6.67
"Servidor-SPTECH";"ram";"ram_Usada";"GB";"2022-11-08 13:44:19";6.66
"Servidor-SPTECH";"ram";"ram_Usada";"GB";"2022-11-08 13:44:17";6.66
"Servidor-SPTECH";"ram";"ram_Usada";"GB";"2022-11-08 13:44:15";6.66
"Servidor-SPTECH";"ram";"ram_Usada";"GB";"2022-11-08 13:44:14";6.65
"Servidor-SPTECH";"ram";"ram_Usada";"GB";"2022-11-08 13:44:12";6.65
"Servidor-SPTECH";"ram";"ram_Usada";"GB";"2022-11-08 13:44:10";6.66
"Servidor-SPTECH";"ram";"ram_Usada";"GB";"2022-11-08 13:44:09";6.65
"Servidor-SPTECH";"ram";"ram_Usada";"GB";"2022-11-08 13:44:07";6.65
"Servidor-SPTECH";"ram";"ram_Usada";"GB";"2022-11-08 13:44:06";6.65
"Servidor-SPTECH";"ram";"ram_Usada";"GB";"2022-11-08 13:44:04";6.63
"Servidor-SPTECH";"ram";"ram_Usada";"GB";"2022-11-08 13:44:02";6.63
"Servidor-SPTECH";"ram";"ram_Usada";"GB";"2022-11-08 13:44:01";6.64
"Servidor-SPTECH";"ram";"ram_Usada";"GB";"2022-11-08 13:43:59";6.65
"Servidor-SPTECH";"ram";"ram_Usada";"GB";"2022-11-08 13:43:57";6.65
"Servidor-SPTECH";"ram";"ram_Usada";"GB";"2022-11-08 13:43:56";6.65
"Servidor-SPTECH";"ram";"ram_Usada";"GB";"2022-11-08 13:43:54";6.66
"Servidor-SPTECH";"ram";"ram_Usada";"GB";"2022-11-08 13:43:52";6.67
"Servidor-SPTECH";"ram";"ram_Usada";"GB";"2022-11-08 13:43:50";6.62
"Servidor-SPTECH";"ram";"ram_Usada";"GB";"2022-11-08 13:43:49";6.61
"Servidor-SPTECH";"ram";"ram_Usada";"GB";"2022-11-08 13:43:47";6.62
"Servidor-SPTECH";"ram";"ram_Usada";"GB";"2022-11-08 13:43:46";6.62
"Servidor-SPTECH";"ram";"ram_Usada";"GB";"2022-11-08 13:43:44";6.61
"Servidor-SPTECH";"ram";"ram_Usada";"GB";"2022-11-08 13:43:42";6.64
"Servidor-SPTECH";"ram";"ram_Usada";"GB";"2022-11-08 13:43:41";6.63
"Servidor-SPTECH";"ram";"ram_Usada";"GB";"2022-11-08 13:43:39";6.65
"Servidor-SPTECH";"ram";"ram_Usada";"GB";"2022-11-08 13:43:37";6.64
"Servidor-SPTECH";"ram";"ram_Usada";"GB";"2022-11-08 13:43:36";6.66
"Servidor-SPTECH";"ram";"ram_Usada";"GB";"2022-11-08 13:43:34";6.65
"Servidor-SPTECH";"ram";"ram_Usada";"GB";"2022-11-08 13:43:33";6.64
"Servidor-SPTECH";"ram";"ram_Usada";"GB";"2022-11-08 13:43:31";6.67
"Servidor-SPTECH";"ram";"ram_Usada";"GB";"2022-11-08 13:43:29";6.67
"Servidor-SPTECH";"ram";"ram_Usada";"GB";"2022-11-08 13:43:28";6.66
"Servidor-SPTECH";"ram";"ram_Usada";"GB";"2022-11-08 13:43:26";6.67
"Servidor-SPTECH";"ram";"ram_Usada";"GB";"2022-11-08 13:43:24";6.68
"Servidor-SPTECH";"ram";"ram_Usada";"GB";"2022-11-08 13:43:23";6.7
"Servidor-SPTECH";"ram";"ram_Usada";"GB";"2022-11-08 13:43:21";6.7
"Servidor-SPTECH";"ram";"ram_Usada";"GB";"2022-11-08 13:43:20";6.71
"Servidor-SPTECH";"ram";"ram_Usada";"GB";"2022-11-08 13:43:18";6.7
"Servidor-SPTECH";"ram";"ram_Usada";"GB";"2022-11-08 13:43:16";6.7
"Servidor-SPTECH";"ram";"ram_Usada";"GB";"2022-11-08 13:43:14";6.71
"Servidor-SPTECH";"ram";"ram_Usada";"GB";"2022-11-08 13:43:13";6.73
"Servidor-SPTECH";"ram";"ram_Usada";"GB";"2022-11-08 13:43:11";6.74
"Servidor-SPTECH";"ram";"ram_Usada";"GB";"2022-11-08 13:43:10";6.74
"Servidor-SPTECH";"ram";"ram_Usada";"GB";"2022-11-08 13:43:08";6.72
"Servidor-SPTECH";"ram";"ram_Usada";"GB";"2022-11-08 13:43:06";6.67
"Servidor-SPTECH";"ram";"ram_Usada";"GB";"2022-11-08 13:43:04";6.67
"Servidor-SPTECH";"ram";"ram_Usada";"GB";"2022-11-08 13:43:03";6.68
"Servidor-SPTECH";"ram";"ram_Usada";"GB";"2022-11-08 13:43:01";6.66
"Servidor-SPTECH";"ram";"ram_Usada";"GB";"2022-11-08 13:43:00";6.71
"Servidor-SPTECH";"ram";"ram_Usada";"GB";"2022-11-08 13:42:58";6.71
"Servidor-SPTECH";"ram";"ram_Usada";"GB";"2022-11-08 13:42:56";6.7
"Servidor-SPTECH";"ram";"ram_Usada";"GB";"2022-11-08 13:42:55";6.71
"Servidor-SPTECH";"ram";"ram_Usada";"GB";"2022-11-08 13:42:53";6.73
"Servidor-SPTECH";"ram";"ram_Usada";"GB";"2022-11-08 13:42:51";6.74
"Servidor-SPTECH";"ram";"ram_Usada";"GB";"2022-11-08 13:42:50";6.71
"Servidor-SPTECH";"ram";"ram_Usada";"GB";"2022-11-08 13:42:48";6.69
"Servidor-SPTECH";"ram";"ram_Usada";"GB";"2022-11-08 13:42:46";6.7
"Servidor-SPTECH";"ram";"ram_Usada";"GB";"2022-11-08 13:42:45";6.71
"Servidor-SPTECH";"ram";"ram_Usada";"GB";"2022-11-08 13:42:43";6.73
"Servidor-SPTECH";"ram";"ram_Usada";"GB";"2022-11-08 13:42:41";6.68
"Servidor-SPTECH";"ram";"ram_Usada";"GB";"2022-11-08 13:42:39";6.68
"Servidor-SPTECH";"ram";"ram_Usada";"GB";"2022-11-08 13:42:38";6.68
"Servidor-SPTECH";"ram";"ram_Usada";"GB";"2022-11-08 13:42:36";6.68
"Servidor-SPTECH";"ram";"ram_Usada";"GB";"2022-11-08 13:42:34";6.68
"Servidor-SPTECH";"ram";"ram_Usada";"GB";"2022-11-08 13:42:33";6.68
"Servidor-SPTECH";"ram";"ram_Usada";"GB";"2022-11-08 13:42:31";6.68
"Servidor-SPTECH";"ram";"ram_Usada";"GB";"2022-11-08 13:42:30";6.68
"Servidor-SPTECH";"ram";"ram_Usada";"GB";"2022-11-08 13:42:28";6.67
"Servidor-SPTECH";"ram";"ram_Usada";"GB";"2022-11-08 13:42:26";6.67
"Servidor-SPTECH";"ram";"ram_Usada";"GB";"2022-11-08 13:42:25";6.68
"Servidor-SPTECH";"ram";"ram_Usada";"GB";"2022-11-08 13:42:23";6.67
"Servidor-SPTECH";"ram";"ram_Usada";"GB";"2022-11-08 13:42:21";6.69
"Servidor-SPTECH";"ram";"ram_Usada";"GB";"2022-11-08 13:42:20";6.69
"Servidor-SPTECH";"ram";"ram_Usada";"GB";"2022-11-08 13:42:18";6.67
"Servidor-SPTECH";"ram";"ram_Usada";"GB";"2022-11-08 13:42:17";6.68
"Servidor-SPTECH";"ram";"ram_Usada";"GB";"2022-11-08 13:42:15";6.68
"Servidor-SPTECH";"ram";"ram_Usada";"GB";"2022-11-08 13:42:13";6.68
"Servidor-SPTECH";"ram";"ram_Usada";"GB";"2022-11-08 13:42:12";6.68
"Servidor-SPTECH";"ram";"ram_Usada";"GB";"2022-11-08 13:42:10";6.7
"Servidor-SPTECH";"ram";"ram_Usada";"GB";"2022-11-08 13:42:08";6.69
"Servidor-SPTECH";"ram";"ram_Usada";"GB";"2022-11-08 13:42:07";6.69
"Servidor-SPTECH";"ram";"ram_Usada";"GB";"2022-11-08 13:42:05";6.69
"Servidor-SPTECH";"ram";"ram_Usada";"GB";"2022-11-08 13:42:04";6.69
"Servidor-SPTECH";"ram";"ram_Usada";"GB";"2022-11-08 13:42:02";6.66
"Servidor-SPTECH";"ram";"ram_Usada";"GB";"2022-11-08 13:42:00";6.67
"Servidor-SPTECH";"ram";"ram_Usada";"GB";"2022-11-08 13:41:58";6.66
"Servidor-SPTECH";"ram";"ram_Usada";"GB";"2022-11-08 13:41:57";6.62
"Servidor-SPTECH";"ram";"ram_Usada";"GB";"2022-11-08 13:41:55";6.57
"Servidor-SPTECH";"ram";"ram_Usada";"GB";"2022-11-08 13:41:53";6.55
"Servidor-SPTECH";"ram";"ram_Usada";"GB";"2022-11-08 13:41:52";6.57
"Servidor-SPTECH";"ram";"ram_Usada";"GB";"2022-11-08 13:41:50";6.54
"Servidor-SPTECH";"ram";"ram_Usada";"GB";"2022-11-08 13:41:48";6.55
"Servidor-SPTECH";"ram";"ram_Usada";"GB";"2022-11-08 13:41:47";6.55
"Servidor-SPTECH";"ram";"ram_Usada";"GB";"2022-11-08 13:41:45";6.54
"Servidor-SPTECH";"ram";"ram_Usada";"GB";"2022-11-08 13:41:43";6.55
"Servidor-SPTECH";"ram";"ram_Usada";"GB";"2022-11-08 13:41:42";6.57
"Servidor-SPTECH";"ram";"ram_Usada";"GB";"2022-11-08 13:41:40";6.57
"Servidor-SPTECH";"ram";"ram_Usada";"GB";"2022-11-08 13:41:38";6.56
"Servidor-SPTECH";"ram";"ram_Usada";"GB";"2022-11-08 13:41:37";6.56
"Servidor-SPTECH";"ram";"ram_Usada";"GB";"2022-11-08 13:41:35";6.55
"Servidor-SPTECH";"ram";"ram_Usada";"GB";"2022-11-08 13:41:33";6.55
"Servidor-SPTECH";"ram";"ram_Usada";"GB";"2022-11-08 13:41:32";6.51
"Servidor-SPTECH";"ram";"ram_Usada";"GB";"2022-11-08 13:41:30";6.55
"Servidor-SPTECH";"ram";"ram_Usada";"GB";"2022-11-08 13:41:29";6.56
"Servidor-SPTECH";"ram";"ram_Usada";"GB";"2022-11-08 13:41:27";6.53
"Servidor-SPTECH";"ram";"ram_Usada";"GB";"2022-11-08 13:41:25";6.54
"Servidor-SPTECH";"ram";"ram_Usada";"GB";"2022-11-08 13:41:24";6.54
"Servidor-SPTECH";"ram";"ram_Usada";"GB";"2022-11-08 13:41:22";6.54
"Servidor-SPTECH";"ram";"ram_Usada";"GB";"2022-11-08 13:41:20";6.55
"Servidor-SPTECH";"ram";"ram_Usada";"GB";"2022-11-08 13:41:19";6.55
"Servidor-SPTECH";"ram";"ram_Usada";"GB";"2022-11-08 13:41:17";6.54
"Servidor-SPTECH";"ram";"ram_Usada";"GB";"2022-11-08 13:41:16";6.54
"Servidor-SPTECH";"ram";"ram_Usada";"GB";"2022-11-08 13:41:14";6.52
"Servidor-SPTECH";"ram";"ram_Usada";"GB";"2022-11-08 13:41:12";6.55
"Servidor-SPTECH";"ram";"ram_Usada";"GB";"2022-11-08 13:41:11";6.55
"Servidor-SPTECH";"ram";"ram_Usada";"GB";"2022-11-08 13:41:09";6.55
"Servidor-SPTECH";"ram";"ram_Usada";"GB";"2022-11-08 13:41:07";6.53
"Servidor-SPTECH";"ram";"ram_Usada";"GB";"2022-11-08 13:41:06";6.53
"Servidor-SPTECH";"ram";"ram_Usada";"GB";"2022-11-08 13:41:04";6.52
"Servidor-SPTECH";"ram";"ram_Usada";"GB";"2022-11-08 13:41:03";6.54
"Servidor-SPTECH";"ram";"ram_Usada";"GB";"2022-11-08 13:41:01";6.52
"Servidor-SPTECH";"ram";"ram_Usada";"GB";"2022-11-08 13:40:59";6.52
"Servidor-SPTECH";"ram";"ram_Usada";"GB";"2022-11-08 13:40:58";6.53
"Servidor-SPTECH";"ram";"ram_Usada";"GB";"2022-11-08 13:40:56";6.5
"Servidor-SPTECH";"ram";"ram_Usada";"GB";"2022-11-08 13:40:54";6.54
"Servidor-SPTECH";"ram";"ram_Usada";"GB";"2022-11-08 13:40:52";6.53
"Servidor-SPTECH";"ram";"ram_Usada";"GB";"2022-11-08 13:40:51";6.53
"Servidor-SPTECH";"ram";"ram_Usada";"GB";"2022-11-08 13:40:49";6.53
"Servidor-SPTECH";"ram";"ram_Usada";"GB";"2022-11-08 13:40:48";6.53
"Servidor-SPTECH";"ram";"ram_Usada";"GB";"2022-11-08 13:40:46";6.53
"Servidor-SPTECH";"ram";"ram_Usada";"GB";"2022-11-08 13:40:44";6.53
"Servidor-SPTECH";"ram";"ram_Usada";"GB";"2022-11-08 13:40:43";6.55
"Servidor-SPTECH";"ram";"ram_Usada";"GB";"2022-11-08 13:40:41";6.61
"Servidor-SPTECH";"ram";"ram_Usada";"GB";"2022-11-08 13:40:39";6.61
"Servidor-SPTECH";"ram";"ram_Usada";"GB";"2022-11-08 13:40:37";6.62
"Servidor-SPTECH";"ram";"ram_Usada";"GB";"2022-11-08 13:40:36";6.61
"Servidor-SPTECH";"ram";"ram_Usada";"GB";"2022-11-08 13:40:34";6.61
"Servidor-SPTECH";"ram";"ram_Usada";"GB";"2022-11-08 13:40:33";6.59
"Servidor-SPTECH";"ram";"ram_Usada";"GB";"2022-11-08 13:40:31";6.56
"Servidor-SPTECH";"ram";"ram_Usada";"GB";"2022-11-08 13:40:29";6.54
"Servidor-SPTECH";"ram";"ram_Usada";"GB";"2022-11-08 13:40:28";6.55
"Servidor-SPTECH";"ram";"ram_Usada";"GB";"2022-11-08 13:40:26";6.54
"Servidor-SPTECH";"ram";"ram_Usada";"GB";"2022-11-08 13:40:24";6.54
"Servidor-SPTECH";"ram";"ram_Usada";"GB";"2022-11-08 13:40:23";6.54
"Servidor-SPTECH";"ram";"ram_Usada";"GB";"2022-11-08 13:40:21";6.55
"Servidor-SPTECH";"ram";"ram_Usada";"GB";"2022-11-08 13:40:19";6.56
"Servidor-SPTECH";"ram";"ram_Usada";"GB";"2022-11-08 13:40:18";6.55
"Servidor-SPTECH";"ram";"ram_Usada";"GB";"2022-11-08 13:40:16";6.55
"Servidor-SPTECH";"ram";"ram_Usada";"GB";"2022-11-08 13:40:15";6.56
"Servidor-SPTECH";"ram";"ram_Usada";"GB";"2022-11-08 13:40:13";6.55
"Servidor-SPTECH";"ram";"ram_Usada";"GB";"2022-11-08 13:40:11";6.55
"Servidor-SPTECH";"ram";"ram_Usada";"GB";"2022-11-08 13:40:10";6.56
"Servidor-SPTECH";"ram";"ram_Usada";"GB";"2022-11-08 13:40:08";6.55
"Servidor-SPTECH";"ram";"ram_Usada";"GB";"2022-11-08 13:40:06";6.56
"Servidor-SPTECH";"ram";"ram_Usada";"GB";"2022-11-08 13:40:04";6.55
"Servidor-SPTECH";"ram";"ram_Usada";"GB";"2022-11-08 13:40:03";6.54
"Servidor-SPTECH";"ram";"ram_Usada";"GB";"2022-11-08 13:40:01";6.53
"Servidor-SPTECH";"ram";"ram_Usada";"GB";"2022-11-08 13:40:00";6.53
"Servidor-SPTECH";"ram";"ram_Usada";"GB";"2022-11-08 13:39:58";6.52
"Servidor-SPTECH";"ram";"ram_Usada";"GB";"2022-11-08 13:39:56";6.52
"Servidor-SPTECH";"ram";"ram_Usada";"GB";"2022-11-08 13:39:54";6.53
"Servidor-SPTECH";"ram";"ram_Usada";"GB";"2022-11-08 13:39:53";6.52
"Servidor-SPTECH";"ram";"ram_Usada";"GB";"2022-11-08 13:39:51";6.53
"Servidor-SPTECH";"ram";"ram_Usada";"GB";"2022-11-08 13:39:50";6.5
"Servidor-SPTECH";"ram";"ram_Usada";"GB";"2022-11-08 13:39:48";6.54
"Servidor-SPTECH";"ram";"ram_Usada";"GB";"2022-11-08 13:39:46";6.53
"Servidor-SPTECH";"ram";"ram_Usada";"GB";"2022-11-08 13:39:44";6.53
"Servidor-SPTECH";"ram";"ram_Usada";"GB";"2022-11-08 13:39:43";6.51
"Servidor-SPTECH";"ram";"ram_Usada";"GB";"2022-11-08 13:39:41";6.63
"Servidor-SPTECH";"ram";"ram_Usada";"GB";"2022-11-08 13:39:39";6.62
"Servidor-SPTECH";"ram";"ram_Usada";"GB";"2022-11-08 13:39:38";6.6
"Servidor-SPTECH";"ram";"ram_Usada";"GB";"2022-11-08 13:39:36";6.62
"Servidor-SPTECH";"ram";"ram_Usada";"GB";"2022-11-08 13:39:35";6.62
"Servidor-SPTECH";"ram";"ram_Usada";"GB";"2022-11-08 13:39:33";6.62
"Servidor-SPTECH";"ram";"ram_Usada";"GB";"2022-11-08 13:39:31";6.62
"Servidor-SPTECH";"ram";"ram_Usada";"GB";"2022-11-08 13:39:30";6.62
"Servidor-SPTECH";"ram";"ram_Usada";"GB";"2022-11-08 13:39:28";6.63
"Servidor-SPTECH";"ram";"ram_Usada";"GB";"2022-11-08 13:39:26";6.64
"Servidor-SPTECH";"ram";"ram_Usada";"GB";"2022-11-08 13:39:25";6.64
"Servidor-SPTECH";"ram";"ram_Usada";"GB";"2022-11-08 13:39:23";6.64
"Servidor-SPTECH";"ram";"ram_Usada";"GB";"2022-11-08 13:39:22";6.64
"Servidor-SPTECH";"ram";"ram_Usada";"GB";"2022-11-08 13:39:20";6.64
"Servidor-SPTECH";"ram";"ram_Usada";"GB";"2022-11-08 13:39:18";6.64
"Servidor-SPTECH";"ram";"ram_Usada";"GB";"2022-11-08 13:39:17";6.64
"Servidor-SPTECH";"ram";"ram_Usada";"GB";"2022-11-08 13:39:15";6.64
"Servidor-SPTECH";"ram";"ram_Usada";"GB";"2022-11-08 13:39:14";6.59
"Servidor-SPTECH";"ram";"ram_Usada";"GB";"2022-11-08 13:39:12";6.59
"Servidor-SPTECH";"ram";"ram_Usada";"GB";"2022-11-08 13:39:10";6.57
"Servidor-SPTECH";"ram";"ram_Usada";"GB";"2022-11-08 13:39:08";6.56
"Servidor-SPTECH";"ram";"ram_Usada";"GB";"2022-11-08 13:39:06";6.54
"Servidor-SPTECH";"ram";"ram_Usada";"GB";"2022-11-08 13:39:04";6.54
"Servidor-SPTECH";"ram";"ram_Usada";"GB";"2022-11-08 13:39:03";6.54
"Servidor-SPTECH";"ram";"ram_Usada";"GB";"2022-11-08 13:39:01";6.53
"Servidor-SPTECH";"ram";"ram_Usada";"GB";"2022-11-08 13:39:00";6.53
"Servidor-SPTECH";"ram";"ram_Usada";"GB";"2022-11-08 13:38:58";6.53
"Servidor-SPTECH";"ram";"ram_Usada";"GB";"2022-11-08 13:38:56";6.53
"Servidor-SPTECH";"ram";"ram_Usada";"GB";"2022-11-08 13:38:55";6.52
"Servidor-SPTECH";"ram";"ram_Usada";"GB";"2022-11-08 13:38:53";6.53
"Servidor-SPTECH";"ram";"ram_Usada";"GB";"2022-11-08 13:38:51";6.53
"Servidor-SPTECH";"ram";"ram_Usada";"GB";"2022-11-08 13:38:50";6.52
"Servidor-SPTECH";"ram";"ram_Usada";"GB";"2022-11-08 13:38:48";6.52
"Servidor-SPTECH";"ram";"ram_Usada";"GB";"2022-11-08 13:38:47";6.53
"Servidor-SPTECH";"ram";"ram_Usada";"GB";"2022-11-08 13:38:45";6.52
"Servidor-SPTECH";"ram";"ram_Usada";"GB";"2022-11-08 13:38:43";6.49
"Servidor-SPTECH";"ram";"ram_Usada";"GB";"2022-11-08 13:38:42";6.58
"Servidor-SPTECH";"ram";"ram_Usada";"GB";"2022-11-08 13:38:40";6.58
"Servidor-SPTECH";"ram";"ram_Usada";"GB";"2022-11-08 13:38:38";6.59
"Servidor-SPTECH";"ram";"ram_Usada";"GB";"2022-11-08 13:38:37";6.61
"Servidor-SPTECH";"ram";"ram_Usada";"GB";"2022-11-08 13:38:35";6.79
"Servidor-SPTECH";"ram";"ram_Usada";"GB";"2022-11-08 13:38:33";6.79
"Servidor-SPTECH";"ram";"ram_Usada";"GB";"2022-11-08 13:38:32";6.75
"Servidor-SPTECH";"ram";"ram_Usada";"GB";"2022-11-08 13:38:30";6.77
"Servidor-SPTECH";"ram";"ram_Usada";"GB";"2022-11-08 13:38:28";6.77
"Servidor-SPTECH";"ram";"ram_Usada";"GB";"2022-11-08 13:38:27";6.78
"Servidor-SPTECH";"ram";"ram_Usada";"GB";"2022-11-08 13:38:25";6.74
"Servidor-SPTECH";"ram";"ram_Usada";"GB";"2022-11-08 13:38:24";6.77
"Servidor-SPTECH";"ram";"ram_Usada";"GB";"2022-11-08 13:38:22";6.77
"Servidor-SPTECH";"ram";"ram_Usada";"GB";"2022-11-08 13:38:20";6.79
"Servidor-SPTECH";"ram";"ram_Usada";"GB";"2022-11-08 13:38:19";6.76
"Servidor-SPTECH";"ram";"ram_Usada";"GB";"2022-11-08 13:38:17";6.76
"Servidor-SPTECH";"ram";"ram_Usada";"GB";"2022-11-08 13:38:15";6.77
"Servidor-SPTECH";"ram";"ram_Usada";"GB";"2022-11-08 13:38:13";6.71
"Servidor-SPTECH";"ram";"ram_Usada";"GB";"2022-11-08 13:38:12";6.74
"Servidor-SPTECH";"ram";"ram_Usada";"GB";"2022-11-08 13:38:10";6.71
"Servidor-SPTECH";"ram";"ram_Usada";"GB";"2022-11-08 13:38:09";6.72
"Servidor-SPTECH";"ram";"ram_Usada";"GB";"2022-11-08 13:38:07";6.69
"Servidor-SPTECH";"ram";"ram_Usada";"GB";"2022-11-08 13:38:05";6.72
"Servidor-SPTECH";"ram";"ram_Usada";"GB";"2022-11-08 13:38:04";6.71
"Servidor-SPTECH";"ram";"ram_Usada";"GB";"2022-11-08 13:38:02";6.72
"Servidor-SPTECH";"ram";"ram_Usada";"GB";"2022-11-08 13:38:01";6.72
"Servidor-SPTECH";"ram";"ram_Usada";"GB";"2022-11-08 13:37:59";6.72
"Servidor-SPTECH";"ram";"ram_Usada";"GB";"2022-11-08 13:37:57";6.71
"Servidor-SPTECH";"ram";"ram_Usada";"GB";"2022-11-08 13:37:56";6.71
"Servidor-SPTECH";"ram";"ram_Usada";"GB";"2022-11-08 13:37:54";6.72
"Servidor-SPTECH";"ram";"ram_Usada";"GB";"2022-11-08 13:37:52";6.72
"Servidor-SPTECH";"ram";"ram_Usada";"GB";"2022-11-08 13:37:50";6.73
"Servidor-SPTECH";"ram";"ram_Usada";"GB";"2022-11-08 13:37:49";6.74
"Servidor-SPTECH";"ram";"ram_Usada";"GB";"2022-11-08 13:37:47";6.75
"Servidor-SPTECH";"ram";"ram_Usada";"GB";"2022-11-08 13:37:46";6.76
"Servidor-SPTECH";"ram";"ram_Usada";"GB";"2022-11-08 13:37:44";6.74
"Servidor-SPTECH";"ram";"ram_Usada";"GB";"2022-11-08 13:37:42";6.76
"Servidor-SPTECH";"ram";"ram_Usada";"GB";"2022-11-08 13:37:40";6.77
"Servidor-SPTECH";"ram";"ram_Usada";"GB";"2022-11-08 13:37:39";6.77
"Servidor-SPTECH";"ram";"ram_Usada";"GB";"2022-11-08 13:37:37";6.75
"Servidor-SPTECH";"ram";"ram_Usada";"GB";"2022-11-08 13:37:36";6.77
"Servidor-SPTECH";"ram";"ram_Usada";"GB";"2022-11-08 13:37:34";6.77
"Servidor-SPTECH";"ram";"ram_Usada";"GB";"2022-11-08 13:37:33";6.77
"Servidor-SPTECH";"ram";"ram_Usada";"GB";"2022-11-08 13:37:31";6.77
"Servidor-SPTECH";"ram";"ram_Usada";"GB";"2022-11-08 13:37:29";6.76
"Servidor-SPTECH";"ram";"ram_Usada";"GB";"2022-11-08 13:37:28";6.76
"Servidor-SPTECH";"ram";"ram_Usada";"GB";"2022-11-08 13:37:26";6.76
"Servidor-SPTECH";"ram";"ram_Usada";"GB";"2022-11-08 13:37:24";6.75
"Servidor-SPTECH";"ram";"ram_Usada";"GB";"2022-11-08 13:37:22";6.74
"Servidor-SPTECH";"ram";"ram_Usada";"GB";"2022-11-08 13:37:21";6.73
"Servidor-SPTECH";"ram";"ram_Usada";"GB";"2022-11-08 13:37:19";6.69
"Servidor-SPTECH";"ram";"ram_Usada";"GB";"2022-11-08 13:37:17";6.73
"Servidor-SPTECH";"ram";"ram_Usada";"GB";"2022-11-08 13:37:15";6.71
"Servidor-SPTECH";"ram";"ram_Usada";"GB";"2022-11-08 13:37:14";6.71
"Servidor-SPTECH";"ram";"ram_Usada";"GB";"2022-11-08 13:37:12";6.71
"Servidor-SPTECH";"ram";"ram_Usada";"GB";"2022-11-08 13:37:10";6.73
"Servidor-SPTECH";"ram";"ram_Usada";"GB";"2022-11-08 13:37:09";6.73
"Servidor-SPTECH";"ram";"ram_Usada";"GB";"2022-11-08 13:37:07";6.69
"Servidor-SPTECH";"ram";"ram_Usada";"GB";"2022-11-08 13:37:05";6.76
"Servidor-SPTECH";"ram";"ram_Usada";"GB";"2022-11-08 13:37:04";6.76
"Servidor-SPTECH";"ram";"ram_Usada";"GB";"2022-11-08 13:37:02";6.76
"Servidor-SPTECH";"ram";"ram_Usada";"GB";"2022-11-08 13:37:01";6.77
"Servidor-SPTECH";"ram";"ram_Usada";"GB";"2022-11-08 13:36:59";6.77
"Servidor-SPTECH";"ram";"ram_Usada";"GB";"2022-11-08 13:36:57";6.69
"Servidor-SPTECH";"ram";"ram_Usada";"GB";"2022-11-08 13:36:56";6.68
"Servidor-SPTECH";"ram";"ram_Usada";"GB";"2022-11-08 13:36:54";6.7
"Servidor-SPTECH";"ram";"ram_Usada";"GB";"2022-11-08 13:36:52";6.68
"Servidor-SPTECH";"ram";"ram_Usada";"GB";"2022-11-08 13:36:51";6.69
"Servidor-SPTECH";"ram";"ram_Usada";"GB";"2022-11-08 13:36:49";6.69
"Servidor-SPTECH";"ram";"ram_Usada";"GB";"2022-11-08 13:36:47";6.66
"Servidor-SPTECH";"ram";"ram_Usada";"GB";"2022-11-08 13:36:46";6.66
"Servidor-SPTECH";"ram";"ram_Usada";"GB";"2022-11-08 13:36:44";6.65
"Servidor-SPTECH";"ram";"ram_Usada";"GB";"2022-11-08 13:36:43";6.64
"Servidor-SPTECH";"ram";"ram_Usada";"GB";"2022-11-08 13:36:41";6.66
"Servidor-SPTECH";"ram";"ram_Usada";"GB";"2022-11-08 13:36:39";6.66
"Servidor-SPTECH";"ram";"ram_Usada";"GB";"2022-11-08 13:36:38";6.66
"Servidor-SPTECH";"ram";"ram_Usada";"GB";"2022-11-08 13:36:36";6.66
"Servidor-SPTECH";"ram";"ram_Usada";"GB";"2022-11-08 13:36:35";6.66
"Servidor-SPTECH";"ram";"ram_Usada";"GB";"2022-11-08 13:36:33";6.65
"Servidor-SPTECH";"ram";"ram_Usada";"GB";"2022-11-08 13:36:32";6.65
"Servidor-SPTECH";"ram";"ram_Usada";"GB";"2022-11-08 13:36:30";6.65
"Servidor-SPTECH";"ram";"ram_Usada";"GB";"2022-11-08 13:36:29";6.65
"Servidor-SPTECH";"ram";"ram_Usada";"GB";"2022-11-08 13:36:27";6.65
"Servidor-SPTECH";"ram";"ram_Usada";"GB";"2022-11-08 13:36:25";6.62
"Servidor-SPTECH";"ram";"ram_Usada";"GB";"2022-11-08 13:36:24";6.66
"Servidor-SPTECH";"ram";"ram_Usada";"GB";"2022-11-08 13:36:22";6.69
"Servidor-SPTECH";"ram";"ram_Usada";"GB";"2022-11-08 13:36:21";6.69
"Servidor-SPTECH";"ram";"ram_Usada";"GB";"2022-11-08 13:36:19";6.67
"Servidor-SPTECH";"ram";"ram_Usada";"GB";"2022-11-08 13:36:17";6.69
"Servidor-SPTECH";"ram";"ram_Usada";"GB";"2022-11-08 13:36:16";6.69
"Servidor-SPTECH";"ram";"ram_Usada";"GB";"2022-11-08 13:36:14";6.82
"Servidor-SPTECH";"ram";"ram_Usada";"GB";"2022-11-08 13:36:12";6.75
"Servidor-SPTECH";"ram";"ram_Usada";"GB";"2022-11-08 13:36:11";6.74
"Servidor-SPTECH";"ram";"ram_Usada";"GB";"2022-11-08 13:36:09";6.74
"Servidor-SPTECH";"ram";"ram_Usada";"GB";"2022-11-08 13:36:07";6.69
"Servidor-SPTECH";"ram";"ram_Usada";"GB";"2022-11-08 13:36:06";6.71
"Servidor-SPTECH";"ram";"ram_Usada";"GB";"2022-11-08 13:36:04";6.72
"Servidor-SPTECH";"ram";"ram_Usada";"GB";"2022-11-08 13:36:02";6.72
"Servidor-SPTECH";"ram";"ram_Usada";"GB";"2022-11-08 13:36:01";6.69
"Servidor-SPTECH";"ram";"ram_Usada";"GB";"2022-11-08 13:35:59";6.73
"Servidor-SPTECH";"ram";"ram_Usada";"GB";"2022-11-08 13:35:58";6.74
"Servidor-SPTECH";"ram";"ram_Usada";"GB";"2022-11-08 13:35:56";6.75
"Servidor-SPTECH";"ram";"ram_Usada";"GB";"2022-11-08 13:35:55";6.67
"Servidor-SPTECH";"ram";"ram_Usada";"GB";"2022-11-08 13:35:53";6.69
"Servidor-SPTECH";"ram";"ram_Usada";"GB";"2022-11-08 13:35:51";6.7
"Servidor-SPTECH";"ram";"ram_Usada";"GB";"2022-11-08 13:35:50";6.68
"Servidor-SPTECH";"ram";"ram_Usada";"GB";"2022-11-08 13:35:48";6.69
"Servidor-SPTECH";"ram";"ram_Usada";"GB";"2022-11-08 13:35:46";6.59
"Servidor-SPTECH";"ram";"ram_Usada";"GB";"2022-11-08 13:35:45";6.59
"Servidor-SPTECH";"ram";"ram_Usada";"GB";"2022-11-08 13:35:43";6.63
"Servidor-SPTECH";"ram";"ram_Usada";"GB";"2022-11-08 13:35:41";6.69
"Servidor-SPTECH";"ram";"ram_Usada";"GB";"2022-11-08 13:35:40";6.68
"Servidor-SPTECH";"ram";"ram_Usada";"GB";"2022-11-08 13:35:38";6.69
"Servidor-SPTECH";"ram";"ram_Usada";"GB";"2022-11-08 13:35:36";6.69
"Servidor-SPTECH";"ram";"ram_Usada";"GB";"2022-11-08 13:35:35";6.69
"Servidor-SPTECH";"ram";"ram_Usada";"GB";"2022-11-08 13:35:33";6.69
"Servidor-SPTECH";"ram";"ram_Usada";"GB";"2022-11-08 13:35:32";6.69
"Servidor-SPTECH";"ram";"ram_Usada";"GB";"2022-11-08 13:35:30";6.68
"Servidor-SPTECH";"ram";"ram_Usada";"GB";"2022-11-08 13:35:28";6.68
"Servidor-SPTECH";"ram";"ram_Usada";"GB";"2022-11-08 13:35:27";6.66
"Servidor-SPTECH";"ram";"ram_Usada";"GB";"2022-11-08 13:35:25";6.63
"Servidor-SPTECH";"ram";"ram_Usada";"GB";"2022-11-08 13:35:24";6.66
"Servidor-SPTECH";"ram";"ram_Usada";"GB";"2022-11-08 13:35:22";6.65
"Servidor-SPTECH";"ram";"ram_Usada";"GB";"2022-11-08 13:35:20";6.66
"Servidor-SPTECH";"ram";"ram_Usada";"GB";"2022-11-08 13:35:19";6.63
"Servidor-SPTECH";"ram";"ram_Usada";"GB";"2022-11-08 13:35:17";6.66
"Servidor-SPTECH";"ram";"ram_Usada";"GB";"2022-11-08 13:35:15";6.69
"Servidor-SPTECH";"ram";"ram_Usada";"GB";"2022-11-08 13:35:14";6.69
"Servidor-SPTECH";"ram";"ram_Usada";"GB";"2022-11-08 13:35:12";6.69
"Servidor-SPTECH";"ram";"ram_Usada";"GB";"2022-11-08 13:35:10";6.7
"Servidor-SPTECH";"ram";"ram_Usada";"GB";"2022-11-08 13:35:09";6.7
"Servidor-SPTECH";"ram";"ram_Usada";"GB";"2022-11-08 13:35:07";6.68
"Servidor-SPTECH";"ram";"ram_Usada";"GB";"2022-11-08 13:35:06";6.67
"Servidor-SPTECH";"ram";"ram_Usada";"GB";"2022-11-08 13:35:04";6.67
"Servidor-SPTECH";"ram";"ram_Usada";"GB";"2022-11-08 13:35:02";6.69
"Servidor-SPTECH";"ram";"ram_Usada";"GB";"2022-11-08 13:35:01";6.65
"Servidor-SPTECH";"ram";"ram_Usada";"GB";"2022-11-08 13:34:59";6.67
"Servidor-SPTECH";"ram";"ram_Usada";"GB";"2022-11-08 13:34:57";6.7
"Servidor-SPTECH";"ram";"ram_Usada";"GB";"2022-11-08 13:34:56";6.71
"Servidor-SPTECH";"ram";"ram_Usada";"GB";"2022-11-08 13:34:54";6.68
"Servidor-SPTECH";"ram";"ram_Usada";"GB";"2022-11-08 13:34:53";6.7
"Servidor-SPTECH";"ram";"ram_Usada";"GB";"2022-11-08 13:34:51";6.69
"Servidor-SPTECH";"ram";"ram_Usada";"GB";"2022-11-08 13:34:49";6.67
"Servidor-SPTECH";"ram";"ram_Usada";"GB";"2022-11-08 13:34:47";6.65
"Servidor-SPTECH";"ram";"ram_Usada";"GB";"2022-11-08 13:34:46";6.65
"Servidor-SPTECH";"ram";"ram_Usada";"GB";"2022-11-08 13:34:44";6.65
"Servidor-SPTECH";"ram";"ram_Usada";"GB";"2022-11-08 13:34:43";6.64
"Servidor-SPTECH";"ram";"ram_Usada";"GB";"2022-11-08 13:34:41";6.67
"Servidor-SPTECH";"ram";"ram_Usada";"GB";"2022-11-08 13:34:39";6.66
"Servidor-SPTECH";"ram";"ram_Usada";"GB";"2022-11-08 13:34:37";6.65
"Servidor-SPTECH";"ram";"ram_Usada";"GB";"2022-11-08 13:34:36";6.64
"Servidor-SPTECH";"ram";"ram_Usada";"GB";"2022-11-08 13:34:34";6.64
"Servidor-SPTECH";"ram";"ram_Usada";"GB";"2022-11-08 13:34:32";6.64
"Servidor-SPTECH";"ram";"ram_Usada";"GB";"2022-11-08 13:34:31";6.62
"Servidor-SPTECH";"ram";"ram_Usada";"GB";"2022-11-08 13:34:29";6.66
"Servidor-SPTECH";"ram";"ram_Usada";"GB";"2022-11-08 13:34:27";6.66
"Servidor-SPTECH";"ram";"ram_Usada";"GB";"2022-11-08 13:34:26";6.67
"Servidor-SPTECH";"ram";"ram_Usada";"GB";"2022-11-08 13:34:24";6.64
"Servidor-SPTECH";"ram";"ram_Usada";"GB";"2022-11-08 13:34:23";6.67
"Servidor-SPTECH";"ram";"ram_Usada";"GB";"2022-11-08 13:34:21";6.68
"Servidor-SPTECH";"ram";"ram_Usada";"GB";"2022-11-08 13:34:19";6.67
"Servidor-SPTECH";"ram";"ram_Usada";"GB";"2022-11-08 13:34:18";6.67
"Servidor-SPTECH";"ram";"ram_Usada";"GB";"2022-11-08 13:34:16";6.67
"Servidor-SPTECH";"ram";"ram_Usada";"GB";"2022-11-08 13:34:14";6.66
"Servidor-SPTECH";"ram";"ram_Usada";"GB";"2022-11-08 13:34:13";6.64
"Servidor-SPTECH";"ram";"ram_Usada";"GB";"2022-11-08 13:34:11";6.67
"Servidor-SPTECH";"ram";"ram_Usada";"GB";"2022-11-08 13:34:10";6.65
"Servidor-SPTECH";"ram";"ram_Usada";"GB";"2022-11-08 13:34:08";6.63
"Servidor-SPTECH";"ram";"ram_Usada";"GB";"2022-11-08 13:34:06";6.6
"Servidor-SPTECH";"ram";"ram_Usada";"GB";"2022-11-08 13:34:05";6.63
"Servidor-SPTECH";"ram";"ram_Usada";"GB";"2022-11-08 13:34:03";6.62
"Servidor-SPTECH";"ram";"ram_Usada";"GB";"2022-11-08 13:34:02";6.62
"Servidor-SPTECH";"ram";"ram_Usada";"GB";"2022-11-08 13:34:00";6.63
"Servidor-SPTECH";"ram";"ram_Usada";"GB";"2022-11-08 13:33:58";6.63
"Servidor-SPTECH";"ram";"ram_Usada";"GB";"2022-11-08 13:33:56";6.64
"Servidor-SPTECH";"ram";"ram_Usada";"GB";"2022-11-08 13:33:55";6.61
"Servidor-SPTECH";"ram";"ram_Usada";"GB";"2022-11-08 13:33:53";6.64
"Servidor-SPTECH";"ram";"ram_Usada";"GB";"2022-11-08 13:33:52";6.63
"Servidor-SPTECH";"ram";"ram_Usada";"GB";"2022-11-08 13:33:50";6.63
"Servidor-SPTECH";"ram";"ram_Usada";"GB";"2022-11-08 13:33:48";6.6
"Servidor-SPTECH";"ram";"ram_Usada";"GB";"2022-11-08 13:33:47";6.62
"Servidor-SPTECH";"ram";"ram_Usada";"GB";"2022-11-08 13:33:45";6.63
"Servidor-SPTECH";"ram";"ram_Usada";"GB";"2022-11-08 13:33:43";6.64
"Servidor-SPTECH";"ram";"ram_Usada";"GB";"2022-11-08 13:33:42";6.66
"Servidor-SPTECH";"ram";"ram_Usada";"GB";"2022-11-08 13:33:40";6.66
"Servidor-SPTECH";"ram";"ram_Usada";"GB";"2022-11-08 13:33:38";6.65
"Servidor-SPTECH";"ram";"ram_Usada";"GB";"2022-11-08 13:33:37";6.62
"Servidor-SPTECH";"ram";"ram_Usada";"GB";"2022-11-08 13:33:35";6.78
"Servidor-SPTECH";"ram";"ram_Usada";"GB";"2022-11-08 13:33:33";6.79
"Servidor-SPTECH";"ram";"ram_Usada";"GB";"2022-11-08 13:33:32";6.78
"Servidor-SPTECH";"ram";"ram_Usada";"GB";"2022-11-08 13:33:30";6.79
"Servidor-SPTECH";"ram";"ram_Usada";"GB";"2022-11-08 13:33:28";6.79
"Servidor-SPTECH";"ram";"ram_Usada";"GB";"2022-11-08 13:33:27";6.8
"Servidor-SPTECH";"ram";"ram_Usada";"GB";"2022-11-08 13:33:25";6.8
"Servidor-SPTECH";"ram";"ram_Usada";"GB";"2022-11-08 13:33:23";6.76
"Servidor-SPTECH";"ram";"ram_Usada";"GB";"2022-11-08 13:33:21";6.77
"Servidor-SPTECH";"ram";"ram_Usada";"GB";"2022-11-08 13:33:20";6.75
"Servidor-SPTECH";"ram";"ram_Usada";"GB";"2022-11-08 13:33:18";6.71
"Servidor-SPTECH";"ram";"ram_Usada";"GB";"2022-11-08 13:33:16";6.74
"Servidor-SPTECH";"ram";"ram_Usada";"GB";"2022-11-08 13:33:15";6.73
"Servidor-SPTECH";"ram";"ram_Usada";"GB";"2022-11-08 13:33:13";6.73
"Servidor-SPTECH";"ram";"ram_Usada";"GB";"2022-11-08 13:33:12";6.71
"Servidor-SPTECH";"ram";"ram_Usada";"GB";"2022-11-08 13:33:10";6.72
"Servidor-SPTECH";"ram";"ram_Usada";"GB";"2022-11-08 13:33:08";6.72
"Servidor-SPTECH";"ram";"ram_Usada";"GB";"2022-11-08 13:33:07";6.71
"Servidor-SPTECH";"ram";"ram_Usada";"GB";"2022-11-08 13:33:05";6.72
"Servidor-SPTECH";"ram";"ram_Usada";"GB";"2022-11-08 13:33:03";6.72
"Servidor-SPTECH";"ram";"ram_Usada";"GB";"2022-11-08 13:33:02";6.73
"Servidor-SPTECH";"ram";"ram_Usada";"GB";"2022-11-08 13:33:00";6.7
"Servidor-SPTECH";"ram";"ram_Usada";"GB";"2022-11-08 13:32:59";6.73
"Servidor-SPTECH";"ram";"ram_Usada";"GB";"2022-11-08 13:32:57";6.72
"Servidor-SPTECH";"ram";"ram_Usada";"GB";"2022-11-08 13:32:55";6.71
"Servidor-SPTECH";"ram";"ram_Usada";"GB";"2022-11-08 13:32:54";6.69
"Servidor-SPTECH";"ram";"ram_Usada";"GB";"2022-11-08 13:32:52";6.73
"Servidor-SPTECH";"ram";"ram_Usada";"GB";"2022-11-08 13:32:51";6.71
"Servidor-SPTECH";"ram";"ram_Usada";"GB";"2022-11-08 13:32:49";6.71
"Servidor-SPTECH";"ram";"ram_Usada";"GB";"2022-11-08 13:32:47";6.74
"Servidor-SPTECH";"ram";"ram_Usada";"GB";"2022-11-08 13:32:46";6.74
"Servidor-SPTECH";"ram";"ram_Usada";"GB";"2022-11-08 13:32:44";6.74
"Servidor-SPTECH";"ram";"ram_Usada";"GB";"2022-11-08 13:32:42";6.73
"Servidor-SPTECH";"ram";"ram_Usada";"GB";"2022-11-08 13:32:41";6.79
"Servidor-SPTECH";"ram";"ram_Usada";"GB";"2022-11-08 13:32:39";6.8
"Servidor-SPTECH";"ram";"ram_Usada";"GB";"2022-11-08 13:32:37";6.82
"Servidor-SPTECH";"ram";"ram_Usada";"GB";"2022-11-08 13:32:36";6.81
"Servidor-SPTECH";"ram";"ram_Usada";"GB";"2022-11-08 13:32:34";6.82
"Servidor-SPTECH";"ram";"ram_Usada";"GB";"2022-11-08 13:32:32";6.82
"Servidor-SPTECH";"ram";"ram_Usada";"GB";"2022-11-08 13:32:31";6.82
"Servidor-SPTECH";"ram";"ram_Usada";"GB";"2022-11-08 13:32:29";6.83
"Servidor-SPTECH";"ram";"ram_Usada";"GB";"2022-11-08 13:32:28";6.8
"Servidor-SPTECH";"ram";"ram_Usada";"GB";"2022-11-08 13:32:26";6.77
"Servidor-SPTECH";"ram";"ram_Usada";"GB";"2022-11-08 13:32:24";6.71
"Servidor-SPTECH";"ram";"ram_Usada";"GB";"2022-11-08 13:32:22";6.76
"Servidor-SPTECH";"ram";"ram_Usada";"GB";"2022-11-08 13:32:21";6.75
"Servidor-SPTECH";"ram";"ram_Usada";"GB";"2022-11-08 13:32:19";6.75
"Servidor-SPTECH";"ram";"ram_Usada";"GB";"2022-11-08 13:32:17";6.78
"Servidor-SPTECH";"ram";"ram_Usada";"GB";"2022-11-08 13:32:16";6.78
"Servidor-SPTECH";"ram";"ram_Usada";"GB";"2022-11-08 13:32:14";6.77
"Servidor-SPTECH";"ram";"ram_Usada";"GB";"2022-11-08 13:32:12";6.75
"Servidor-SPTECH";"ram";"ram_Usada";"GB";"2022-11-08 13:32:11";6.76
"Servidor-SPTECH";"ram";"ram_Usada";"GB";"2022-11-08 13:32:09";6.77
"Servidor-SPTECH";"ram";"ram_Usada";"GB";"2022-11-08 13:32:07";6.76
"Servidor-SPTECH";"ram";"ram_Usada";"GB";"2022-11-08 13:32:06";6.67
"Servidor-SPTECH";"ram";"ram_Usada";"GB";"2022-11-08 13:32:04";6.5
"Servidor-SPTECH";"ram";"ram_Usada";"GB";"2022-11-08 13:32:03";6.51
"Servidor-SPTECH";"ram";"ram_Usada";"GB";"2022-11-08 13:32:01";6.5
"Servidor-SPTECH";"ram";"ram_Usada";"GB";"2022-11-08 13:31:59";6.49
"Servidor-SPTECH";"ram";"ram_Usada";"GB";"2022-11-08 13:31:58";6.52
"Servidor-SPTECH";"ram";"ram_Usada";"GB";"2022-11-08 13:31:56";6.51
"Servidor-SPTECH";"ram";"ram_Usada";"GB";"2022-11-08 13:31:55";6.52
"Servidor-SPTECH";"ram";"ram_Usada";"GB";"2022-11-08 13:31:53";6.53
"Servidor-SPTECH";"ram";"ram_Usada";"GB";"2022-11-08 13:31:52";6.53
"Servidor-SPTECH";"ram";"ram_Usada";"GB";"2022-11-08 13:31:50";6.55
"Servidor-SPTECH";"ram";"ram_Usada";"GB";"2022-11-08 13:31:48";6.5
"Servidor-SPTECH";"ram";"ram_Usada";"GB";"2022-11-08 13:31:47";6.59
"Servidor-SPTECH";"ram";"ram_Usada";"GB";"2022-11-08 13:31:45";6.6
"Servidor-SPTECH";"ram";"ram_Usada";"GB";"2022-11-08 13:31:44";6.61
"Servidor-SPTECH";"ram";"ram_Usada";"GB";"2022-11-08 13:31:42";6.67
"Servidor-SPTECH";"ram";"ram_Usada";"GB";"2022-11-08 13:31:40";6.7
"Servidor-SPTECH";"ram";"ram_Usada";"GB";"2022-11-08 13:31:39";6.73
"Servidor-SPTECH";"ram";"ram_Usada";"GB";"2022-11-08 13:31:37";6.67
"Servidor-SPTECH";"ram";"ram_Usada";"GB";"2022-11-08 13:31:35";6.79
"Servidor-SPTECH";"ram";"ram_Usada";"GB";"2022-11-08 13:31:34";6.58
"Servidor-SPTECH";"ram";"ram_Usada";"GB";"2022-11-08 13:31:32";6.56
"Servidor-SPTECH";"ram";"ram_Usada";"GB";"2022-11-08 13:31:30";6.47
"Servidor-SPTECH";"ram";"ram_Usada";"GB";"2022-11-08 13:31:29";6.49
"Servidor-SPTECH";"ram";"ram_Usada";"GB";"2022-11-08 13:31:27";6.49
"Servidor-SPTECH";"ram";"ram_Usada";"GB";"2022-11-08 13:31:26";6.49
"Servidor-SPTECH";"ram";"ram_Usada";"GB";"2022-11-08 13:31:24";6.46
"Servidor-SPTECH";"ram";"ram_Usada";"GB";"2022-11-08 13:31:22";6.49
"Servidor-SPTECH";"ram";"ram_Usada";"GB";"2022-11-08 13:31:21";6.49
"Servidor-SPTECH";"ram";"ram_Usada";"GB";"2022-11-08 13:31:19";6.49
"Servidor-SPTECH";"ram";"ram_Usada";"GB";"2022-11-08 13:31:17";6.46
"Servidor-SPTECH";"ram";"ram_Usada";"GB";"2022-11-08 13:31:16";6.49
"Servidor-SPTECH";"ram";"ram_Usada";"GB";"2022-11-08 13:31:14";6.49
"Servidor-SPTECH";"ram";"ram_Usada";"GB";"2022-11-08 13:31:13";6.48
"Servidor-SPTECH";"ram";"ram_Usada";"GB";"2022-11-08 13:31:11";6.48
"Servidor-SPTECH";"ram";"ram_Usada";"GB";"2022-11-08 13:31:09";6.48
"Servidor-SPTECH";"ram";"ram_Usada";"GB";"2022-11-08 13:31:08";6.48
"Servidor-SPTECH";"ram";"ram_Usada";"GB";"2022-11-08 13:31:06";6.46
"Servidor-SPTECH";"ram";"ram_Usada";"GB";"2022-11-08 13:31:05";6.48
"Servidor-SPTECH";"ram";"ram_Usada";"GB";"2022-11-08 13:31:03";6.48
"Servidor-SPTECH";"ram";"ram_Usada";"GB";"2022-11-08 13:31:02";6.48
"Servidor-SPTECH";"ram";"ram_Usada";"GB";"2022-11-08 13:31:00";6.45
"Servidor-SPTECH";"ram";"ram_Usada";"GB";"2022-11-08 13:30:58";6.5
"Servidor-SPTECH";"ram";"ram_Usada";"GB";"2022-11-08 13:30:57";6.51
"Servidor-SPTECH";"ram";"ram_Usada";"GB";"2022-11-08 13:30:55";6.51
"Servidor-SPTECH";"ram";"ram_Usada";"GB";"2022-11-08 13:30:53";6.47
"Servidor-SPTECH";"ram";"ram_Usada";"GB";"2022-11-08 13:30:52";6.5
"Servidor-SPTECH";"ram";"ram_Usada";"GB";"2022-11-08 13:30:50";6.5
"Servidor-SPTECH";"ram";"ram_Usada";"GB";"2022-11-08 13:30:49";6.5
"Servidor-SPTECH";"ram";"ram_Usada";"GB";"2022-11-08 13:30:47";6.48
"Servidor-SPTECH";"ram";"ram_Usada";"GB";"2022-11-08 13:30:45";6.48
"Servidor-SPTECH";"ram";"ram_Usada";"GB";"2022-11-08 13:30:44";6.49
"Servidor-SPTECH";"ram";"ram_Usada";"GB";"2022-11-08 13:30:42";6.49
"Servidor-SPTECH";"ram";"ram_Usada";"GB";"2022-11-08 13:30:41";6.49
"Servidor-SPTECH";"ram";"ram_Usada";"GB";"2022-11-08 13:30:39";6.49
"Servidor-SPTECH";"ram";"ram_Usada";"GB";"2022-11-08 13:30:37";6.49
"Servidor-SPTECH";"ram";"ram_Usada";"GB";"2022-11-08 13:30:36";6.46
"Servidor-SPTECH";"ram";"ram_Usada";"GB";"2022-11-08 13:30:34";6.5
"Servidor-SPTECH";"ram";"ram_Usada";"GB";"2022-11-08 13:30:32";6.49
"Servidor-SPTECH";"ram";"ram_Usada";"GB";"2022-11-08 13:30:31";6.49
"Servidor-SPTECH";"ram";"ram_Usada";"GB";"2022-11-08 13:30:29";6.5
"Servidor-SPTECH";"ram";"ram_Usada";"GB";"2022-11-08 13:30:27";6.49
"Servidor-SPTECH";"ram";"ram_Usada";"GB";"2022-11-08 13:30:26";6.49
"Servidor-SPTECH";"ram";"ram_Usada";"GB";"2022-11-08 13:30:24";6.46
"Servidor-SPTECH";"ram";"ram_Usada";"GB";"2022-11-08 13:30:22";6.48
"Servidor-SPTECH";"ram";"ram_Usada";"GB";"2022-11-08 13:30:21";6.47
"Servidor-SPTECH";"ram";"ram_Usada";"GB";"2022-11-08 13:30:19";6.47
"Servidor-SPTECH";"ram";"ram_Usada";"GB";"2022-11-08 13:30:17";6.45
"Servidor-SPTECH";"ram";"ram_Usada";"GB";"2022-11-08 13:30:16";6.48
"Servidor-SPTECH";"ram";"ram_Usada";"GB";"2022-11-08 13:30:14";6.48
"Servidor-SPTECH";"ram";"ram_Usada";"GB";"2022-11-08 13:30:13";6.47
"Servidor-SPTECH";"ram";"ram_Usada";"GB";"2022-11-08 13:30:11";6.47
"Servidor-SPTECH";"ram";"ram_Usada";"GB";"2022-11-08 13:30:09";6.46
"Servidor-SPTECH";"ram";"ram_Usada";"GB";"2022-11-08 13:30:08";6.45
"Servidor-SPTECH";"ram";"ram_Usada";"GB";"2022-11-08 13:30:06";6.42
"Servidor-SPTECH";"ram";"ram_Usada";"GB";"2022-11-08 13:30:04";6.46
"Servidor-SPTECH";"ram";"ram_Usada";"GB";"2022-11-08 13:30:03";6.45
"Servidor-SPTECH";"ram";"ram_Usada";"GB";"2022-11-08 13:30:01";6.44
"Servidor-SPTECH";"ram";"ram_Usada";"GB";"2022-11-08 13:29:59";6.42
"Servidor-SPTECH";"ram";"ram_Usada";"GB";"2022-11-08 13:29:58";6.44
"Servidor-SPTECH";"ram";"ram_Usada";"GB";"2022-11-08 13:29:56";6.44
"Servidor-SPTECH";"ram";"ram_Usada";"GB";"2022-11-08 13:29:54";6.44
"Servidor-SPTECH";"ram";"ram_Usada";"GB";"2022-11-08 13:29:52";6.42
"Servidor-SPTECH";"ram";"ram_Usada";"GB";"2022-11-08 13:29:51";6.41
"Servidor-SPTECH";"ram";"ram_Usada";"GB";"2022-11-08 13:29:49";6.41
"Servidor-SPTECH";"ram";"ram_Usada";"GB";"2022-11-08 13:29:47";6.38
"Servidor-SPTECH";"ram";"ram_Usada";"GB";"2022-11-08 13:29:46";6.43
"Servidor-SPTECH";"ram";"ram_Usada";"GB";"2022-11-08 13:29:44";6.43
"Servidor-SPTECH";"ram";"ram_Usada";"GB";"2022-11-08 13:29:42";6.44
"Servidor-SPTECH";"ram";"ram_Usada";"GB";"2022-11-08 13:29:41";6.53
"Servidor-SPTECH";"ram";"ram_Usada";"GB";"2022-11-08 13:29:39";6.54
"Servidor-SPTECH";"ram";"ram_Usada";"GB";"2022-11-08 13:29:37";6.54
"Servidor-SPTECH";"ram";"ram_Usada";"GB";"2022-11-08 13:29:36";6.51
"Servidor-SPTECH";"ram";"ram_Usada";"GB";"2022-11-08 13:29:34";6.53
"Servidor-SPTECH";"ram";"ram_Usada";"GB";"2022-11-08 13:29:32";6.52
"Servidor-SPTECH";"ram";"ram_Usada";"GB";"2022-11-08 13:29:31";6.52
"Servidor-SPTECH";"ram";"ram_Usada";"GB";"2022-11-08 13:29:29";6.53
"Servidor-SPTECH";"ram";"ram_Usada";"GB";"2022-11-08 13:29:27";6.54
"Servidor-SPTECH";"ram";"ram_Usada";"GB";"2022-11-08 13:29:26";6.54
"Servidor-SPTECH";"ram";"ram_Usada";"GB";"2022-11-08 13:29:24";6.53
"Servidor-SPTECH";"ram";"ram_Usada";"GB";"2022-11-08 13:29:22";6.54
"Servidor-SPTECH";"ram";"ram_Usada";"GB";"2022-11-08 13:29:21";6.54
"Servidor-SPTECH";"ram";"ram_Usada";"GB";"2022-11-08 13:29:19";6.54
"Servidor-SPTECH";"ram";"ram_Usada";"GB";"2022-11-08 13:29:17";6.49
"Servidor-SPTECH";"ram";"ram_Usada";"GB";"2022-11-08 13:29:16";6.53
"Servidor-SPTECH";"ram";"ram_Usada";"GB";"2022-11-08 13:29:14";6.53
"Servidor-SPTECH";"ram";"ram_Usada";"GB";"2022-11-08 13:29:13";6.54
"Servidor-SPTECH";"ram";"ram_Usada";"GB";"2022-11-08 13:29:11";6.53
"Servidor-SPTECH";"ram";"ram_Usada";"GB";"2022-11-08 13:29:09";6.53
"Servidor-SPTECH";"ram";"ram_Usada";"GB";"2022-11-08 13:29:08";6.52
"Servidor-SPTECH";"ram";"ram_Usada";"GB";"2022-11-08 13:29:06";6.5
"Servidor-SPTECH";"ram";"ram_Usada";"GB";"2022-11-08 13:29:04";6.52
"Servidor-SPTECH";"ram";"ram_Usada";"GB";"2022-11-08 13:29:03";6.52
"Servidor-SPTECH";"ram";"ram_Usada";"GB";"2022-11-08 13:29:01";6.52
"Servidor-SPTECH";"ram";"ram_Usada";"GB";"2022-11-08 13:29:00";6.53
"Servidor-SPTECH";"ram";"ram_Usada";"GB";"2022-11-08 13:28:58";6.52
"Servidor-SPTECH";"ram";"ram_Usada";"GB";"2022-11-08 13:28:56";6.53
"Servidor-SPTECH";"ram";"ram_Usada";"GB";"2022-11-08 13:28:55";6.52
"Servidor-SPTECH";"ram";"ram_Usada";"GB";"2022-11-08 13:28:53";6.53
"Servidor-SPTECH";"ram";"ram_Usada";"GB";"2022-11-08 13:28:51";6.53
"Servidor-SPTECH";"ram";"ram_Usada";"GB";"2022-11-08 13:28:50";6.53
"Servidor-SPTECH";"ram";"ram_Usada";"GB";"2022-11-08 13:28:48";6.53
"Servidor-SPTECH";"ram";"ram_Usada";"GB";"2022-11-08 13:28:46";6.54
"Servidor-SPTECH";"ram";"ram_Usada";"GB";"2022-11-08 13:28:45";6.51
"Servidor-SPTECH";"ram";"ram_Usada";"GB";"2022-11-08 13:28:43";6.54
"Servidor-SPTECH";"ram";"ram_Usada";"GB";"2022-11-08 13:28:41";6.63
"Servidor-SPTECH";"ram";"ram_Usada";"GB";"2022-11-08 13:28:40";6.62
"Servidor-SPTECH";"ram";"ram_Usada";"GB";"2022-11-08 13:28:38";6.63
"Servidor-SPTECH";"ram";"ram_Usada";"GB";"2022-11-08 13:28:37";6.61
"Servidor-SPTECH";"ram";"ram_Usada";"GB";"2022-11-08 13:28:35";6.64
"Servidor-SPTECH";"ram";"ram_Usada";"GB";"2022-11-08 13:28:33";6.75
"Servidor-SPTECH";"ram";"ram_Usada";"GB";"2022-11-08 13:28:32";6.76
"Servidor-SPTECH";"ram";"ram_Usada";"GB";"2022-11-08 13:28:30";6.76
"Servidor-SPTECH";"ram";"ram_Usada";"GB";"2022-11-08 13:28:28";6.75
"Servidor-SPTECH";"ram";"ram_Usada";"GB";"2022-11-08 13:28:27";6.76
"Servidor-SPTECH";"ram";"ram_Usada";"GB";"2022-11-08 13:28:25";6.74
"Servidor-SPTECH";"ram";"ram_Usada";"GB";"2022-11-08 13:28:23";6.74
"Servidor-SPTECH";"ram";"ram_Usada";"GB";"2022-11-08 13:28:22";6.74
"Servidor-SPTECH";"ram";"ram_Usada";"GB";"2022-11-08 13:28:20";6.75
"Servidor-SPTECH";"ram";"ram_Usada";"GB";"2022-11-08 13:28:19";6.76
"Servidor-SPTECH";"ram";"ram_Usada";"GB";"2022-11-08 13:28:17";6.74
"Servidor-SPTECH";"ram";"ram_Usada";"GB";"2022-11-08 13:28:15";6.75
"Servidor-SPTECH";"ram";"ram_Usada";"GB";"2022-11-08 13:28:14";6.76
"Servidor-SPTECH";"ram";"ram_Usada";"GB";"2022-11-08 13:28:12";6.75
"Servidor-SPTECH";"ram";"ram_Usada";"GB";"2022-11-08 13:28:10";6.75
"Servidor-SPTECH";"ram";"ram_Usada";"GB";"2022-11-08 13:28:09";6.72
"Servidor-SPTECH";"ram";"ram_Usada";"GB";"2022-11-08 13:28:07";6.74
"Servidor-SPTECH";"ram";"ram_Usada";"GB";"2022-11-08 13:28:05";6.81
"Servidor-SPTECH";"ram";"ram_Usada";"GB";"2022-11-08 13:28:04";6.81
"Servidor-SPTECH";"ram";"ram_Usada";"GB";"2022-11-08 13:28:02";6.82
"Servidor-SPTECH";"ram";"ram_Usada";"GB";"2022-11-08 13:28:01";6.82
"Servidor-SPTECH";"ram";"ram_Usada";"GB";"2022-11-08 13:27:59";6.81
"Servidor-SPTECH";"ram";"ram_Usada";"GB";"2022-11-08 13:27:58";6.82
"Servidor-SPTECH";"ram";"ram_Usada";"GB";"2022-11-08 13:27:56";6.81
"Servidor-SPTECH";"ram";"ram_Usada";"GB";"2022-11-08 13:27:54";6.8
"Servidor-SPTECH";"ram";"ram_Usada";"GB";"2022-11-08 13:27:53";6.79
"Servidor-SPTECH";"ram";"ram_Usada";"GB";"2022-11-08 13:27:51";6.83
"Servidor-SPTECH";"ram";"ram_Usada";"GB";"2022-11-08 13:27:49";6.82
"Servidor-SPTECH";"ram";"ram_Usada";"GB";"2022-11-08 13:27:48";6.81
"Servidor-SPTECH";"ram";"ram_Usada";"GB";"2022-11-08 13:27:46";6.81
"Servidor-SPTECH";"ram";"ram_Usada";"GB";"2022-11-08 13:27:44";6.8
"Servidor-SPTECH";"ram";"ram_Usada";"GB";"2022-11-08 13:27:43";6.82
"Servidor-SPTECH";"ram";"ram_Usada";"GB";"2022-11-08 13:27:41";6.79
"Servidor-SPTECH";"ram";"ram_Usada";"GB";"2022-11-08 13:27:39";6.8
"Servidor-SPTECH";"ram";"ram_Usada";"GB";"2022-11-08 13:27:38";6.75
"Servidor-SPTECH";"ram";"ram_Usada";"GB";"2022-11-08 13:27:36";6.8
"Servidor-SPTECH";"ram";"ram_Usada";"GB";"2022-11-08 13:27:34";6.82
"Servidor-SPTECH";"ram";"ram_Usada";"GB";"2022-11-08 13:27:33";6.85
"Servidor-SPTECH";"ram";"ram_Usada";"GB";"2022-11-08 13:27:31";6.85
"Servidor-SPTECH";"ram";"ram_Usada";"GB";"2022-11-08 13:27:29";6.85
"Servidor-SPTECH";"ram";"ram_Usada";"GB";"2022-11-08 13:27:28";6.85
"Servidor-SPTECH";"ram";"ram_Usada";"GB";"2022-11-08 13:27:26";6.86
"Servidor-SPTECH";"ram";"ram_Usada";"GB";"2022-11-08 13:27:24";6.85
"Servidor-SPTECH";"ram";"ram_Usada";"GB";"2022-11-08 13:27:23";6.8
"Servidor-SPTECH";"ram";"ram_Usada";"GB";"2022-11-08 13:27:21";6.81
"Servidor-SPTECH";"ram";"ram_Usada";"GB";"2022-11-08 13:27:20";6.83
"Servidor-SPTECH";"ram";"ram_Usada";"GB";"2022-11-08 13:27:18";6.81
"Servidor-SPTECH";"ram";"ram_Usada";"GB";"2022-11-08 13:27:16";6.81
"Servidor-SPTECH";"ram";"ram_Usada";"GB";"2022-11-08 13:27:15";6.8
"Servidor-SPTECH";"ram";"ram_Usada";"GB";"2022-11-08 13:27:13";6.75
"Servidor-SPTECH";"ram";"ram_Usada";"GB";"2022-11-08 13:27:12";6.75
"Servidor-SPTECH";"ram";"ram_Usada";"GB";"2022-11-08 13:27:10";6.75
"Servidor-SPTECH";"ram";"ram_Usada";"GB";"2022-11-08 13:27:08";6.75
"Servidor-SPTECH";"ram";"ram_Usada";"GB";"2022-11-08 13:27:06";6.76
"Servidor-SPTECH";"ram";"ram_Usada";"GB";"2022-11-08 13:27:05";6.78
"Servidor-SPTECH";"ram";"ram_Usada";"GB";"2022-11-08 13:27:03";6.8
"Servidor-SPTECH";"ram";"ram_Usada";"GB";"2022-11-08 13:27:01";6.8
"Servidor-SPTECH";"ram";"ram_Usada";"GB";"2022-11-08 13:26:59";6.79
"Servidor-SPTECH";"ram";"ram_Usada";"GB";"2022-11-08 13:26:58";6.79
"Servidor-SPTECH";"ram";"ram_Usada";"GB";"2022-11-08 13:26:56";6.84
"Servidor-SPTECH";"ram";"ram_Usada";"GB";"2022-11-08 13:26:54";6.82
"Servidor-SPTECH";"ram";"ram_Usada";"GB";"2022-11-08 13:26:53";6.81
"Servidor-SPTECH";"ram";"ram_Usada";"GB";"2022-11-08 13:26:51";6.8
"Servidor-SPTECH";"ram";"ram_Usada";"GB";"2022-11-08 13:26:50";6.8
"Servidor-SPTECH";"ram";"ram_Usada";"GB";"2022-11-08 13:26:48";6.78
"Servidor-SPTECH";"ram";"ram_Usada";"GB";"2022-11-08 13:26:46";6.78
"Servidor-SPTECH";"ram";"ram_Usada";"GB";"2022-11-08 13:26:45";6.78
"Servidor-SPTECH";"ram";"ram_Usada";"GB";"2022-11-08 13:26:43";6.77
"Servidor-SPTECH";"ram";"ram_Usada";"GB";"2022-11-08 13:26:41";6.78
"Servidor-SPTECH";"ram";"ram_Usada";"GB";"2022-11-08 13:26:40";6.79
"Servidor-SPTECH";"ram";"ram_Usada";"GB";"2022-11-08 13:26:38";6.76
"Servidor-SPTECH";"ram";"ram_Usada";"GB";"2022-11-08 13:26:37";6.76
"Servidor-SPTECH";"ram";"ram_Usada";"GB";"2022-11-08 13:26:35";6.76
"Servidor-SPTECH";"ram";"ram_Usada";"GB";"2022-11-08 13:26:33";6.78
"Servidor-SPTECH";"ram";"ram_Usada";"GB";"2022-11-08 13:26:32";6.78
"Servidor-SPTECH";"ram";"ram_Usada";"GB";"2022-11-08 13:26:30";6.79
"Servidor-SPTECH";"ram";"ram_Usada";"GB";"2022-11-08 13:26:28";6.78
"Servidor-SPTECH";"ram";"ram_Usada";"GB";"2022-11-08 13:26:27";6.78
"Servidor-SPTECH";"ram";"ram_Usada";"GB";"2022-11-08 13:26:25";6.79
"Servidor-SPTECH";"ram";"ram_Usada";"GB";"2022-11-08 13:26:24";6.79
"Servidor-SPTECH";"ram";"ram_Usada";"GB";"2022-11-08 13:26:22";6.77
"Servidor-SPTECH";"ram";"ram_Usada";"GB";"2022-11-08 13:26:20";6.77
"Servidor-SPTECH";"ram";"ram_Usada";"GB";"2022-11-08 13:26:18";6.78
"Servidor-SPTECH";"ram";"ram_Usada";"GB";"2022-11-08 13:26:17";6.76
"Servidor-SPTECH";"ram";"ram_Usada";"GB";"2022-11-08 13:26:15";6.74
"Servidor-SPTECH";"ram";"ram_Usada";"GB";"2022-11-08 13:26:14";6.74
"Servidor-SPTECH";"ram";"ram_Usada";"GB";"2022-11-08 13:26:12";6.75
"Servidor-SPTECH";"ram";"ram_Usada";"GB";"2022-11-08 13:26:10";6.72
"Servidor-SPTECH";"ram";"ram_Usada";"GB";"2022-11-08 13:26:09";6.76
"Servidor-SPTECH";"ram";"ram_Usada";"GB";"2022-11-08 13:26:07";6.77
"Servidor-SPTECH";"ram";"ram_Usada";"GB";"2022-11-08 13:26:05";6.77
"Servidor-SPTECH";"ram";"ram_Usada";"GB";"2022-11-08 13:26:04";6.77
"Servidor-SPTECH";"ram";"ram_Usada";"GB";"2022-11-08 13:26:02";6.8
"Servidor-SPTECH";"ram";"ram_Usada";"GB";"2022-11-08 13:26:01";6.83
"Servidor-SPTECH";"ram";"ram_Usada";"GB";"2022-11-08 13:25:59";6.85
"Servidor-SPTECH";"ram";"ram_Usada";"GB";"2022-11-08 13:25:57";6.78
"Servidor-SPTECH";"ram";"ram_Usada";"GB";"2022-11-08 13:25:56";6.76
"Servidor-SPTECH";"ram";"ram_Usada";"GB";"2022-11-08 13:25:54";6.81
"Servidor-SPTECH";"ram";"ram_Usada";"GB";"2022-11-08 13:25:52";6.84
"Servidor-SPTECH";"ram";"ram_Usada";"GB";"2022-11-08 13:25:51";6.83
"Servidor-SPTECH";"ram";"ram_Usada";"GB";"2022-11-08 13:25:49";6.83
"Servidor-SPTECH";"ram";"ram_Usada";"GB";"2022-11-08 13:25:48";6.82
"Servidor-SPTECH";"ram";"ram_Usada";"GB";"2022-11-08 13:25:46";6.82
"Servidor-SPTECH";"ram";"ram_Usada";"GB";"2022-11-08 13:25:44";6.7
"Servidor-SPTECH";"ram";"ram_Usada";"GB";"2022-11-08 13:25:43";6.74
"Servidor-SPTECH";"ram";"ram_Usada";"GB";"2022-11-08 13:25:41";6.77
"Servidor-SPTECH";"ram";"ram_Usada";"GB";"2022-11-08 13:25:40";6.76
"Servidor-SPTECH";"ram";"ram_Usada";"GB";"2022-11-08 13:25:38";6.77
"Servidor-SPTECH";"ram";"ram_Usada";"GB";"2022-11-08 13:25:36";6.76
"Servidor-SPTECH";"ram";"ram_Usada";"GB";"2022-11-08 13:25:35";6.78
"Servidor-SPTECH";"ram";"ram_Usada";"GB";"2022-11-08 13:25:33";6.75
"Servidor-SPTECH";"ram";"ram_Usada";"GB";"2022-11-08 13:25:31";6.75
"Servidor-SPTECH";"ram";"ram_Usada";"GB";"2022-11-08 13:25:30";6.76
"Servidor-SPTECH";"ram";"ram_Usada";"GB";"2022-11-08 13:25:28";6.78
"Servidor-SPTECH";"ram";"ram_Usada";"GB";"2022-11-08 13:25:26";6.79
"Servidor-SPTECH";"ram";"ram_Usada";"GB";"2022-11-08 13:25:25";6.76
"Servidor-SPTECH";"ram";"ram_Usada";"GB";"2022-11-08 13:25:23";6.72
"Servidor-SPTECH";"ram";"ram_Usada";"GB";"2022-11-08 13:25:21";6.78
"Servidor-SPTECH";"ram";"ram_Usada";"GB";"2022-11-08 13:25:20";6.74
"Servidor-SPTECH";"ram";"ram_Usada";"GB";"2022-11-08 13:25:18";6.73
"Servidor-SPTECH";"ram";"ram_Usada";"GB";"2022-11-08 13:25:17";6.7
"Servidor-SPTECH";"ram";"ram_Usada";"GB";"2022-11-08 13:25:15";6.65
"Servidor-SPTECH";"ram";"ram_Usada";"GB";"2022-11-08 13:25:13";6.63
"Servidor-SPTECH";"ram";"ram_Usada";"GB";"2022-11-08 13:25:12";6.63
"Servidor-SPTECH";"ram";"ram_Usada";"GB";"2022-11-08 13:25:10";6.64
"Servidor-SPTECH";"ram";"ram_Usada";"GB";"2022-11-08 13:25:08";6.65
"Servidor-SPTECH";"ram";"ram_Usada";"GB";"2022-11-08 13:25:07";6.63
"Servidor-SPTECH";"ram";"ram_Usada";"GB";"2022-11-08 13:25:05";6.73
"Servidor-SPTECH";"ram";"ram_Usada";"GB";"2022-11-08 13:25:04";6.74
"Servidor-SPTECH";"ram";"ram_Usada";"GB";"2022-11-08 13:25:02";6.71
"Servidor-SPTECH";"ram";"ram_Usada";"GB";"2022-11-08 13:25:00";6.73
"Servidor-SPTECH";"ram";"ram_Usada";"GB";"2022-11-08 13:24:59";6.72
"Servidor-SPTECH";"ram";"ram_Usada";"GB";"2022-11-08 13:24:57";6.72
"Servidor-SPTECH";"ram";"ram_Usada";"GB";"2022-11-08 13:24:56";6.71
"Servidor-SPTECH";"ram";"ram_Usada";"GB";"2022-11-08 13:24:54";6.72
"Servidor-SPTECH";"ram";"ram_Usada";"GB";"2022-11-08 13:24:52";6.72
"Servidor-SPTECH";"ram";"ram_Usada";"GB";"2022-11-08 13:24:51";6.72
"Servidor-SPTECH";"ram";"ram_Usada";"GB";"2022-11-08 13:24:49";6.71
"Servidor-SPTECH";"ram";"ram_Usada";"GB";"2022-11-08 13:24:48";6.7
"Servidor-SPTECH";"ram";"ram_Usada";"GB";"2022-11-08 13:24:46";6.7
"Servidor-SPTECH";"ram";"ram_Usada";"GB";"2022-11-08 13:24:44";6.7
"Servidor-SPTECH";"ram";"ram_Usada";"GB";"2022-11-08 13:24:43";6.73
"Servidor-SPTECH";"ram";"ram_Usada";"GB";"2022-11-08 13:24:41";6.74
"Servidor-SPTECH";"ram";"ram_Usada";"GB";"2022-11-08 13:24:39";6.74
"Servidor-SPTECH";"ram";"ram_Usada";"GB";"2022-11-08 13:24:38";6.74
"Servidor-SPTECH";"ram";"ram_Usada";"GB";"2022-11-08 13:24:36";6.74
"Servidor-SPTECH";"ram";"ram_Usada";"GB";"2022-11-08 13:24:34";6.75
"Servidor-SPTECH";"ram";"ram_Usada";"GB";"2022-11-08 13:24:33";6.74
"Servidor-SPTECH";"ram";"ram_Usada";"GB";"2022-11-08 13:24:31";6.74
"Servidor-SPTECH";"ram";"ram_Usada";"GB";"2022-11-08 13:24:29";6.71
"Servidor-SPTECH";"ram";"ram_Usada";"GB";"2022-11-08 13:24:28";6.73
"Servidor-SPTECH";"ram";"ram_Usada";"GB";"2022-11-08 13:24:26";6.73
"Servidor-SPTECH";"ram";"ram_Usada";"GB";"2022-11-08 13:24:25";6.72
"Servidor-SPTECH";"ram";"ram_Usada";"GB";"2022-11-08 13:24:23";6.72
"Servidor-SPTECH";"ram";"ram_Usada";"GB";"2022-11-08 13:24:21";6.72
"Servidor-SPTECH";"ram";"ram_Usada";"GB";"2022-11-08 13:24:20";6.69
"Servidor-SPTECH";"ram";"ram_Usada";"GB";"2022-11-08 13:24:18";6.71
"Servidor-SPTECH";"ram";"ram_Usada";"GB";"2022-11-08 13:24:17";6.7
"Servidor-SPTECH";"ram";"ram_Usada";"GB";"2022-11-08 13:24:15";6.67
"Servidor-SPTECH";"ram";"ram_Usada";"GB";"2022-11-08 13:24:13";6.67
"Servidor-SPTECH";"ram";"ram_Usada";"GB";"2022-11-08 13:24:12";6.66
"Servidor-SPTECH";"ram";"ram_Usada";"GB";"2022-11-08 13:24:10";6.66
"Servidor-SPTECH";"ram";"ram_Usada";"GB";"2022-11-08 13:24:09";6.66
"Servidor-SPTECH";"ram";"ram_Usada";"GB";"2022-11-08 13:24:07";6.67
"Servidor-SPTECH";"ram";"ram_Usada";"GB";"2022-11-08 13:24:06";6.7
"Servidor-SPTECH";"ram";"ram_Usada";"GB";"2022-11-08 13:24:04";6.7
"Servidor-SPTECH";"ram";"ram_Usada";"GB";"2022-11-08 13:24:02";6.7
"Servidor-SPTECH";"ram";"ram_Usada";"GB";"2022-11-08 13:24:01";6.7
"Servidor-SPTECH";"ram";"ram_Usada";"GB";"2022-11-08 13:23:59";6.71
"Servidor-SPTECH";"ram";"ram_Usada";"GB";"2022-11-08 13:23:57";6.7
"Servidor-SPTECH";"ram";"ram_Usada";"GB";"2022-11-08 13:23:56";6.69
"Servidor-SPTECH";"ram";"ram_Usada";"GB";"2022-11-08 13:23:54";6.7
"Servidor-SPTECH";"ram";"ram_Usada";"GB";"2022-11-08 13:23:52";6.7
"Servidor-SPTECH";"ram";"ram_Usada";"GB";"2022-11-08 13:23:51";6.69
"Servidor-SPTECH";"ram";"ram_Usada";"GB";"2022-11-08 13:23:49";6.7
"Servidor-SPTECH";"ram";"ram_Usada";"GB";"2022-11-08 13:23:48";6.7
"Servidor-SPTECH";"ram";"ram_Usada";"GB";"2022-11-08 13:23:46";6.7
"Servidor-SPTECH";"ram";"ram_Usada";"GB";"2022-11-08 13:23:45";6.71
"Servidor-SPTECH";"ram";"ram_Usada";"GB";"2022-11-08 13:23:43";6.69
"Servidor-SPTECH";"ram";"ram_Usada";"GB";"2022-11-08 13:23:41";6.69
"Servidor-SPTECH";"ram";"ram_Usada";"GB";"2022-11-08 13:23:40";6.69
"Servidor-SPTECH";"ram";"ram_Usada";"GB";"2022-11-08 13:23:38";6.69
"Servidor-SPTECH";"ram";"ram_Usada";"GB";"2022-11-08 13:23:37";6.69
"Servidor-SPTECH";"ram";"ram_Usada";"GB";"2022-11-08 13:23:35";6.69
"Servidor-SPTECH";"ram";"ram_Usada";"GB";"2022-11-08 13:23:33";6.69
"Servidor-SPTECH";"ram";"ram_Usada";"GB";"2022-11-08 13:23:32";6.85
"Servidor-SPTECH";"ram";"ram_Usada";"GB";"2022-11-08 13:23:30";6.82
"Servidor-SPTECH";"ram";"ram_Usada";"GB";"2022-11-08 13:23:28";6.82
"Servidor-SPTECH";"ram";"ram_Usada";"GB";"2022-11-08 13:23:27";6.82
"Servidor-SPTECH";"ram";"ram_Usada";"GB";"2022-11-08 13:23:25";6.82
"Servidor-SPTECH";"ram";"ram_Usada";"GB";"2022-11-08 13:23:23";6.82
"Servidor-SPTECH";"ram";"ram_Usada";"GB";"2022-11-08 13:23:22";6.82
"Servidor-SPTECH";"ram";"ram_Usada";"GB";"2022-11-08 13:23:20";6.82
"Servidor-SPTECH";"ram";"ram_Usada";"GB";"2022-11-08 13:23:18";6.82
"Servidor-SPTECH";"ram";"ram_Usada";"GB";"2022-11-08 13:23:17";6.81
"Servidor-SPTECH";"ram";"ram_Usada";"GB";"2022-11-08 13:23:15";6.82
"Servidor-SPTECH";"ram";"ram_Usada";"GB";"2022-11-08 13:23:13";6.82
"Servidor-SPTECH";"ram";"ram_Usada";"GB";"2022-11-08 13:23:12";6.83
"Servidor-SPTECH";"ram";"ram_Usada";"GB";"2022-11-08 13:23:10";6.83
"Servidor-SPTECH";"ram";"ram_Usada";"GB";"2022-11-08 13:23:09";6.83
"Servidor-SPTECH";"ram";"ram_Usada";"GB";"2022-11-08 13:23:07";6.82
"Servidor-SPTECH";"ram";"ram_Usada";"GB";"2022-11-08 13:23:05";6.83
"Servidor-SPTECH";"ram";"ram_Usada";"GB";"2022-11-08 13:23:04";6.83
"Servidor-SPTECH";"ram";"ram_Usada";"GB";"2022-11-08 13:23:02";6.83
"Servidor-SPTECH";"ram";"ram_Usada";"GB";"2022-11-08 13:23:00";6.8
"Servidor-SPTECH";"ram";"ram_Usada";"GB";"2022-11-08 13:22:59";6.8
"Servidor-SPTECH";"ram";"ram_Usada";"GB";"2022-11-08 13:22:57";6.82
"Servidor-SPTECH";"ram";"ram_Usada";"GB";"2022-11-08 13:22:55";6.8
"Servidor-SPTECH";"ram";"ram_Usada";"GB";"2022-11-08 13:22:54";6.85
"Servidor-SPTECH";"ram";"ram_Usada";"GB";"2022-11-08 13:22:52";6.85
"Servidor-SPTECH";"ram";"ram_Usada";"GB";"2022-11-08 13:22:51";6.83
"Servidor-SPTECH";"ram";"ram_Usada";"GB";"2022-11-08 13:22:49";6.84
"Servidor-SPTECH";"ram";"ram_Usada";"GB";"2022-11-08 13:22:47";6.84
"Servidor-SPTECH";"ram";"ram_Usada";"GB";"2022-11-08 13:22:45";6.8
"Servidor-SPTECH";"ram";"ram_Usada";"GB";"2022-11-08 13:22:44";6.79
"Servidor-SPTECH";"ram";"ram_Usada";"GB";"2022-11-08 13:22:42";6.82
"Servidor-SPTECH";"ram";"ram_Usada";"GB";"2022-11-08 13:22:40";6.82
"Servidor-SPTECH";"ram";"ram_Usada";"GB";"2022-11-08 13:22:39";6.8
"Servidor-SPTECH";"ram";"ram_Usada";"GB";"2022-11-08 13:22:37";6.81
"Servidor-SPTECH";"ram";"ram_Usada";"GB";"2022-11-08 13:22:36";6.8
"Servidor-SPTECH";"ram";"ram_Usada";"GB";"2022-11-08 13:22:34";6.81
"Servidor-SPTECH";"ram";"ram_Usada";"GB";"2022-11-08 13:22:32";6.86
"Servidor-SPTECH";"ram";"ram_Usada";"GB";"2022-11-08 13:22:31";6.86
"Servidor-SPTECH";"ram";"ram_Usada";"GB";"2022-11-08 13:22:29";6.86
"Servidor-SPTECH";"ram";"ram_Usada";"GB";"2022-11-08 13:22:28";6.85
"Servidor-SPTECH";"ram";"ram_Usada";"GB";"2022-11-08 13:22:26";6.91
"Servidor-SPTECH";"ram";"ram_Usada";"GB";"2022-11-08 13:22:25";6.91
"Servidor-SPTECH";"ram";"ram_Usada";"GB";"2022-11-08 13:22:23";6.91
"Servidor-SPTECH";"ram";"ram_Usada";"GB";"2022-11-08 13:22:21";6.84
"Servidor-SPTECH";"ram";"ram_Usada";"GB";"2022-11-08 13:22:19";6.98
"Servidor-SPTECH";"ram";"ram_Usada";"GB";"2022-11-08 13:22:18";6.95
"Servidor-SPTECH";"ram";"ram_Usada";"GB";"2022-11-08 13:22:16";6.88
"Servidor-SPTECH";"ram";"ram_Usada";"GB";"2022-11-08 13:22:14";6.66
"Servidor-SPTECH";"ram";"ram_Usada";"GB";"2022-11-08 13:22:13";6.66
"Servidor-SPTECH";"ram";"ram_Usada";"GB";"2022-11-08 13:22:11";6.66
"Servidor-SPTECH";"ram";"ram_Usada";"GB";"2022-11-08 13:22:09";6.67
"Servidor-SPTECH";"ram";"ram_Usada";"GB";"2022-11-08 13:22:08";6.63
"Servidor-SPTECH";"ram";"ram_Usada";"GB";"2022-11-08 13:22:06";6.64
"Servidor-SPTECH";"ram";"ram_Usada";"GB";"2022-11-08 13:22:04";6.65
"Servidor-SPTECH";"ram";"ram_Usada";"GB";"2022-11-08 13:22:03";6.66
"Servidor-SPTECH";"ram";"ram_Usada";"GB";"2022-11-08 13:22:01";6.66
"Servidor-SPTECH";"ram";"ram_Usada";"GB";"2022-11-08 13:21:59";6.64
"Servidor-SPTECH";"ram";"ram_Usada";"GB";"2022-11-08 13:21:58";6.61
"Servidor-SPTECH";"ram";"ram_Usada";"GB";"2022-11-08 13:21:56";6.61
"Servidor-SPTECH";"ram";"ram_Usada";"GB";"2022-11-08 13:21:55";6.64
"Servidor-SPTECH";"ram";"ram_Usada";"GB";"2022-11-08 13:21:53";6.66
"Servidor-SPTECH";"ram";"ram_Usada";"GB";"2022-11-08 13:21:51";6.64
"Servidor-SPTECH";"ram";"ram_Usada";"GB";"2022-11-08 13:21:50";6.63
"Servidor-SPTECH";"ram";"ram_Usada";"GB";"2022-11-08 13:21:48";6.65
"Servidor-SPTECH";"ram";"ram_Usada";"GB";"2022-11-08 13:21:47";6.67
"Servidor-SPTECH";"ram";"ram_Usada";"GB";"2022-11-08 13:21:45";6.67
"Servidor-SPTECH";"ram";"ram_Usada";"GB";"2022-11-08 13:21:44";6.68
"Servidor-SPTECH";"ram";"ram_Usada";"GB";"2022-11-08 13:21:42";6.82
"Servidor-SPTECH";"ram";"ram_Usada";"GB";"2022-11-08 13:21:40";6.71
"Servidor-SPTECH";"ram";"ram_Usada";"GB";"2022-11-08 13:21:39";6.7
"Servidor-SPTECH";"ram";"ram_Usada";"GB";"2022-11-08 13:21:37";6.71
"Servidor-SPTECH";"ram";"ram_Usada";"GB";"2022-11-08 13:21:35";6.68
"Servidor-SPTECH";"ram";"ram_Usada";"GB";"2022-11-08 13:21:34";6.65
"Servidor-SPTECH";"ram";"ram_Usada";"GB";"2022-11-08 13:21:32";6.64
"Servidor-SPTECH";"ram";"ram_Usada";"GB";"2022-11-08 13:21:31";6.63
"Servidor-SPTECH";"ram";"ram_Usada";"GB";"2022-11-08 13:21:29";6.63
"Servidor-SPTECH";"ram";"ram_Usada";"GB";"2022-11-08 13:21:27";6.63
"Servidor-SPTECH";"ram";"ram_Usada";"GB";"2022-11-08 13:21:26";6.63
"Servidor-SPTECH";"ram";"ram_Usada";"GB";"2022-11-08 13:21:24";6.62
"Servidor-SPTECH";"ram";"ram_Usada";"GB";"2022-11-08 13:21:22";6.62
"Servidor-SPTECH";"ram";"ram_Usada";"GB";"2022-11-08 13:21:21";6.62
"Servidor-SPTECH";"ram";"ram_Usada";"GB";"2022-11-08 13:21:19";6.58
"Servidor-SPTECH";"ram";"ram_Usada";"GB";"2022-11-08 13:21:18";6.61
"Servidor-SPTECH";"ram";"ram_Usada";"GB";"2022-11-08 13:21:16";6.61
"Servidor-SPTECH";"ram";"ram_Usada";"GB";"2022-11-08 13:21:14";6.61
"Servidor-SPTECH";"ram";"ram_Usada";"GB";"2022-11-08 13:21:13";6.61
"Servidor-SPTECH";"ram";"ram_Usada";"GB";"2022-11-08 13:21:11";6.61
"Servidor-SPTECH";"ram";"ram_Usada";"GB";"2022-11-08 13:21:09";6.61
"Servidor-SPTECH";"ram";"ram_Usada";"GB";"2022-11-08 13:21:08";6.6
"Servidor-SPTECH";"ram";"ram_Usada";"GB";"2022-11-08 13:21:06";6.61
"Servidor-SPTECH";"ram";"ram_Usada";"GB";"2022-11-08 13:21:04";6.61
"Servidor-SPTECH";"ram";"ram_Usada";"GB";"2022-11-08 13:21:03";6.63
"Servidor-SPTECH";"ram";"ram_Usada";"GB";"2022-11-08 13:21:01";6.6
"Servidor-SPTECH";"ram";"ram_Usada";"GB";"2022-11-08 13:21:00";6.65
"Servidor-SPTECH";"ram";"ram_Usada";"GB";"2022-11-08 13:20:58";6.63
"Servidor-SPTECH";"ram";"ram_Usada";"GB";"2022-11-08 13:20:56";6.63
"Servidor-SPTECH";"ram";"ram_Usada";"GB";"2022-11-08 13:20:55";6.63
"Servidor-SPTECH";"ram";"ram_Usada";"GB";"2022-11-08 13:20:53";6.64
"Servidor-SPTECH";"ram";"ram_Usada";"GB";"2022-11-08 13:20:51";6.61
"Servidor-SPTECH";"ram";"ram_Usada";"GB";"2022-11-08 13:20:50";6.58
"Servidor-SPTECH";"ram";"ram_Usada";"GB";"2022-11-08 13:20:48";6.57
"Servidor-SPTECH";"ram";"ram_Usada";"GB";"2022-11-08 13:20:46";6.62
"Servidor-SPTECH";"ram";"ram_Usada";"GB";"2022-11-08 13:20:45";6.63
"Servidor-SPTECH";"ram";"ram_Usada";"GB";"2022-11-08 13:20:43";6.59
"Servidor-SPTECH";"ram";"ram_Usada";"GB";"2022-11-08 13:20:41";6.63
"Servidor-SPTECH";"ram";"ram_Usada";"GB";"2022-11-08 13:20:40";6.62
"Servidor-SPTECH";"ram";"ram_Usada";"GB";"2022-11-08 13:20:38";6.62
"Servidor-SPTECH";"ram";"ram_Usada";"GB";"2022-11-08 13:20:37";6.62
"Servidor-SPTECH";"ram";"ram_Usada";"GB";"2022-11-08 13:20:35";6.62
"Servidor-SPTECH";"ram";"ram_Usada";"GB";"2022-11-08 13:20:33";6.62
"Servidor-SPTECH";"ram";"ram_Usada";"GB";"2022-11-08 13:20:32";6.63
"Servidor-SPTECH";"ram";"ram_Usada";"GB";"2022-11-08 13:20:30";6.62
"Servidor-SPTECH";"ram";"ram_Usada";"GB";"2022-11-08 13:20:28";6.63
"Servidor-SPTECH";"ram";"ram_Usada";"GB";"2022-11-08 13:20:27";6.63
"Servidor-SPTECH";"ram";"ram_Usada";"GB";"2022-11-08 13:20:25";6.6
"Servidor-SPTECH";"ram";"ram_Usada";"GB";"2022-11-08 13:20:23";6.64
"Servidor-SPTECH";"ram";"ram_Usada";"GB";"2022-11-08 13:20:21";6.63
"Servidor-SPTECH";"ram";"ram_Usada";"GB";"2022-11-08 13:20:20";6.66
"Servidor-SPTECH";"ram";"ram_Usada";"GB";"2022-11-08 13:20:18";6.56
"Servidor-SPTECH";"ram";"ram_Usada";"GB";"2022-11-08 13:20:17";6.56
"Servidor-SPTECH";"ram";"ram_Usada";"GB";"2022-11-08 13:20:15";6.55
"Servidor-SPTECH";"ram";"ram_Usada";"GB";"2022-11-08 13:20:13";6.52
"Servidor-SPTECH";"ram";"ram_Usada";"GB";"2022-11-08 13:20:12";6.55
"Servidor-SPTECH";"ram";"ram_Usada";"GB";"2022-11-08 13:20:10";6.55
"Servidor-SPTECH";"ram";"ram_Usada";"GB";"2022-11-08 13:20:08";6.56
"Servidor-SPTECH";"ram";"ram_Usada";"GB";"2022-11-08 13:20:07";6.56
"Servidor-SPTECH";"ram";"ram_Usada";"GB";"2022-11-08 13:20:05";6.57
"Servidor-SPTECH";"ram";"ram_Usada";"GB";"2022-11-08 13:20:03";6.75
"Servidor-SPTECH";"ram";"ram_Usada";"GB";"2022-11-08 13:20:02";6.75
"Servidor-SPTECH";"ram";"ram_Usada";"GB";"2022-11-08 13:20:00";6.67
"Servidor-SPTECH";"ram";"ram_Usada";"GB";"2022-11-08 13:19:58";6.56
"Servidor-SPTECH";"ram";"ram_Usada";"GB";"2022-11-08 13:19:56";6.54
"Servidor-SPTECH";"ram";"ram_Usada";"GB";"2022-11-08 13:19:55";6.55
"Servidor-SPTECH";"ram";"ram_Usada";"GB";"2022-11-08 13:19:53";6.59
"Servidor-SPTECH";"ram";"ram_Usada";"GB";"2022-11-08 13:19:51";6.54
"Servidor-SPTECH";"ram";"ram_Usada";"GB";"2022-11-08 13:19:49";6.5
"Servidor-SPTECH";"ram";"ram_Usada";"GB";"2022-11-08 13:19:48";6.45
"Servidor-SPTECH";"ram";"ram_Usada";"GB";"2022-11-08 13:19:46";6.45
"Servidor-SPTECH";"ram";"ram_Usada";"GB";"2022-11-08 13:19:44";6.45
"Servidor-SPTECH";"ram";"ram_Usada";"GB";"2022-11-08 13:19:43";6.43
"Servidor-SPTECH";"ram";"ram_Usada";"GB";"2022-11-08 13:19:41";6.57
"Servidor-SPTECH";"ram";"ram_Usada";"GB";"2022-11-08 13:19:39";6.58
"Servidor-SPTECH";"ram";"ram_Usada";"GB";"2022-11-08 13:19:38";6.58
"Servidor-SPTECH";"ram";"ram_Usada";"GB";"2022-11-08 13:19:36";6.57
"Servidor-SPTECH";"ram";"ram_Usada";"GB";"2022-11-08 13:19:35";6.57
"Servidor-SPTECH";"ram";"ram_Usada";"GB";"2022-11-08 13:19:33";6.63
"Servidor-SPTECH";"ram";"ram_Usada";"GB";"2022-11-08 13:19:31";6.62
"Servidor-SPTECH";"ram";"ram_Usada";"GB";"2022-11-08 13:19:29";6.66
"Servidor-SPTECH";"ram";"ram_Usada";"GB";"2022-11-08 13:19:28";6.67
"Servidor-SPTECH";"ram";"ram_Usada";"GB";"2022-11-08 13:19:26";6.65
"Servidor-SPTECH";"ram";"ram_Usada";"GB";"2022-11-08 13:19:25";6.66
"Servidor-SPTECH";"ram";"ram_Usada";"GB";"2022-11-08 13:19:23";6.65
"Servidor-SPTECH";"ram";"ram_Usada";"GB";"2022-11-08 13:19:21";6.65
"Servidor-SPTECH";"ram";"ram_Usada";"GB";"2022-11-08 13:19:20";6.65
"Servidor-SPTECH";"ram";"ram_Usada";"GB";"2022-11-08 13:19:18";6.65
"Servidor-SPTECH";"ram";"ram_Usada";"GB";"2022-11-08 13:19:16";6.65
"Servidor-SPTECH";"ram";"ram_Usada";"GB";"2022-11-08 13:19:15";6.65
"Servidor-SPTECH";"ram";"ram_Usada";"GB";"2022-11-08 13:19:13";6.63
"Servidor-SPTECH";"ram";"ram_Usada";"GB";"2022-11-08 13:19:11";6.65
"Servidor-SPTECH";"ram";"ram_Usada";"GB";"2022-11-08 13:19:10";6.66
"Servidor-SPTECH";"ram";"ram_Usada";"GB";"2022-11-08 13:19:08";6.65
"Servidor-SPTECH";"ram";"ram_Usada";"GB";"2022-11-08 13:19:06";6.6
"Servidor-SPTECH";"ram";"ram_Usada";"GB";"2022-11-08 13:19:05";6.59
"Servidor-SPTECH";"ram";"ram_Usada";"GB";"2022-11-08 13:19:03";6.56
"Servidor-SPTECH";"ram";"ram_Usada";"GB";"2022-11-08 13:19:02";6.56
"Servidor-SPTECH";"ram";"ram_Usada";"GB";"2022-11-08 13:19:00";6.57
"Servidor-SPTECH";"ram";"ram_Usada";"GB";"2022-11-08 13:18:58";6.56
"Servidor-SPTECH";"ram";"ram_Usada";"GB";"2022-11-08 13:18:57";6.59
"Servidor-SPTECH";"ram";"ram_Usada";"GB";"2022-11-08 13:18:55";6.54
"Servidor-SPTECH";"ram";"ram_Usada";"GB";"2022-11-08 13:18:53";6.57
"Servidor-SPTECH";"ram";"ram_Usada";"GB";"2022-11-08 13:18:52";6.54
"Servidor-SPTECH";"ram";"ram_Usada";"GB";"2022-11-08 13:18:50";6.54
"Servidor-SPTECH";"ram";"ram_Usada";"GB";"2022-11-08 13:18:48";6.54
"Servidor-SPTECH";"ram";"ram_Usada";"GB";"2022-11-08 13:18:47";6.55
"Servidor-SPTECH";"ram";"ram_Usada";"GB";"2022-11-08 13:18:45";6.55
"Servidor-SPTECH";"ram";"ram_Usada";"GB";"2022-11-08 13:18:43";6.55
"Servidor-SPTECH";"ram";"ram_Usada";"GB";"2022-11-08 13:18:42";6.56
"Servidor-SPTECH";"ram";"ram_Usada";"GB";"2022-11-08 13:18:40";6.56
"Servidor-SPTECH";"ram";"ram_Usada";"GB";"2022-11-08 13:18:38";6.57
"Servidor-SPTECH";"ram";"ram_Usada";"GB";"2022-11-08 13:18:37";6.54
"Servidor-SPTECH";"ram";"ram_Usada";"GB";"2022-11-08 13:18:35";6.76
"Servidor-SPTECH";"ram";"ram_Usada";"GB";"2022-11-08 13:18:33";7.03
"Servidor-SPTECH";"ram";"ram_Usada";"GB";"2022-11-08 13:18:31";7.23
"Servidor-SPTECH";"ram";"ram_Usada";"GB";"2022-11-08 13:18:29";7.2
"Servidor-SPTECH";"ram";"ram_Usada";"GB";"2022-11-08 13:18:27";7.19
"Servidor-SPTECH";"ram";"ram_Usada";"GB";"2022-11-08 13:18:26";7.19
"Servidor-SPTECH";"ram";"ram_Usada";"GB";"2022-11-08 13:18:24";7.19
"Servidor-SPTECH";"ram";"ram_Usada";"GB";"2022-11-08 13:18:23";7.19
"Servidor-SPTECH";"ram";"ram_Usada";"GB";"2022-11-08 13:18:21";7.19
"Servidor-SPTECH";"ram";"ram_Usada";"GB";"2022-11-08 13:18:19";7.2
"Servidor-SPTECH";"ram";"ram_Usada";"GB";"2022-11-08 13:18:18";7.19
"Servidor-SPTECH";"ram";"ram_Usada";"GB";"2022-11-08 13:18:16";7.19
"Servidor-SPTECH";"ram";"ram_Usada";"GB";"2022-11-08 13:18:14";7.19
"Servidor-SPTECH";"ram";"ram_Usada";"GB";"2022-11-08 13:18:13";7.17
"Servidor-SPTECH";"ram";"ram_Usada";"GB";"2022-11-08 13:18:11";7.2
"Servidor-SPTECH";"ram";"ram_Usada";"GB";"2022-11-08 13:18:09";7.2
"Servidor-SPTECH";"ram";"ram_Usada";"GB";"2022-11-08 13:18:08";7.2
"Servidor-SPTECH";"ram";"ram_Usada";"GB";"2022-11-08 13:18:06";7.2
"Servidor-SPTECH";"ram";"ram_Usada";"GB";"2022-11-08 13:18:05";7.22
"Servidor-SPTECH";"ram";"ram_Usada";"GB";"2022-11-08 13:18:03";7.22
"Servidor-SPTECH";"ram";"ram_Usada";"GB";"2022-11-08 13:18:01";7.21
"Servidor-SPTECH";"ram";"ram_Usada";"GB";"2022-11-08 13:18:00";7.2
"Servidor-SPTECH";"ram";"ram_Usada";"GB";"2022-11-08 13:17:58";7.2
"Servidor-SPTECH";"ram";"ram_Usada";"GB";"2022-11-08 13:17:56";7.27
"Servidor-SPTECH";"ram";"ram_Usada";"GB";"2022-11-08 13:17:55";7.24
"Servidor-SPTECH";"ram";"ram_Usada";"GB";"2022-11-08 13:17:53";7.28
"Servidor-SPTECH";"ram";"ram_Usada";"GB";"2022-11-08 13:17:51";7.26
"Servidor-SPTECH";"ram";"ram_Usada";"GB";"2022-11-08 13:17:50";7.24
"Servidor-SPTECH";"ram";"ram_Usada";"GB";"2022-11-08 13:17:48";7.25
"Servidor-SPTECH";"ram";"ram_Usada";"GB";"2022-11-08 13:17:46";7.24
"Servidor-SPTECH";"ram";"ram_Usada";"GB";"2022-11-08 13:17:45";7.24
"Servidor-SPTECH";"ram";"ram_Usada";"GB";"2022-11-08 13:17:43";7.28
"Servidor-SPTECH";"ram";"ram_Usada";"GB";"2022-11-08 13:17:41";7.27
"Servidor-SPTECH";"ram";"ram_Usada";"GB";"2022-11-08 13:17:40";7.26
"Servidor-SPTECH";"ram";"ram_Usada";"GB";"2022-11-08 13:17:38";7.26
"Servidor-SPTECH";"ram";"ram_Usada";"GB";"2022-11-08 13:17:37";7.28
"Servidor-SPTECH";"ram";"ram_Usada";"GB";"2022-11-08 13:17:35";7.31
"Servidor-SPTECH";"ram";"ram_Usada";"GB";"2022-11-08 13:17:33";7.27
"Servidor-SPTECH";"ram";"ram_Usada";"GB";"2022-11-08 13:17:32";7.29
"Servidor-SPTECH";"ram";"ram_Usada";"GB";"2022-11-08 13:17:30";7.19
"Servidor-SPTECH";"ram";"ram_Usada";"GB";"2022-11-08 13:17:28";7.19
"Servidor-SPTECH";"ram";"ram_Usada";"GB";"2022-11-08 13:17:27";7.17
"Servidor-SPTECH";"ram";"ram_Usada";"GB";"2022-11-08 13:17:25";7.18
"Servidor-SPTECH";"ram";"ram_Usada";"GB";"2022-11-08 13:17:24";7.18
"Servidor-SPTECH";"ram";"ram_Usada";"GB";"2022-11-08 13:17:22";7.19
"Servidor-SPTECH";"ram";"ram_Usada";"GB";"2022-11-08 13:17:20";7.19
"Servidor-SPTECH";"ram";"ram_Usada";"GB";"2022-11-08 13:17:19";7.16
"Servidor-SPTECH";"ram";"ram_Usada";"GB";"2022-11-08 13:17:17";7.18
"Servidor-SPTECH";"ram";"ram_Usada";"GB";"2022-11-08 13:17:16";7.18
"Servidor-SPTECH";"ram";"ram_Usada";"GB";"2022-11-08 13:17:14";7.24
"Servidor-SPTECH";"ram";"ram_Usada";"GB";"2022-11-08 13:17:12";7.15
"Servidor-SPTECH";"ram";"ram_Usada";"GB";"2022-11-08 13:17:11";7.19
"Servidor-SPTECH";"ram";"ram_Usada";"GB";"2022-11-08 13:17:09";7.21
"Servidor-SPTECH";"ram";"ram_Usada";"GB";"2022-11-08 13:17:08";7.21
"Servidor-SPTECH";"ram";"ram_Usada";"GB";"2022-11-08 13:17:06";7.22
"Servidor-SPTECH";"ram";"ram_Usada";"GB";"2022-11-08 13:17:04";7.37
"Servidor-SPTECH";"ram";"ram_Usada";"GB";"2022-11-08 13:17:02";7.2
"Servidor-SPTECH";"ram";"ram_Usada";"GB";"2022-11-08 13:17:00";7.09
"Servidor-SPTECH";"ram";"ram_Usada";"GB";"2022-11-08 13:16:58";7.15
"Servidor-SPTECH";"ram";"ram_Usada";"GB";"2022-11-08 13:16:57";7.11
"Servidor-SPTECH";"ram";"ram_Usada";"GB";"2022-11-08 13:16:55";7.15
"Servidor-SPTECH";"ram";"ram_Usada";"GB";"2022-11-08 13:16:53";7.18
"Servidor-SPTECH";"ram";"ram_Usada";"GB";"2022-11-08 13:16:52";7.18
"Servidor-SPTECH";"ram";"ram_Usada";"GB";"2022-11-08 13:16:50";7.16
"Servidor-SPTECH";"ram";"ram_Usada";"GB";"2022-11-08 13:16:48";7.2
"Servidor-SPTECH";"ram";"ram_Usada";"GB";"2022-11-08 13:16:46";7.15
"Servidor-SPTECH";"ram";"ram_Usada";"GB";"2022-11-08 13:16:45";7.29
"Servidor-SPTECH";"ram";"ram_Usada";"GB";"2022-11-08 13:16:43";7.26
"Servidor-SPTECH";"ram";"ram_Usada";"GB";"2022-11-08 13:16:41";7.2
"Servidor-SPTECH";"ram";"ram_Usada";"GB";"2022-11-08 13:16:40";7.22
"Servidor-SPTECH";"ram";"ram_Usada";"GB";"2022-11-08 13:16:38";7.22
"Servidor-SPTECH";"ram";"ram_Usada";"GB";"2022-11-08 13:16:36";7.22
"Servidor-SPTECH";"ram";"ram_Usada";"GB";"2022-11-08 13:16:35";7.27
"Servidor-SPTECH";"ram";"ram_Usada";"GB";"2022-11-08 13:16:33";7.37
"Servidor-SPTECH";"ram";"ram_Usada";"GB";"2022-11-08 13:16:31";7.33
"Servidor-SPTECH";"ram";"ram_Usada";"GB";"2022-11-08 13:16:30";7.23
"Servidor-SPTECH";"ram";"ram_Usada";"GB";"2022-11-08 13:16:28";7.25
"Servidor-SPTECH";"ram";"ram_Usada";"GB";"2022-11-08 13:16:26";7.22
"Servidor-SPTECH";"ram";"ram_Usada";"GB";"2022-11-08 13:16:24";7.16
"Servidor-SPTECH";"ram";"ram_Usada";"GB";"2022-11-08 13:16:23";7.25
"Servidor-SPTECH";"ram";"ram_Usada";"GB";"2022-11-08 13:16:21";7.26
"Servidor-SPTECH";"ram";"ram_Usada";"GB";"2022-11-08 13:16:19";7.21
"Servidor-SPTECH";"ram";"ram_Usada";"GB";"2022-11-08 13:16:18";7.12
"Servidor-SPTECH";"ram";"ram_Usada";"GB";"2022-11-08 13:16:16";7.1
"Servidor-SPTECH";"ram";"ram_Usada";"GB";"2022-11-08 13:16:14";7.09
"Servidor-SPTECH";"ram";"ram_Usada";"GB";"2022-11-08 13:16:13";7.04
"Servidor-SPTECH";"ram";"ram_Usada";"GB";"2022-11-08 13:16:11";7.04
"Servidor-SPTECH";"ram";"ram_Usada";"GB";"2022-11-08 13:16:09";7.19
"Servidor-SPTECH";"ram";"ram_Usada";"GB";"2022-11-08 13:16:07";7.07
"Servidor-SPTECH";"ram";"ram_Usada";"GB";"2022-11-08 13:16:05";6.91
"Servidor-SPTECH";"ram";"ram_Usada";"GB";"2022-11-08 13:16:04";6.92
"Servidor-SPTECH";"ram";"ram_Usada";"GB";"2022-11-08 13:16:02";6.92
"Servidor-SPTECH";"ram";"ram_Usada";"GB";"2022-11-08 13:16:00";6.85
"Servidor-SPTECH";"ram";"ram_Usada";"GB";"2022-11-08 13:15:59";6.88
"Servidor-SPTECH";"ram";"ram_Usada";"GB";"2022-11-08 13:15:57";6.9
"Servidor-SPTECH";"ram";"ram_Usada";"GB";"2022-11-08 13:15:55";6.77
"Servidor-SPTECH";"ram";"ram_Usada";"GB";"2022-11-08 13:15:54";6.77
"Servidor-SPTECH";"ram";"ram_Usada";"GB";"2022-11-08 13:15:52";6.79
"Servidor-SPTECH";"ram";"ram_Usada";"GB";"2022-11-08 13:15:50";6.75
"Servidor-SPTECH";"ram";"ram_Usada";"GB";"2022-11-08 13:15:49";6.73
"Servidor-SPTECH";"ram";"ram_Usada";"GB";"2022-11-08 13:15:47";6.73
"Servidor-SPTECH";"ram";"ram_Usada";"GB";"2022-11-08 13:15:46";6.75
"Servidor-SPTECH";"ram";"ram_Usada";"GB";"2022-11-08 13:15:44";6.76
"Servidor-SPTECH";"ram";"ram_Usada";"GB";"2022-11-08 13:15:43";6.78
"Servidor-SPTECH";"ram";"ram_Usada";"GB";"2022-11-08 13:15:41";6.79
"Servidor-SPTECH";"ram";"ram_Usada";"GB";"2022-11-08 13:15:39";6.75
"Servidor-SPTECH";"ram";"ram_Usada";"GB";"2022-11-08 13:15:37";6.73
"Servidor-SPTECH";"ram";"ram_Usada";"GB";"2022-11-08 13:15:36";6.67
"Servidor-SPTECH";"ram";"ram_Usada";"GB";"2022-11-08 13:15:34";6.68
"Servidor-SPTECH";"ram";"ram_Usada";"GB";"2022-11-08 13:15:32";6.67
"Servidor-SPTECH";"ram";"ram_Usada";"GB";"2022-11-08 13:15:31";6.67
"Servidor-SPTECH";"ram";"ram_Usada";"GB";"2022-11-08 13:15:29";6.69
"Servidor-SPTECH";"ram";"ram_Usada";"GB";"2022-11-08 13:15:28";6.67
"Servidor-SPTECH";"ram";"ram_Usada";"GB";"2022-11-08 13:15:26";6.82
"Servidor-SPTECH";"ram";"ram_Usada";"GB";"2022-11-08 13:15:24";6.71
"Servidor-SPTECH";"ram";"ram_Usada";"GB";"2022-11-08 13:15:23";6.77
"Servidor-SPTECH";"ram";"ram_Usada";"GB";"2022-11-08 13:15:21";6.7
"Servidor-SPTECH";"ram";"ram_Usada";"GB";"2022-11-08 13:15:19";6.54
"Servidor-SPTECH";"ram";"ram_Usada";"GB";"2022-11-08 13:15:17";6.54
"Servidor-SPTECH";"ram";"ram_Usada";"GB";"2022-11-08 13:15:16";6.55
"Servidor-SPTECH";"ram";"ram_Usada";"GB";"2022-11-08 13:15:14";6.58
"Servidor-SPTECH";"ram";"ram_Usada";"GB";"2022-11-08 13:15:12";6.55
"Servidor-SPTECH";"ram";"ram_Usada";"GB";"2022-11-08 13:15:11";6.6
"Servidor-SPTECH";"ram";"ram_Usada";"GB";"2022-11-08 13:15:09";6.59
"Servidor-SPTECH";"ram";"ram_Usada";"GB";"2022-11-08 13:15:07";6.58
"Servidor-SPTECH";"ram";"ram_Usada";"GB";"2022-11-08 13:15:06";6.56
"Servidor-SPTECH";"ram";"ram_Usada";"GB";"2022-11-08 13:15:04";6.59
"Servidor-SPTECH";"ram";"ram_Usada";"GB";"2022-11-08 13:15:02";6.58
"Servidor-SPTECH";"ram";"ram_Usada";"GB";"2022-11-08 13:15:01";6.58
"Servidor-SPTECH";"ram";"ram_Usada";"GB";"2022-11-08 13:14:59";6.59
"Servidor-SPTECH";"ram";"ram_Usada";"GB";"2022-11-08 13:14:57";6.57
"Servidor-SPTECH";"ram";"ram_Usada";"GB";"2022-11-08 13:14:56";6.58
"Servidor-SPTECH";"ram";"ram_Usada";"GB";"2022-11-08 13:14:54";6.53
"Servidor-SPTECH";"ram";"ram_Usada";"GB";"2022-11-08 13:14:53";6.55
"Servidor-SPTECH";"ram";"ram_Usada";"GB";"2022-11-08 13:14:51";6.55
"Servidor-SPTECH";"ram";"ram_Usada";"GB";"2022-11-08 13:14:49";6.6
"Servidor-SPTECH";"ram";"ram_Usada";"GB";"2022-11-08 13:14:48";6.57
"Servidor-SPTECH";"ram";"ram_Usada";"GB";"2022-11-08 13:14:46";6.57
"Servidor-SPTECH";"ram";"ram_Usada";"GB";"2022-11-08 13:14:44";6.59
"Servidor-SPTECH";"ram";"ram_Usada";"GB";"2022-11-08 13:14:43";6.61
"Servidor-SPTECH";"ram";"ram_Usada";"GB";"2022-11-08 13:14:41";6.61
"Servidor-SPTECH";"ram";"ram_Usada";"GB";"2022-11-08 13:14:39";6.62
"Servidor-SPTECH";"ram";"ram_Usada";"GB";"2022-11-08 13:14:38";6.61
"Servidor-SPTECH";"ram";"ram_Usada";"GB";"2022-11-08 13:14:36";6.57
"Servidor-SPTECH";"ram";"ram_Usada";"GB";"2022-11-08 13:14:34";6.57
"Servidor-SPTECH";"ram";"ram_Usada";"GB";"2022-11-08 13:14:32";6.41
"Servidor-SPTECH";"ram";"ram_Usada";"GB";"2022-11-08 13:14:31";6.39
"Servidor-SPTECH";"ram";"ram_Usada";"GB";"2022-11-08 13:14:29";6.36
"Servidor-SPTECH";"ram";"ram_Usada";"GB";"2022-11-08 13:14:27";6.35
"Servidor-SPTECH";"ram";"ram_Usada";"GB";"2022-11-08 13:14:25";6.38
"Servidor-SPTECH";"ram";"ram_Usada";"GB";"2022-11-08 13:14:24";6.37
"Servidor-SPTECH";"ram";"ram_Usada";"GB";"2022-11-08 13:14:22";6.37
"Servidor-SPTECH";"ram";"ram_Usada";"GB";"2022-11-08 13:14:20";6.35
"Servidor-SPTECH";"ram";"ram_Usada";"GB";"2022-11-08 13:14:19";6.34
"Servidor-SPTECH";"ram";"ram_Usada";"GB";"2022-11-08 13:14:17";6.33
"Servidor-SPTECH";"ram";"ram_Usada";"GB";"2022-11-08 13:14:16";6.34
"Servidor-SPTECH";"ram";"ram_Usada";"GB";"2022-11-08 13:14:14";6.34
"Servidor-SPTECH";"ram";"ram_Usada";"GB";"2022-11-08 13:14:12";6.34
"Servidor-SPTECH";"ram";"ram_Usada";"GB";"2022-11-08 13:14:11";6.33
"Servidor-SPTECH";"ram";"ram_Usada";"GB";"2022-11-08 13:14:09";6.32
"Servidor-SPTECH";"ram";"ram_Usada";"GB";"2022-11-08 13:14:07";6.52
"Servidor-SPTECH";"ram";"ram_Usada";"GB";"2022-11-08 13:14:06";6.52
"Servidor-SPTECH";"ram";"ram_Usada";"GB";"2022-11-08 13:14:04";6.52
"Servidor-SPTECH";"ram";"ram_Usada";"GB";"2022-11-08 13:14:02";6.52
"Servidor-SPTECH";"ram";"ram_Usada";"GB";"2022-11-08 13:14:01";6.5
"Servidor-SPTECH";"ram";"ram_Usada";"GB";"2022-11-08 13:13:59";6.49
"Servidor-SPTECH";"ram";"ram_Usada";"GB";"2022-11-08 13:13:57";6.49
"Servidor-SPTECH";"ram";"ram_Usada";"GB";"2022-11-08 13:13:56";6.44
"Servidor-SPTECH";"ram";"ram_Usada";"GB";"2022-11-08 13:13:54";6.41
"Servidor-SPTECH";"ram";"ram_Usada";"GB";"2022-11-08 13:13:52";6.41
"Servidor-SPTECH";"ram";"ram_Usada";"GB";"2022-11-08 13:13:51";6.39
"Servidor-SPTECH";"ram";"ram_Usada";"GB";"2022-11-08 13:13:49";6.4
"Servidor-SPTECH";"ram";"ram_Usada";"GB";"2022-11-08 13:13:47";6.42
"Servidor-SPTECH";"ram";"ram_Usada";"GB";"2022-11-08 13:13:46";6.42
"Servidor-SPTECH";"ram";"ram_Usada";"GB";"2022-11-08 13:13:44";6.41
"Servidor-SPTECH";"ram";"ram_Usada";"GB";"2022-11-08 13:13:43";6.43
"Servidor-SPTECH";"ram";"ram_Usada";"GB";"2022-11-08 13:13:41";6.41
"Servidor-SPTECH";"ram";"ram_Usada";"GB";"2022-11-08 13:13:39";6.41
"Servidor-SPTECH";"ram";"ram_Usada";"GB";"2022-11-08 13:13:38";6.42
"Servidor-SPTECH";"ram";"ram_Usada";"GB";"2022-11-08 13:13:36";6.41
"Servidor-SPTECH";"ram";"ram_Usada";"GB";"2022-11-08 13:13:34";6.43
"Servidor-SPTECH";"ram";"ram_Usada";"GB";"2022-11-08 13:13:33";6.4
"Servidor-SPTECH";"ram";"ram_Usada";"GB";"2022-11-08 13:13:31";6.58
"Servidor-SPTECH";"ram";"ram_Usada";"GB";"2022-11-08 13:13:29";6.71
"Servidor-SPTECH";"ram";"ram_Usada";"GB";"2022-11-08 13:13:27";6.71
"Servidor-SPTECH";"ram";"ram_Usada";"GB";"2022-11-08 13:13:26";6.69
"Servidor-SPTECH";"ram";"ram_Usada";"GB";"2022-11-08 13:13:24";6.64
"Servidor-SPTECH";"ram";"ram_Usada";"GB";"2022-11-08 13:13:22";6.63
"Servidor-SPTECH";"ram";"ram_Usada";"GB";"2022-11-08 13:13:21";6.63
"Servidor-SPTECH";"ram";"ram_Usada";"GB";"2022-11-08 13:13:19";6.62
"Servidor-SPTECH";"ram";"ram_Usada";"GB";"2022-11-08 13:13:18";6.63
"Servidor-SPTECH";"ram";"ram_Usada";"GB";"2022-11-08 13:13:16";6.63
"Servidor-SPTECH";"ram";"ram_Usada";"GB";"2022-11-08 13:13:14";6.63
"Servidor-SPTECH";"ram";"ram_Usada";"GB";"2022-11-08 13:13:13";6.64
"Servidor-SPTECH";"ram";"ram_Usada";"GB";"2022-11-08 13:13:11";6.65
"Servidor-SPTECH";"ram";"ram_Usada";"GB";"2022-11-08 13:13:10";6.61
"Servidor-SPTECH";"ram";"ram_Usada";"GB";"2022-11-08 13:13:08";6.61
"Servidor-SPTECH";"ram";"ram_Usada";"GB";"2022-11-08 13:13:06";6.61
"Servidor-SPTECH";"ram";"ram_Usada";"GB";"2022-11-08 13:13:05";6.61
"Servidor-SPTECH";"ram";"ram_Usada";"GB";"2022-11-08 13:13:03";6.59
"Servidor-SPTECH";"ram";"ram_Usada";"GB";"2022-11-08 13:13:02";6.59
"Servidor-SPTECH";"ram";"ram_Usada";"GB";"2022-11-08 13:13:00";6.59
"Servidor-SPTECH";"ram";"ram_Usada";"GB";"2022-11-08 13:12:59";6.59
"Servidor-SPTECH";"ram";"ram_Usada";"GB";"2022-11-08 13:12:57";6.58
"Servidor-SPTECH";"ram";"ram_Usada";"GB";"2022-11-08 13:12:55";6.58
"Servidor-SPTECH";"ram";"ram_Usada";"GB";"2022-11-08 13:12:54";6.58
"Servidor-SPTECH";"ram";"ram_Usada";"GB";"2022-11-08 13:12:52";6.59
"Servidor-SPTECH";"ram";"ram_Usada";"GB";"2022-11-08 13:12:51";6.58
"Servidor-SPTECH";"ram";"ram_Usada";"GB";"2022-11-08 13:12:49";6.6
"Servidor-SPTECH";"ram";"ram_Usada";"GB";"2022-11-08 13:12:48";6.58
"Servidor-SPTECH";"ram";"ram_Usada";"GB";"2022-11-08 13:12:46";6.58
"Servidor-SPTECH";"ram";"ram_Usada";"GB";"2022-11-08 13:12:45";6.56
"Servidor-SPTECH";"ram";"ram_Usada";"GB";"2022-11-08 13:12:43";6.57
"Servidor-SPTECH";"ram";"ram_Usada";"GB";"2022-11-08 13:12:41";6.59
"Servidor-SPTECH";"ram";"ram_Usada";"GB";"2022-11-08 13:12:40";6.58
"Servidor-SPTECH";"ram";"ram_Usada";"GB";"2022-11-08 13:12:38";6.59
"Servidor-SPTECH";"ram";"ram_Usada";"GB";"2022-11-08 13:12:37";6.64
"Servidor-SPTECH";"ram";"ram_Usada";"GB";"2022-11-08 13:12:35";6.67
"Servidor-SPTECH";"ram";"ram_Usada";"GB";"2022-11-08 13:12:33";6.71
"Servidor-SPTECH";"ram";"ram_Usada";"GB";"2022-11-08 13:12:32";6.71
"Servidor-SPTECH";"ram";"ram_Usada";"GB";"2022-11-08 13:12:30";6.76
"Servidor-SPTECH";"ram";"ram_Usada";"GB";"2022-11-08 13:12:29";6.76
"Servidor-SPTECH";"ram";"ram_Usada";"GB";"2022-11-08 13:12:27";6.76
"Servidor-SPTECH";"ram";"ram_Usada";"GB";"2022-11-08 13:12:25";6.77
"Servidor-SPTECH";"ram";"ram_Usada";"GB";"2022-11-08 13:12:23";6.74
"Servidor-SPTECH";"ram";"ram_Usada";"GB";"2022-11-08 13:12:22";6.7
"Servidor-SPTECH";"ram";"ram_Usada";"GB";"2022-11-08 13:12:20";6.76
"Servidor-SPTECH";"ram";"ram_Usada";"GB";"2022-11-08 13:12:18";6.73
"Servidor-SPTECH";"ram";"ram_Usada";"GB";"2022-11-08 13:12:16";6.72
"Servidor-SPTECH";"ram";"ram_Usada";"GB";"2022-11-08 13:12:15";6.69
"Servidor-SPTECH";"ram";"ram_Usada";"GB";"2022-11-08 13:12:13";6.72
"Servidor-SPTECH";"ram";"ram_Usada";"GB";"2022-11-08 13:12:12";6.69
"Servidor-SPTECH";"ram";"ram_Usada";"GB";"2022-11-08 13:12:10";6.68
"Servidor-SPTECH";"ram";"ram_Usada";"GB";"2022-11-08 13:12:08";6.67
"Servidor-SPTECH";"ram";"ram_Usada";"GB";"2022-11-08 13:12:07";6.66
"Servidor-SPTECH";"ram";"ram_Usada";"GB";"2022-11-08 13:12:05";6.66
"Servidor-SPTECH";"ram";"ram_Usada";"GB";"2022-11-08 13:12:03";6.64
"Servidor-SPTECH";"ram";"ram_Usada";"GB";"2022-11-08 13:12:01";6.64
"Servidor-SPTECH";"ram";"ram_Usada";"GB";"2022-11-08 13:12:00";6.6
"Servidor-SPTECH";"ram";"ram_Usada";"GB";"2022-11-08 13:11:58";6.59
"Servidor-SPTECH";"ram";"ram_Usada";"GB";"2022-11-08 13:11:56";6.58
"Servidor-SPTECH";"ram";"ram_Usada";"GB";"2022-11-08 13:11:55";6.54
"Servidor-SPTECH";"ram";"ram_Usada";"GB";"2022-11-08 13:11:53";6.54
"Servidor-SPTECH";"ram";"ram_Usada";"GB";"2022-11-08 13:11:51";6.53
"Servidor-SPTECH";"ram";"ram_Usada";"GB";"2022-11-08 13:11:49";6.52
"Servidor-SPTECH";"ram";"ram_Usada";"GB";"2022-11-08 13:11:48";6.49
"Servidor-SPTECH";"ram";"ram_Usada";"GB";"2022-11-08 13:11:46";6.49
"Servidor-SPTECH";"ram";"ram_Usada";"GB";"2022-11-08 13:11:45";6.46
"Servidor-SPTECH";"ram";"ram_Usada";"GB";"2022-11-08 13:11:43";6.5
"Servidor-SPTECH";"ram";"ram_Usada";"GB";"2022-11-08 13:11:41";6.53
"Servidor-SPTECH";"ram";"ram_Usada";"GB";"2022-11-08 13:11:40";6.52
"Servidor-SPTECH";"ram";"ram_Usada";"GB";"2022-11-08 13:11:38";6.52
"Servidor-SPTECH";"ram";"ram_Usada";"GB";"2022-11-08 13:11:37";6.52
"Servidor-SPTECH";"ram";"ram_Usada";"GB";"2022-11-08 13:11:35";6.52
"Servidor-SPTECH";"ram";"ram_Usada";"GB";"2022-11-08 13:11:33";6.51
"Servidor-SPTECH";"ram";"ram_Usada";"GB";"2022-11-08 13:11:32";6.52
"Servidor-SPTECH";"ram";"ram_Usada";"GB";"2022-11-08 13:11:30";6.58
"Servidor-SPTECH";"ram";"ram_Usada";"GB";"2022-11-08 13:11:29";6.58
"Servidor-SPTECH";"ram";"ram_Usada";"GB";"2022-11-08 13:11:27";6.58
"Servidor-SPTECH";"ram";"ram_Usada";"GB";"2022-11-08 13:11:25";6.58
"Servidor-SPTECH";"ram";"ram_Usada";"GB";"2022-11-08 13:11:24";6.57
"Servidor-SPTECH";"ram";"ram_Usada";"GB";"2022-11-08 13:11:22";6.59
"Servidor-SPTECH";"ram";"ram_Usada";"GB";"2022-11-08 13:11:21";6.54
"Servidor-SPTECH";"ram";"ram_Usada";"GB";"2022-11-08 13:11:19";6.61
"Servidor-SPTECH";"ram";"ram_Usada";"GB";"2022-11-08 13:11:17";6.64
"Servidor-SPTECH";"ram";"ram_Usada";"GB";"2022-11-08 13:11:16";6.66
"Servidor-SPTECH";"ram";"ram_Usada";"GB";"2022-11-08 13:11:14";6.58
"Servidor-SPTECH";"ram";"ram_Usada";"GB";"2022-11-08 13:11:12";6.68
"Servidor-SPTECH";"ram";"ram_Usada";"GB";"2022-11-08 13:11:10";6.67
"Servidor-SPTECH";"ram";"ram_Usada";"GB";"2022-11-08 13:11:09";6.62
"Servidor-SPTECH";"ram";"ram_Usada";"GB";"2022-11-08 13:11:07";6.63
"Servidor-SPTECH";"ram";"ram_Usada";"GB";"2022-11-08 13:11:06";6.66
"Servidor-SPTECH";"ram";"ram_Usada";"GB";"2022-11-08 13:11:04";6.68
"Servidor-SPTECH";"ram";"ram_Usada";"GB";"2022-11-08 13:11:02";6.64
"Servidor-SPTECH";"ram";"ram_Usada";"GB";"2022-11-08 13:11:01";6.67
"Servidor-SPTECH";"ram";"ram_Usada";"GB";"2022-11-08 13:10:59";6.58
"Servidor-SPTECH";"ram";"ram_Usada";"GB";"2022-11-08 13:10:58";6.54
"Servidor-SPTECH";"ram";"ram_Usada";"GB";"2022-11-08 13:10:56";6.48
"Servidor-SPTECH";"ram";"ram_Usada";"GB";"2022-11-08 13:10:54";6.49
"Servidor-SPTECH";"ram";"ram_Usada";"GB";"2022-11-08 13:10:53";6.48
"Servidor-SPTECH";"ram";"ram_Usada";"GB";"2022-11-08 13:10:51";6.47
"Servidor-SPTECH";"ram";"ram_Usada";"GB";"2022-11-08 13:10:49";6.47
"Servidor-SPTECH";"ram";"ram_Usada";"GB";"2022-11-08 13:10:48";6.47
"Servidor-SPTECH";"ram";"ram_Usada";"GB";"2022-11-08 13:10:46";6.47
"Servidor-SPTECH";"ram";"ram_Usada";"GB";"2022-11-08 13:10:44";6.44
"Servidor-SPTECH";"ram";"ram_Usada";"GB";"2022-11-08 13:10:43";6.48
"Servidor-SPTECH";"ram";"ram_Usada";"GB";"2022-11-08 13:10:41";6.51
"Servidor-SPTECH";"ram";"ram_Usada";"GB";"2022-11-08 13:10:40";6.53
"Servidor-SPTECH";"ram";"ram_Usada";"GB";"2022-11-08 13:10:38";6.53
"Servidor-SPTECH";"ram";"ram_Usada";"GB";"2022-11-08 13:10:37";6.57
"Servidor-SPTECH";"ram";"ram_Usada";"GB";"2022-11-08 13:10:35";6.58
"Servidor-SPTECH";"ram";"ram_Usada";"GB";"2022-11-08 13:10:33";6.58
"Servidor-SPTECH";"ram";"ram_Usada";"GB";"2022-11-08 13:10:32";6.57
"Servidor-SPTECH";"ram";"ram_Usada";"GB";"2022-11-08 13:10:30";6.53
"Servidor-SPTECH";"ram";"ram_Usada";"GB";"2022-11-08 13:10:28";6.52
"Servidor-SPTECH";"ram";"ram_Usada";"GB";"2022-11-08 13:10:27";6.54
"Servidor-SPTECH";"ram";"ram_Usada";"GB";"2022-11-08 13:10:25";6.55
"Servidor-SPTECH";"ram";"ram_Usada";"GB";"2022-11-08 13:10:24";6.55
"Servidor-SPTECH";"ram";"ram_Usada";"GB";"2022-11-08 13:10:22";6.55
"Servidor-SPTECH";"ram";"ram_Usada";"GB";"2022-11-08 13:10:20";6.77
"Servidor-SPTECH";"ram";"ram_Usada";"GB";"2022-11-08 13:10:19";6.77
"Servidor-SPTECH";"ram";"ram_Usada";"GB";"2022-11-08 13:10:17";6.74
"Servidor-SPTECH";"ram";"ram_Usada";"GB";"2022-11-08 13:10:15";6.71
"Servidor-SPTECH";"ram";"ram_Usada";"GB";"2022-11-08 13:10:14";6.66
"Servidor-SPTECH";"ram";"ram_Usada";"GB";"2022-11-08 13:10:12";6.65
"Servidor-SPTECH";"ram";"ram_Usada";"GB";"2022-11-08 13:10:11";6.64
"Servidor-SPTECH";"ram";"ram_Usada";"GB";"2022-11-08 13:10:09";6.64
"Servidor-SPTECH";"ram";"ram_Usada";"GB";"2022-11-08 13:10:07";6.65
"Servidor-SPTECH";"ram";"ram_Usada";"GB";"2022-11-08 13:10:06";6.65
"Servidor-SPTECH";"ram";"ram_Usada";"GB";"2022-11-08 13:10:04";6.65
"Servidor-SPTECH";"ram";"ram_Usada";"GB";"2022-11-08 13:10:03";6.65
"Servidor-SPTECH";"ram";"ram_Usada";"GB";"2022-11-08 13:10:01";6.65
"Servidor-SPTECH";"ram";"ram_Usada";"GB";"2022-11-08 13:09:59";6.63
"Servidor-SPTECH";"ram";"ram_Usada";"GB";"2022-11-08 13:09:58";6.63
"Servidor-SPTECH";"ram";"ram_Usada";"GB";"2022-11-08 13:09:56";6.63
"Servidor-SPTECH";"ram";"ram_Usada";"GB";"2022-11-08 13:09:55";6.63
"Servidor-SPTECH";"ram";"ram_Usada";"GB";"2022-11-08 13:09:53";6.6
"Servidor-SPTECH";"ram";"ram_Usada";"GB";"2022-11-08 13:09:51";6.58
"Servidor-SPTECH";"ram";"ram_Usada";"GB";"2022-11-08 13:09:50";6.57
"Servidor-SPTECH";"ram";"ram_Usada";"GB";"2022-11-08 13:09:48";6.59
"Servidor-SPTECH";"ram";"ram_Usada";"GB";"2022-11-08 13:09:47";6.56
"Servidor-SPTECH";"ram";"ram_Usada";"GB";"2022-11-08 13:09:45";6.56
"Servidor-SPTECH";"ram";"ram_Usada";"GB";"2022-11-08 13:09:43";6.56
"Servidor-SPTECH";"ram";"ram_Usada";"GB";"2022-11-08 13:09:42";6.65
"Servidor-SPTECH";"ram";"ram_Usada";"GB";"2022-11-08 13:09:40";6.72
"Servidor-SPTECH";"ram";"ram_Usada";"GB";"2022-11-08 13:09:38";6.71
"Servidor-SPTECH";"ram";"ram_Usada";"GB";"2022-11-08 13:09:37";6.75
"Servidor-SPTECH";"ram";"ram_Usada";"GB";"2022-11-08 13:09:35";6.73
"Servidor-SPTECH";"ram";"ram_Usada";"GB";"2022-11-08 13:09:33";6.71
"Servidor-SPTECH";"ram";"ram_Usada";"GB";"2022-11-08 13:09:32";6.63
"Servidor-SPTECH";"ram";"ram_Usada";"GB";"2022-11-08 13:09:30";6.69
"Servidor-SPTECH";"ram";"ram_Usada";"GB";"2022-11-08 13:09:28";6.72
"Servidor-SPTECH";"ram";"ram_Usada";"GB";"2022-11-08 13:09:26";6.67
"Servidor-SPTECH";"ram";"ram_Usada";"GB";"2022-11-08 13:09:25";6.68
"Servidor-SPTECH";"ram";"ram_Usada";"GB";"2022-11-08 13:09:23";6.55
"Servidor-SPTECH";"ram";"ram_Usada";"GB";"2022-11-08 13:09:21";6.55
"Servidor-SPTECH";"ram";"ram_Usada";"GB";"2022-11-08 13:09:20";6.56
"Servidor-SPTECH";"ram";"ram_Usada";"GB";"2022-11-08 13:09:18";6.57
"Servidor-SPTECH";"ram";"ram_Usada";"GB";"2022-11-08 13:09:17";6.57
"Servidor-SPTECH";"ram";"ram_Usada";"GB";"2022-11-08 13:09:15";6.58
"Servidor-SPTECH";"ram";"ram_Usada";"GB";"2022-11-08 13:09:13";6.49
"Servidor-SPTECH";"ram";"ram_Usada";"GB";"2022-11-08 13:09:12";6.5
"Servidor-SPTECH";"ram";"ram_Usada";"GB";"2022-11-08 13:09:10";6.49
"Servidor-SPTECH";"ram";"ram_Usada";"GB";"2022-11-08 13:09:08";6.5
"Servidor-SPTECH";"ram";"ram_Usada";"GB";"2022-11-08 13:09:07";6.49
"Servidor-SPTECH";"ram";"ram_Usada";"GB";"2022-11-08 13:09:05";6.45
"Servidor-SPTECH";"ram";"ram_Usada";"GB";"2022-11-08 13:09:03";6.42
"Servidor-SPTECH";"ram";"ram_Usada";"GB";"2022-11-08 13:09:02";6.42
"Servidor-SPTECH";"ram";"ram_Usada";"GB";"2022-11-08 13:09:00";6.5
"Servidor-SPTECH";"ram";"ram_Usada";"GB";"2022-11-08 13:08:58";6.52
"Servidor-SPTECH";"ram";"ram_Usada";"GB";"2022-11-08 13:08:57";6.51
"Servidor-SPTECH";"ram";"ram_Usada";"GB";"2022-11-08 13:08:55";6.47
"Servidor-SPTECH";"ram";"ram_Usada";"GB";"2022-11-08 13:08:54";6.44
"Servidor-SPTECH";"ram";"ram_Usada";"GB";"2022-11-08 13:08:52";6.42
"Servidor-SPTECH";"ram";"ram_Usada";"GB";"2022-11-08 13:08:50";6.49
"Servidor-SPTECH";"ram";"ram_Usada";"GB";"2022-11-08 13:08:48";6.52
"Servidor-SPTECH";"ram";"ram_Usada";"GB";"2022-11-08 13:08:46";6.51
"Servidor-SPTECH";"ram";"ram_Usada";"GB";"2022-11-08 13:08:45";6.51
"Servidor-SPTECH";"ram";"ram_Usada";"GB";"2022-11-08 13:08:43";6.49
"Servidor-SPTECH";"ram";"ram_Usada";"GB";"2022-11-08 13:08:42";6.51
"Servidor-SPTECH";"ram";"ram_Usada";"GB";"2022-11-08 13:08:40";6.52
"Servidor-SPTECH";"ram";"ram_Usada";"GB";"2022-11-08 13:08:38";6.49
"Servidor-SPTECH";"ram";"ram_Usada";"GB";"2022-11-08 13:08:36";6.52
"Servidor-SPTECH";"ram";"ram_Usada";"GB";"2022-11-08 13:08:35";6.52
"Servidor-SPTECH";"ram";"ram_Usada";"GB";"2022-11-08 13:08:33";6.51
"Servidor-SPTECH";"ram";"ram_Usada";"GB";"2022-11-08 13:08:31";6.69
"Servidor-SPTECH";"ram";"ram_Usada";"GB";"2022-11-08 13:08:29";6.99
"Servidor-SPTECH";"ram";"ram_Usada";"GB";"2022-11-08 13:08:28";7.34
"Servidor-SPTECH";"ram";"ram_Usada";"GB";"2022-11-08 13:08:26";7.33
"Servidor-SPTECH";"ram";"ram_Usada";"GB";"2022-11-08 13:08:24";7.35
"Servidor-SPTECH";"ram";"ram_Usada";"GB";"2022-11-08 13:08:23";7.35
"Servidor-SPTECH";"ram";"ram_Usada";"GB";"2022-11-08 13:08:21";7.35
"Servidor-SPTECH";"ram";"ram_Usada";"GB";"2022-11-08 13:08:19";7.33
"Servidor-SPTECH";"ram";"ram_Usada";"GB";"2022-11-08 13:08:17";7.32
"Servidor-SPTECH";"ram";"ram_Usada";"GB";"2022-11-08 13:08:16";7.31
"Servidor-SPTECH";"ram";"ram_Usada";"GB";"2022-11-08 13:08:14";7.29
"Servidor-SPTECH";"ram";"ram_Usada";"GB";"2022-11-08 13:08:12";7.34
"Servidor-SPTECH";"ram";"ram_Usada";"GB";"2022-11-08 13:08:10";7.34
"Servidor-SPTECH";"ram";"ram_Usada";"GB";"2022-11-08 13:08:09";7.35
"Servidor-SPTECH";"ram";"ram_Usada";"GB";"2022-11-08 13:08:07";7.34
"Servidor-SPTECH";"ram";"ram_Usada";"GB";"2022-11-08 13:08:05";7.33
"Servidor-SPTECH";"ram";"ram_Usada";"GB";"2022-11-08 13:08:04";7.32
"Servidor-SPTECH";"ram";"ram_Usada";"GB";"2022-11-08 13:08:02";7.3
"Servidor-SPTECH";"ram";"ram_Usada";"GB";"2022-11-08 13:08:00";7.32
"Servidor-SPTECH";"ram";"ram_Usada";"GB";"2022-11-08 13:07:58";7.33
"Servidor-SPTECH";"ram";"ram_Usada";"GB";"2022-11-08 13:07:57";7.32
"Servidor-SPTECH";"ram";"ram_Usada";"GB";"2022-11-08 13:07:55";7.37
"Servidor-SPTECH";"ram";"ram_Usada";"GB";"2022-11-08 13:07:53";7.37
"Servidor-SPTECH";"ram";"ram_Usada";"GB";"2022-11-08 13:07:52";7.36
"Servidor-SPTECH";"ram";"ram_Usada";"GB";"2022-11-08 13:07:50";7.34
"Servidor-SPTECH";"ram";"ram_Usada";"GB";"2022-11-08 13:07:48";7.33
"Servidor-SPTECH";"ram";"ram_Usada";"GB";"2022-11-08 13:07:46";7.36
"Servidor-SPTECH";"ram";"ram_Usada";"GB";"2022-11-08 13:07:45";7.35
"Servidor-SPTECH";"ram";"ram_Usada";"GB";"2022-11-08 13:07:43";7.33
"Servidor-SPTECH";"ram";"ram_Usada";"GB";"2022-11-08 13:07:41";7.36
"Servidor-SPTECH";"ram";"ram_Usada";"GB";"2022-11-08 13:07:40";7.35
"Servidor-SPTECH";"ram";"ram_Usada";"GB";"2022-11-08 13:07:38";7.35
"Servidor-SPTECH";"ram";"ram_Usada";"GB";"2022-11-08 13:07:37";7.34
"Servidor-SPTECH";"ram";"ram_Usada";"GB";"2022-11-08 13:07:35";7.33
"Servidor-SPTECH";"ram";"ram_Usada";"GB";"2022-11-08 13:07:33";7.34
"Servidor-SPTECH";"ram";"ram_Usada";"GB";"2022-11-08 13:07:32";7.31
"Servidor-SPTECH";"ram";"ram_Usada";"GB";"2022-11-08 13:07:30";7.35
"Servidor-SPTECH";"ram";"ram_Usada";"GB";"2022-11-08 13:07:28";7.34
"Servidor-SPTECH";"ram";"ram_Usada";"GB";"2022-11-08 13:07:27";7.32
"Servidor-SPTECH";"ram";"ram_Usada";"GB";"2022-11-08 13:07:25";7.34
"Servidor-SPTECH";"ram";"ram_Usada";"GB";"2022-11-08 13:07:24";7.34
"Servidor-SPTECH";"ram";"ram_Usada";"GB";"2022-11-08 13:07:22";7.34
"Servidor-SPTECH";"ram";"ram_Usada";"GB";"2022-11-08 13:07:20";7.29
"Servidor-SPTECH";"ram";"ram_Usada";"GB";"2022-11-08 13:07:18";7.28
"Servidor-SPTECH";"ram";"ram_Usada";"GB";"2022-11-08 13:07:17";7.27
"Servidor-SPTECH";"ram";"ram_Usada";"GB";"2022-11-08 13:07:15";7.27
"Servidor-SPTECH";"ram";"ram_Usada";"GB";"2022-11-08 13:07:14";7.33
"Servidor-SPTECH";"ram";"ram_Usada";"GB";"2022-11-08 13:07:12";7.27
"Servidor-SPTECH";"ram";"ram_Usada";"GB";"2022-11-08 13:07:10";7.25
"Servidor-SPTECH";"ram";"ram_Usada";"GB";"2022-11-08 13:07:09";7.18
"Servidor-SPTECH";"ram";"ram_Usada";"GB";"2022-11-08 13:07:07";7.19
"Servidor-SPTECH";"ram";"ram_Usada";"GB";"2022-11-08 13:07:06";7.31
"Servidor-SPTECH";"ram";"ram_Usada";"GB";"2022-11-08 13:07:04";7.3
"Servidor-SPTECH";"ram";"ram_Usada";"GB";"2022-11-08 13:07:02";7.26
"Servidor-SPTECH";"ram";"ram_Usada";"GB";"2022-11-08 13:07:00";7.23
"Servidor-SPTECH";"ram";"ram_Usada";"GB";"2022-11-08 13:06:59";7.03
"Servidor-SPTECH";"ram";"ram_Usada";"GB";"2022-11-08 13:06:57";6.99
"Servidor-SPTECH";"ram";"ram_Usada";"GB";"2022-11-08 13:06:55";6.99
"Servidor-SPTECH";"ram";"ram_Usada";"GB";"2022-11-08 13:06:54";6.8
"Servidor-SPTECH";"ram";"ram_Usada";"GB";"2022-11-08 13:06:51";6.72
"Servidor-SPTECH";"ram";"ram_Usada";"GB";"2022-11-08 13:06:50";6.6
"Servidor-SPTECH";"ram";"ram_Usada";"GB";"2022-11-08 13:06:48";6.65
"Servidor-SPTECH";"ram";"ram_Usada";"GB";"2022-11-08 13:06:46";6.61
"Servidor-SPTECH";"ram";"ram_Usada";"GB";"2022-11-08 13:06:44";6.6
"Servidor-SPTECH";"ram";"ram_Usada";"GB";"2022-11-08 13:06:43";6.61
"Servidor-SPTECH";"ram";"ram_Usada";"GB";"2022-11-08 13:06:41";6.63
"Servidor-SPTECH";"ram";"ram_Usada";"GB";"2022-11-08 13:06:39";6.63
"Servidor-SPTECH";"ram";"ram_Usada";"GB";"2022-11-08 13:06:37";6.6
"Servidor-SPTECH";"ram";"ram_Usada";"GB";"2022-11-08 13:06:35";6.6
"Servidor-SPTECH";"ram";"ram_Usada";"GB";"2022-11-08 13:06:34";6.59
"Servidor-SPTECH";"ram";"ram_Usada";"GB";"2022-11-08 13:06:32";6.6
"Servidor-SPTECH";"ram";"ram_Usada";"GB";"2022-11-08 13:06:30";6.77
"Servidor-SPTECH";"ram";"ram_Usada";"GB";"2022-11-08 13:06:29";6.76
"Servidor-SPTECH";"ram";"ram_Usada";"GB";"2022-11-08 13:06:27";6.64
"Servidor-SPTECH";"ram";"ram_Usada";"GB";"2022-11-08 13:06:25";6.57
"Servidor-SPTECH";"ram";"ram_Usada";"GB";"2022-11-08 13:06:23";6.57
"Servidor-SPTECH";"ram";"ram_Usada";"GB";"2022-11-08 13:06:21";6.56
"Servidor-SPTECH";"ram";"ram_Usada";"GB";"2022-11-08 13:06:19";6.52
"Servidor-SPTECH";"ram";"ram_Usada";"GB";"2022-11-08 13:06:18";6.55
"Servidor-SPTECH";"ram";"ram_Usada";"GB";"2022-11-08 13:06:16";6.56
"Servidor-SPTECH";"ram";"ram_Usada";"GB";"2022-11-08 13:06:14";6.56
"Servidor-SPTECH";"ram";"ram_Usada";"GB";"2022-11-08 13:06:12";6.58
"Servidor-SPTECH";"ram";"ram_Usada";"GB";"2022-11-08 13:06:10";6.64
"Servidor-SPTECH";"ram";"ram_Usada";"GB";"2022-11-08 13:06:08";6.64
"Servidor-SPTECH";"ram";"ram_Usada";"GB";"2022-11-08 13:06:07";6.65
"Servidor-SPTECH";"ram";"ram_Usada";"GB";"2022-11-08 13:06:05";6.66
"Servidor-SPTECH";"ram";"ram_Usada";"GB";"2022-11-08 13:06:03";6.64
"Servidor-SPTECH";"ram";"ram_Usada";"GB";"2022-11-08 13:06:01";6.61
"Servidor-SPTECH";"ram";"ram_Usada";"GB";"2022-11-08 13:06:00";6.64
"Servidor-SPTECH";"ram";"ram_Usada";"GB";"2022-11-08 13:05:58";6.65
"Servidor-SPTECH";"ram";"ram_Usada";"GB";"2022-11-08 13:05:56";6.64
"Servidor-SPTECH";"ram";"ram_Usada";"GB";"2022-11-08 13:05:54";6.65
"Servidor-SPTECH";"ram";"ram_Usada";"GB";"2022-11-08 13:05:53";6.66
"Servidor-SPTECH";"ram";"ram_Usada";"GB";"2022-11-08 13:05:51";6.66
"Servidor-SPTECH";"ram";"ram_Usada";"GB";"2022-11-08 13:05:49";6.61
"Servidor-SPTECH";"ram";"ram_Usada";"GB";"2022-11-08 13:05:47";6.64
"Servidor-SPTECH";"ram";"ram_Usada";"GB";"2022-11-08 13:05:46";6.64
"Servidor-SPTECH";"ram";"ram_Usada";"GB";"2022-11-08 13:05:44";6.64
"Servidor-SPTECH";"ram";"ram_Usada";"GB";"2022-11-08 13:05:42";6.65
"Servidor-SPTECH";"ram";"ram_Usada";"GB";"2022-11-08 13:05:41";6.67
"Servidor-SPTECH";"ram";"ram_Usada";"GB";"2022-11-08 13:05:39";6.67
"Servidor-SPTECH";"ram";"ram_Usada";"GB";"2022-11-08 13:05:37";6.66
"Servidor-SPTECH";"ram";"ram_Usada";"GB";"2022-11-08 13:05:36";6.68
"Servidor-SPTECH";"ram";"ram_Usada";"GB";"2022-11-08 13:05:34";6.67
"Servidor-SPTECH";"ram";"ram_Usada";"GB";"2022-11-08 13:05:32";6.66
"Servidor-SPTECH";"ram";"ram_Usada";"GB";"2022-11-08 13:05:31";6.66
"Servidor-SPTECH";"ram";"ram_Usada";"GB";"2022-11-08 13:05:29";6.66
"Servidor-SPTECH";"ram";"ram_Usada";"GB";"2022-11-08 13:05:27";6.64
"Servidor-SPTECH";"ram";"ram_Usada";"GB";"2022-11-08 13:05:25";6.6
"Servidor-SPTECH";"ram";"ram_Usada";"GB";"2022-11-08 13:05:24";6.62
"Servidor-SPTECH";"ram";"ram_Usada";"GB";"2022-11-08 13:05:22";6.63
"Servidor-SPTECH";"ram";"ram_Usada";"GB";"2022-11-08 13:05:20";6.61
"Servidor-SPTECH";"ram";"ram_Usada";"GB";"2022-11-08 13:05:19";6.61
"Servidor-SPTECH";"ram";"ram_Usada";"GB";"2022-11-08 13:05:17";6.61
"Servidor-SPTECH";"ram";"ram_Usada";"GB";"2022-11-08 13:05:15";6.61
"Servidor-SPTECH";"ram";"ram_Usada";"GB";"2022-11-08 13:05:14";6.61
"Servidor-SPTECH";"ram";"ram_Usada";"GB";"2022-11-08 13:05:12";6.61
"Servidor-SPTECH";"ram";"ram_Usada";"GB";"2022-11-08 13:05:10";6.61
"Servidor-SPTECH";"ram";"ram_Usada";"GB";"2022-11-08 13:05:09";6.61
"Servidor-SPTECH";"ram";"ram_Usada";"GB";"2022-11-08 13:05:07";6.58
"Servidor-SPTECH";"ram";"ram_Usada";"GB";"2022-11-08 13:05:06";6.61
"Servidor-SPTECH";"ram";"ram_Usada";"GB";"2022-11-08 13:05:04";6.61
"Servidor-SPTECH";"ram";"ram_Usada";"GB";"2022-11-08 13:05:02";6.6
"Servidor-SPTECH";"ram";"ram_Usada";"GB";"2022-11-08 13:05:00";6.61
"Servidor-SPTECH";"ram";"ram_Usada";"GB";"2022-11-08 13:04:59";6.6
"Servidor-SPTECH";"ram";"ram_Usada";"GB";"2022-11-08 13:04:57";6.6
"Servidor-SPTECH";"ram";"ram_Usada";"GB";"2022-11-08 13:04:55";6.57
"Servidor-SPTECH";"ram";"ram_Usada";"GB";"2022-11-08 13:04:53";6.62
"Servidor-SPTECH";"ram";"ram_Usada";"GB";"2022-11-08 13:04:52";6.63
"Servidor-SPTECH";"ram";"ram_Usada";"GB";"2022-11-08 13:04:50";6.6
"Servidor-SPTECH";"ram";"ram_Usada";"GB";"2022-11-08 13:04:48";6.6
"Servidor-SPTECH";"ram";"ram_Usada";"GB";"2022-11-08 13:04:47";6.6
"Servidor-SPTECH";"ram";"ram_Usada";"GB";"2022-11-08 13:04:45";6.6
"Servidor-SPTECH";"ram";"ram_Usada";"GB";"2022-11-08 13:04:44";6.59
"Servidor-SPTECH";"ram";"ram_Usada";"GB";"2022-11-08 13:04:42";6.62
"Servidor-SPTECH";"ram";"ram_Usada";"GB";"2022-11-08 13:04:40";6.64
"Servidor-SPTECH";"ram";"ram_Usada";"GB";"2022-11-08 13:04:38";6.61
"Servidor-SPTECH";"ram";"ram_Usada";"GB";"2022-11-08 13:04:37";6.61
"Servidor-SPTECH";"ram";"ram_Usada";"GB";"2022-11-08 13:04:35";6.62
"Servidor-SPTECH";"ram";"ram_Usada";"GB";"2022-11-08 13:04:33";6.61
"Servidor-SPTECH";"ram";"ram_Usada";"GB";"2022-11-08 13:04:31";6.59
"Servidor-SPTECH";"ram";"ram_Usada";"GB";"2022-11-08 13:04:29";6.63
"Servidor-SPTECH";"ram";"ram_Usada";"GB";"2022-11-08 13:04:28";6.61
"Servidor-SPTECH";"ram";"ram_Usada";"GB";"2022-11-08 13:04:26";6.59
"Servidor-SPTECH";"ram";"ram_Usada";"GB";"2022-11-08 13:04:24";6.57
"Servidor-SPTECH";"ram";"ram_Usada";"GB";"2022-11-08 13:04:22";6.58
"Servidor-SPTECH";"ram";"ram_Usada";"GB";"2022-11-08 13:04:21";6.56
"Servidor-SPTECH";"ram";"ram_Usada";"GB";"2022-11-08 13:04:19";6.54
"Servidor-SPTECH";"ram";"ram_Usada";"GB";"2022-11-08 13:04:17";6.56
"Servidor-SPTECH";"ram";"ram_Usada";"GB";"2022-11-08 13:04:16";6.63
"Servidor-SPTECH";"ram";"ram_Usada";"GB";"2022-11-08 13:04:14";6.63
"Servidor-SPTECH";"ram";"ram_Usada";"GB";"2022-11-08 13:04:12";6.63
"Servidor-SPTECH";"ram";"ram_Usada";"GB";"2022-11-08 13:04:11";6.63
"Servidor-SPTECH";"ram";"ram_Usada";"GB";"2022-11-08 13:04:09";6.64
"Servidor-SPTECH";"ram";"ram_Usada";"GB";"2022-11-08 13:04:07";6.62
"Servidor-SPTECH";"ram";"ram_Usada";"GB";"2022-11-08 13:04:06";6.65
"Servidor-SPTECH";"ram";"ram_Usada";"GB";"2022-11-08 13:04:04";6.6
"Servidor-SPTECH";"ram";"ram_Usada";"GB";"2022-11-08 13:04:02";6.58
"Servidor-SPTECH";"ram";"ram_Usada";"GB";"2022-11-08 13:04:01";6.59
"Servidor-SPTECH";"ram";"ram_Usada";"GB";"2022-11-08 13:03:59";6.62
"Servidor-SPTECH";"ram";"ram_Usada";"GB";"2022-11-08 13:03:57";6.66
"Servidor-SPTECH";"ram";"ram_Usada";"GB";"2022-11-08 13:03:56";6.66
"Servidor-SPTECH";"ram";"ram_Usada";"GB";"2022-11-08 13:03:54";6.69
"Servidor-SPTECH";"ram";"ram_Usada";"GB";"2022-11-08 13:03:52";6.69
"Servidor-SPTECH";"ram";"ram_Usada";"GB";"2022-11-08 13:03:51";6.68
"Servidor-SPTECH";"ram";"ram_Usada";"GB";"2022-11-08 13:03:49";6.62
"Servidor-SPTECH";"ram";"ram_Usada";"GB";"2022-11-08 13:03:47";6.62
"Servidor-SPTECH";"ram";"ram_Usada";"GB";"2022-11-08 13:03:46";6.57
"Servidor-SPTECH";"ram";"ram_Usada";"GB";"2022-11-08 13:03:44";6.48
"Servidor-SPTECH";"ram";"ram_Usada";"GB";"2022-11-08 13:03:42";6.55
"Servidor-SPTECH";"ram";"ram_Usada";"GB";"2022-11-08 13:03:40";6.58
"Servidor-SPTECH";"ram";"ram_Usada";"GB";"2022-11-08 13:03:39";6.53
"Servidor-SPTECH";"ram";"ram_Usada";"GB";"2022-11-08 13:03:37";6.4
"Servidor-SPTECH";"ram";"ram_Usada";"GB";"2022-11-08 13:03:35";6.43
"Servidor-SPTECH";"ram";"ram_Usada";"GB";"2022-11-08 13:03:33";6.38
"Servidor-SPTECH";"ram";"ram_Usada";"GB";"2022-11-08 13:03:32";6.45
"Servidor-SPTECH";"ram";"ram_Usada";"GB";"2022-11-08 13:03:30";6.72
"Servidor-SPTECH";"ram";"ram_Usada";"GB";"2022-11-08 13:03:28";6.89
"Servidor-SPTECH";"ram";"ram_Usada";"GB";"2022-11-08 13:03:26";6.96
"Servidor-SPTECH";"ram";"ram_Usada";"GB";"2022-11-08 13:03:25";6.97
"Servidor-SPTECH";"ram";"ram_Usada";"GB";"2022-11-08 13:03:23";6.96
"Servidor-SPTECH";"ram";"ram_Usada";"GB";"2022-11-08 13:03:21";6.94
"Servidor-SPTECH";"ram";"ram_Usada";"GB";"2022-11-08 13:03:20";6.93
"Servidor-SPTECH";"ram";"ram_Usada";"GB";"2022-11-08 13:03:18";7.02
"Servidor-SPTECH";"ram";"ram_Usada";"GB";"2022-11-08 13:03:16";7.15
"Servidor-SPTECH";"ram";"ram_Usada";"GB";"2022-11-08 13:03:15";7.21
"Servidor-SPTECH";"ram";"ram_Usada";"GB";"2022-11-08 13:03:13";7.19
"Servidor-SPTECH";"ram";"ram_Usada";"GB";"2022-11-08 13:03:11";7.18
"Servidor-SPTECH";"ram";"ram_Usada";"GB";"2022-11-08 13:03:09";7.15
"Servidor-SPTECH";"ram";"ram_Usada";"GB";"2022-11-08 13:03:08";7.14
"Servidor-SPTECH";"ram";"ram_Usada";"GB";"2022-11-08 13:03:06";7.39
"Servidor-SPTECH";"ram";"ram_Usada";"GB";"2022-11-08 13:03:04";7.45
"Servidor-SPTECH";"ram";"ram_Usada";"GB";"2022-11-08 13:03:02";7.46
"Servidor-SPTECH";"ram";"ram_Usada";"GB";"2022-11-08 13:03:01";7.48
"Servidor-SPTECH";"ram";"ram_Usada";"GB";"2022-11-08 13:02:59";7.52
"Servidor-SPTECH";"ram";"ram_Usada";"GB";"2022-11-08 13:02:57";7.6
"Servidor-SPTECH";"ram";"ram_Usada";"GB";"2022-11-08 13:02:56";7.3
"Servidor-SPTECH";"ram";"ram_Usada";"GB";"2022-11-08 13:02:54";7.29
"Servidor-SPTECH";"ram";"ram_Usada";"GB";"2022-11-08 13:02:52";7.3
"Servidor-SPTECH";"ram";"ram_Usada";"GB";"2022-11-08 13:02:51";7.3
"Servidor-SPTECH";"ram";"ram_Usada";"GB";"2022-11-08 13:02:49";7.26
"Servidor-SPTECH";"ram";"ram_Usada";"GB";"2022-11-08 13:02:47";7.28
"Servidor-SPTECH";"ram";"ram_Usada";"GB";"2022-11-08 13:02:46";7.29
"Servidor-SPTECH";"ram";"ram_Usada";"GB";"2022-11-08 13:02:44";7.29
"Servidor-SPTECH";"ram";"ram_Usada";"GB";"2022-11-08 13:02:42";7.28
"Servidor-SPTECH";"ram";"ram_Usada";"GB";"2022-11-08 13:02:41";7.32
"Servidor-SPTECH";"ram";"ram_Usada";"GB";"2022-11-08 13:02:39";7.32
"Servidor-SPTECH";"ram";"ram_Usada";"GB";"2022-11-08 13:02:37";7.32
"Servidor-SPTECH";"ram";"ram_Usada";"GB";"2022-11-08 13:02:35";7.33
"Servidor-SPTECH";"ram";"ram_Usada";"GB";"2022-11-08 13:02:34";7.33
"Servidor-SPTECH";"ram";"ram_Usada";"GB";"2022-11-08 13:02:32";7.33
"Servidor-SPTECH";"ram";"ram_Usada";"GB";"2022-11-08 13:02:31";7.27
"Servidor-SPTECH";"ram";"ram_Usada";"GB";"2022-11-08 13:02:29";7.32
"Servidor-SPTECH";"ram";"ram_Usada";"GB";"2022-11-08 13:02:27";7.3
"Servidor-SPTECH";"ram";"ram_Usada";"GB";"2022-11-08 13:02:25";7.3
"Servidor-SPTECH";"ram";"ram_Usada";"GB";"2022-11-08 13:02:24";7.24
"Servidor-SPTECH";"ram";"ram_Usada";"GB";"2022-11-08 13:02:22";7.24
"Servidor-SPTECH";"ram";"ram_Usada";"GB";"2022-11-08 13:02:20";7.38
"Servidor-SPTECH";"ram";"ram_Usada";"GB";"2022-11-08 13:02:19";7.34
"Servidor-SPTECH";"ram";"ram_Usada";"GB";"2022-11-08 13:02:17";7.39
"Servidor-SPTECH";"ram";"ram_Usada";"GB";"2022-11-08 13:02:15";7.47
"Servidor-SPTECH";"ram";"ram_Usada";"GB";"2022-11-08 13:02:13";7.48
"Servidor-SPTECH";"ram";"ram_Usada";"GB";"2022-11-08 13:02:12";7.51
"Servidor-SPTECH";"ram";"ram_Usada";"GB";"2022-11-08 13:02:10";7.54
"Servidor-SPTECH";"ram";"ram_Usada";"GB";"2022-11-08 13:02:09";7.7
"Servidor-SPTECH";"ram";"ram_Usada";"GB";"2022-11-08 13:02:07";7.56
"Servidor-SPTECH";"ram";"ram_Usada";"GB";"2022-11-08 13:02:05";7.5
"Servidor-SPTECH";"ram";"ram_Usada";"GB";"2022-11-08 13:02:03";7.44
"Servidor-SPTECH";"ram";"ram_Usada";"GB";"2022-11-08 13:02:02";7.44
"Servidor-SPTECH";"ram";"ram_Usada";"GB";"2022-11-08 13:02:00";7.34
"Servidor-SPTECH";"ram";"ram_Usada";"GB";"2022-11-08 13:01:58";7.22
"Servidor-SPTECH";"ram";"ram_Usada";"GB";"2022-11-08 13:01:56";7.08
"Servidor-SPTECH";"ram";"ram_Usada";"GB";"2022-11-08 13:01:54";6.89
"Servidor-SPTECH";"ram";"ram_Usada";"GB";"2022-11-08 13:01:53";6.98
"Servidor-SPTECH";"ram";"ram_Usada";"GB";"2022-11-08 13:01:51";6.97
"Servidor-SPTECH";"ram";"ram_Usada";"GB";"2022-11-08 13:01:50";6.95
"Servidor-SPTECH";"ram";"ram_Usada";"GB";"2022-11-08 13:01:48";6.93
"Servidor-SPTECH";"ram";"ram_Usada";"GB";"2022-11-08 13:01:46";6.85
"Servidor-SPTECH";"ram";"ram_Usada";"GB";"2022-11-08 13:01:44";6.85
"Servidor-SPTECH";"ram";"ram_Usada";"GB";"2022-11-08 13:01:43";6.87
"Servidor-SPTECH";"ram";"ram_Usada";"GB";"2022-11-08 13:01:41";6.93
"Servidor-SPTECH";"ram";"ram_Usada";"GB";"2022-11-08 13:01:39";6.93
"Servidor-SPTECH";"ram";"ram_Usada";"GB";"2022-11-08 13:01:38";6.9
"Servidor-SPTECH";"ram";"ram_Usada";"GB";"2022-11-08 13:01:36";6.85
"Servidor-SPTECH";"ram";"ram_Usada";"GB";"2022-11-08 13:01:34";6.84
"Servidor-SPTECH";"ram";"ram_Usada";"GB";"2022-11-08 13:01:32";6.87
"Servidor-SPTECH";"ram";"ram_Usada";"GB";"2022-11-08 13:01:30";6.91
"Servidor-SPTECH";"ram";"ram_Usada";"GB";"2022-11-08 13:01:29";7.13
"Servidor-SPTECH";"ram";"ram_Usada";"GB";"2022-11-08 13:01:27";7.03
"Servidor-SPTECH";"ram";"ram_Usada";"GB";"2022-11-08 13:01:25";6.97
"Servidor-SPTECH";"ram";"ram_Usada";"GB";"2022-11-08 13:01:23";7.02
"Servidor-SPTECH";"ram";"ram_Usada";"GB";"2022-11-08 13:01:21";6.73
"Servidor-SPTECH";"ram";"ram_Usada";"GB";"2022-11-08 13:01:19";6.62
"Servidor-SPTECH";"ram";"ram_Usada";"GB";"2022-11-08 13:01:18";6.62
"Servidor-SPTECH";"ram";"ram_Usada";"GB";"2022-11-08 13:01:16";6.62
"Servidor-SPTECH";"ram";"ram_Usada";"GB";"2022-11-08 13:01:15";6.63
"Servidor-SPTECH";"ram";"ram_Usada";"GB";"2022-11-08 13:01:13";6.62
"Servidor-SPTECH";"ram";"ram_Usada";"GB";"2022-11-08 13:01:11";6.62
"Servidor-SPTECH";"ram";"ram_Usada";"GB";"2022-11-08 13:01:10";6.61
"Servidor-SPTECH";"ram";"ram_Usada";"GB";"2022-11-08 13:01:08";6.6
"Servidor-SPTECH";"ram";"ram_Usada";"GB";"2022-11-08 13:01:06";6.59
"Servidor-SPTECH";"ram";"ram_Usada";"GB";"2022-11-08 13:01:05";6.61
"Servidor-SPTECH";"ram";"ram_Usada";"GB";"2022-11-08 13:01:03";6.61
"Servidor-SPTECH";"ram";"ram_Usada";"GB";"2022-11-08 13:01:01";6.62
"Servidor-SPTECH";"ram";"ram_Usada";"GB";"2022-11-08 13:01:00";6.6
"Servidor-SPTECH";"ram";"ram_Usada";"GB";"2022-11-08 13:00:58";6.57
"Servidor-SPTECH";"ram";"ram_Usada";"GB";"2022-11-08 13:00:56";6.52
"Servidor-SPTECH";"ram";"ram_Usada";"GB";"2022-11-08 13:00:55";6.58
"Servidor-SPTECH";"ram";"ram_Usada";"GB";"2022-11-08 13:00:53";6.59
"Servidor-SPTECH";"ram";"ram_Usada";"GB";"2022-11-08 13:00:51";6.61
"Servidor-SPTECH";"ram";"ram_Usada";"GB";"2022-11-08 13:00:50";6.58
"Servidor-SPTECH";"ram";"ram_Usada";"GB";"2022-11-08 13:00:48";6.59
"Servidor-SPTECH";"ram";"ram_Usada";"GB";"2022-11-08 13:00:47";6.57
"Servidor-SPTECH";"ram";"ram_Usada";"GB";"2022-11-08 13:00:45";6.6
"Servidor-SPTECH";"ram";"ram_Usada";"GB";"2022-11-08 13:00:43";6.61
"Servidor-SPTECH";"ram";"ram_Usada";"GB";"2022-11-08 13:00:42";6.64
"Servidor-SPTECH";"ram";"ram_Usada";"GB";"2022-11-08 13:00:40";6.64
"Servidor-SPTECH";"ram";"ram_Usada";"GB";"2022-11-08 13:00:38";6.63
"Servidor-SPTECH";"ram";"ram_Usada";"GB";"2022-11-08 13:00:37";6.63
"Servidor-SPTECH";"ram";"ram_Usada";"GB";"2022-11-08 13:00:35";6.58
"Servidor-SPTECH";"ram";"ram_Usada";"GB";"2022-11-08 13:00:34";6.59
"Servidor-SPTECH";"ram";"ram_Usada";"GB";"2022-11-08 13:00:32";6.56
"Servidor-SPTECH";"ram";"ram_Usada";"GB";"2022-11-08 13:00:30";6.54
"Servidor-SPTECH";"ram";"ram_Usada";"GB";"2022-11-08 13:00:29";6.54
"Servidor-SPTECH";"ram";"ram_Usada";"GB";"2022-11-08 13:00:27";6.45
"Servidor-SPTECH";"ram";"ram_Usada";"GB";"2022-11-08 13:00:25";6.45
"Servidor-SPTECH";"ram";"ram_Usada";"GB";"2022-11-08 13:00:24";6.47
"Servidor-SPTECH";"ram";"ram_Usada";"GB";"2022-11-08 13:00:22";6.47
"Servidor-SPTECH";"ram";"ram_Usada";"GB";"2022-11-08 13:00:21";6.46
"Servidor-SPTECH";"ram";"ram_Usada";"GB";"2022-11-08 13:00:19";6.45
"Servidor-SPTECH";"ram";"ram_Usada";"GB";"2022-11-08 13:00:17";6.44
"Servidor-SPTECH";"ram";"ram_Usada";"GB";"2022-11-08 13:00:15";6.47
"Servidor-SPTECH";"ram";"ram_Usada";"GB";"2022-11-08 13:00:14";6.48
"Servidor-SPTECH";"ram";"ram_Usada";"GB";"2022-11-08 13:00:12";6.48
"Servidor-SPTECH";"ram";"ram_Usada";"GB";"2022-11-08 13:00:10";6.48
"Servidor-SPTECH";"ram";"ram_Usada";"GB";"2022-11-08 13:00:08";6.48
"Servidor-SPTECH";"ram";"ram_Usada";"GB";"2022-11-08 13:00:07";6.49
"Servidor-SPTECH";"ram";"ram_Usada";"GB";"2022-11-08 13:00:05";6.48
"Servidor-SPTECH";"ram";"ram_Usada";"GB";"2022-11-08 13:00:04";6.47
"Servidor-SPTECH";"ram";"ram_Usada";"GB";"2022-11-08 13:00:02";6.45
"Servidor-SPTECH";"ram";"ram_Usada";"GB";"2022-11-08 13:00:00";6.44
"Servidor-SPTECH";"ram";"ram_Usada";"GB";"2022-11-08 12:59:59";6.42
"Servidor-SPTECH";"ram";"ram_Usada";"GB";"2022-11-08 12:59:57";6.43
"Servidor-SPTECH";"ram";"ram_Usada";"GB";"2022-11-08 12:59:55";6.41
"Servidor-SPTECH";"ram";"ram_Usada";"GB";"2022-11-08 12:59:54";6.41
"Servidor-SPTECH";"ram";"ram_Usada";"GB";"2022-11-08 12:59:52";6.41
"Servidor-SPTECH";"ram";"ram_Usada";"GB";"2022-11-08 12:59:50";6.38
"Servidor-SPTECH";"ram";"ram_Usada";"GB";"2022-11-08 12:59:49";6.4
"Servidor-SPTECH";"ram";"ram_Usada";"GB";"2022-11-08 12:59:47";6.38
"Servidor-SPTECH";"ram";"ram_Usada";"GB";"2022-11-08 12:59:45";6.37
"Servidor-SPTECH";"ram";"ram_Usada";"GB";"2022-11-08 12:59:44";6.37
"Servidor-SPTECH";"ram";"ram_Usada";"GB";"2022-11-08 12:59:42";6.42
"Servidor-SPTECH";"ram";"ram_Usada";"GB";"2022-11-08 12:59:40";6.48
"Servidor-SPTECH";"ram";"ram_Usada";"GB";"2022-11-08 12:59:38";6.44
"Servidor-SPTECH";"ram";"ram_Usada";"GB";"2022-11-08 12:59:37";6.42
"Servidor-SPTECH";"ram";"ram_Usada";"GB";"2022-11-08 12:59:35";6.42
"Servidor-SPTECH";"ram";"ram_Usada";"GB";"2022-11-08 12:59:34";6.39
"Servidor-SPTECH";"ram";"ram_Usada";"GB";"2022-11-08 12:59:32";6.4
"Servidor-SPTECH";"ram";"ram_Usada";"GB";"2022-11-08 12:59:30";6.4
"Servidor-SPTECH";"ram";"ram_Usada";"GB";"2022-11-08 12:59:29";6.45
"Servidor-SPTECH";"ram";"ram_Usada";"GB";"2022-11-08 12:59:27";6.46
"Servidor-SPTECH";"ram";"ram_Usada";"GB";"2022-11-08 12:59:25";6.46
"Servidor-SPTECH";"ram";"ram_Usada";"GB";"2022-11-08 12:59:24";6.47
"Servidor-SPTECH";"ram";"ram_Usada";"GB";"2022-11-08 12:59:22";6.45
"Servidor-SPTECH";"ram";"ram_Usada";"GB";"2022-11-08 12:59:21";6.44
"Servidor-SPTECH";"ram";"ram_Usada";"GB";"2022-11-08 12:59:19";6.44
"Servidor-SPTECH";"ram";"ram_Usada";"GB";"2022-11-08 12:59:17";6.46
"Servidor-SPTECH";"ram";"ram_Usada";"GB";"2022-11-08 12:59:16";6.46
"Servidor-SPTECH";"ram";"ram_Usada";"GB";"2022-11-08 12:59:14";6.47
"Servidor-SPTECH";"ram";"ram_Usada";"GB";"2022-11-08 12:59:12";6.47
"Servidor-SPTECH";"ram";"ram_Usada";"GB";"2022-11-08 12:59:11";6.49
"Servidor-SPTECH";"ram";"ram_Usada";"GB";"2022-11-08 12:59:09";6.51
"Servidor-SPTECH";"ram";"ram_Usada";"GB";"2022-11-08 12:59:07";6.53
"Servidor-SPTECH";"ram";"ram_Usada";"GB";"2022-11-08 12:59:06";6.51
"Servidor-SPTECH";"ram";"ram_Usada";"GB";"2022-11-08 12:59:04";6.51
"Servidor-SPTECH";"ram";"ram_Usada";"GB";"2022-11-08 12:59:03";6.48
"Servidor-SPTECH";"ram";"ram_Usada";"GB";"2022-11-08 12:59:01";6.48
"Servidor-SPTECH";"ram";"ram_Usada";"GB";"2022-11-08 12:58:59";6.48
"Servidor-SPTECH";"ram";"ram_Usada";"GB";"2022-11-08 12:58:58";6.49
"Servidor-SPTECH";"ram";"ram_Usada";"GB";"2022-11-08 12:58:56";6.51
"Servidor-SPTECH";"ram";"ram_Usada";"GB";"2022-11-08 12:58:55";6.52
"Servidor-SPTECH";"ram";"ram_Usada";"GB";"2022-11-08 12:58:53";6.5
"Servidor-SPTECH";"ram";"ram_Usada";"GB";"2022-11-08 12:58:51";6.51
"Servidor-SPTECH";"ram";"ram_Usada";"GB";"2022-11-08 12:58:50";6.49
"Servidor-SPTECH";"ram";"ram_Usada";"GB";"2022-11-08 12:58:48";6.51
"Servidor-SPTECH";"ram";"ram_Usada";"GB";"2022-11-08 12:58:46";6.55
"Servidor-SPTECH";"ram";"ram_Usada";"GB";"2022-11-08 12:58:45";6.55
"Servidor-SPTECH";"ram";"ram_Usada";"GB";"2022-11-08 12:58:43";6.54
"Servidor-SPTECH";"ram";"ram_Usada";"GB";"2022-11-08 12:58:41";6.57
"Servidor-SPTECH";"ram";"ram_Usada";"GB";"2022-11-08 12:58:40";6.59
"Servidor-SPTECH";"ram";"ram_Usada";"GB";"2022-11-08 12:58:38";6.57
"Servidor-SPTECH";"ram";"ram_Usada";"GB";"2022-11-08 12:58:36";6.59
"Servidor-SPTECH";"ram";"ram_Usada";"GB";"2022-11-08 12:58:35";6.58
"Servidor-SPTECH";"ram";"ram_Usada";"GB";"2022-11-08 12:58:33";6.55
"Servidor-SPTECH";"ram";"ram_Usada";"GB";"2022-11-08 12:58:31";6.57
"Servidor-SPTECH";"ram";"ram_Usada";"GB";"2022-11-08 12:58:30";6.47
"Servidor-SPTECH";"ram";"ram_Usada";"GB";"2022-11-08 12:58:28";6.59
"Servidor-SPTECH";"ram";"ram_Usada";"GB";"2022-11-08 12:58:26";7.05
"Servidor-SPTECH";"ram";"ram_Usada";"GB";"2022-11-08 12:58:25";7.31
"Servidor-SPTECH";"ram";"ram_Usada";"GB";"2022-11-08 12:58:23";7.32
"Servidor-SPTECH";"ram";"ram_Usada";"GB";"2022-11-08 12:58:21";7.3
"Servidor-SPTECH";"ram";"ram_Usada";"GB";"2022-11-08 12:58:20";7.35
"Servidor-SPTECH";"ram";"ram_Usada";"GB";"2022-11-08 12:58:18";7.33
"Servidor-SPTECH";"ram";"ram_Usada";"GB";"2022-11-08 12:58:16";7.32
"Servidor-SPTECH";"ram";"ram_Usada";"GB";"2022-11-08 12:58:15";7.38
"Servidor-SPTECH";"ram";"ram_Usada";"GB";"2022-11-08 12:58:13";7.37
"Servidor-SPTECH";"ram";"ram_Usada";"GB";"2022-11-08 12:58:11";7.4
"Servidor-SPTECH";"ram";"ram_Usada";"GB";"2022-11-08 12:58:10";7.4
"Servidor-SPTECH";"ram";"ram_Usada";"GB";"2022-11-08 12:58:08";7.39
"Servidor-SPTECH";"ram";"ram_Usada";"GB";"2022-11-08 12:58:06";7.39
"Servidor-SPTECH";"ram";"ram_Usada";"GB";"2022-11-08 12:58:04";7.4
"Servidor-SPTECH";"ram";"ram_Usada";"GB";"2022-11-08 12:58:02";7.35
"Servidor-SPTECH";"ram";"ram_Usada";"GB";"2022-11-08 12:58:01";7.31
"Servidor-SPTECH";"ram";"ram_Usada";"GB";"2022-11-08 12:57:59";7.45
"Servidor-SPTECH";"ram";"ram_Usada";"GB";"2022-11-08 12:57:57";7.3
"Servidor-SPTECH";"ram";"ram_Usada";"GB";"2022-11-08 12:57:56";7.29
"Servidor-SPTECH";"ram";"ram_Usada";"GB";"2022-11-08 12:57:54";7.39
"Servidor-SPTECH";"ram";"ram_Usada";"GB";"2022-11-08 12:57:53";7.37
"Servidor-SPTECH";"ram";"ram_Usada";"GB";"2022-11-08 12:57:51";7.33
"Servidor-SPTECH";"ram";"ram_Usada";"GB";"2022-11-08 12:57:49";7.38
"Servidor-SPTECH";"ram";"ram_Usada";"GB";"2022-11-08 12:57:48";7.38
"Servidor-SPTECH";"ram";"ram_Usada";"GB";"2022-11-08 12:57:46";7.38
"Servidor-SPTECH";"ram";"ram_Usada";"GB";"2022-11-08 12:57:45";7.34
"Servidor-SPTECH";"ram";"ram_Usada";"GB";"2022-11-08 12:57:43";7.34
"Servidor-SPTECH";"ram";"ram_Usada";"GB";"2022-11-08 12:57:41";7.34
"Servidor-SPTECH";"ram";"ram_Usada";"GB";"2022-11-08 12:57:40";7.35
"Servidor-SPTECH";"ram";"ram_Usada";"GB";"2022-11-08 12:57:38";7.39
"Servidor-SPTECH";"ram";"ram_Usada";"GB";"2022-11-08 12:57:36";7.4
"Servidor-SPTECH";"ram";"ram_Usada";"GB";"2022-11-08 12:57:35";7.42
"Servidor-SPTECH";"ram";"ram_Usada";"GB";"2022-11-08 12:57:33";7.36
"Servidor-SPTECH";"ram";"ram_Usada";"GB";"2022-11-08 12:57:31";7.43
"Servidor-SPTECH";"ram";"ram_Usada";"GB";"2022-11-08 12:57:30";7.44
"Servidor-SPTECH";"ram";"ram_Usada";"GB";"2022-11-08 12:57:28";7.43
"Servidor-SPTECH";"ram";"ram_Usada";"GB";"2022-11-08 12:57:26";7.44
"Servidor-SPTECH";"ram";"ram_Usada";"GB";"2022-11-08 12:57:25";7.39
"Servidor-SPTECH";"ram";"ram_Usada";"GB";"2022-11-08 12:57:23";7.4
"Servidor-SPTECH";"ram";"ram_Usada";"GB";"2022-11-08 12:57:21";7.4
"Servidor-SPTECH";"ram";"ram_Usada";"GB";"2022-11-08 12:57:20";7.39
"Servidor-SPTECH";"ram";"ram_Usada";"GB";"2022-11-08 12:57:18";7.38
"Servidor-SPTECH";"ram";"ram_Usada";"GB";"2022-11-08 12:57:16";7.36
"Servidor-SPTECH";"ram";"ram_Usada";"GB";"2022-11-08 12:57:15";7.4
"Servidor-SPTECH";"ram";"ram_Usada";"GB";"2022-11-08 12:57:13";7.37
"Servidor-SPTECH";"ram";"ram_Usada";"GB";"2022-11-08 12:57:11";7.37
"Servidor-SPTECH";"ram";"ram_Usada";"GB";"2022-11-08 12:57:10";7.37
"Servidor-SPTECH";"ram";"ram_Usada";"GB";"2022-11-08 12:57:08";7.36
"Servidor-SPTECH";"ram";"ram_Usada";"GB";"2022-11-08 12:57:07";7.38
"Servidor-SPTECH";"ram";"ram_Usada";"GB";"2022-11-08 12:57:05";7.41
"Servidor-SPTECH";"ram";"ram_Usada";"GB";"2022-11-08 12:57:04";7.38
"Servidor-SPTECH";"ram";"ram_Usada";"GB";"2022-11-08 12:57:02";7.35
"Servidor-SPTECH";"ram";"ram_Usada";"GB";"2022-11-08 12:57:00";7.34
"Servidor-SPTECH";"ram";"ram_Usada";"GB";"2022-11-08 12:56:59";7.34
"Servidor-SPTECH";"ram";"ram_Usada";"GB";"2022-11-08 12:56:57";7.29
"Servidor-SPTECH";"ram";"ram_Usada";"GB";"2022-11-08 12:56:55";7.32
"Servidor-SPTECH";"ram";"ram_Usada";"GB";"2022-11-08 12:56:54";7.34
"Servidor-SPTECH";"ram";"ram_Usada";"GB";"2022-11-08 12:56:52";7.34
"Servidor-SPTECH";"ram";"ram_Usada";"GB";"2022-11-08 12:56:50";7.32
"Servidor-SPTECH";"ram";"ram_Usada";"GB";"2022-11-08 12:56:49";7.32
"Servidor-SPTECH";"ram";"ram_Usada";"GB";"2022-11-08 12:56:47";7.31
"Servidor-SPTECH";"ram";"ram_Usada";"GB";"2022-11-08 12:56:45";7.33
"Servidor-SPTECH";"ram";"ram_Usada";"GB";"2022-11-08 12:56:43";7.36
"Servidor-SPTECH";"ram";"ram_Usada";"GB";"2022-11-08 12:56:42";7.39
"Servidor-SPTECH";"ram";"ram_Usada";"GB";"2022-11-08 12:56:40";7.39
"Servidor-SPTECH";"ram";"ram_Usada";"GB";"2022-11-08 12:56:38";7.39
"Servidor-SPTECH";"ram";"ram_Usada";"GB";"2022-11-08 12:56:37";7.43
"Servidor-SPTECH";"ram";"ram_Usada";"GB";"2022-11-08 12:56:35";7.4
"Servidor-SPTECH";"ram";"ram_Usada";"GB";"2022-11-08 12:56:33";7.38
"Servidor-SPTECH";"ram";"ram_Usada";"GB";"2022-11-08 12:56:32";7.38
"Servidor-SPTECH";"ram";"ram_Usada";"GB";"2022-11-08 12:56:30";7.36
"Servidor-SPTECH";"ram";"ram_Usada";"GB";"2022-11-08 12:56:28";7.37
"Servidor-SPTECH";"ram";"ram_Usada";"GB";"2022-11-08 12:56:27";7.36
"Servidor-SPTECH";"ram";"ram_Usada";"GB";"2022-11-08 12:56:25";7.4
"Servidor-SPTECH";"ram";"ram_Usada";"GB";"2022-11-08 12:56:23";7.41
"Servidor-SPTECH";"ram";"ram_Usada";"GB";"2022-11-08 12:56:22";7.42
"Servidor-SPTECH";"ram";"ram_Usada";"GB";"2022-11-08 12:56:20";7.36
"Servidor-SPTECH";"ram";"ram_Usada";"GB";"2022-11-08 12:56:19";7.36
"Servidor-SPTECH";"ram";"ram_Usada";"GB";"2022-11-08 12:56:17";7.37
"Servidor-SPTECH";"ram";"ram_Usada";"GB";"2022-11-08 12:56:15";7.31
"Servidor-SPTECH";"ram";"ram_Usada";"GB";"2022-11-08 12:56:14";7.32
"Servidor-SPTECH";"ram";"ram_Usada";"GB";"2022-11-08 12:56:12";7.3
"Servidor-SPTECH";"ram";"ram_Usada";"GB";"2022-11-08 12:56:10";7.3
"Servidor-SPTECH";"ram";"ram_Usada";"GB";"2022-11-08 12:56:09";7.28
"Servidor-SPTECH";"ram";"ram_Usada";"GB";"2022-11-08 12:56:07";7.32
"Servidor-SPTECH";"ram";"ram_Usada";"GB";"2022-11-08 12:56:06";7.32
"Servidor-SPTECH";"ram";"ram_Usada";"GB";"2022-11-08 12:56:04";7.34
"Servidor-SPTECH";"ram";"ram_Usada";"GB";"2022-11-08 12:56:02";7.31
"Servidor-SPTECH";"ram";"ram_Usada";"GB";"2022-11-08 12:56:01";7.33
"Servidor-SPTECH";"ram";"ram_Usada";"GB";"2022-11-08 12:55:59";7.3
"Servidor-SPTECH";"ram";"ram_Usada";"GB";"2022-11-08 12:55:57";7.32
"Servidor-SPTECH";"ram";"ram_Usada";"GB";"2022-11-08 12:55:56";7.32
"Servidor-SPTECH";"ram";"ram_Usada";"GB";"2022-11-08 12:55:54";7.46
"Servidor-SPTECH";"ram";"ram_Usada";"GB";"2022-11-08 12:55:53";7.46
"Servidor-SPTECH";"ram";"ram_Usada";"GB";"2022-11-08 12:55:51";7.39
"Servidor-SPTECH";"ram";"ram_Usada";"GB";"2022-11-08 12:55:49";7.36
"Servidor-SPTECH";"ram";"ram_Usada";"GB";"2022-11-08 12:55:48";7.35
"Servidor-SPTECH";"ram";"ram_Usada";"GB";"2022-11-08 12:55:46";7.35
"Servidor-SPTECH";"ram";"ram_Usada";"GB";"2022-11-08 12:55:44";7.38
"Servidor-SPTECH";"ram";"ram_Usada";"GB";"2022-11-08 12:55:43";7.4
"Servidor-SPTECH";"ram";"ram_Usada";"GB";"2022-11-08 12:55:41";7.45
"Servidor-SPTECH";"ram";"ram_Usada";"GB";"2022-11-08 12:55:39";7.48
"Servidor-SPTECH";"ram";"ram_Usada";"GB";"2022-11-08 12:55:38";7.48
"Servidor-SPTECH";"ram";"ram_Usada";"GB";"2022-11-08 12:55:36";7.48
"Servidor-SPTECH";"ram";"ram_Usada";"GB";"2022-11-08 12:55:34";7.48
"Servidor-SPTECH";"ram";"ram_Usada";"GB";"2022-11-08 12:55:33";7.41
"Servidor-SPTECH";"ram";"ram_Usada";"GB";"2022-11-08 12:55:31";7.42
"Servidor-SPTECH";"ram";"ram_Usada";"GB";"2022-11-08 12:55:29";7.43
"Servidor-SPTECH";"ram";"ram_Usada";"GB";"2022-11-08 12:55:28";7.45
"Servidor-SPTECH";"ram";"ram_Usada";"GB";"2022-11-08 12:55:26";7.44
"Servidor-SPTECH";"ram";"ram_Usada";"GB";"2022-11-08 12:55:25";7.49
"Servidor-SPTECH";"ram";"ram_Usada";"GB";"2022-11-08 12:55:23";7.5
"Servidor-SPTECH";"ram";"ram_Usada";"GB";"2022-11-08 12:55:21";7.51
"Servidor-SPTECH";"ram";"ram_Usada";"GB";"2022-11-08 12:55:20";7.45
"Servidor-SPTECH";"ram";"ram_Usada";"GB";"2022-11-08 12:55:18";7.45
"Servidor-SPTECH";"ram";"ram_Usada";"GB";"2022-11-08 12:55:16";7.39
"Servidor-SPTECH";"ram";"ram_Usada";"GB";"2022-11-08 12:55:15";7.43
"Servidor-SPTECH";"ram";"ram_Usada";"GB";"2022-11-08 12:55:13";7.44
"Servidor-SPTECH";"ram";"ram_Usada";"GB";"2022-11-08 12:55:12";7.47
"Servidor-SPTECH";"ram";"ram_Usada";"GB";"2022-11-08 12:55:10";7.46
"Servidor-SPTECH";"ram";"ram_Usada";"GB";"2022-11-08 12:55:09";7.42
"Servidor-SPTECH";"ram";"ram_Usada";"GB";"2022-11-08 12:55:07";7.45
"Servidor-SPTECH";"ram";"ram_Usada";"GB";"2022-11-08 12:55:05";7.46
"Servidor-SPTECH";"ram";"ram_Usada";"GB";"2022-11-08 12:55:04";7.54
"Servidor-SPTECH";"ram";"ram_Usada";"GB";"2022-11-08 12:55:02";7.57
"Servidor-SPTECH";"ram";"ram_Usada";"GB";"2022-11-08 12:55:00";7.53
"Servidor-SPTECH";"ram";"ram_Usada";"GB";"2022-11-08 12:54:59";7.55
"Servidor-SPTECH";"ram";"ram_Usada";"GB";"2022-11-08 12:54:57";7.49
"Servidor-SPTECH";"ram";"ram_Usada";"GB";"2022-11-08 12:54:55";7.39
"Servidor-SPTECH";"ram";"ram_Usada";"GB";"2022-11-08 12:54:53";7.4
"Servidor-SPTECH";"ram";"ram_Usada";"GB";"2022-11-08 12:54:52";7.4
"Servidor-SPTECH";"ram";"ram_Usada";"GB";"2022-11-08 12:54:50";7.38
"Servidor-SPTECH";"ram";"ram_Usada";"GB";"2022-11-08 12:54:48";7.39
"Servidor-SPTECH";"ram";"ram_Usada";"GB";"2022-11-08 12:54:47";7.38
"Servidor-SPTECH";"ram";"ram_Usada";"GB";"2022-11-08 12:54:45";7.42
"Servidor-SPTECH";"ram";"ram_Usada";"GB";"2022-11-08 12:54:43";7.42
"Servidor-SPTECH";"ram";"ram_Usada";"GB";"2022-11-08 12:54:42";7.49
"Servidor-SPTECH";"ram";"ram_Usada";"GB";"2022-11-08 12:54:40";7.5
"Servidor-SPTECH";"ram";"ram_Usada";"GB";"2022-11-08 12:54:38";7.55
"Servidor-SPTECH";"ram";"ram_Usada";"GB";"2022-11-08 12:54:37";7.61
"Servidor-SPTECH";"ram";"ram_Usada";"GB";"2022-11-08 12:54:35";7.58
"Servidor-SPTECH";"ram";"ram_Usada";"GB";"2022-11-08 12:54:33";7.55
"Servidor-SPTECH";"ram";"ram_Usada";"GB";"2022-11-08 12:54:31";7.36
"Servidor-SPTECH";"ram";"ram_Usada";"GB";"2022-11-08 12:54:30";7.36
"Servidor-SPTECH";"ram";"ram_Usada";"GB";"2022-11-08 12:54:28";7.35
"Servidor-SPTECH";"ram";"ram_Usada";"GB";"2022-11-08 12:54:26";7.37
"Servidor-SPTECH";"ram";"ram_Usada";"GB";"2022-11-08 12:54:25";7.36
"Servidor-SPTECH";"ram";"ram_Usada";"GB";"2022-11-08 12:54:23";7.37
"Servidor-SPTECH";"ram";"ram_Usada";"GB";"2022-11-08 12:54:21";7.37
"Servidor-SPTECH";"ram";"ram_Usada";"GB";"2022-11-08 12:54:20";7.35
"Servidor-SPTECH";"ram";"ram_Usada";"GB";"2022-11-08 12:54:18";7.36
"Servidor-SPTECH";"ram";"ram_Usada";"GB";"2022-11-08 12:54:16";7.36
"Servidor-SPTECH";"ram";"ram_Usada";"GB";"2022-11-08 12:54:15";7.17
"Servidor-SPTECH";"ram";"ram_Usada";"GB";"2022-11-08 12:54:13";7.2
"Servidor-SPTECH";"ram";"ram_Usada";"GB";"2022-11-08 12:54:12";7.21
"Servidor-SPTECH";"ram";"ram_Usada";"GB";"2022-11-08 12:54:10";7.21
"Servidor-SPTECH";"ram";"ram_Usada";"GB";"2022-11-08 12:54:09";7.16
"Servidor-SPTECH";"ram";"ram_Usada";"GB";"2022-11-08 12:54:07";7.15
"Servidor-SPTECH";"ram";"ram_Usada";"GB";"2022-11-08 12:54:06";7.12
"Servidor-SPTECH";"ram";"ram_Usada";"GB";"2022-11-08 12:54:04";7.18
"Servidor-SPTECH";"ram";"ram_Usada";"GB";"2022-11-08 12:54:03";7.22
"Servidor-SPTECH";"ram";"ram_Usada";"GB";"2022-11-08 12:54:02";7.21
"Servidor-SPTECH";"ram";"ram_Usada";"GB";"2022-11-08 12:54:00";7.21
"Servidor-SPTECH";"ram";"ram_Usada";"GB";"2022-11-08 12:53:59";7.22
"Servidor-SPTECH";"ram";"ram_Usada";"GB";"2022-11-08 12:53:57";7.16
"Servidor-SPTECH";"ram";"ram_Usada";"GB";"2022-11-08 12:53:56";7.14
"Servidor-SPTECH";"ram";"ram_Usada";"GB";"2022-11-08 12:53:54";7.25
"Servidor-SPTECH";"ram";"ram_Usada";"GB";"2022-11-08 12:53:53";7.25
"Servidor-SPTECH";"ram";"ram_Usada";"GB";"2022-11-08 12:53:51";7.26
"Servidor-SPTECH";"ram";"ram_Usada";"GB";"2022-11-08 12:53:50";7.22
"Servidor-SPTECH";"ram";"ram_Usada";"GB";"2022-11-08 12:53:48";7.21
"Servidor-SPTECH";"ram";"ram_Usada";"GB";"2022-11-08 12:53:47";7.17
"Servidor-SPTECH";"ram";"ram_Usada";"GB";"2022-11-08 12:53:45";7.0
"Servidor-SPTECH";"ram";"ram_Usada";"GB";"2022-11-08 12:53:44";7.08
"Servidor-SPTECH";"ram";"ram_Usada";"GB";"2022-11-08 12:53:42";7.06
"Servidor-SPTECH";"ram";"ram_Usada";"GB";"2022-11-08 12:53:41";7.19
"Servidor-SPTECH";"ram";"ram_Usada";"GB";"2022-11-08 12:53:40";7.22
"Servidor-SPTECH";"ram";"ram_Usada";"GB";"2022-11-08 12:53:38";7.18
"Servidor-SPTECH";"ram";"ram_Usada";"GB";"2022-11-08 12:53:37";7.23
"Servidor-SPTECH";"ram";"ram_Usada";"GB";"2022-11-08 12:53:35";7.01
"Servidor-SPTECH";"ram";"ram_Usada";"GB";"2022-11-08 12:53:34";7.04
"Servidor-SPTECH";"ram";"ram_Usada";"GB";"2022-11-08 12:53:32";7.01
"Servidor-SPTECH";"ram";"ram_Usada";"GB";"2022-11-08 12:53:31";7.02
"Servidor-SPTECH";"ram";"ram_Usada";"GB";"2022-11-08 12:53:29";6.99
"Servidor-SPTECH";"ram";"ram_Usada";"GB";"2022-11-08 12:53:28";6.99
"Servidor-SPTECH";"ram";"ram_Usada";"GB";"2022-11-08 12:53:26";6.99
"Servidor-SPTECH";"ram";"ram_Usada";"GB";"2022-11-08 12:53:25";7.06
"Servidor-SPTECH";"ram";"ram_Usada";"GB";"2022-11-08 12:53:24";7.08
"Servidor-SPTECH";"ram";"ram_Usada";"GB";"2022-11-08 12:53:22";7.08
"Servidor-SPTECH";"ram";"ram_Usada";"GB";"2022-11-08 12:53:21";7.09
"Servidor-SPTECH";"ram";"ram_Usada";"GB";"2022-11-08 12:53:19";7.09
"Servidor-SPTECH";"ram";"ram_Usada";"GB";"2022-11-08 12:53:18";7.08
"Servidor-SPTECH";"ram";"ram_Usada";"GB";"2022-11-08 12:53:16";7.09
"Servidor-SPTECH";"ram";"ram_Usada";"GB";"2022-11-08 12:53:15";7.13
"Servidor-SPTECH";"ram";"ram_Usada";"GB";"2022-11-08 12:53:13";7.13
"Servidor-SPTECH";"ram";"ram_Usada";"GB";"2022-11-08 12:53:12";7.13
"Servidor-SPTECH";"ram";"ram_Usada";"GB";"2022-11-08 12:53:11";7.13
"Servidor-SPTECH";"ram";"ram_Usada";"GB";"2022-11-08 12:53:09";7.14
"Servidor-SPTECH";"ram";"ram_Usada";"GB";"2022-11-08 12:53:08";7.11
"Servidor-SPTECH";"ram";"ram_Usada";"GB";"2022-11-08 12:53:06";7.12
"Servidor-SPTECH";"ram";"ram_Usada";"GB";"2022-11-08 12:53:05";7.16
"Servidor-SPTECH";"ram";"ram_Usada";"GB";"2022-11-08 12:53:03";7.15
"Servidor-SPTECH";"ram";"ram_Usada";"GB";"2022-11-08 12:53:02";7.11
"Servidor-SPTECH";"ram";"ram_Usada";"GB";"2022-11-08 12:53:00";7.15
"Servidor-SPTECH";"ram";"ram_Usada";"GB";"2022-11-08 12:52:59";7.15
"Servidor-SPTECH";"ram";"ram_Usada";"GB";"2022-11-08 12:52:57";7.16
"Servidor-SPTECH";"ram";"ram_Usada";"GB";"2022-11-08 12:52:56";7.12
"Servidor-SPTECH";"ram";"ram_Usada";"GB";"2022-11-08 12:52:54";6.94
"Servidor-SPTECH";"ram";"ram_Usada";"GB";"2022-11-08 12:52:53";6.95
"Servidor-SPTECH";"ram";"ram_Usada";"GB";"2022-11-08 12:52:52";6.95
"Servidor-SPTECH";"ram";"ram_Usada";"GB";"2022-11-08 12:52:50";6.87
"Servidor-SPTECH";"ram";"ram_Usada";"GB";"2022-11-08 12:52:49";6.89
"Servidor-SPTECH";"ram";"ram_Usada";"GB";"2022-11-08 12:52:47";6.9
"Servidor-SPTECH";"ram";"ram_Usada";"GB";"2022-11-08 12:52:46";6.9
"Servidor-SPTECH";"ram";"ram_Usada";"GB";"2022-11-08 12:52:44";6.88
"Servidor-SPTECH";"ram";"ram_Usada";"GB";"2022-11-08 12:52:43";6.9
"Servidor-SPTECH";"ram";"ram_Usada";"GB";"2022-11-08 12:52:41";6.93
"Servidor-SPTECH";"ram";"ram_Usada";"GB";"2022-11-08 12:52:40";6.93
"Servidor-SPTECH";"ram";"ram_Usada";"GB";"2022-11-08 12:52:39";6.93
"Servidor-SPTECH";"ram";"ram_Usada";"GB";"2022-11-08 12:52:37";6.94
"Servidor-SPTECH";"ram";"ram_Usada";"GB";"2022-11-08 12:52:36";6.94
"Servidor-SPTECH";"ram";"ram_Usada";"GB";"2022-11-08 12:52:34";6.95
"Servidor-SPTECH";"ram";"ram_Usada";"GB";"2022-11-08 12:52:33";6.95
"Servidor-SPTECH";"ram";"ram_Usada";"GB";"2022-11-08 12:52:31";6.95
"Servidor-SPTECH";"ram";"ram_Usada";"GB";"2022-11-08 12:52:30";6.94
"Servidor-SPTECH";"ram";"ram_Usada";"GB";"2022-11-08 12:52:28";6.94
"Servidor-SPTECH";"ram";"ram_Usada";"GB";"2022-11-08 12:52:27";6.95
"Servidor-SPTECH";"ram";"ram_Usada";"GB";"2022-11-08 12:52:26";6.95
"Servidor-SPTECH";"ram";"ram_Usada";"GB";"2022-11-08 12:52:24";6.96
"Servidor-SPTECH";"ram";"ram_Usada";"GB";"2022-11-08 12:52:23";6.96
"Servidor-SPTECH";"ram";"ram_Usada";"GB";"2022-11-08 12:52:21";7.01
"Servidor-SPTECH";"ram";"ram_Usada";"GB";"2022-11-08 12:52:20";6.93
"Servidor-SPTECH";"ram";"ram_Usada";"GB";"2022-11-08 12:52:18";6.96
"Servidor-SPTECH";"ram";"ram_Usada";"GB";"2022-11-08 12:52:17";6.97
"Servidor-SPTECH";"ram";"ram_Usada";"GB";"2022-11-08 12:52:15";6.97
"Servidor-SPTECH";"ram";"ram_Usada";"GB";"2022-11-08 12:52:14";6.94
"Servidor-SPTECH";"ram";"ram_Usada";"GB";"2022-11-08 12:52:12";6.97
"Servidor-SPTECH";"ram";"ram_Usada";"GB";"2022-11-08 12:52:11";6.97
"Servidor-SPTECH";"ram";"ram_Usada";"GB";"2022-11-08 12:52:10";6.97
"Servidor-SPTECH";"ram";"ram_Usada";"GB";"2022-11-08 12:52:08";6.95
"Servidor-SPTECH";"ram";"ram_Usada";"GB";"2022-11-08 12:52:07";7.02
"Servidor-SPTECH";"ram";"ram_Usada";"GB";"2022-11-08 12:52:05";7.03
"Servidor-SPTECH";"ram";"ram_Usada";"GB";"2022-11-08 12:52:04";7.04
"Servidor-SPTECH";"ram";"ram_Usada";"GB";"2022-11-08 12:52:02";7.02
"Servidor-SPTECH";"ram";"ram_Usada";"GB";"2022-11-08 12:52:01";7.02
"Servidor-SPTECH";"ram";"ram_Usada";"GB";"2022-11-08 12:51:59";7.03
"Servidor-SPTECH";"ram";"ram_Usada";"GB";"2022-11-08 12:51:58";7.01
"Servidor-SPTECH";"ram";"ram_Usada";"GB";"2022-11-08 12:51:57";7.22
"Servidor-SPTECH";"ram";"ram_Usada";"GB";"2022-11-08 12:51:55";7.21
"Servidor-SPTECH";"ram";"ram_Usada";"GB";"2022-11-08 12:51:54";7.29
"Servidor-SPTECH";"ram";"ram_Usada";"GB";"2022-11-08 12:51:52";7.25
"Servidor-SPTECH";"ram";"ram_Usada";"GB";"2022-11-08 12:51:51";7.17
"Servidor-SPTECH";"ram";"ram_Usada";"GB";"2022-11-08 12:51:49";6.87
"Servidor-SPTECH";"ram";"ram_Usada";"GB";"2022-11-08 12:51:48";6.86
"Servidor-SPTECH";"ram";"ram_Usada";"GB";"2022-11-08 12:51:46";6.87
"Servidor-SPTECH";"ram";"ram_Usada";"GB";"2022-11-08 12:51:45";6.86
"Servidor-SPTECH";"ram";"ram_Usada";"GB";"2022-11-08 12:51:44";6.86
"Servidor-SPTECH";"ram";"ram_Usada";"GB";"2022-11-08 12:51:42";6.91
"Servidor-SPTECH";"ram";"ram_Usada";"GB";"2022-11-08 12:51:41";6.91
"Servidor-SPTECH";"ram";"ram_Usada";"GB";"2022-11-08 12:51:39";6.92
"Servidor-SPTECH";"ram";"ram_Usada";"GB";"2022-11-08 12:51:38";6.89
"Servidor-SPTECH";"ram";"ram_Usada";"GB";"2022-11-08 12:51:36";6.93
"Servidor-SPTECH";"ram";"ram_Usada";"GB";"2022-11-08 12:51:35";6.92
"Servidor-SPTECH";"ram";"ram_Usada";"GB";"2022-11-08 12:51:34";6.97
"Servidor-SPTECH";"ram";"ram_Usada";"GB";"2022-11-08 12:51:32";6.95
"Servidor-SPTECH";"ram";"ram_Usada";"GB";"2022-11-08 12:51:31";6.97
"Servidor-SPTECH";"ram";"ram_Usada";"GB";"2022-11-08 12:51:29";6.84
"Servidor-SPTECH";"ram";"ram_Usada";"GB";"2022-11-08 12:51:28";6.83
"Servidor-SPTECH";"ram";"ram_Usada";"GB";"2022-11-08 12:51:26";6.83
"Servidor-SPTECH";"ram";"ram_Usada";"GB";"2022-11-08 12:51:25";6.83
"Servidor-SPTECH";"ram";"ram_Usada";"GB";"2022-11-08 12:51:23";6.83
"Servidor-SPTECH";"ram";"ram_Usada";"GB";"2022-11-08 12:51:22";6.82
"Servidor-SPTECH";"ram";"ram_Usada";"GB";"2022-11-08 12:51:21";6.82
"Servidor-SPTECH";"ram";"ram_Usada";"GB";"2022-11-08 12:51:19";6.78
"Servidor-SPTECH";"ram";"ram_Usada";"GB";"2022-11-08 12:51:18";6.79
"Servidor-SPTECH";"ram";"ram_Usada";"GB";"2022-11-08 12:51:16";6.81
"Servidor-SPTECH";"ram";"ram_Usada";"GB";"2022-11-08 12:51:15";6.81
"Servidor-SPTECH";"ram";"ram_Usada";"GB";"2022-11-08 12:51:13";6.81
"Servidor-SPTECH";"ram";"ram_Usada";"GB";"2022-11-08 12:51:12";6.81
"Servidor-SPTECH";"ram";"ram_Usada";"GB";"2022-11-08 12:51:10";6.82
"Servidor-SPTECH";"ram";"ram_Usada";"GB";"2022-11-08 12:51:09";6.82
"Servidor-SPTECH";"ram";"ram_Usada";"GB";"2022-11-08 12:51:08";6.78
"Servidor-SPTECH";"ram";"ram_Usada";"GB";"2022-11-08 12:51:06";6.83
"Servidor-SPTECH";"ram";"ram_Usada";"GB";"2022-11-08 12:51:05";6.82
"Servidor-SPTECH";"ram";"ram_Usada";"GB";"2022-11-08 12:51:03";6.84
"Servidor-SPTECH";"ram";"ram_Usada";"GB";"2022-11-08 12:51:02";6.81
"Servidor-SPTECH";"ram";"ram_Usada";"GB";"2022-11-08 12:51:00";6.84
"Servidor-SPTECH";"ram";"ram_Usada";"GB";"2022-11-08 12:50:59";6.88
"Servidor-SPTECH";"ram";"ram_Usada";"GB";"2022-11-08 12:50:57";6.9
"Servidor-SPTECH";"ram";"ram_Usada";"GB";"2022-11-08 12:50:56";6.89
"Servidor-SPTECH";"ram";"ram_Usada";"GB";"2022-11-08 12:50:54";6.92
"Servidor-SPTECH";"ram";"ram_Usada";"GB";"2022-11-08 12:50:53";6.91
"Servidor-SPTECH";"ram";"ram_Usada";"GB";"2022-11-08 12:50:51";6.88
"Servidor-SPTECH";"ram";"ram_Usada";"GB";"2022-11-08 12:50:50";6.84
"Servidor-SPTECH";"ram";"ram_Usada";"GB";"2022-11-08 12:50:48";6.77
"Servidor-SPTECH";"ram";"ram_Usada";"GB";"2022-11-08 12:50:47";6.75
"Servidor-SPTECH";"ram";"ram_Usada";"GB";"2022-11-08 12:50:46";6.77
"Servidor-SPTECH";"ram";"ram_Usada";"GB";"2022-11-08 12:50:44";6.74
"Servidor-SPTECH";"ram";"ram_Usada";"GB";"2022-11-08 12:50:43";6.7
"Servidor-SPTECH";"ram";"ram_Usada";"GB";"2022-11-08 12:50:41";6.71
"Servidor-SPTECH";"ram";"ram_Usada";"GB";"2022-11-08 12:50:40";6.82
"Servidor-SPTECH";"ram";"ram_Usada";"GB";"2022-11-08 12:50:38";6.69
"Servidor-SPTECH";"ram";"ram_Usada";"GB";"2022-11-08 12:50:37";6.71
"Servidor-SPTECH";"ram";"ram_Usada";"GB";"2022-11-08 12:50:35";6.69
"Servidor-SPTECH";"ram";"ram_Usada";"GB";"2022-11-08 12:50:34";6.67
"Servidor-SPTECH";"ram";"ram_Usada";"GB";"2022-11-08 12:50:32";6.65
"Servidor-SPTECH";"ram";"ram_Usada";"GB";"2022-11-08 12:50:31";6.66
"Servidor-SPTECH";"ram";"ram_Usada";"GB";"2022-11-08 12:50:30";6.64
"Servidor-SPTECH";"ram";"ram_Usada";"GB";"2022-11-08 12:50:28";6.65
"Servidor-SPTECH";"ram";"ram_Usada";"GB";"2022-11-08 12:50:27";6.65
"Servidor-SPTECH";"ram";"ram_Usada";"GB";"2022-11-08 12:50:25";6.62
"Servidor-SPTECH";"ram";"ram_Usada";"GB";"2022-11-08 12:50:24";6.64
"Servidor-SPTECH";"ram";"ram_Usada";"GB";"2022-11-08 12:50:22";6.63
"Servidor-SPTECH";"ram";"ram_Usada";"GB";"2022-11-08 12:50:21";6.64
"Servidor-SPTECH";"ram";"ram_Usada";"GB";"2022-11-08 12:50:20";6.61
"Servidor-SPTECH";"ram";"ram_Usada";"GB";"2022-11-08 12:50:18";6.65
"Servidor-SPTECH";"ram";"ram_Usada";"GB";"2022-11-08 12:50:17";6.65
"Servidor-SPTECH";"ram";"ram_Usada";"GB";"2022-11-08 12:50:15";6.66
"Servidor-SPTECH";"ram";"ram_Usada";"GB";"2022-11-08 12:50:14";6.63
"Servidor-SPTECH";"ram";"ram_Usada";"GB";"2022-11-08 12:50:12";6.67
"Servidor-SPTECH";"ram";"ram_Usada";"GB";"2022-11-08 12:50:11";6.67
"Servidor-SPTECH";"ram";"ram_Usada";"GB";"2022-11-08 12:50:10";6.64
"Servidor-SPTECH";"ram";"ram_Usada";"GB";"2022-11-08 12:50:08";6.66
"Servidor-SPTECH";"ram";"ram_Usada";"GB";"2022-11-08 12:50:07";6.67
"Servidor-SPTECH";"ram";"ram_Usada";"GB";"2022-11-08 12:50:05";6.65
"Servidor-SPTECH";"ram";"ram_Usada";"GB";"2022-11-08 12:50:04";6.65
"Servidor-SPTECH";"ram";"ram_Usada";"GB";"2022-11-08 12:50:02";6.62
"Servidor-SPTECH";"ram";"ram_Usada";"GB";"2022-11-08 12:50:01";6.62
"Servidor-SPTECH";"ram";"ram_Usada";"GB";"2022-11-08 12:49:59";6.63
"Servidor-SPTECH";"ram";"ram_Usada";"GB";"2022-11-08 12:49:58";6.62
"Servidor-SPTECH";"ram";"ram_Usada";"GB";"2022-11-08 12:49:57";6.61
"Servidor-SPTECH";"ram";"ram_Usada";"GB";"2022-11-08 12:49:55";6.57
"Servidor-SPTECH";"ram";"ram_Usada";"GB";"2022-11-08 12:49:54";6.64
"Servidor-SPTECH";"ram";"ram_Usada";"GB";"2022-11-08 12:49:52";6.66
"Servidor-SPTECH";"ram";"ram_Usada";"GB";"2022-11-08 12:49:51";6.66
"Servidor-SPTECH";"ram";"ram_Usada";"GB";"2022-11-08 12:49:49";6.63
"Servidor-SPTECH";"ram";"ram_Usada";"GB";"2022-11-08 12:49:48";6.65
"Servidor-SPTECH";"ram";"ram_Usada";"GB";"2022-11-08 12:49:46";6.64
"Servidor-SPTECH";"ram";"ram_Usada";"GB";"2022-11-08 12:49:45";6.63
"Servidor-SPTECH";"ram";"ram_Usada";"GB";"2022-11-08 12:49:44";6.6
"Servidor-SPTECH";"ram";"ram_Usada";"GB";"2022-11-08 12:49:42";6.57
"Servidor-SPTECH";"ram";"ram_Usada";"GB";"2022-11-08 12:49:41";6.73
"Servidor-SPTECH";"ram";"ram_Usada";"GB";"2022-11-08 12:49:39";6.72
"Servidor-SPTECH";"ram";"ram_Usada";"GB";"2022-11-08 12:49:38";6.68
"Servidor-SPTECH";"ram";"ram_Usada";"GB";"2022-11-08 12:49:36";6.73
"Servidor-SPTECH";"ram";"ram_Usada";"GB";"2022-11-08 12:49:35";6.72
"Servidor-SPTECH";"ram";"ram_Usada";"GB";"2022-11-08 12:49:33";6.73
"Servidor-SPTECH";"ram";"ram_Usada";"GB";"2022-11-08 12:49:32";6.71
"Servidor-SPTECH";"ram";"ram_Usada";"GB";"2022-11-08 12:49:31";6.72
"Servidor-SPTECH";"ram";"ram_Usada";"GB";"2022-11-08 12:49:29";6.72
"Servidor-SPTECH";"ram";"ram_Usada";"GB";"2022-11-08 12:49:28";6.7
"Servidor-SPTECH";"ram";"ram_Usada";"GB";"2022-11-08 12:49:26";6.69
"Servidor-SPTECH";"ram";"ram_Usada";"GB";"2022-11-08 12:49:25";6.7
"Servidor-SPTECH";"ram";"ram_Usada";"GB";"2022-11-08 12:49:23";6.71
"Servidor-SPTECH";"ram";"ram_Usada";"GB";"2022-11-08 12:49:22";6.72
"Servidor-SPTECH";"ram";"ram_Usada";"GB";"2022-11-08 12:49:20";6.74
"Servidor-SPTECH";"ram";"ram_Usada";"GB";"2022-11-08 12:49:19";6.75
"Servidor-SPTECH";"ram";"ram_Usada";"GB";"2022-11-08 12:49:18";6.77
"Servidor-SPTECH";"ram";"ram_Usada";"GB";"2022-11-08 12:49:16";6.77
"Servidor-SPTECH";"ram";"ram_Usada";"GB";"2022-11-08 12:49:15";6.77
"Servidor-SPTECH";"ram";"ram_Usada";"GB";"2022-11-08 12:49:13";6.71
"Servidor-SPTECH";"ram";"ram_Usada";"GB";"2022-11-08 12:49:12";6.74
"Servidor-SPTECH";"ram";"ram_Usada";"GB";"2022-11-08 12:49:10";6.8
"Servidor-SPTECH";"ram";"ram_Usada";"GB";"2022-11-08 12:49:09";6.86
"Servidor-SPTECH";"ram";"ram_Usada";"GB";"2022-11-08 12:49:07";6.85
"Servidor-SPTECH";"ram";"ram_Usada";"GB";"2022-11-08 12:49:06";6.88
"Servidor-SPTECH";"ram";"ram_Usada";"GB";"2022-11-08 12:49:04";6.91
"Servidor-SPTECH";"ram";"ram_Usada";"GB";"2022-11-08 12:49:03";6.86
"Servidor-SPTECH";"ram";"ram_Usada";"GB";"2022-11-08 12:49:01";6.8
"Servidor-SPTECH";"ram";"ram_Usada";"GB";"2022-11-08 12:49:00";6.82
"Servidor-SPTECH";"ram";"ram_Usada";"GB";"2022-11-08 12:48:59";6.8
"Servidor-SPTECH";"ram";"ram_Usada";"GB";"2022-11-08 12:48:57";6.81
"Servidor-SPTECH";"ram";"ram_Usada";"GB";"2022-11-08 12:48:56";6.77
"Servidor-SPTECH";"ram";"ram_Usada";"GB";"2022-11-08 12:48:54";6.82
"Servidor-SPTECH";"ram";"ram_Usada";"GB";"2022-11-08 12:48:53";6.81
"Servidor-SPTECH";"ram";"ram_Usada";"GB";"2022-11-08 12:48:51";6.82
"Servidor-SPTECH";"ram";"ram_Usada";"GB";"2022-11-08 12:48:50";6.81
"Servidor-SPTECH";"ram";"ram_Usada";"GB";"2022-11-08 12:48:48";6.81
"Servidor-SPTECH";"ram";"ram_Usada";"GB";"2022-11-08 12:48:47";6.82
"Servidor-SPTECH";"ram";"ram_Usada";"GB";"2022-11-08 12:48:46";6.82
"Servidor-SPTECH";"ram";"ram_Usada";"GB";"2022-11-08 12:48:44";6.82
"Servidor-SPTECH";"ram";"ram_Usada";"GB";"2022-11-08 12:48:43";6.8
"Servidor-SPTECH";"ram";"ram_Usada";"GB";"2022-11-08 12:48:41";6.83
"Servidor-SPTECH";"ram";"ram_Usada";"GB";"2022-11-08 12:48:40";6.82
"Servidor-SPTECH";"ram";"ram_Usada";"GB";"2022-11-08 12:48:38";6.84
"Servidor-SPTECH";"ram";"ram_Usada";"GB";"2022-11-08 12:48:37";6.83
"Servidor-SPTECH";"ram";"ram_Usada";"GB";"2022-11-08 12:48:35";6.85
"Servidor-SPTECH";"ram";"ram_Usada";"GB";"2022-11-08 12:48:34";6.86
"Servidor-SPTECH";"ram";"ram_Usada";"GB";"2022-11-08 12:48:32";6.85
"Servidor-SPTECH";"ram";"ram_Usada";"GB";"2022-11-08 12:48:31";6.82
"Servidor-SPTECH";"ram";"ram_Usada";"GB";"2022-11-08 12:48:30";6.84
"Servidor-SPTECH";"ram";"ram_Usada";"GB";"2022-11-08 12:48:28";6.84
"Servidor-SPTECH";"ram";"ram_Usada";"GB";"2022-11-08 12:48:27";6.85
"Servidor-SPTECH";"ram";"ram_Usada";"GB";"2022-11-08 12:48:25";6.81
"Servidor-SPTECH";"ram";"ram_Usada";"GB";"2022-11-08 12:48:24";6.87
"Servidor-SPTECH";"ram";"ram_Usada";"GB";"2022-11-08 12:48:22";6.87
"Servidor-SPTECH";"ram";"ram_Usada";"GB";"2022-11-08 12:48:21";6.87
"Servidor-SPTECH";"ram";"ram_Usada";"GB";"2022-11-08 12:48:19";6.8
"Servidor-SPTECH";"ram";"ram_Usada";"GB";"2022-11-08 12:48:18";6.83
"Servidor-SPTECH";"ram";"ram_Usada";"GB";"2022-11-08 12:48:16";6.83
"Servidor-SPTECH";"ram";"ram_Usada";"GB";"2022-11-08 12:48:15";6.83
"Servidor-SPTECH";"ram";"ram_Usada";"GB";"2022-11-08 12:48:14";6.7
"Servidor-SPTECH";"ram";"ram_Usada";"GB";"2022-11-08 12:48:12";6.72
"Servidor-SPTECH";"ram";"ram_Usada";"GB";"2022-11-08 12:48:11";6.73
"Servidor-SPTECH";"ram";"ram_Usada";"GB";"2022-11-08 12:48:09";6.74
"Servidor-SPTECH";"ram";"ram_Usada";"GB";"2022-11-08 12:48:08";6.74
"Servidor-SPTECH";"ram";"ram_Usada";"GB";"2022-11-08 12:48:06";6.75
"Servidor-SPTECH";"ram";"ram_Usada";"GB";"2022-11-08 12:48:05";6.76
"Servidor-SPTECH";"ram";"ram_Usada";"GB";"2022-11-08 12:48:03";6.81
"Servidor-SPTECH";"ram";"ram_Usada";"GB";"2022-11-08 12:48:02";6.81
"Servidor-SPTECH";"ram";"ram_Usada";"GB";"2022-11-08 12:48:01";6.76
"Servidor-SPTECH";"ram";"ram_Usada";"GB";"2022-11-08 12:47:59";6.72
"Servidor-SPTECH";"ram";"ram_Usada";"GB";"2022-11-08 12:47:58";6.72
"Servidor-SPTECH";"ram";"ram_Usada";"GB";"2022-11-08 12:47:56";6.79
"Servidor-SPTECH";"ram";"ram_Usada";"GB";"2022-11-08 12:47:55";6.77
"Servidor-SPTECH";"ram";"ram_Usada";"GB";"2022-11-08 12:47:53";6.81
"Servidor-SPTECH";"ram";"ram_Usada";"GB";"2022-11-08 12:47:52";6.8
"Servidor-SPTECH";"ram";"ram_Usada";"GB";"2022-11-08 12:47:50";6.77
"Servidor-SPTECH";"ram";"ram_Usada";"GB";"2022-11-08 12:47:49";6.76
"Servidor-SPTECH";"ram";"ram_Usada";"GB";"2022-11-08 12:47:48";6.79
"Servidor-SPTECH";"ram";"ram_Usada";"GB";"2022-11-08 12:47:46";6.78
"Servidor-SPTECH";"ram";"ram_Usada";"GB";"2022-11-08 12:47:45";6.78
"Servidor-SPTECH";"ram";"ram_Usada";"GB";"2022-11-08 12:47:43";6.76
"Servidor-SPTECH";"ram";"ram_Usada";"GB";"2022-11-08 12:47:42";6.83
"Servidor-SPTECH";"ram";"ram_Usada";"GB";"2022-11-08 12:47:40";6.83
"Servidor-SPTECH";"ram";"ram_Usada";"GB";"2022-11-08 12:47:39";6.82
"Servidor-SPTECH";"ram";"ram_Usada";"GB";"2022-11-08 12:47:37";6.81
"Servidor-SPTECH";"ram";"ram_Usada";"GB";"2022-11-08 12:47:36";6.88
"Servidor-SPTECH";"ram";"ram_Usada";"GB";"2022-11-08 12:47:35";6.89
"Servidor-SPTECH";"ram";"ram_Usada";"GB";"2022-11-08 12:47:33";6.89
"Servidor-SPTECH";"ram";"ram_Usada";"GB";"2022-11-08 12:47:32";6.78
"Servidor-SPTECH";"ram";"ram_Usada";"GB";"2022-11-08 12:47:30";6.78
"Servidor-SPTECH";"ram";"ram_Usada";"GB";"2022-11-08 12:47:29";6.86
"Servidor-SPTECH";"ram";"ram_Usada";"GB";"2022-11-08 12:47:27";6.84
"Servidor-SPTECH";"ram";"ram_Usada";"GB";"2022-11-08 12:47:26";6.84
"Servidor-SPTECH";"ram";"ram_Usada";"GB";"2022-11-08 12:47:24";6.71
"Servidor-SPTECH";"ram";"ram_Usada";"GB";"2022-11-08 12:47:23";6.71
"Servidor-SPTECH";"ram";"ram_Usada";"GB";"2022-11-08 12:47:21";6.69
"Servidor-SPTECH";"ram";"ram_Usada";"GB";"2022-11-08 12:47:20";6.64
"Servidor-SPTECH";"ram";"ram_Usada";"GB";"2022-11-08 12:47:18";6.66
"Servidor-SPTECH";"ram";"ram_Usada";"GB";"2022-11-08 12:47:17";6.7
"Servidor-SPTECH";"ram";"ram_Usada";"GB";"2022-11-08 12:47:15";6.52
"Servidor-SPTECH";"ram";"ram_Usada";"GB";"2022-11-08 12:47:14";6.57
"Servidor-SPTECH";"ram";"ram_Usada";"GB";"2022-11-08 12:47:13";6.61
"Servidor-SPTECH";"ram";"ram_Usada";"GB";"2022-11-08 12:47:11";6.56
"Servidor-SPTECH";"ram";"ram_Usada";"GB";"2022-11-08 12:47:10";6.53
"Servidor-SPTECH";"ram";"ram_Usada";"GB";"2022-11-08 12:47:08";6.6
"Servidor-SPTECH";"ram";"ram_Usada";"GB";"2022-11-08 12:47:07";6.77
"Servidor-SPTECH";"ram";"ram_Usada";"GB";"2022-11-08 12:47:05";6.79
"Servidor-SPTECH";"ram";"ram_Usada";"GB";"2022-11-08 12:47:04";6.74
"Servidor-SPTECH";"ram";"ram_Usada";"GB";"2022-11-08 12:47:02";6.5
"Servidor-SPTECH";"ram";"ram_Usada";"GB";"2022-11-08 12:47:01";6.36
"Servidor-SPTECH";"ram";"ram_Usada";"GB";"2022-11-08 12:46:59";6.36
"Servidor-SPTECH";"ram";"ram_Usada";"GB";"2022-11-08 12:46:58";6.36
"Servidor-SPTECH";"ram";"ram_Usada";"GB";"2022-11-08 12:46:56";6.36
"Servidor-SPTECH";"ram";"ram_Usada";"GB";"2022-11-08 12:46:55";6.35
"Servidor-SPTECH";"ram";"ram_Usada";"GB";"2022-11-08 12:46:54";6.36
"Servidor-SPTECH";"ram";"ram_Usada";"GB";"2022-11-08 12:46:52";6.36
"Servidor-SPTECH";"ram";"ram_Usada";"GB";"2022-11-08 12:46:51";6.37
"Servidor-SPTECH";"ram";"ram_Usada";"GB";"2022-11-08 12:46:49";6.35
"Servidor-SPTECH";"ram";"ram_Usada";"GB";"2022-11-08 12:46:48";6.34
"Servidor-SPTECH";"ram";"ram_Usada";"GB";"2022-11-08 12:46:46";6.35
"Servidor-SPTECH";"ram";"ram_Usada";"GB";"2022-11-08 12:46:45";6.33
"Servidor-SPTECH";"ram";"ram_Usada";"GB";"2022-11-08 12:46:43";6.33
"Servidor-SPTECH";"ram";"ram_Usada";"GB";"2022-11-08 12:46:42";6.39
"Servidor-SPTECH";"ram";"ram_Usada";"GB";"2022-11-08 12:46:41";6.4
"Servidor-SPTECH";"ram";"ram_Usada";"GB";"2022-11-08 12:46:39";6.4
"Servidor-SPTECH";"ram";"ram_Usada";"GB";"2022-11-08 12:46:38";6.4
"Servidor-SPTECH";"ram";"ram_Usada";"GB";"2022-11-08 12:46:36";6.41
"Servidor-SPTECH";"ram";"ram_Usada";"GB";"2022-11-08 12:46:35";6.41
"Servidor-SPTECH";"ram";"ram_Usada";"GB";"2022-11-08 12:46:33";6.41
"Servidor-SPTECH";"ram";"ram_Usada";"GB";"2022-11-08 12:46:32";6.39
"Servidor-SPTECH";"ram";"ram_Usada";"GB";"2022-11-08 12:46:30";6.39
"Servidor-SPTECH";"ram";"ram_Usada";"GB";"2022-11-08 12:46:29";6.39
"Servidor-SPTECH";"ram";"ram_Usada";"GB";"2022-11-08 12:46:27";6.39
"Servidor-SPTECH";"ram";"ram_Usada";"GB";"2022-11-08 12:46:26";6.4
"Servidor-SPTECH";"ram";"ram_Usada";"GB";"2022-11-08 12:46:25";6.4
"Servidor-SPTECH";"ram";"ram_Usada";"GB";"2022-11-08 12:46:23";6.41
"Servidor-SPTECH";"ram";"ram_Usada";"GB";"2022-11-08 12:46:22";6.39
"Servidor-SPTECH";"ram";"ram_Usada";"GB";"2022-11-08 12:46:20";6.36
"Servidor-SPTECH";"ram";"ram_Usada";"GB";"2022-11-08 12:46:19";6.36
"Servidor-SPTECH";"ram";"ram_Usada";"GB";"2022-11-08 12:46:17";6.36
"Servidor-SPTECH";"ram";"ram_Usada";"GB";"2022-11-08 12:46:16";6.35
"Servidor-SPTECH";"ram";"ram_Usada";"GB";"2022-11-08 12:46:15";6.36
"Servidor-SPTECH";"ram";"ram_Usada";"GB";"2022-11-08 12:46:13";6.37
"Servidor-SPTECH";"ram";"ram_Usada";"GB";"2022-11-08 12:46:12";6.38
"Servidor-SPTECH";"ram";"ram_Usada";"GB";"2022-11-08 12:46:10";6.38
"Servidor-SPTECH";"ram";"ram_Usada";"GB";"2022-11-08 12:46:09";6.39
"Servidor-SPTECH";"ram";"ram_Usada";"GB";"2022-11-08 12:46:07";6.4
"Servidor-SPTECH";"ram";"ram_Usada";"GB";"2022-11-08 12:46:06";6.41
"Servidor-SPTECH";"ram";"ram_Usada";"GB";"2022-11-08 12:46:04";6.41
"Servidor-SPTECH";"ram";"ram_Usada";"GB";"2022-11-08 12:46:03";6.38
"Servidor-SPTECH";"ram";"ram_Usada";"GB";"2022-11-08 12:46:01";6.4
"Servidor-SPTECH";"ram";"ram_Usada";"GB";"2022-11-08 12:46:00";6.41
"Servidor-SPTECH";"ram";"ram_Usada";"GB";"2022-11-08 12:45:58";6.4
"Servidor-SPTECH";"ram";"ram_Usada";"GB";"2022-11-08 12:45:57";6.41
"Servidor-SPTECH";"ram";"ram_Usada";"GB";"2022-11-08 12:45:56";6.41
"Servidor-SPTECH";"ram";"ram_Usada";"GB";"2022-11-08 12:45:54";6.39
"Servidor-SPTECH";"ram";"ram_Usada";"GB";"2022-11-08 12:45:53";6.39
"Servidor-SPTECH";"ram";"ram_Usada";"GB";"2022-11-08 12:45:51";6.38
"Servidor-SPTECH";"ram";"ram_Usada";"GB";"2022-11-08 12:45:50";6.35
"Servidor-SPTECH";"ram";"ram_Usada";"GB";"2022-11-08 12:45:48";6.36
"Servidor-SPTECH";"ram";"ram_Usada";"GB";"2022-11-08 12:45:47";6.37
"Servidor-SPTECH";"ram";"ram_Usada";"GB";"2022-11-08 12:45:45";6.37
"Servidor-SPTECH";"ram";"ram_Usada";"GB";"2022-11-08 12:45:44";6.36
"Servidor-SPTECH";"ram";"ram_Usada";"GB";"2022-11-08 12:45:43";6.36
"Servidor-SPTECH";"ram";"ram_Usada";"GB";"2022-11-08 12:45:41";6.39
"Servidor-SPTECH";"ram";"ram_Usada";"GB";"2022-11-08 12:45:40";6.4
"Servidor-SPTECH";"ram";"ram_Usada";"GB";"2022-11-08 12:45:38";6.39
"Servidor-SPTECH";"ram";"ram_Usada";"GB";"2022-11-08 12:45:37";6.39
"Servidor-SPTECH";"ram";"ram_Usada";"GB";"2022-11-08 12:45:35";6.39
"Servidor-SPTECH";"ram";"ram_Usada";"GB";"2022-11-08 12:45:34";6.4
"Servidor-SPTECH";"ram";"ram_Usada";"GB";"2022-11-08 12:45:32";6.38
"Servidor-SPTECH";"ram";"ram_Usada";"GB";"2022-11-08 12:45:31";6.38
"Servidor-SPTECH";"ram";"ram_Usada";"GB";"2022-11-08 12:45:30";6.38
"Servidor-SPTECH";"ram";"ram_Usada";"GB";"2022-11-08 12:45:28";6.35
"Servidor-SPTECH";"ram";"ram_Usada";"GB";"2022-11-08 12:45:27";6.38
"Servidor-SPTECH";"ram";"ram_Usada";"GB";"2022-11-08 12:45:25";6.39
"Servidor-SPTECH";"ram";"ram_Usada";"GB";"2022-11-08 12:45:24";6.39
"Servidor-SPTECH";"ram";"ram_Usada";"GB";"2022-11-08 12:45:22";6.41
"Servidor-SPTECH";"ram";"ram_Usada";"GB";"2022-11-08 12:45:21";6.41
"Servidor-SPTECH";"ram";"ram_Usada";"GB";"2022-11-08 12:45:19";6.39
"Servidor-SPTECH";"ram";"ram_Usada";"GB";"2022-11-08 12:45:18";6.38
"Servidor-SPTECH";"ram";"ram_Usada";"GB";"2022-11-08 12:45:17";6.38
"Servidor-SPTECH";"ram";"ram_Usada";"GB";"2022-11-08 12:45:15";6.38
"Servidor-SPTECH";"ram";"ram_Usada";"GB";"2022-11-08 12:45:14";6.39
"Servidor-SPTECH";"ram";"ram_Usada";"GB";"2022-11-08 12:45:12";6.39
"Servidor-SPTECH";"ram";"ram_Usada";"GB";"2022-11-08 12:45:11";6.4
"Servidor-SPTECH";"ram";"ram_Usada";"GB";"2022-11-08 12:45:09";6.4
"Servidor-SPTECH";"ram";"ram_Usada";"GB";"2022-11-08 12:45:08";6.39
"Servidor-SPTECH";"ram";"ram_Usada";"GB";"2022-11-08 12:45:06";6.4
"Servidor-SPTECH";"ram";"ram_Usada";"GB";"2022-11-08 12:45:05";6.4
"Servidor-SPTECH";"ram";"ram_Usada";"GB";"2022-11-08 12:45:04";6.39
"Servidor-SPTECH";"ram";"ram_Usada";"GB";"2022-11-08 12:45:02";6.38
"Servidor-SPTECH";"ram";"ram_Usada";"GB";"2022-11-08 12:45:01";6.38
"Servidor-SPTECH";"ram";"ram_Usada";"GB";"2022-11-08 12:44:59";6.38
"Servidor-SPTECH";"ram";"ram_Usada";"GB";"2022-11-08 12:44:58";6.38
"Servidor-SPTECH";"ram";"ram_Usada";"GB";"2022-11-08 12:44:56";6.38
"Servidor-SPTECH";"ram";"ram_Usada";"GB";"2022-11-08 12:44:55";6.38
"Servidor-SPTECH";"ram";"ram_Usada";"GB";"2022-11-08 12:44:53";6.39
"Servidor-SPTECH";"ram";"ram_Usada";"GB";"2022-11-08 12:44:52";6.36
"Servidor-SPTECH";"ram";"ram_Usada";"GB";"2022-11-08 12:44:51";6.39
"Servidor-SPTECH";"ram";"ram_Usada";"GB";"2022-11-08 12:44:49";6.37
"Servidor-SPTECH";"ram";"ram_Usada";"GB";"2022-11-08 12:44:48";6.37
"Servidor-SPTECH";"ram";"ram_Usada";"GB";"2022-11-08 12:44:46";6.38
"Servidor-SPTECH";"ram";"ram_Usada";"GB";"2022-11-08 12:44:45";6.37
"Servidor-SPTECH";"ram";"ram_Usada";"GB";"2022-11-08 12:44:43";6.37
"Servidor-SPTECH";"ram";"ram_Usada";"GB";"2022-11-08 12:44:42";6.39
"Servidor-SPTECH";"ram";"ram_Usada";"GB";"2022-11-08 12:44:40";6.4
"Servidor-SPTECH";"ram";"ram_Usada";"GB";"2022-11-08 12:44:39";6.39
"Servidor-SPTECH";"ram";"ram_Usada";"GB";"2022-11-08 12:44:37";6.39
"Servidor-SPTECH";"ram";"ram_Usada";"GB";"2022-11-08 12:44:36";6.4
"Servidor-SPTECH";"ram";"ram_Usada";"GB";"2022-11-08 12:44:35";6.41
"Servidor-SPTECH";"ram";"ram_Usada";"GB";"2022-11-08 12:44:33";6.39
"Servidor-SPTECH";"ram";"ram_Usada";"GB";"2022-11-08 12:44:32";6.4
"Servidor-SPTECH";"ram";"ram_Usada";"GB";"2022-11-08 12:44:30";6.4
"Servidor-SPTECH";"ram";"ram_Usada";"GB";"2022-11-08 12:44:29";6.4
"Servidor-SPTECH";"ram";"ram_Usada";"GB";"2022-11-08 12:44:27";6.41
"Servidor-SPTECH";"ram";"ram_Usada";"GB";"2022-11-08 12:44:26";6.45
"Servidor-SPTECH";"ram";"ram_Usada";"GB";"2022-11-08 12:44:24";6.46
"Servidor-SPTECH";"ram";"ram_Usada";"GB";"2022-11-08 12:44:23";6.46
"Servidor-SPTECH";"ram";"ram_Usada";"GB";"2022-11-08 12:44:22";6.47
"Servidor-SPTECH";"ram";"ram_Usada";"GB";"2022-11-08 12:44:20";6.46
"Servidor-SPTECH";"ram";"ram_Usada";"GB";"2022-11-08 12:44:19";6.45
"Servidor-SPTECH";"ram";"ram_Usada";"GB";"2022-11-08 12:44:17";6.47
"Servidor-SPTECH";"ram";"ram_Usada";"GB";"2022-11-08 12:44:16";6.51
"Servidor-SPTECH";"ram";"ram_Usada";"GB";"2022-11-08 12:44:14";6.57
"Servidor-SPTECH";"ram";"ram_Usada";"GB";"2022-11-08 12:44:13";6.56
"Servidor-SPTECH";"ram";"ram_Usada";"GB";"2022-11-08 12:44:11";6.57
"Servidor-SPTECH";"ram";"ram_Usada";"GB";"2022-11-08 12:44:10";6.31
"Servidor-SPTECH";"ram";"ram_Usada";"GB";"2022-11-08 12:44:07";6.13
"Servidor-SPTECH";"ram";"ram_Usada";"GB";"2022-11-08 12:44:06";6.14
"Servidor-SPTECH";"ram";"ram_Usada";"GB";"2022-11-08 12:44:04";6.13
"Servidor-SPTECH";"ram";"ram_Usada";"GB";"2022-11-08 12:44:03";6.12
"Servidor-SPTECH";"ram";"ram_Usada";"GB";"2022-11-08 12:44:01";6.11
"Servidor-SPTECH";"ram";"ram_Usada";"GB";"2022-11-08 12:44:00";6.12
"Servidor-SPTECH";"ram";"ram_Usada";"GB";"2022-11-08 12:43:58";6.12
"Servidor-SPTECH";"ram";"ram_Usada";"GB";"2022-11-08 12:43:57";6.11
"Servidor-SPTECH";"ram";"ram_Usada";"GB";"2022-11-08 12:43:55";6.1
"Servidor-SPTECH";"ram";"ram_Usada";"GB";"2022-11-08 12:43:54";6.11
"Servidor-SPTECH";"ram";"ram_Usada";"GB";"2022-11-08 12:43:53";6.1
"Servidor-SPTECH";"ram";"ram_Usada";"GB";"2022-11-08 12:43:51";6.1
"Servidor-SPTECH";"ram";"ram_Usada";"GB";"2022-11-08 12:43:50";6.08
"Servidor-SPTECH";"ram";"ram_Usada";"GB";"2022-11-08 12:43:48";6.09
"Servidor-SPTECH";"ram";"ram_Usada";"GB";"2022-11-08 12:43:47";6.08
"Servidor-SPTECH";"ram";"ram_Usada";"GB";"2022-11-08 12:43:45";6.08
"Servidor-SPTECH";"ram";"ram_Usada";"GB";"2022-11-08 12:43:44";6.08
"Servidor-SPTECH";"ram";"ram_Usada";"GB";"2022-11-08 12:43:42";6.11
"Servidor-SPTECH";"ram";"ram_Usada";"GB";"2022-11-08 12:43:41";6.12
"Servidor-SPTECH";"ram";"ram_Usada";"GB";"2022-11-08 12:43:39";6.06
"Servidor-SPTECH";"ram";"ram_Usada";"GB";"2022-11-08 12:43:38";6.06
"Servidor-SPTECH";"ram";"ram_Usada";"GB";"2022-11-08 12:43:37";6.08
"Servidor-SPTECH";"ram";"ram_Usada";"GB";"2022-11-08 12:43:35";6.06
"Servidor-SPTECH";"ram";"ram_Usada";"GB";"2022-11-08 12:43:34";6.04
"Servidor-SPTECH";"ram";"ram_Usada";"GB";"2022-11-08 12:43:32";6.05
"Servidor-SPTECH";"ram";"ram_Usada";"GB";"2022-11-08 12:43:31";6.05
"Servidor-SPTECH";"ram";"ram_Usada";"GB";"2022-11-08 12:43:29";6.05
"Servidor-SPTECH";"ram";"ram_Usada";"GB";"2022-11-08 12:43:28";6.06
"Servidor-SPTECH";"ram";"ram_Usada";"GB";"2022-11-08 12:43:26";6.06
"Servidor-SPTECH";"ram";"ram_Usada";"GB";"2022-11-08 12:43:25";6.05
"Servidor-SPTECH";"ram";"ram_Usada";"GB";"2022-11-08 12:43:24";6.06
"Servidor-SPTECH";"ram";"ram_Usada";"GB";"2022-11-08 12:43:22";6.11
"Servidor-SPTECH";"ram";"ram_Usada";"GB";"2022-11-08 12:43:21";6.12
"Servidor-SPTECH";"ram";"ram_Usada";"GB";"2022-11-08 12:43:19";6.1
"Servidor-SPTECH";"ram";"ram_Usada";"GB";"2022-11-08 12:43:18";6.09
"Servidor-SPTECH";"ram";"ram_Usada";"GB";"2022-11-08 12:43:16";6.09
"Servidor-SPTECH";"ram";"ram_Usada";"GB";"2022-11-08 12:43:15";6.08
"Servidor-SPTECH";"ram";"ram_Usada";"GB";"2022-11-08 12:43:13";6.09
"Servidor-SPTECH";"ram";"ram_Usada";"GB";"2022-11-08 12:43:12";6.08
"Servidor-SPTECH";"ram";"ram_Usada";"GB";"2022-11-08 12:43:11";6.08
"Servidor-SPTECH";"ram";"ram_Usada";"GB";"2022-11-08 12:43:09";6.08
"Servidor-SPTECH";"ram";"ram_Usada";"GB";"2022-11-08 12:43:08";6.09
"Servidor-SPTECH";"ram";"ram_Usada";"GB";"2022-11-08 12:43:06";6.1
"Servidor-SPTECH";"ram";"ram_Usada";"GB";"2022-11-08 12:43:05";6.09
"Servidor-SPTECH";"ram";"ram_Usada";"GB";"2022-11-08 12:43:03";6.09
"Servidor-SPTECH";"ram";"ram_Usada";"GB";"2022-11-08 12:43:02";6.11
"Servidor-SPTECH";"ram";"ram_Usada";"GB";"2022-11-08 12:43:00";6.15
"Servidor-SPTECH";"ram";"ram_Usada";"GB";"2022-11-08 12:42:59";6.16
"Servidor-SPTECH";"ram";"ram_Usada";"GB";"2022-11-08 12:42:58";6.12
"Servidor-SPTECH";"ram";"ram_Usada";"GB";"2022-11-08 12:42:56";6.16
"Servidor-SPTECH";"ram";"ram_Usada";"GB";"2022-11-08 12:42:55";6.17
"Servidor-SPTECH";"ram";"ram_Usada";"GB";"2022-11-08 12:42:53";6.16
"Servidor-SPTECH";"ram";"ram_Usada";"GB";"2022-11-08 12:42:52";6.1
"Servidor-SPTECH";"ram";"ram_Usada";"GB";"2022-11-08 12:42:50";5.96
"Servidor-SPTECH";"ram";"ram_Usada";"GB";"2022-11-08 12:42:49";5.95
"Servidor-SPTECH";"ram";"ram_Usada";"GB";"2022-11-08 12:42:48";5.93
"Servidor-SPTECH";"ram";"ram_Usada";"GB";"2022-11-08 12:42:46";5.93
"Servidor-SPTECH";"ram";"ram_Usada";"GB";"2022-11-08 12:42:45";5.93
"Servidor-SPTECH";"ram";"ram_Usada";"GB";"2022-11-08 12:42:43";5.93
"Servidor-SPTECH";"ram";"ram_Usada";"GB";"2022-11-08 12:42:42";5.96
"Servidor-SPTECH";"ram";"ram_Usada";"GB";"2022-11-08 12:42:40";5.96
"Servidor-SPTECH";"ram";"ram_Usada";"GB";"2022-11-08 12:42:39";5.96
"Servidor-SPTECH";"ram";"ram_Usada";"GB";"2022-11-08 12:42:37";5.97
"Servidor-SPTECH";"ram";"ram_Usada";"GB";"2022-11-08 12:42:36";5.97
"Servidor-SPTECH";"ram";"ram_Usada";"GB";"2022-11-08 12:42:35";5.97
"Servidor-SPTECH";"ram";"ram_Usada";"GB";"2022-11-08 12:42:33";5.96
"Servidor-SPTECH";"ram";"ram_Usada";"GB";"2022-11-08 12:42:32";5.97
"Servidor-SPTECH";"ram";"ram_Usada";"GB";"2022-11-08 12:42:30";5.96
"Servidor-SPTECH";"ram";"ram_Usada";"GB";"2022-11-08 12:42:29";5.96
"Servidor-SPTECH";"ram";"ram_Usada";"GB";"2022-11-08 12:42:27";5.95
"Servidor-SPTECH";"ram";"ram_Usada";"GB";"2022-11-08 12:42:26";5.95
"Servidor-SPTECH";"ram";"ram_Usada";"GB";"2022-11-08 12:42:24";5.95
"Servidor-SPTECH";"ram";"ram_Usada";"GB";"2022-11-08 12:42:23";5.97
"Servidor-SPTECH";"ram";"ram_Usada";"GB";"2022-11-08 12:42:22";5.93
"Servidor-SPTECH";"ram";"ram_Usada";"GB";"2022-11-08 12:42:20";5.95
"Servidor-SPTECH";"ram";"ram_Usada";"GB";"2022-11-08 12:42:19";5.94
"Servidor-SPTECH";"ram";"ram_Usada";"GB";"2022-11-08 12:42:17";5.94
"Servidor-SPTECH";"ram";"ram_Usada";"GB";"2022-11-08 12:42:16";5.93
"Servidor-SPTECH";"ram";"ram_Usada";"GB";"2022-11-08 12:42:14";5.94
"Servidor-SPTECH";"ram";"ram_Usada";"GB";"2022-11-08 12:42:13";5.95
"Servidor-SPTECH";"ram";"ram_Usada";"GB";"2022-11-08 12:42:12";5.95
"Servidor-SPTECH";"ram";"ram_Usada";"GB";"2022-11-08 12:42:10";6.02
"Servidor-SPTECH";"ram";"ram_Usada";"GB";"2022-11-08 12:42:09";6.01
"Servidor-SPTECH";"ram";"ram_Usada";"GB";"2022-11-08 12:42:07";6.03
"Servidor-SPTECH";"ram";"ram_Usada";"GB";"2022-11-08 12:42:06";6.03
"Servidor-SPTECH";"ram";"ram_Usada";"GB";"2022-11-08 12:42:04";6.02
"Servidor-SPTECH";"ram";"ram_Usada";"GB";"2022-11-08 12:42:03";6.05
"Servidor-SPTECH";"ram";"ram_Usada";"GB";"2022-11-08 12:42:01";6.05
"Servidor-SPTECH";"ram";"ram_Usada";"GB";"2022-11-08 12:42:00";6.06
"Servidor-SPTECH";"ram";"ram_Usada";"GB";"2022-11-08 12:41:59";6.04
"Servidor-SPTECH";"ram";"ram_Usada";"GB";"2022-11-08 12:41:57";6.02
"Servidor-SPTECH";"ram";"ram_Usada";"GB";"2022-11-08 12:41:56";6.0
"Servidor-SPTECH";"ram";"ram_Usada";"GB";"2022-11-08 12:41:54";6.01
"Servidor-SPTECH";"ram";"ram_Usada";"GB";"2022-11-08 12:41:53";6.0
"Servidor-SPTECH";"ram";"ram_Usada";"GB";"2022-11-08 12:41:51";5.99
"Servidor-SPTECH";"ram";"ram_Usada";"GB";"2022-11-08 12:41:50";5.98
"Servidor-SPTECH";"ram";"ram_Usada";"GB";"2022-11-08 12:41:48";5.98
"Servidor-SPTECH";"ram";"ram_Usada";"GB";"2022-11-08 12:41:47";5.98
"Servidor-SPTECH";"ram";"ram_Usada";"GB";"2022-11-08 12:41:45";5.95
"Servidor-SPTECH";"ram";"ram_Usada";"GB";"2022-11-08 12:41:44";5.98
"Servidor-SPTECH";"ram";"ram_Usada";"GB";"2022-11-08 12:41:43";5.99
"Servidor-SPTECH";"ram";"ram_Usada";"GB";"2022-11-08 12:41:41";6.01
"Servidor-SPTECH";"ram";"ram_Usada";"GB";"2022-11-08 12:41:40";6.01
"Servidor-SPTECH";"ram";"ram_Usada";"GB";"2022-11-08 12:41:38";6.01
"Servidor-SPTECH";"ram";"ram_Usada";"GB";"2022-11-08 12:41:37";6.02
"Servidor-SPTECH";"ram";"ram_Usada";"GB";"2022-11-08 12:41:35";6.01
"Servidor-SPTECH";"ram";"ram_Usada";"GB";"2022-11-08 12:41:34";6.01
"Servidor-SPTECH";"ram";"ram_Usada";"GB";"2022-11-08 12:41:33";5.98
"Servidor-SPTECH";"ram";"ram_Usada";"GB";"2022-11-08 12:41:31";5.98
"Servidor-SPTECH";"ram";"ram_Usada";"GB";"2022-11-08 12:41:30";5.99
"Servidor-SPTECH";"ram";"ram_Usada";"GB";"2022-11-08 12:41:28";5.99
"Servidor-SPTECH";"ram";"ram_Usada";"GB";"2022-11-08 12:41:27";5.98
"Servidor-SPTECH";"ram";"ram_Usada";"GB";"2022-11-08 12:41:25";5.99
"Servidor-SPTECH";"ram";"ram_Usada";"GB";"2022-11-08 12:41:24";5.99
"Servidor-SPTECH";"ram";"ram_Usada";"GB";"2022-11-08 12:41:23";5.99
"Servidor-SPTECH";"ram";"ram_Usada";"GB";"2022-11-08 12:41:21";5.96
"Servidor-SPTECH";"ram";"ram_Usada";"GB";"2022-11-08 12:41:20";5.97
"Servidor-SPTECH";"ram";"ram_Usada";"GB";"2022-11-08 12:41:18";5.96
"Servidor-SPTECH";"ram";"ram_Usada";"GB";"2022-11-08 12:41:17";5.96
"Servidor-SPTECH";"ram";"ram_Usada";"GB";"2022-11-08 12:41:15";5.94
"Servidor-SPTECH";"ram";"ram_Usada";"GB";"2022-11-08 12:41:14";5.97
"Servidor-SPTECH";"ram";"ram_Usada";"GB";"2022-11-08 12:41:12";5.97
"Servidor-SPTECH";"ram";"ram_Usada";"GB";"2022-11-08 12:41:11";5.97
"Servidor-SPTECH";"ram";"ram_Usada";"GB";"2022-11-08 12:41:10";5.98
"Servidor-SPTECH";"ram";"ram_Usada";"GB";"2022-11-08 12:41:08";5.96
"Servidor-SPTECH";"ram";"ram_Usada";"GB";"2022-11-08 12:41:07";5.98
"Servidor-SPTECH";"ram";"ram_Usada";"GB";"2022-11-08 12:41:05";5.97
"Servidor-SPTECH";"ram";"ram_Usada";"GB";"2022-11-08 12:41:04";5.97
"Servidor-SPTECH";"ram";"ram_Usada";"GB";"2022-11-08 12:41:02";5.96
"Servidor-SPTECH";"ram";"ram_Usada";"GB";"2022-11-08 12:41:01";5.94
"Servidor-SPTECH";"ram";"ram_Usada";"GB";"2022-11-08 12:41:00";5.94
"Servidor-SPTECH";"ram";"ram_Usada";"GB";"2022-11-08 12:40:58";5.95
"Servidor-SPTECH";"ram";"ram_Usada";"GB";"2022-11-08 12:40:57";5.95
"Servidor-SPTECH";"ram";"ram_Usada";"GB";"2022-11-08 12:40:55";5.95
"Servidor-SPTECH";"ram";"ram_Usada";"GB";"2022-11-08 12:40:54";5.95
"Servidor-SPTECH";"ram";"ram_Usada";"GB";"2022-11-08 12:40:52";5.95
"Servidor-SPTECH";"ram";"ram_Usada";"GB";"2022-11-08 12:40:51";5.95
"Servidor-SPTECH";"ram";"ram_Usada";"GB";"2022-11-08 12:40:49";5.92
"Servidor-SPTECH";"ram";"ram_Usada";"GB";"2022-11-08 12:40:48";5.92
"Servidor-SPTECH";"ram";"ram_Usada";"GB";"2022-11-08 12:40:47";5.93
"Servidor-SPTECH";"ram";"ram_Usada";"GB";"2022-11-08 12:40:45";5.91
"Servidor-SPTECH";"ram";"ram_Usada";"GB";"2022-11-08 12:40:44";5.93
"Servidor-SPTECH";"ram";"ram_Usada";"GB";"2022-11-08 12:40:42";5.98
"Servidor-SPTECH";"ram";"ram_Usada";"GB";"2022-11-08 12:40:41";5.98
"Servidor-SPTECH";"ram";"ram_Usada";"GB";"2022-11-08 12:40:39";5.95
"Servidor-SPTECH";"ram";"ram_Usada";"GB";"2022-11-08 12:40:38";5.98
"Servidor-SPTECH";"ram";"ram_Usada";"GB";"2022-11-08 12:40:36";6.0
"Servidor-SPTECH";"ram";"ram_Usada";"GB";"2022-11-08 12:40:35";6.0
"Servidor-SPTECH";"ram";"ram_Usada";"GB";"2022-11-08 12:40:34";6.01
"Servidor-SPTECH";"ram";"ram_Usada";"GB";"2022-11-08 12:40:32";5.96
"Servidor-SPTECH";"ram";"ram_Usada";"GB";"2022-11-08 12:40:31";5.92
"Servidor-SPTECH";"ram";"ram_Usada";"GB";"2022-11-08 12:40:29";5.92
"Servidor-SPTECH";"ram";"ram_Usada";"GB";"2022-11-08 12:40:28";5.93
"Servidor-SPTECH";"ram";"ram_Usada";"GB";"2022-11-08 12:40:26";5.93
"Servidor-SPTECH";"ram";"ram_Usada";"GB";"2022-11-08 12:40:25";5.9
"Servidor-SPTECH";"ram";"ram_Usada";"GB";"2022-11-08 12:40:24";5.91
"Servidor-SPTECH";"ram";"ram_Usada";"GB";"2022-11-08 12:40:22";5.92
"Servidor-SPTECH";"ram";"ram_Usada";"GB";"2022-11-08 12:40:21";5.91
"Servidor-SPTECH";"ram";"ram_Usada";"GB";"2022-11-08 12:40:19";5.89
"Servidor-SPTECH";"ram";"ram_Usada";"GB";"2022-11-08 12:40:18";5.88
"Servidor-SPTECH";"ram";"ram_Usada";"GB";"2022-11-08 12:40:16";5.88
"Servidor-SPTECH";"ram";"ram_Usada";"GB";"2022-11-08 12:40:15";5.88
"Servidor-SPTECH";"ram";"ram_Usada";"GB";"2022-11-08 12:40:13";5.87
"Servidor-SPTECH";"ram";"ram_Usada";"GB";"2022-11-08 12:40:12";5.88
"Servidor-SPTECH";"ram";"ram_Usada";"GB";"2022-11-08 12:40:11";5.88
"Servidor-SPTECH";"ram";"ram_Usada";"GB";"2022-11-08 12:40:09";5.85
"Servidor-SPTECH";"ram";"ram_Usada";"GB";"2022-11-08 12:40:08";5.88
"Servidor-SPTECH";"ram";"ram_Usada";"GB";"2022-11-08 12:40:06";5.89
"Servidor-SPTECH";"ram";"ram_Usada";"GB";"2022-11-08 12:40:05";5.89
"Servidor-SPTECH";"ram";"ram_Usada";"GB";"2022-11-08 12:40:03";5.84
"Servidor-SPTECH";"ram";"ram_Usada";"GB";"2022-11-08 12:40:02";5.85
"Servidor-SPTECH";"ram";"ram_Usada";"GB";"2022-11-08 12:40:00";5.87
"Servidor-SPTECH";"ram";"ram_Usada";"GB";"2022-11-08 12:39:59";5.86
"Servidor-SPTECH";"ram";"ram_Usada";"GB";"2022-11-08 12:39:57";5.86
"Servidor-SPTECH";"ram";"ram_Usada";"GB";"2022-11-08 12:39:56";5.87
"Servidor-SPTECH";"ram";"ram_Usada";"GB";"2022-11-08 12:39:55";5.86
"Servidor-SPTECH";"ram";"ram_Usada";"GB";"2022-11-08 12:39:53";5.86
"Servidor-SPTECH";"ram";"ram_Usada";"GB";"2022-11-08 12:39:52";5.86
"Servidor-SPTECH";"ram";"ram_Usada";"GB";"2022-11-08 12:39:50";5.83
"Servidor-SPTECH";"ram";"ram_Usada";"GB";"2022-11-08 12:39:49";5.83
"Servidor-SPTECH";"ram";"ram_Usada";"GB";"2022-11-08 12:39:47";5.82
"Servidor-SPTECH";"ram";"ram_Usada";"GB";"2022-11-08 12:39:46";5.78
"Servidor-SPTECH";"ram";"ram_Usada";"GB";"2022-11-08 12:39:44";5.78
"Servidor-SPTECH";"ram";"ram_Usada";"GB";"2022-11-08 12:39:43";5.78
"Servidor-SPTECH";"ram";"ram_Usada";"GB";"2022-11-08 12:39:42";5.87
"Servidor-SPTECH";"ram";"ram_Usada";"GB";"2022-11-08 12:39:40";5.86
"Servidor-SPTECH";"ram";"ram_Usada";"GB";"2022-11-08 12:39:39";5.86
"Servidor-SPTECH";"ram";"ram_Usada";"GB";"2022-11-08 12:39:37";5.87
"Servidor-SPTECH";"ram";"ram_Usada";"GB";"2022-11-08 12:39:36";5.87
"Servidor-SPTECH";"ram";"ram_Usada";"GB";"2022-11-08 12:39:34";5.88
"Servidor-SPTECH";"ram";"ram_Usada";"GB";"2022-11-08 12:39:33";5.84
"Servidor-SPTECH";"ram";"ram_Usada";"GB";"2022-11-08 12:39:31";5.86
"Servidor-SPTECH";"ram";"ram_Usada";"GB";"2022-11-08 12:39:30";5.86
"Servidor-SPTECH";"ram";"ram_Usada";"GB";"2022-11-08 12:39:29";5.86
"Servidor-SPTECH";"ram";"ram_Usada";"GB";"2022-11-08 12:39:27";5.84
"Servidor-SPTECH";"ram";"ram_Usada";"GB";"2022-11-08 12:39:26";5.86
"Servidor-SPTECH";"ram";"ram_Usada";"GB";"2022-11-08 12:39:24";5.86
"Servidor-SPTECH";"ram";"ram_Usada";"GB";"2022-11-08 12:39:23";5.87
"Servidor-SPTECH";"ram";"ram_Usada";"GB";"2022-11-08 12:39:21";5.89
"Servidor-SPTECH";"ram";"ram_Usada";"GB";"2022-11-08 12:39:20";5.91
"Servidor-SPTECH";"ram";"ram_Usada";"GB";"2022-11-08 12:39:18";5.9
"Servidor-SPTECH";"ram";"ram_Usada";"GB";"2022-11-08 12:39:17";5.9
"Servidor-SPTECH";"ram";"ram_Usada";"GB";"2022-11-08 12:39:16";5.91
"Servidor-SPTECH";"ram";"ram_Usada";"GB";"2022-11-08 12:39:14";5.91
"Servidor-SPTECH";"ram";"ram_Usada";"GB";"2022-11-08 12:39:13";5.83
"Servidor-SPTECH";"ram";"ram_Usada";"GB";"2022-11-08 12:39:11";5.83
"Servidor-SPTECH";"ram";"ram_Usada";"GB";"2022-11-08 12:39:10";5.83
"Servidor-SPTECH";"ram";"ram_Usada";"GB";"2022-11-08 12:39:08";5.82
"Servidor-SPTECH";"ram";"ram_Usada";"GB";"2022-11-08 12:39:07";5.84
"Servidor-SPTECH";"ram";"ram_Usada";"GB";"2022-11-08 12:39:05";5.84
"Servidor-SPTECH";"ram";"ram_Usada";"GB";"2022-11-08 12:39:04";5.84
"Servidor-SPTECH";"ram";"ram_Usada";"GB";"2022-11-08 12:39:03";5.83
"Servidor-SPTECH";"ram";"ram_Usada";"GB";"2022-11-08 12:39:01";5.82
"Servidor-SPTECH";"ram";"ram_Usada";"GB";"2022-11-08 12:39:00";5.83
"Servidor-SPTECH";"ram";"ram_Usada";"GB";"2022-11-08 12:38:58";5.83
"Servidor-SPTECH";"ram";"ram_Usada";"GB";"2022-11-08 12:38:57";5.8
"Servidor-SPTECH";"ram";"ram_Usada";"GB";"2022-11-08 12:38:55";5.82
"Servidor-SPTECH";"ram";"ram_Usada";"GB";"2022-11-08 12:38:54";5.83
"Servidor-SPTECH";"ram";"ram_Usada";"GB";"2022-11-08 12:38:52";5.83
"Servidor-SPTECH";"ram";"ram_Usada";"GB";"2022-11-08 12:38:51";5.8
"Servidor-SPTECH";"ram";"ram_Usada";"GB";"2022-11-08 12:38:50";5.81
"Servidor-SPTECH";"ram";"ram_Usada";"GB";"2022-11-08 12:38:48";5.82
"Servidor-SPTECH";"ram";"ram_Usada";"GB";"2022-11-08 12:38:47";5.81
"Servidor-SPTECH";"ram";"ram_Usada";"GB";"2022-11-08 12:38:45";5.82
"Servidor-SPTECH";"ram";"ram_Usada";"GB";"2022-11-08 12:38:44";5.82
"Servidor-SPTECH";"ram";"ram_Usada";"GB";"2022-11-08 12:38:42";5.84
"Servidor-SPTECH";"ram";"ram_Usada";"GB";"2022-11-08 12:38:41";5.85
"Servidor-SPTECH";"ram";"ram_Usada";"GB";"2022-11-08 12:38:39";5.87
"Servidor-SPTECH";"ram";"ram_Usada";"GB";"2022-11-08 12:38:38";5.88
"Servidor-SPTECH";"ram";"ram_Usada";"GB";"2022-11-08 12:38:37";5.91
"Servidor-SPTECH";"ram";"ram_Usada";"GB";"2022-11-08 12:38:35";5.91
"Servidor-SPTECH";"ram";"ram_Usada";"GB";"2022-11-08 12:38:34";5.9
"Servidor-SPTECH";"ram";"ram_Usada";"GB";"2022-11-08 12:38:32";5.9
"Servidor-SPTECH";"ram";"ram_Usada";"GB";"2022-11-08 12:38:31";5.84
"Servidor-SPTECH";"ram";"ram_Usada";"GB";"2022-11-08 12:38:29";5.9
"Servidor-SPTECH";"ram";"ram_Usada";"GB";"2022-11-08 12:38:28";5.9
"Servidor-SPTECH";"ram";"ram_Usada";"GB";"2022-11-08 12:38:27";6.12
"Servidor-SPTECH";"ram";"ram_Usada";"GB";"2022-11-08 12:38:25";6.15
"Servidor-SPTECH";"ram";"ram_Usada";"GB";"2022-11-08 12:38:24";6.62
"Servidor-SPTECH";"ram";"ram_Usada";"GB";"2022-11-08 12:38:22";6.8
"Servidor-SPTECH";"ram";"ram_Usada";"GB";"2022-11-08 12:38:21";6.8
"Servidor-SPTECH";"ram";"ram_Usada";"GB";"2022-11-08 12:38:19";6.82
"Servidor-SPTECH";"ram";"ram_Usada";"GB";"2022-11-08 12:38:18";6.81
"Servidor-SPTECH";"ram";"ram_Usada";"GB";"2022-11-08 12:38:16";6.88
"Servidor-SPTECH";"ram";"ram_Usada";"GB";"2022-11-08 12:38:15";6.69
"Servidor-SPTECH";"ram";"ram_Usada";"GB";"2022-11-08 12:38:13";6.73
"Servidor-SPTECH";"ram";"ram_Usada";"GB";"2022-11-08 12:38:12";6.56
"Servidor-SPTECH";"ram";"ram_Usada";"GB";"2022-11-08 12:38:10";6.51
"Servidor-SPTECH";"ram";"ram_Usada";"GB";"2022-11-08 12:38:09";6.47
"Servidor-SPTECH";"ram";"ram_Usada";"GB";"2022-11-08 12:38:08";6.49
"Servidor-SPTECH";"ram";"ram_Usada";"GB";"2022-11-08 12:38:06";6.5
"Servidor-SPTECH";"ram";"ram_Usada";"GB";"2022-11-08 12:38:05";6.5
"Servidor-SPTECH";"ram";"ram_Usada";"GB";"2022-11-08 12:38:03";6.5
"Servidor-SPTECH";"ram";"ram_Usada";"GB";"2022-11-08 12:38:02";6.48
"Servidor-SPTECH";"ram";"ram_Usada";"GB";"2022-11-08 12:38:00";6.48
"Servidor-SPTECH";"ram";"ram_Usada";"GB";"2022-11-08 12:37:59";6.51
"Servidor-SPTECH";"ram";"ram_Usada";"GB";"2022-11-08 12:37:57";6.52
"Servidor-SPTECH";"ram";"ram_Usada";"GB";"2022-11-08 12:37:56";6.55
"Servidor-SPTECH";"ram";"ram_Usada";"GB";"2022-11-08 12:37:55";6.54
"Servidor-SPTECH";"ram";"ram_Usada";"GB";"2022-11-08 12:37:53";6.6
"Servidor-SPTECH";"ram";"ram_Usada";"GB";"2022-11-08 12:37:52";6.68
"Servidor-SPTECH";"ram";"ram_Usada";"GB";"2022-11-08 12:37:50";6.65
"Servidor-SPTECH";"ram";"ram_Usada";"GB";"2022-11-08 12:37:49";6.64
"Servidor-SPTECH";"ram";"ram_Usada";"GB";"2022-11-08 12:37:47";6.66
"Servidor-SPTECH";"ram";"ram_Usada";"GB";"2022-11-08 12:37:46";6.67
"Servidor-SPTECH";"ram";"ram_Usada";"GB";"2022-11-08 12:37:44";6.63
"Servidor-SPTECH";"ram";"ram_Usada";"GB";"2022-11-08 12:37:43";6.68
"Servidor-SPTECH";"ram";"ram_Usada";"GB";"2022-11-08 12:37:41";6.6
"Servidor-SPTECH";"ram";"ram_Usada";"GB";"2022-11-08 12:37:40";6.56
"Servidor-SPTECH";"ram";"ram_Usada";"GB";"2022-11-08 12:37:39";6.53
"Servidor-SPTECH";"ram";"ram_Usada";"GB";"2022-11-08 12:37:37";6.59
"Servidor-SPTECH";"ram";"ram_Usada";"GB";"2022-11-08 12:37:36";6.43
"Servidor-SPTECH";"ram";"ram_Usada";"GB";"2022-11-08 12:37:34";6.39
"Servidor-SPTECH";"ram";"ram_Usada";"GB";"2022-11-08 12:37:33";6.48
"Servidor-SPTECH";"ram";"ram_Usada";"GB";"2022-11-08 12:37:31";6.61
"Servidor-SPTECH";"ram";"ram_Usada";"GB";"2022-11-08 12:37:30";6.61
"Servidor-SPTECH";"ram";"ram_Usada";"GB";"2022-11-08 12:37:28";6.67
"Servidor-SPTECH";"ram";"ram_Usada";"GB";"2022-11-08 12:37:27";7.02
"Servidor-SPTECH";"ram";"ram_Usada";"GB";"2022-11-08 12:37:26";7.03
"Servidor-SPTECH";"ram";"ram_Usada";"GB";"2022-11-08 12:37:24";7.41
"Servidor-SPTECH";"ram";"ram_Usada";"GB";"2022-11-08 12:37:23";7.41
"Servidor-SPTECH";"ram";"ram_Usada";"GB";"2022-11-08 12:37:21";7.24
"Servidor-SPTECH";"ram";"ram_Usada";"GB";"2022-11-08 12:37:20";7.26
"Servidor-SPTECH";"ram";"ram_Usada";"GB";"2022-11-08 12:37:18";7.24
"Servidor-SPTECH";"ram";"ram_Usada";"GB";"2022-11-08 12:37:17";7.29
"Servidor-SPTECH";"ram";"ram_Usada";"GB";"2022-11-08 12:37:15";6.99
"Servidor-SPTECH";"ram";"ram_Usada";"GB";"2022-11-08 12:37:14";6.87
"Servidor-SPTECH";"ram";"ram_Usada";"GB";"2022-11-08 12:37:12";6.75
"Servidor-SPTECH";"ram";"ram_Usada";"GB";"2022-11-08 12:37:11";6.64
"Servidor-SPTECH";"ram";"ram_Usada";"GB";"2022-11-08 12:37:09";6.64
"Servidor-SPTECH";"ram";"ram_Usada";"GB";"2022-11-08 12:37:08";6.61
"Servidor-SPTECH";"ram";"ram_Usada";"GB";"2022-11-08 12:37:07";6.8
"Servidor-SPTECH";"ram";"ram_Usada";"GB";"2022-11-08 12:37:05";6.85
"Servidor-SPTECH";"ram";"ram_Usada";"GB";"2022-11-08 12:37:04";6.82
"Servidor-SPTECH";"ram";"ram_Usada";"GB";"2022-11-08 12:37:02";6.62
"Servidor-SPTECH";"ram";"ram_Usada";"GB";"2022-11-08 12:37:01";6.65
"Servidor-SPTECH";"ram";"ram_Usada";"GB";"2022-11-08 12:36:59";6.65
"Servidor-SPTECH";"ram";"ram_Usada";"GB";"2022-11-08 12:36:58";6.65
"Servidor-SPTECH";"ram";"ram_Usada";"GB";"2022-11-08 12:36:56";6.65
"Servidor-SPTECH";"ram";"ram_Usada";"GB";"2022-11-08 12:36:55";6.71
"Servidor-SPTECH";"ram";"ram_Usada";"GB";"2022-11-08 12:36:54";6.83
"Servidor-SPTECH";"ram";"ram_Usada";"GB";"2022-11-08 12:36:52";6.83
"Servidor-SPTECH";"ram";"ram_Usada";"GB";"2022-11-08 12:36:51";6.8
"Servidor-SPTECH";"ram";"ram_Usada";"GB";"2022-11-08 12:36:49";6.82
"Servidor-SPTECH";"ram";"ram_Usada";"GB";"2022-11-08 12:36:48";6.95
"Servidor-SPTECH";"ram";"ram_Usada";"GB";"2022-11-08 12:36:46";6.98
"Servidor-SPTECH";"ram";"ram_Usada";"GB";"2022-11-08 12:36:45";6.99
"Servidor-SPTECH";"ram";"ram_Usada";"GB";"2022-11-08 12:36:43";7.06
"Servidor-SPTECH";"ram";"ram_Usada";"GB";"2022-11-08 12:36:42";7.09
"Servidor-SPTECH";"ram";"ram_Usada";"GB";"2022-11-08 12:36:41";7.12
"Servidor-SPTECH";"ram";"ram_Usada";"GB";"2022-11-08 12:36:39";7.07
"Servidor-SPTECH";"ram";"ram_Usada";"GB";"2022-11-08 12:36:38";7.14
"Servidor-SPTECH";"ram";"ram_Usada";"GB";"2022-11-08 12:36:36";7.14
"Servidor-SPTECH";"ram";"ram_Usada";"GB";"2022-11-08 12:36:35";7.09
"Servidor-SPTECH";"ram";"ram_Usada";"GB";"2022-11-08 12:36:33";6.98
"Servidor-SPTECH";"ram";"ram_Usada";"GB";"2022-11-08 12:36:32";6.88
"Servidor-SPTECH";"ram";"ram_Usada";"GB";"2022-11-08 12:36:30";6.75
"Servidor-SPTECH";"ram";"ram_Usada";"GB";"2022-11-08 12:36:29";6.66
"Servidor-SPTECH";"ram";"ram_Usada";"GB";"2022-11-08 12:36:27";6.88
"Servidor-SPTECH";"ram";"ram_Usada";"GB";"2022-11-08 12:36:26";6.73
"Servidor-SPTECH";"ram";"ram_Usada";"GB";"2022-11-08 12:36:24";6.7
"Servidor-SPTECH";"ram";"ram_Usada";"GB";"2022-11-08 12:36:23";6.73
"Servidor-SPTECH";"ram";"ram_Usada";"GB";"2022-11-08 12:36:22";6.73
"Servidor-SPTECH";"ram";"ram_Usada";"GB";"2022-11-08 12:36:20";6.67
"Servidor-SPTECH";"ram";"ram_Usada";"GB";"2022-11-08 12:36:19";6.7
"Servidor-SPTECH";"ram";"ram_Usada";"GB";"2022-11-08 12:36:17";6.7
"Servidor-SPTECH";"ram";"ram_Usada";"GB";"2022-11-08 12:36:16";6.71
"Servidor-SPTECH";"ram";"ram_Usada";"GB";"2022-11-08 12:36:14";6.62
"Servidor-SPTECH";"ram";"ram_Usada";"GB";"2022-11-08 12:36:13";6.64
"Servidor-SPTECH";"ram";"ram_Usada";"GB";"2022-11-08 12:36:11";6.59
"Servidor-SPTECH";"ram";"ram_Usada";"GB";"2022-11-08 12:36:10";6.58
"Servidor-SPTECH";"ram";"ram_Usada";"GB";"2022-11-08 12:36:08";6.55
"Servidor-SPTECH";"ram";"ram_Usada";"GB";"2022-11-08 12:36:07";6.62
"Servidor-SPTECH";"ram";"ram_Usada";"GB";"2022-11-08 12:36:06";6.62
"Servidor-SPTECH";"ram";"ram_Usada";"GB";"2022-11-08 12:36:04";6.63
"Servidor-SPTECH";"ram";"ram_Usada";"GB";"2022-11-08 12:36:03";6.6
"Servidor-SPTECH";"ram";"ram_Usada";"GB";"2022-11-08 12:36:01";6.63
"Servidor-SPTECH";"ram";"ram_Usada";"GB";"2022-11-08 12:36:00";6.64
"Servidor-SPTECH";"ram";"ram_Usada";"GB";"2022-11-08 12:35:58";6.61
"Servidor-SPTECH";"ram";"ram_Usada";"GB";"2022-11-08 12:35:57";6.57
"Servidor-SPTECH";"ram";"ram_Usada";"GB";"2022-11-08 12:35:55";6.53
"Servidor-SPTECH";"ram";"ram_Usada";"GB";"2022-11-08 12:35:54";6.54
"Servidor-SPTECH";"ram";"ram_Usada";"GB";"2022-11-08 12:35:53";6.54
"Servidor-SPTECH";"ram";"ram_Usada";"GB";"2022-11-08 12:35:51";6.55
"Servidor-SPTECH";"ram";"ram_Usada";"GB";"2022-11-08 12:35:50";6.56
"Servidor-SPTECH";"ram";"ram_Usada";"GB";"2022-11-08 12:35:48";6.57
"Servidor-SPTECH";"ram";"ram_Usada";"GB";"2022-11-08 12:35:47";6.57
"Servidor-SPTECH";"ram";"ram_Usada";"GB";"2022-11-08 12:35:45";6.57
"Servidor-SPTECH";"ram";"ram_Usada";"GB";"2022-11-08 12:35:44";6.53
"Servidor-SPTECH";"ram";"ram_Usada";"GB";"2022-11-08 12:35:42";6.57
"Servidor-SPTECH";"ram";"ram_Usada";"GB";"2022-11-08 12:35:41";6.62
"Servidor-SPTECH";"ram";"ram_Usada";"GB";"2022-11-08 12:35:40";6.58
"Servidor-SPTECH";"ram";"ram_Usada";"GB";"2022-11-08 12:35:38";6.56
"Servidor-SPTECH";"ram";"ram_Usada";"GB";"2022-11-08 12:35:37";6.61
"Servidor-SPTECH";"ram";"ram_Usada";"GB";"2022-11-08 12:35:35";6.61
"Servidor-SPTECH";"ram";"ram_Usada";"GB";"2022-11-08 12:35:34";6.6
"Servidor-SPTECH";"ram";"ram_Usada";"GB";"2022-11-08 12:35:32";6.56
"Servidor-SPTECH";"ram";"ram_Usada";"GB";"2022-11-08 12:35:31";6.58
"Servidor-SPTECH";"ram";"ram_Usada";"GB";"2022-11-08 12:35:29";6.57
"Servidor-SPTECH";"ram";"ram_Usada";"GB";"2022-11-08 12:35:28";6.57
"Servidor-SPTECH";"ram";"ram_Usada";"GB";"2022-11-08 12:35:27";6.54
"Servidor-SPTECH";"ram";"ram_Usada";"GB";"2022-11-08 12:35:25";6.56
"Servidor-SPTECH";"ram";"ram_Usada";"GB";"2022-11-08 12:35:24";6.57
"Servidor-SPTECH";"ram";"ram_Usada";"GB";"2022-11-08 12:35:22";6.54
"Servidor-SPTECH";"ram";"ram_Usada";"GB";"2022-11-08 12:35:21";6.48
"Servidor-SPTECH";"ram";"ram_Usada";"GB";"2022-11-08 12:35:19";6.47
"Servidor-SPTECH";"ram";"ram_Usada";"GB";"2022-11-08 12:35:18";6.46
"Servidor-SPTECH";"ram";"ram_Usada";"GB";"2022-11-08 12:35:16";6.47
"Servidor-SPTECH";"ram";"ram_Usada";"GB";"2022-11-08 12:35:15";6.48
"Servidor-SPTECH";"ram";"ram_Usada";"GB";"2022-11-08 12:35:13";6.48
"Servidor-SPTECH";"ram";"ram_Usada";"GB";"2022-11-08 12:35:12";6.5
"Servidor-SPTECH";"ram";"ram_Usada";"GB";"2022-11-08 12:35:11";6.5
"Servidor-SPTECH";"ram";"ram_Usada";"GB";"2022-11-08 12:35:09";6.5
"Servidor-SPTECH";"ram";"ram_Usada";"GB";"2022-11-08 12:35:08";6.51
"Servidor-SPTECH";"ram";"ram_Usada";"GB";"2022-11-08 12:35:06";6.54
"Servidor-SPTECH";"ram";"ram_Usada";"GB";"2022-11-08 12:35:05";6.5
"Servidor-SPTECH";"ram";"ram_Usada";"GB";"2022-11-08 12:35:03";6.5
"Servidor-SPTECH";"ram";"ram_Usada";"GB";"2022-11-08 12:35:02";6.46
"Servidor-SPTECH";"ram";"ram_Usada";"GB";"2022-11-08 12:35:00";6.44
"Servidor-SPTECH";"ram";"ram_Usada";"GB";"2022-11-08 12:34:59";6.44
"Servidor-SPTECH";"ram";"ram_Usada";"GB";"2022-11-08 12:34:58";6.45
"Servidor-SPTECH";"ram";"ram_Usada";"GB";"2022-11-08 12:34:56";6.44
"Servidor-SPTECH";"ram";"ram_Usada";"GB";"2022-11-08 12:34:55";6.37
"Servidor-SPTECH";"ram";"ram_Usada";"GB";"2022-11-08 12:34:53";6.36
"Servidor-SPTECH";"ram";"ram_Usada";"GB";"2022-11-08 12:34:52";6.36
"Servidor-SPTECH";"ram";"ram_Usada";"GB";"2022-11-08 12:34:50";6.33
"Servidor-SPTECH";"ram";"ram_Usada";"GB";"2022-11-08 12:34:49";6.33
"Servidor-SPTECH";"ram";"ram_Usada";"GB";"2022-11-08 12:34:47";6.32
"Servidor-SPTECH";"ram";"ram_Usada";"GB";"2022-11-08 12:34:46";6.31
"Servidor-SPTECH";"ram";"ram_Usada";"GB";"2022-11-08 12:34:44";6.29
"Servidor-SPTECH";"ram";"ram_Usada";"GB";"2022-11-08 12:34:43";6.32
"Servidor-SPTECH";"ram";"ram_Usada";"GB";"2022-11-08 12:34:42";6.34
"Servidor-SPTECH";"ram";"ram_Usada";"GB";"2022-11-08 12:34:40";6.34
"Servidor-SPTECH";"ram";"ram_Usada";"GB";"2022-11-08 12:34:39";6.35
"Servidor-SPTECH";"ram";"ram_Usada";"GB";"2022-11-08 12:34:37";6.36
"Servidor-SPTECH";"ram";"ram_Usada";"GB";"2022-11-08 12:34:36";6.36
"Servidor-SPTECH";"ram";"ram_Usada";"GB";"2022-11-08 12:34:34";6.37
"Servidor-SPTECH";"ram";"ram_Usada";"GB";"2022-11-08 12:34:33";6.37
"Servidor-SPTECH";"ram";"ram_Usada";"GB";"2022-11-08 12:34:31";6.37
"Servidor-SPTECH";"ram";"ram_Usada";"GB";"2022-11-08 12:34:30";6.38
"Servidor-SPTECH";"ram";"ram_Usada";"GB";"2022-11-08 12:34:28";6.37
"Servidor-SPTECH";"ram";"ram_Usada";"GB";"2022-11-08 12:34:27";6.37
"Servidor-SPTECH";"ram";"ram_Usada";"GB";"2022-11-08 12:34:26";6.34
"Servidor-SPTECH";"ram";"ram_Usada";"GB";"2022-11-08 12:34:24";6.35
"Servidor-SPTECH";"ram";"ram_Usada";"GB";"2022-11-08 12:34:23";6.4
"Servidor-SPTECH";"ram";"ram_Usada";"GB";"2022-11-08 12:34:21";6.39
"Servidor-SPTECH";"ram";"ram_Usada";"GB";"2022-11-08 12:34:20";6.37
"Servidor-SPTECH";"ram";"ram_Usada";"GB";"2022-11-08 12:34:18";6.4
"Servidor-SPTECH";"ram";"ram_Usada";"GB";"2022-11-08 12:34:17";6.4
"Servidor-SPTECH";"ram";"ram_Usada";"GB";"2022-11-08 12:34:15";6.4
"Servidor-SPTECH";"ram";"ram_Usada";"GB";"2022-11-08 12:34:14";6.41
"Servidor-SPTECH";"ram";"ram_Usada";"GB";"2022-11-08 12:34:13";6.41
"Servidor-SPTECH";"ram";"ram_Usada";"GB";"2022-11-08 12:34:11";6.35
"Servidor-SPTECH";"ram";"ram_Usada";"GB";"2022-11-08 12:34:10";6.34
"Servidor-SPTECH";"ram";"ram_Usada";"GB";"2022-11-08 12:34:08";6.36
"Servidor-SPTECH";"ram";"ram_Usada";"GB";"2022-11-08 12:34:07";6.38
"Servidor-SPTECH";"ram";"ram_Usada";"GB";"2022-11-08 12:34:05";6.36
"Servidor-SPTECH";"ram";"ram_Usada";"GB";"2022-11-08 12:34:04";6.39
"Servidor-SPTECH";"ram";"ram_Usada";"GB";"2022-11-08 12:34:03";6.37
"Servidor-SPTECH";"ram";"ram_Usada";"GB";"2022-11-08 12:34:01";6.38
"Servidor-SPTECH";"ram";"ram_Usada";"GB";"2022-11-08 12:34:00";6.37
"Servidor-SPTECH";"ram";"ram_Usada";"GB";"2022-11-08 12:33:58";6.38
"Servidor-SPTECH";"ram";"ram_Usada";"GB";"2022-11-08 12:33:57";6.37
"Servidor-SPTECH";"ram";"ram_Usada";"GB";"2022-11-08 12:33:55";6.36
"Servidor-SPTECH";"ram";"ram_Usada";"GB";"2022-11-08 12:33:54";6.38
"Servidor-SPTECH";"ram";"ram_Usada";"GB";"2022-11-08 12:33:53";6.37
"Servidor-SPTECH";"ram";"ram_Usada";"GB";"2022-11-08 12:33:51";6.38
"Servidor-SPTECH";"ram";"ram_Usada";"GB";"2022-11-08 12:33:50";6.37
"Servidor-SPTECH";"ram";"ram_Usada";"GB";"2022-11-08 12:33:48";6.36
"Servidor-SPTECH";"ram";"ram_Usada";"GB";"2022-11-08 12:33:47";6.36
"Servidor-SPTECH";"ram";"ram_Usada";"GB";"2022-11-08 12:33:45";6.36
"Servidor-SPTECH";"ram";"ram_Usada";"GB";"2022-11-08 12:33:44";6.36
"Servidor-SPTECH";"ram";"ram_Usada";"GB";"2022-11-08 12:33:43";6.35
"Servidor-SPTECH";"ram";"ram_Usada";"GB";"2022-11-08 12:33:41";6.37
"Servidor-SPTECH";"ram";"ram_Usada";"GB";"2022-11-08 12:33:40";6.37
"Servidor-SPTECH";"ram";"ram_Usada";"GB";"2022-11-08 12:33:38";6.38
"Servidor-SPTECH";"ram";"ram_Usada";"GB";"2022-11-08 12:33:37";6.38
"Servidor-SPTECH";"ram";"ram_Usada";"GB";"2022-11-08 12:33:35";6.38
"Servidor-SPTECH";"ram";"ram_Usada";"GB";"2022-11-08 12:33:34";6.38
"Servidor-SPTECH";"ram";"ram_Usada";"GB";"2022-11-08 12:33:33";6.37
"Servidor-SPTECH";"ram";"ram_Usada";"GB";"2022-11-08 12:33:31";6.38
"Servidor-SPTECH";"ram";"ram_Usada";"GB";"2022-11-08 12:33:30";6.36
"Servidor-SPTECH";"ram";"ram_Usada";"GB";"2022-11-08 12:33:28";6.36
"Servidor-SPTECH";"ram";"ram_Usada";"GB";"2022-11-08 12:33:27";6.36
"Servidor-SPTECH";"ram";"ram_Usada";"GB";"2022-11-08 12:33:25";6.35
"Servidor-SPTECH";"ram";"ram_Usada";"GB";"2022-11-08 12:33:24";6.36
"Servidor-SPTECH";"ram";"ram_Usada";"GB";"2022-11-08 12:33:23";6.35
"Servidor-SPTECH";"ram";"ram_Usada";"GB";"2022-11-08 12:33:21";6.49
"Servidor-SPTECH";"ram";"ram_Usada";"GB";"2022-11-08 12:33:20";6.49
"Servidor-SPTECH";"ram";"ram_Usada";"GB";"2022-11-08 12:33:18";6.49
"Servidor-SPTECH";"ram";"ram_Usada";"GB";"2022-11-08 12:33:17";6.49
"Servidor-SPTECH";"ram";"ram_Usada";"GB";"2022-11-08 12:33:15";6.48
"Servidor-SPTECH";"ram";"ram_Usada";"GB";"2022-11-08 12:33:14";6.49
"Servidor-SPTECH";"ram";"ram_Usada";"GB";"2022-11-08 12:33:12";6.48
"Servidor-SPTECH";"ram";"ram_Usada";"GB";"2022-11-08 12:33:11";6.47
"Servidor-SPTECH";"ram";"ram_Usada";"GB";"2022-11-08 12:33:10";6.47
"Servidor-SPTECH";"ram";"ram_Usada";"GB";"2022-11-08 12:33:08";6.46
"Servidor-SPTECH";"ram";"ram_Usada";"GB";"2022-11-08 12:33:07";6.48
"Servidor-SPTECH";"ram";"ram_Usada";"GB";"2022-11-08 12:33:05";6.45
"Servidor-SPTECH";"ram";"ram_Usada";"GB";"2022-11-08 12:33:04";6.47
"Servidor-SPTECH";"ram";"ram_Usada";"GB";"2022-11-08 12:33:02";6.46
"Servidor-SPTECH";"ram";"ram_Usada";"GB";"2022-11-08 12:33:01";6.47
"Servidor-SPTECH";"ram";"ram_Usada";"GB";"2022-11-08 12:32:59";6.46
"Servidor-SPTECH";"ram";"ram_Usada";"GB";"2022-11-08 12:32:58";6.46
"Servidor-SPTECH";"ram";"ram_Usada";"GB";"2022-11-08 12:32:57";6.46
"Servidor-SPTECH";"ram";"ram_Usada";"GB";"2022-11-08 12:32:55";6.46
"Servidor-SPTECH";"ram";"ram_Usada";"GB";"2022-11-08 12:32:54";6.47
"Servidor-SPTECH";"ram";"ram_Usada";"GB";"2022-11-08 12:32:52";6.47
"Servidor-SPTECH";"ram";"ram_Usada";"GB";"2022-11-08 12:32:51";6.48
"Servidor-SPTECH";"ram";"ram_Usada";"GB";"2022-11-08 12:32:49";6.46
"Servidor-SPTECH";"ram";"ram_Usada";"GB";"2022-11-08 12:32:48";6.46
"Servidor-SPTECH";"ram";"ram_Usada";"GB";"2022-11-08 12:32:46";6.45
"Servidor-SPTECH";"ram";"ram_Usada";"GB";"2022-11-08 12:32:45";6.45
"Servidor-SPTECH";"ram";"ram_Usada";"GB";"2022-11-08 12:32:44";6.45
"Servidor-SPTECH";"ram";"ram_Usada";"GB";"2022-11-08 12:32:42";6.47
"Servidor-SPTECH";"ram";"ram_Usada";"GB";"2022-11-08 12:32:41";6.47
"Servidor-SPTECH";"ram";"ram_Usada";"GB";"2022-11-08 12:32:39";6.48
"Servidor-SPTECH";"ram";"ram_Usada";"GB";"2022-11-08 12:32:38";6.46
"Servidor-SPTECH";"ram";"ram_Usada";"GB";"2022-11-08 12:32:36";6.47
"Servidor-SPTECH";"ram";"ram_Usada";"GB";"2022-11-08 12:32:35";6.47
"Servidor-SPTECH";"ram";"ram_Usada";"GB";"2022-11-08 12:32:34";6.49
"Servidor-SPTECH";"ram";"ram_Usada";"GB";"2022-11-08 12:32:32";6.48
"Servidor-SPTECH";"ram";"ram_Usada";"GB";"2022-11-08 12:32:31";6.48
"Servidor-SPTECH";"ram";"ram_Usada";"GB";"2022-11-08 12:32:29";6.47
"Servidor-SPTECH";"ram";"ram_Usada";"GB";"2022-11-08 12:32:28";6.48
"Servidor-SPTECH";"ram";"ram_Usada";"GB";"2022-11-08 12:32:26";6.48
"Servidor-SPTECH";"ram";"ram_Usada";"GB";"2022-11-08 12:32:25";6.49
"Servidor-SPTECH";"ram";"ram_Usada";"GB";"2022-11-08 12:32:23";6.49
"Servidor-SPTECH";"ram";"ram_Usada";"GB";"2022-11-08 12:32:22";6.49
"Servidor-SPTECH";"ram";"ram_Usada";"GB";"2022-11-08 12:32:21";6.48
"Servidor-SPTECH";"ram";"ram_Usada";"GB";"2022-11-08 12:32:19";6.46
"Servidor-SPTECH";"ram";"ram_Usada";"GB";"2022-11-08 12:32:18";6.46
"Servidor-SPTECH";"ram";"ram_Usada";"GB";"2022-11-08 12:32:16";6.47
"Servidor-SPTECH";"ram";"ram_Usada";"GB";"2022-11-08 12:32:15";6.47
"Servidor-SPTECH";"ram";"ram_Usada";"GB";"2022-11-08 12:32:13";6.47
"Servidor-SPTECH";"ram";"ram_Usada";"GB";"2022-11-08 12:32:12";6.48
"Servidor-SPTECH";"ram";"ram_Usada";"GB";"2022-11-08 12:32:11";6.45
"Servidor-SPTECH";"ram";"ram_Usada";"GB";"2022-11-08 12:32:09";6.45
"Servidor-SPTECH";"ram";"ram_Usada";"GB";"2022-11-08 12:32:08";6.44
"Servidor-SPTECH";"ram";"ram_Usada";"GB";"2022-11-08 12:32:06";6.46
"Servidor-SPTECH";"ram";"ram_Usada";"GB";"2022-11-08 12:32:05";6.46
"Servidor-SPTECH";"ram";"ram_Usada";"GB";"2022-11-08 12:32:03";6.45
"Servidor-SPTECH";"ram";"ram_Usada";"GB";"2022-11-08 12:32:02";6.44
"Servidor-SPTECH";"ram";"ram_Usada";"GB";"2022-11-08 12:32:00";6.45
"Servidor-SPTECH";"ram";"ram_Usada";"GB";"2022-11-08 12:31:59";6.42
"Servidor-SPTECH";"ram";"ram_Usada";"GB";"2022-11-08 12:31:58";6.46
"Servidor-SPTECH";"ram";"ram_Usada";"GB";"2022-11-08 12:31:56";6.45
"Servidor-SPTECH";"ram";"ram_Usada";"GB";"2022-11-08 12:31:55";6.45
"Servidor-SPTECH";"ram";"ram_Usada";"GB";"2022-11-08 12:31:53";6.49
"Servidor-SPTECH";"ram";"ram_Usada";"GB";"2022-11-08 12:31:52";6.5
"Servidor-SPTECH";"ram";"ram_Usada";"GB";"2022-11-08 12:31:50";6.48
"Servidor-SPTECH";"ram";"ram_Usada";"GB";"2022-11-08 12:31:49";6.47
"Servidor-SPTECH";"ram";"ram_Usada";"GB";"2022-11-08 12:31:48";6.47
"Servidor-SPTECH";"ram";"ram_Usada";"GB";"2022-11-08 12:31:46";6.46
"Servidor-SPTECH";"ram";"ram_Usada";"GB";"2022-11-08 12:31:45";6.47
"Servidor-SPTECH";"ram";"ram_Usada";"GB";"2022-11-08 12:31:43";6.44
"Servidor-SPTECH";"ram";"ram_Usada";"GB";"2022-11-08 12:31:42";6.46
"Servidor-SPTECH";"ram";"ram_Usada";"GB";"2022-11-08 12:31:40";6.47
"Servidor-SPTECH";"ram";"ram_Usada";"GB";"2022-11-08 12:31:39";6.47
"Servidor-SPTECH";"ram";"ram_Usada";"GB";"2022-11-08 12:31:38";6.46
"Servidor-SPTECH";"ram";"ram_Usada";"GB";"2022-11-08 12:31:36";6.47
"Servidor-SPTECH";"ram";"ram_Usada";"GB";"2022-11-08 12:31:35";6.47
"Servidor-SPTECH";"ram";"ram_Usada";"GB";"2022-11-08 12:31:33";6.46
"Servidor-SPTECH";"ram";"ram_Usada";"GB";"2022-11-08 12:31:32";6.45
"Servidor-SPTECH";"ram";"ram_Usada";"GB";"2022-11-08 12:31:30";6.51
"Servidor-SPTECH";"ram";"ram_Usada";"GB";"2022-11-08 12:31:29";6.49
"Servidor-SPTECH";"ram";"ram_Usada";"GB";"2022-11-08 12:31:27";6.55
"Servidor-SPTECH";"ram";"ram_Usada";"GB";"2022-11-08 12:31:26";6.56
"Servidor-SPTECH";"ram";"ram_Usada";"GB";"2022-11-08 12:31:24";6.56
"Servidor-SPTECH";"ram";"ram_Usada";"GB";"2022-11-08 12:31:23";6.57
"Servidor-SPTECH";"ram";"ram_Usada";"GB";"2022-11-08 12:31:22";6.6
"Servidor-SPTECH";"ram";"ram_Usada";"GB";"2022-11-08 12:31:20";6.6
"Servidor-SPTECH";"ram";"ram_Usada";"GB";"2022-11-08 12:31:19";6.59
"Servidor-SPTECH";"ram";"ram_Usada";"GB";"2022-11-08 12:31:17";6.59
"Servidor-SPTECH";"ram";"ram_Usada";"GB";"2022-11-08 12:31:16";6.56
"Servidor-SPTECH";"ram";"ram_Usada";"GB";"2022-11-08 12:31:14";6.56
"Servidor-SPTECH";"ram";"ram_Usada";"GB";"2022-11-08 12:31:13";6.57
"Servidor-SPTECH";"ram";"ram_Usada";"GB";"2022-11-08 12:31:11";6.57
"Servidor-SPTECH";"ram";"ram_Usada";"GB";"2022-11-08 12:31:10";6.61
"Servidor-SPTECH";"ram";"ram_Usada";"GB";"2022-11-08 12:31:09";6.62
"Servidor-SPTECH";"ram";"ram_Usada";"GB";"2022-11-08 12:31:07";6.62
"Servidor-SPTECH";"ram";"ram_Usada";"GB";"2022-11-08 12:31:06";6.62
"Servidor-SPTECH";"ram";"ram_Usada";"GB";"2022-11-08 12:31:04";6.61
"Servidor-SPTECH";"ram";"ram_Usada";"GB";"2022-11-08 12:31:03";6.53
"Servidor-SPTECH";"ram";"ram_Usada";"GB";"2022-11-08 12:31:01";6.53
"Servidor-SPTECH";"ram";"ram_Usada";"GB";"2022-11-08 12:31:00";6.56
"Servidor-SPTECH";"ram";"ram_Usada";"GB";"2022-11-08 12:30:58";6.6
"Servidor-SPTECH";"ram";"ram_Usada";"GB";"2022-11-08 12:30:57";6.63
"Servidor-SPTECH";"ram";"ram_Usada";"GB";"2022-11-08 12:30:56";6.62
"Servidor-SPTECH";"ram";"ram_Usada";"GB";"2022-11-08 12:30:54";6.61
"Servidor-SPTECH";"ram";"ram_Usada";"GB";"2022-11-08 12:30:53";6.58
"Servidor-SPTECH";"ram";"ram_Usada";"GB";"2022-11-08 12:30:51";6.61
"Servidor-SPTECH";"ram";"ram_Usada";"GB";"2022-11-08 12:30:50";6.6
"Servidor-SPTECH";"ram";"ram_Usada";"GB";"2022-11-08 12:30:48";6.6
"Servidor-SPTECH";"ram";"ram_Usada";"GB";"2022-11-08 12:30:47";6.58
"Servidor-SPTECH";"ram";"ram_Usada";"GB";"2022-11-08 12:30:45";6.62
"Servidor-SPTECH";"ram";"ram_Usada";"GB";"2022-11-08 12:30:44";6.63
"Servidor-SPTECH";"ram";"ram_Usada";"GB";"2022-11-08 12:30:42";6.64
"Servidor-SPTECH";"ram";"ram_Usada";"GB";"2022-11-08 12:30:41";6.68
"Servidor-SPTECH";"ram";"ram_Usada";"GB";"2022-11-08 12:30:40";6.68
"Servidor-SPTECH";"ram";"ram_Usada";"GB";"2022-11-08 12:30:38";6.68
"Servidor-SPTECH";"ram";"ram_Usada";"GB";"2022-11-08 12:30:37";6.7
"Servidor-SPTECH";"ram";"ram_Usada";"GB";"2022-11-08 12:30:35";6.69
"Servidor-SPTECH";"ram";"ram_Usada";"GB";"2022-11-08 12:30:34";6.7
"Servidor-SPTECH";"ram";"ram_Usada";"GB";"2022-11-08 12:30:32";6.7
"Servidor-SPTECH";"ram";"ram_Usada";"GB";"2022-11-08 12:30:31";6.67
"Servidor-SPTECH";"ram";"ram_Usada";"GB";"2022-11-08 12:30:29";6.66
"Servidor-SPTECH";"ram";"ram_Usada";"GB";"2022-11-08 12:30:28";6.69
"Servidor-SPTECH";"ram";"ram_Usada";"GB";"2022-11-08 12:30:27";6.7
"Servidor-SPTECH";"ram";"ram_Usada";"GB";"2022-11-08 12:30:25";6.74
"Servidor-SPTECH";"ram";"ram_Usada";"GB";"2022-11-08 12:30:24";6.78
"Servidor-SPTECH";"ram";"ram_Usada";"GB";"2022-11-08 12:30:22";6.77
"Servidor-SPTECH";"ram";"ram_Usada";"GB";"2022-11-08 12:30:21";6.68
"Servidor-SPTECH";"ram";"ram_Usada";"GB";"2022-11-08 12:30:19";6.67
"Servidor-SPTECH";"ram";"ram_Usada";"GB";"2022-11-08 12:30:18";6.64
"Servidor-SPTECH";"ram";"ram_Usada";"GB";"2022-11-08 12:30:16";6.59
"Servidor-SPTECH";"ram";"ram_Usada";"GB";"2022-11-08 12:30:15";6.54
"Servidor-SPTECH";"ram";"ram_Usada";"GB";"2022-11-08 12:30:13";6.55
"Servidor-SPTECH";"ram";"ram_Usada";"GB";"2022-11-08 12:30:12";6.55
"Servidor-SPTECH";"ram";"ram_Usada";"GB";"2022-11-08 12:30:10";6.54
"Servidor-SPTECH";"ram";"ram_Usada";"GB";"2022-11-08 12:30:09";6.55
"Servidor-SPTECH";"ram";"ram_Usada";"GB";"2022-11-08 12:30:07";6.29
"Servidor-SPTECH";"ram";"ram_Usada";"GB";"2022-11-08 12:30:06";6.3
"Servidor-SPTECH";"ram";"ram_Usada";"GB";"2022-11-08 12:30:05";6.27
"Servidor-SPTECH";"ram";"ram_Usada";"GB";"2022-11-08 12:30:03";6.29
"Servidor-SPTECH";"ram";"ram_Usada";"GB";"2022-11-08 12:30:02";6.27
"Servidor-SPTECH";"ram";"ram_Usada";"GB";"2022-11-08 12:30:00";6.27
"Servidor-SPTECH";"ram";"ram_Usada";"GB";"2022-11-08 12:29:59";6.24
"Servidor-SPTECH";"ram";"ram_Usada";"GB";"2022-11-08 12:29:57";6.27
"Servidor-SPTECH";"ram";"ram_Usada";"GB";"2022-11-08 12:29:56";6.27
"Servidor-SPTECH";"ram";"ram_Usada";"GB";"2022-11-08 12:29:54";6.27
"Servidor-SPTECH";"ram";"ram_Usada";"GB";"2022-11-08 12:29:53";6.28
"Servidor-SPTECH";"ram";"ram_Usada";"GB";"2022-11-08 12:29:51";6.28
"Servidor-SPTECH";"ram";"ram_Usada";"GB";"2022-11-08 12:29:50";6.3
"Servidor-SPTECH";"ram";"ram_Usada";"GB";"2022-11-08 12:29:49";6.29
"Servidor-SPTECH";"ram";"ram_Usada";"GB";"2022-11-08 12:29:47";6.29
"Servidor-SPTECH";"ram";"ram_Usada";"GB";"2022-11-08 12:29:46";6.31
"Servidor-SPTECH";"ram";"ram_Usada";"GB";"2022-11-08 12:29:44";6.32
"Servidor-SPTECH";"ram";"ram_Usada";"GB";"2022-11-08 12:29:43";6.31
"Servidor-SPTECH";"ram";"ram_Usada";"GB";"2022-11-08 12:29:41";6.43
"Servidor-SPTECH";"ram";"ram_Usada";"GB";"2022-11-08 12:29:40";6.51
"Servidor-SPTECH";"ram";"ram_Usada";"GB";"2022-11-08 12:29:38";6.52
"Servidor-SPTECH";"ram";"ram_Usada";"GB";"2022-11-08 12:29:37";6.56
"Servidor-SPTECH";"ram";"ram_Usada";"GB";"2022-11-08 12:29:35";6.53
"Servidor-SPTECH";"ram";"ram_Usada";"GB";"2022-11-08 12:29:34";6.53
"Servidor-SPTECH";"ram";"ram_Usada";"GB";"2022-11-08 12:29:33";6.58
"Servidor-SPTECH";"ram";"ram_Usada";"GB";"2022-11-08 12:29:31";6.6
"Servidor-SPTECH";"ram";"ram_Usada";"GB";"2022-11-08 12:29:30";6.63
"Servidor-SPTECH";"ram";"ram_Usada";"GB";"2022-11-08 12:29:28";6.64
"Servidor-SPTECH";"ram";"ram_Usada";"GB";"2022-11-08 12:29:27";6.65
"Servidor-SPTECH";"ram";"ram_Usada";"GB";"2022-11-08 12:29:25";6.66
"Servidor-SPTECH";"ram";"ram_Usada";"GB";"2022-11-08 12:29:24";6.62
"Servidor-SPTECH";"ram";"ram_Usada";"GB";"2022-11-08 12:29:22";6.63
"Servidor-SPTECH";"ram";"ram_Usada";"GB";"2022-11-08 12:29:21";6.63
"Servidor-SPTECH";"ram";"ram_Usada";"GB";"2022-11-08 12:29:19";6.64
"Servidor-SPTECH";"ram";"ram_Usada";"GB";"2022-11-08 12:29:18";6.64
"Servidor-SPTECH";"ram";"ram_Usada";"GB";"2022-11-08 12:29:16";6.36
"Servidor-SPTECH";"ram";"ram_Usada";"GB";"2022-11-08 12:29:15";6.36
"Servidor-SPTECH";"ram";"ram_Usada";"GB";"2022-11-08 12:29:14";6.37
"Servidor-SPTECH";"ram";"ram_Usada";"GB";"2022-11-08 12:29:12";6.37
"Servidor-SPTECH";"ram";"ram_Usada";"GB";"2022-11-08 12:29:11";6.37
"Servidor-SPTECH";"ram";"ram_Usada";"GB";"2022-11-08 12:29:09";6.37
"Servidor-SPTECH";"ram";"ram_Usada";"GB";"2022-11-08 12:29:08";6.37
"Servidor-SPTECH";"ram";"ram_Usada";"GB";"2022-11-08 12:29:06";6.38
"Servidor-SPTECH";"ram";"ram_Usada";"GB";"2022-11-08 12:29:05";6.39
"Servidor-SPTECH";"ram";"ram_Usada";"GB";"2022-11-08 12:29:03";6.39
"Servidor-SPTECH";"ram";"ram_Usada";"GB";"2022-11-08 12:29:02";6.39
"Servidor-SPTECH";"ram";"ram_Usada";"GB";"2022-11-08 12:29:00";6.39
"Servidor-SPTECH";"ram";"ram_Usada";"GB";"2022-11-08 12:28:59";6.41
"Servidor-SPTECH";"ram";"ram_Usada";"GB";"2022-11-08 12:28:58";6.41
"Servidor-SPTECH";"ram";"ram_Usada";"GB";"2022-11-08 12:28:56";6.44
"Servidor-SPTECH";"ram";"ram_Usada";"GB";"2022-11-08 12:28:55";6.44
"Servidor-SPTECH";"ram";"ram_Usada";"GB";"2022-11-08 12:28:53";6.45
"Servidor-SPTECH";"ram";"ram_Usada";"GB";"2022-11-08 12:28:52";6.48
"Servidor-SPTECH";"ram";"ram_Usada";"GB";"2022-11-08 12:28:50";6.48
"Servidor-SPTECH";"ram";"ram_Usada";"GB";"2022-11-08 12:28:49";6.46
"Servidor-SPTECH";"ram";"ram_Usada";"GB";"2022-11-08 12:28:47";6.45
"Servidor-SPTECH";"ram";"ram_Usada";"GB";"2022-11-08 12:28:46";6.46
"Servidor-SPTECH";"ram";"ram_Usada";"GB";"2022-11-08 12:28:45";6.46
"Servidor-SPTECH";"ram";"ram_Usada";"GB";"2022-11-08 12:28:43";6.46
"Servidor-SPTECH";"ram";"ram_Usada";"GB";"2022-11-08 12:28:42";6.51
"Servidor-SPTECH";"ram";"ram_Usada";"GB";"2022-11-08 12:28:40";6.48
"Servidor-SPTECH";"ram";"ram_Usada";"GB";"2022-11-08 12:28:39";6.51
"Servidor-SPTECH";"ram";"ram_Usada";"GB";"2022-11-08 12:28:37";6.5
"Servidor-SPTECH";"ram";"ram_Usada";"GB";"2022-11-08 12:28:36";6.52
"Servidor-SPTECH";"ram";"ram_Usada";"GB";"2022-11-08 12:28:34";6.49
"Servidor-SPTECH";"ram";"ram_Usada";"GB";"2022-11-08 12:28:33";6.51
"Servidor-SPTECH";"ram";"ram_Usada";"GB";"2022-11-08 12:28:32";6.5
"Servidor-SPTECH";"ram";"ram_Usada";"GB";"2022-11-08 12:28:30";6.49
"Servidor-SPTECH";"ram";"ram_Usada";"GB";"2022-11-08 12:28:29";6.49
"Servidor-SPTECH";"ram";"ram_Usada";"GB";"2022-11-08 12:28:27";6.49
"Servidor-SPTECH";"ram";"ram_Usada";"GB";"2022-11-08 12:28:26";6.5
"Servidor-SPTECH";"ram";"ram_Usada";"GB";"2022-11-08 12:28:24";6.47
"Servidor-SPTECH";"ram";"ram_Usada";"GB";"2022-11-08 12:28:23";6.49
"Servidor-SPTECH";"ram";"ram_Usada";"GB";"2022-11-08 12:28:22";6.49
"Servidor-SPTECH";"ram";"ram_Usada";"GB";"2022-11-08 12:28:20";6.64
"Servidor-SPTECH";"ram";"ram_Usada";"GB";"2022-11-08 12:28:19";6.62
"Servidor-SPTECH";"ram";"ram_Usada";"GB";"2022-11-08 12:28:17";6.62
"Servidor-SPTECH";"ram";"ram_Usada";"GB";"2022-11-08 12:28:16";6.63
"Servidor-SPTECH";"ram";"ram_Usada";"GB";"2022-11-08 12:28:14";6.62
"Servidor-SPTECH";"ram";"ram_Usada";"GB";"2022-11-08 12:28:13";6.62
"Servidor-SPTECH";"ram";"ram_Usada";"GB";"2022-11-08 12:28:11";6.62
"Servidor-SPTECH";"ram";"ram_Usada";"GB";"2022-11-08 12:28:10";6.63
"Servidor-SPTECH";"ram";"ram_Usada";"GB";"2022-11-08 12:28:09";6.69
"Servidor-SPTECH";"ram";"ram_Usada";"GB";"2022-11-08 12:28:07";6.68
"Servidor-SPTECH";"ram";"ram_Usada";"GB";"2022-11-08 12:28:06";6.7
"Servidor-SPTECH";"ram";"ram_Usada";"GB";"2022-11-08 12:28:04";6.66
"Servidor-SPTECH";"ram";"ram_Usada";"GB";"2022-11-08 12:28:03";6.69
"Servidor-SPTECH";"ram";"ram_Usada";"GB";"2022-11-08 12:28:01";6.69
"Servidor-SPTECH";"ram";"ram_Usada";"GB";"2022-11-08 12:28:00";6.66
"Servidor-SPTECH";"ram";"ram_Usada";"GB";"2022-11-08 12:27:58";6.68
"Servidor-SPTECH";"ram";"ram_Usada";"GB";"2022-11-08 12:27:57";6.66
"Servidor-SPTECH";"ram";"ram_Usada";"GB";"2022-11-08 12:27:56";6.71
"Servidor-SPTECH";"ram";"ram_Usada";"GB";"2022-11-08 12:27:54";6.73
"Servidor-SPTECH";"ram";"ram_Usada";"GB";"2022-11-08 12:27:53";6.75
"Servidor-SPTECH";"ram";"ram_Usada";"GB";"2022-11-08 12:27:51";6.77
"Servidor-SPTECH";"ram";"ram_Usada";"GB";"2022-11-08 12:27:50";6.76
"Servidor-SPTECH";"ram";"ram_Usada";"GB";"2022-11-08 12:27:48";6.74
"Servidor-SPTECH";"ram";"ram_Usada";"GB";"2022-11-08 12:27:47";6.73
"Servidor-SPTECH";"ram";"ram_Usada";"GB";"2022-11-08 12:27:45";6.72
"Servidor-SPTECH";"ram";"ram_Usada";"GB";"2022-11-08 12:27:44";6.73
"Servidor-SPTECH";"ram";"ram_Usada";"GB";"2022-11-08 12:27:42";6.74
"Servidor-SPTECH";"ram";"ram_Usada";"GB";"2022-11-08 12:27:41";6.62
"Servidor-SPTECH";"ram";"ram_Usada";"GB";"2022-11-08 12:27:40";6.59
"Servidor-SPTECH";"ram";"ram_Usada";"GB";"2022-11-08 12:27:38";6.51
"Servidor-SPTECH";"ram";"ram_Usada";"GB";"2022-11-08 12:27:37";6.55
"Servidor-SPTECH";"ram";"ram_Usada";"GB";"2022-11-08 12:27:35";6.71
"Servidor-SPTECH";"ram";"ram_Usada";"GB";"2022-11-08 12:27:34";6.73
"Servidor-SPTECH";"ram";"ram_Usada";"GB";"2022-11-08 12:27:32";6.73
"Servidor-SPTECH";"ram";"ram_Usada";"GB";"2022-11-08 12:27:31";6.68
"Servidor-SPTECH";"ram";"ram_Usada";"GB";"2022-11-08 12:27:29";6.34
"Servidor-SPTECH";"ram";"ram_Usada";"GB";"2022-11-08 12:27:28";6.31
"Servidor-SPTECH";"ram";"ram_Usada";"GB";"2022-11-08 12:27:27";6.34
"Servidor-SPTECH";"ram";"ram_Usada";"GB";"2022-11-08 12:27:25";6.34
"Servidor-SPTECH";"ram";"ram_Usada";"GB";"2022-11-08 12:27:24";6.35
"Servidor-SPTECH";"ram";"ram_Usada";"GB";"2022-11-08 12:27:22";6.32
"Servidor-SPTECH";"ram";"ram_Usada";"GB";"2022-11-08 12:27:21";6.35
"Servidor-SPTECH";"ram";"ram_Usada";"GB";"2022-11-08 12:27:19";6.32
"Servidor-SPTECH";"ram";"ram_Usada";"GB";"2022-11-08 12:27:18";6.33
"Servidor-SPTECH";"ram";"ram_Usada";"GB";"2022-11-08 12:27:16";6.32
"Servidor-SPTECH";"ram";"ram_Usada";"GB";"2022-11-08 12:27:15";6.29
"Servidor-SPTECH";"ram";"ram_Usada";"GB";"2022-11-08 12:27:14";6.29
"Servidor-SPTECH";"ram";"ram_Usada";"GB";"2022-11-08 12:27:12";6.29
"Servidor-SPTECH";"ram";"ram_Usada";"GB";"2022-11-08 12:27:11";6.28
"Servidor-SPTECH";"ram";"ram_Usada";"GB";"2022-11-08 12:27:09";6.28
"Servidor-SPTECH";"ram";"ram_Usada";"GB";"2022-11-08 12:27:08";6.28
"Servidor-SPTECH";"ram";"ram_Usada";"GB";"2022-11-08 12:27:06";6.29
"Servidor-SPTECH";"ram";"ram_Usada";"GB";"2022-11-08 12:27:05";6.28
"Servidor-SPTECH";"ram";"ram_Usada";"GB";"2022-11-08 12:27:03";6.28
"Servidor-SPTECH";"ram";"ram_Usada";"GB";"2022-11-08 12:27:02";6.27
"Servidor-SPTECH";"ram";"ram_Usada";"GB";"2022-11-08 12:27:00";6.27
"Servidor-SPTECH";"ram";"ram_Usada";"GB";"2022-11-08 12:26:59";6.27
"Servidor-SPTECH";"ram";"ram_Usada";"GB";"2022-11-08 12:26:58";6.27
"Servidor-SPTECH";"ram";"ram_Usada";"GB";"2022-11-08 12:26:56";6.27
"Servidor-SPTECH";"ram";"ram_Usada";"GB";"2022-11-08 12:26:55";6.28
"Servidor-SPTECH";"ram";"ram_Usada";"GB";"2022-11-08 12:26:53";6.28
"Servidor-SPTECH";"ram";"ram_Usada";"GB";"2022-11-08 12:26:52";6.26
"Servidor-SPTECH";"ram";"ram_Usada";"GB";"2022-11-08 12:26:50";6.28
"Servidor-SPTECH";"ram";"ram_Usada";"GB";"2022-11-08 12:26:49";6.28
"Servidor-SPTECH";"ram";"ram_Usada";"GB";"2022-11-08 12:26:47";6.27
"Servidor-SPTECH";"ram";"ram_Usada";"GB";"2022-11-08 12:26:46";6.29
"Servidor-SPTECH";"ram";"ram_Usada";"GB";"2022-11-08 12:26:44";6.31
"Servidor-SPTECH";"ram";"ram_Usada";"GB";"2022-11-08 12:26:43";6.32
"Servidor-SPTECH";"ram";"ram_Usada";"GB";"2022-11-08 12:26:42";6.35
"Servidor-SPTECH";"ram";"ram_Usada";"GB";"2022-11-08 12:26:40";6.32
"Servidor-SPTECH";"ram";"ram_Usada";"GB";"2022-11-08 12:26:39";6.35
"Servidor-SPTECH";"ram";"ram_Usada";"GB";"2022-11-08 12:26:37";6.36
"Servidor-SPTECH";"ram";"ram_Usada";"GB";"2022-11-08 12:26:36";6.37
"Servidor-SPTECH";"ram";"ram_Usada";"GB";"2022-11-08 12:26:34";6.37
"Servidor-SPTECH";"ram";"ram_Usada";"GB";"2022-11-08 12:26:33";6.37
"Servidor-SPTECH";"ram";"ram_Usada";"GB";"2022-11-08 12:26:31";6.39
"Servidor-SPTECH";"ram";"ram_Usada";"GB";"2022-11-08 12:26:30";6.4
"Servidor-SPTECH";"ram";"ram_Usada";"GB";"2022-11-08 12:26:29";6.41
"Servidor-SPTECH";"ram";"ram_Usada";"GB";"2022-11-08 12:26:27";6.42
"Servidor-SPTECH";"ram";"ram_Usada";"GB";"2022-11-08 12:26:26";6.42
"Servidor-SPTECH";"ram";"ram_Usada";"GB";"2022-11-08 12:26:24";6.46
"Servidor-SPTECH";"ram";"ram_Usada";"GB";"2022-11-08 12:26:23";6.39
"Servidor-SPTECH";"ram";"ram_Usada";"GB";"2022-11-08 12:26:21";6.39
"Servidor-SPTECH";"ram";"ram_Usada";"GB";"2022-11-08 12:26:20";6.34
"Servidor-SPTECH";"ram";"ram_Usada";"GB";"2022-11-08 12:26:18";6.34
"Servidor-SPTECH";"ram";"ram_Usada";"GB";"2022-11-08 12:26:17";6.34
"Servidor-SPTECH";"ram";"ram_Usada";"GB";"2022-11-08 12:26:16";6.42
"Servidor-SPTECH";"ram";"ram_Usada";"GB";"2022-11-08 12:26:14";6.41
"Servidor-SPTECH";"ram";"ram_Usada";"GB";"2022-11-08 12:26:13";6.42
"Servidor-SPTECH";"ram";"ram_Usada";"GB";"2022-11-08 12:26:11";6.38
"Servidor-SPTECH";"ram";"ram_Usada";"GB";"2022-11-08 12:26:10";6.36
"Servidor-SPTECH";"ram";"ram_Usada";"GB";"2022-11-08 12:26:08";6.35
"Servidor-SPTECH";"ram";"ram_Usada";"GB";"2022-11-08 12:26:07";6.37
"Servidor-SPTECH";"ram";"ram_Usada";"GB";"2022-11-08 12:26:05";6.36
"Servidor-SPTECH";"ram";"ram_Usada";"GB";"2022-11-08 12:26:04";6.34
"Servidor-SPTECH";"ram";"ram_Usada";"GB";"2022-11-08 12:26:03";6.36
"Servidor-SPTECH";"ram";"ram_Usada";"GB";"2022-11-08 12:26:01";6.36
"Servidor-SPTECH";"ram";"ram_Usada";"GB";"2022-11-08 12:26:00";6.38
"Servidor-SPTECH";"ram";"ram_Usada";"GB";"2022-11-08 12:25:58";6.4
"Servidor-SPTECH";"ram";"ram_Usada";"GB";"2022-11-08 12:25:57";6.43
"Servidor-SPTECH";"ram";"ram_Usada";"GB";"2022-11-08 12:25:55";6.42
"Servidor-SPTECH";"ram";"ram_Usada";"GB";"2022-11-08 12:25:54";6.45
"Servidor-SPTECH";"ram";"ram_Usada";"GB";"2022-11-08 12:25:52";6.46
"Servidor-SPTECH";"ram";"ram_Usada";"GB";"2022-11-08 12:25:51";6.46
"Servidor-SPTECH";"ram";"ram_Usada";"GB";"2022-11-08 12:25:50";6.45
"Servidor-SPTECH";"ram";"ram_Usada";"GB";"2022-11-08 12:25:48";6.45
"Servidor-SPTECH";"ram";"ram_Usada";"GB";"2022-11-08 12:25:47";6.44
"Servidor-SPTECH";"ram";"ram_Usada";"GB";"2022-11-08 12:25:45";6.44
"Servidor-SPTECH";"ram";"ram_Usada";"GB";"2022-11-08 12:25:44";6.46
"Servidor-SPTECH";"ram";"ram_Usada";"GB";"2022-11-08 12:25:42";6.46
"Servidor-SPTECH";"ram";"ram_Usada";"GB";"2022-11-08 12:25:41";6.5
"Servidor-SPTECH";"ram";"ram_Usada";"GB";"2022-11-08 12:25:39";6.48
"Servidor-SPTECH";"ram";"ram_Usada";"GB";"2022-11-08 12:25:38";6.51
"Servidor-SPTECH";"ram";"ram_Usada";"GB";"2022-11-08 12:25:37";6.52
"Servidor-SPTECH";"ram";"ram_Usada";"GB";"2022-11-08 12:25:35";6.52
"Servidor-SPTECH";"ram";"ram_Usada";"GB";"2022-11-08 12:25:34";6.48
"Servidor-SPTECH";"ram";"ram_Usada";"GB";"2022-11-08 12:25:32";6.49
"Servidor-SPTECH";"ram";"ram_Usada";"GB";"2022-11-08 12:25:31";6.5
"Servidor-SPTECH";"ram";"ram_Usada";"GB";"2022-11-08 12:25:29";6.52
"Servidor-SPTECH";"ram";"ram_Usada";"GB";"2022-11-08 12:25:28";6.5
"Servidor-SPTECH";"ram";"ram_Usada";"GB";"2022-11-08 12:25:26";6.52
"Servidor-SPTECH";"ram";"ram_Usada";"GB";"2022-11-08 12:25:25";6.54
"Servidor-SPTECH";"ram";"ram_Usada";"GB";"2022-11-08 12:25:24";6.51
"Servidor-SPTECH";"ram";"ram_Usada";"GB";"2022-11-08 12:25:22";6.52
"Servidor-SPTECH";"ram";"ram_Usada";"GB";"2022-11-08 12:25:21";6.44
"Servidor-SPTECH";"ram";"ram_Usada";"GB";"2022-11-08 12:25:19";6.36
"Servidor-SPTECH";"ram";"ram_Usada";"GB";"2022-11-08 12:25:18";6.34
"Servidor-SPTECH";"ram";"ram_Usada";"GB";"2022-11-08 12:25:16";6.35
"Servidor-SPTECH";"ram";"ram_Usada";"GB";"2022-11-08 12:25:15";6.35
"Servidor-SPTECH";"ram";"ram_Usada";"GB";"2022-11-08 12:25:13";6.33
"Servidor-SPTECH";"ram";"ram_Usada";"GB";"2022-11-08 12:25:12";6.33
"Servidor-SPTECH";"ram";"ram_Usada";"GB";"2022-11-08 12:25:10";6.32
"Servidor-SPTECH";"ram";"ram_Usada";"GB";"2022-11-08 12:25:09";6.32
"Servidor-SPTECH";"ram";"ram_Usada";"GB";"2022-11-08 12:25:08";6.29
"Servidor-SPTECH";"ram";"ram_Usada";"GB";"2022-11-08 12:25:06";6.3
"Servidor-SPTECH";"ram";"ram_Usada";"GB";"2022-11-08 12:25:05";6.3
"Servidor-SPTECH";"ram";"ram_Usada";"GB";"2022-11-08 12:25:03";6.29
"Servidor-SPTECH";"ram";"ram_Usada";"GB";"2022-11-08 12:25:02";6.3
"Servidor-SPTECH";"ram";"ram_Usada";"GB";"2022-11-08 12:25:00";6.31
"Servidor-SPTECH";"ram";"ram_Usada";"GB";"2022-11-08 12:24:59";6.3
"Servidor-SPTECH";"ram";"ram_Usada";"GB";"2022-11-08 12:24:58";6.29
"Servidor-SPTECH";"ram";"ram_Usada";"GB";"2022-11-08 12:24:56";6.32
"Servidor-SPTECH";"ram";"ram_Usada";"GB";"2022-11-08 12:24:55";6.32
"Servidor-SPTECH";"ram";"ram_Usada";"GB";"2022-11-08 12:24:53";6.33
"Servidor-SPTECH";"ram";"ram_Usada";"GB";"2022-11-08 12:24:52";6.34
"Servidor-SPTECH";"ram";"ram_Usada";"GB";"2022-11-08 12:24:50";6.37
"Servidor-SPTECH";"ram";"ram_Usada";"GB";"2022-11-08 12:24:49";6.35
"Servidor-SPTECH";"ram";"ram_Usada";"GB";"2022-11-08 12:24:47";6.34
"Servidor-SPTECH";"ram";"ram_Usada";"GB";"2022-11-08 12:24:46";6.35
"Servidor-SPTECH";"ram";"ram_Usada";"GB";"2022-11-08 12:24:45";6.33
"Servidor-SPTECH";"ram";"ram_Usada";"GB";"2022-11-08 12:24:43";6.33
"Servidor-SPTECH";"ram";"ram_Usada";"GB";"2022-11-08 12:24:42";6.37
"Servidor-SPTECH";"ram";"ram_Usada";"GB";"2022-11-08 12:24:40";6.36
"Servidor-SPTECH";"ram";"ram_Usada";"GB";"2022-11-08 12:24:39";6.36
"Servidor-SPTECH";"ram";"ram_Usada";"GB";"2022-11-08 12:24:37";6.37
"Servidor-SPTECH";"ram";"ram_Usada";"GB";"2022-11-08 12:24:36";6.38
"Servidor-SPTECH";"ram";"ram_Usada";"GB";"2022-11-08 12:24:34";6.37
"Servidor-SPTECH";"ram";"ram_Usada";"GB";"2022-11-08 12:24:33";6.37
"Servidor-SPTECH";"ram";"ram_Usada";"GB";"2022-11-08 12:24:32";6.34
"Servidor-SPTECH";"ram";"ram_Usada";"GB";"2022-11-08 12:24:30";6.36
"Servidor-SPTECH";"ram";"ram_Usada";"GB";"2022-11-08 12:24:29";6.35
"Servidor-SPTECH";"ram";"ram_Usada";"GB";"2022-11-08 12:24:27";6.34
"Servidor-SPTECH";"ram";"ram_Usada";"GB";"2022-11-08 12:24:26";6.37
"Servidor-SPTECH";"ram";"ram_Usada";"GB";"2022-11-08 12:24:24";6.37
"Servidor-SPTECH";"ram";"ram_Usada";"GB";"2022-11-08 12:24:23";6.39
"Servidor-SPTECH";"ram";"ram_Usada";"GB";"2022-11-08 12:24:22";6.36
"Servidor-SPTECH";"ram";"ram_Usada";"GB";"2022-11-08 12:24:20";6.39
"Servidor-SPTECH";"ram";"ram_Usada";"GB";"2022-11-08 12:24:19";6.33
"Servidor-SPTECH";"ram";"ram_Usada";"GB";"2022-11-08 12:24:17";6.3
"Servidor-SPTECH";"ram";"ram_Usada";"GB";"2022-11-08 12:24:16";6.23
"Servidor-SPTECH";"ram";"ram_Usada";"GB";"2022-11-08 12:24:14";6.25
"Servidor-SPTECH";"ram";"ram_Usada";"GB";"2022-11-08 12:24:13";6.24
"Servidor-SPTECH";"ram";"ram_Usada";"GB";"2022-11-08 12:24:11";6.25
"Servidor-SPTECH";"ram";"ram_Usada";"GB";"2022-11-08 12:24:10";6.25
"Servidor-SPTECH";"ram";"ram_Usada";"GB";"2022-11-08 12:24:09";6.25
"Servidor-SPTECH";"ram";"ram_Usada";"GB";"2022-11-08 12:24:07";6.25
"Servidor-SPTECH";"ram";"ram_Usada";"GB";"2022-11-08 12:24:06";6.26
"Servidor-SPTECH";"ram";"ram_Usada";"GB";"2022-11-08 12:24:04";6.26
"Servidor-SPTECH";"ram";"ram_Usada";"GB";"2022-11-08 12:24:03";6.25
"Servidor-SPTECH";"ram";"ram_Usada";"GB";"2022-11-08 12:24:01";6.25
"Servidor-SPTECH";"ram";"ram_Usada";"GB";"2022-11-08 12:24:00";6.25
"Servidor-SPTECH";"ram";"ram_Usada";"GB";"2022-11-08 12:23:59";6.26
"Servidor-SPTECH";"ram";"ram_Usada";"GB";"2022-11-08 12:23:57";6.23
"Servidor-SPTECH";"ram";"ram_Usada";"GB";"2022-11-08 12:23:56";6.25
"Servidor-SPTECH";"ram";"ram_Usada";"GB";"2022-11-08 12:23:54";6.24
"Servidor-SPTECH";"ram";"ram_Usada";"GB";"2022-11-08 12:23:53";6.26
"Servidor-SPTECH";"ram";"ram_Usada";"GB";"2022-11-08 12:23:51";6.22
"Servidor-SPTECH";"ram";"ram_Usada";"GB";"2022-11-08 12:23:50";6.22
"Servidor-SPTECH";"ram";"ram_Usada";"GB";"2022-11-08 12:23:48";6.22
"Servidor-SPTECH";"ram";"ram_Usada";"GB";"2022-11-08 12:23:47";6.21
"Servidor-SPTECH";"ram";"ram_Usada";"GB";"2022-11-08 12:23:46";6.21
"Servidor-SPTECH";"ram";"ram_Usada";"GB";"2022-11-08 12:23:44";6.27
"Servidor-SPTECH";"ram";"ram_Usada";"GB";"2022-11-08 12:23:43";6.27
"Servidor-SPTECH";"ram";"ram_Usada";"GB";"2022-11-08 12:23:41";6.28
"Servidor-SPTECH";"ram";"ram_Usada";"GB";"2022-11-08 12:23:40";6.28
"Servidor-SPTECH";"ram";"ram_Usada";"GB";"2022-11-08 12:23:38";6.29
"Servidor-SPTECH";"ram";"ram_Usada";"GB";"2022-11-08 12:23:37";6.3
"Servidor-SPTECH";"ram";"ram_Usada";"GB";"2022-11-08 12:23:35";6.3
"Servidor-SPTECH";"ram";"ram_Usada";"GB";"2022-11-08 12:23:34";6.31
"Servidor-SPTECH";"ram";"ram_Usada";"GB";"2022-11-08 12:23:33";6.29
"Servidor-SPTECH";"ram";"ram_Usada";"GB";"2022-11-08 12:23:31";6.28
"Servidor-SPTECH";"ram";"ram_Usada";"GB";"2022-11-08 12:23:30";6.27
"Servidor-SPTECH";"ram";"ram_Usada";"GB";"2022-11-08 12:23:28";6.28
"Servidor-SPTECH";"ram";"ram_Usada";"GB";"2022-11-08 12:23:27";6.26
"Servidor-SPTECH";"ram";"ram_Usada";"GB";"2022-11-08 12:23:25";6.28
"Servidor-SPTECH";"ram";"ram_Usada";"GB";"2022-11-08 12:23:24";6.33
"Servidor-SPTECH";"ram";"ram_Usada";"GB";"2022-11-08 12:23:23";6.34
"Servidor-SPTECH";"ram";"ram_Usada";"GB";"2022-11-08 12:23:21";6.32
"Servidor-SPTECH";"ram";"ram_Usada";"GB";"2022-11-08 12:23:20";6.45
"Servidor-SPTECH";"ram";"ram_Usada";"GB";"2022-11-08 12:23:18";6.51
"Servidor-SPTECH";"ram";"ram_Usada";"GB";"2022-11-08 12:23:17";6.51
"Servidor-SPTECH";"ram";"ram_Usada";"GB";"2022-11-08 12:23:15";6.49
"Servidor-SPTECH";"ram";"ram_Usada";"GB";"2022-11-08 12:23:14";6.51
"Servidor-SPTECH";"ram";"ram_Usada";"GB";"2022-11-08 12:23:13";6.51
"Servidor-SPTECH";"ram";"ram_Usada";"GB";"2022-11-08 12:23:11";6.54
"Servidor-SPTECH";"ram";"ram_Usada";"GB";"2022-11-08 12:23:10";6.47
"Servidor-SPTECH";"ram";"ram_Usada";"GB";"2022-11-08 12:23:08";6.46
"Servidor-SPTECH";"ram";"ram_Usada";"GB";"2022-11-08 12:23:07";6.49
"Servidor-SPTECH";"ram";"ram_Usada";"GB";"2022-11-08 12:23:05";6.51
"Servidor-SPTECH";"ram";"ram_Usada";"GB";"2022-11-08 12:23:04";6.51
"Servidor-SPTECH";"ram";"ram_Usada";"GB";"2022-11-08 12:23:03";6.49
"Servidor-SPTECH";"ram";"ram_Usada";"GB";"2022-11-08 12:23:01";6.5
"Servidor-SPTECH";"ram";"ram_Usada";"GB";"2022-11-08 12:23:00";6.52
"Servidor-SPTECH";"ram";"ram_Usada";"GB";"2022-11-08 12:22:58";6.52
"Servidor-SPTECH";"ram";"ram_Usada";"GB";"2022-11-08 12:22:57";6.51
"Servidor-SPTECH";"ram";"ram_Usada";"GB";"2022-11-08 12:22:55";6.54
"Servidor-SPTECH";"ram";"ram_Usada";"GB";"2022-11-08 12:22:54";6.55
"Servidor-SPTECH";"ram";"ram_Usada";"GB";"2022-11-08 12:22:52";6.56
"Servidor-SPTECH";"ram";"ram_Usada";"GB";"2022-11-08 12:22:51";6.54
"Servidor-SPTECH";"ram";"ram_Usada";"GB";"2022-11-08 12:22:50";6.58
"Servidor-SPTECH";"ram";"ram_Usada";"GB";"2022-11-08 12:22:48";6.58
"Servidor-SPTECH";"ram";"ram_Usada";"GB";"2022-11-08 12:22:47";6.59
"Servidor-SPTECH";"ram";"ram_Usada";"GB";"2022-11-08 12:22:45";6.57
"Servidor-SPTECH";"ram";"ram_Usada";"GB";"2022-11-08 12:22:44";6.48
"Servidor-SPTECH";"ram";"ram_Usada";"GB";"2022-11-08 12:22:42";6.54
"Servidor-SPTECH";"ram";"ram_Usada";"GB";"2022-11-08 12:22:41";6.52
"Servidor-SPTECH";"ram";"ram_Usada";"GB";"2022-11-08 12:22:39";6.49
"Servidor-SPTECH";"ram";"ram_Usada";"GB";"2022-11-08 12:22:38";6.51
"Servidor-SPTECH";"ram";"ram_Usada";"GB";"2022-11-08 12:22:36";6.54
"Servidor-SPTECH";"ram";"ram_Usada";"GB";"2022-11-08 12:22:35";6.51
"Servidor-SPTECH";"ram";"ram_Usada";"GB";"2022-11-08 12:22:34";6.54
"Servidor-SPTECH";"ram";"ram_Usada";"GB";"2022-11-08 12:22:32";6.52
"Servidor-SPTECH";"ram";"ram_Usada";"GB";"2022-11-08 12:22:31";6.53
"Servidor-SPTECH";"ram";"ram_Usada";"GB";"2022-11-08 12:22:29";6.53
"Servidor-SPTECH";"ram";"ram_Usada";"GB";"2022-11-08 12:22:28";6.53
"Servidor-SPTECH";"ram";"ram_Usada";"GB";"2022-11-08 12:22:26";6.57
"Servidor-SPTECH";"ram";"ram_Usada";"GB";"2022-11-08 12:22:25";6.56
"Servidor-SPTECH";"ram";"ram_Usada";"GB";"2022-11-08 12:22:23";6.57
"Servidor-SPTECH";"ram";"ram_Usada";"GB";"2022-11-08 12:22:22";6.57
"Servidor-SPTECH";"ram";"ram_Usada";"GB";"2022-11-08 12:22:20";6.57
"Servidor-SPTECH";"ram";"ram_Usada";"GB";"2022-11-08 12:22:19";6.57
"Servidor-SPTECH";"ram";"ram_Usada";"GB";"2022-11-08 12:22:18";6.59
"Servidor-SPTECH";"ram";"ram_Usada";"GB";"2022-11-08 12:22:16";6.59
"Servidor-SPTECH";"ram";"ram_Usada";"GB";"2022-11-08 12:22:15";6.56
"Servidor-SPTECH";"ram";"ram_Usada";"GB";"2022-11-08 12:22:13";6.61
"Servidor-SPTECH";"ram";"ram_Usada";"GB";"2022-11-08 12:22:12";6.63
"Servidor-SPTECH";"ram";"ram_Usada";"GB";"2022-11-08 12:22:10";6.62
"Servidor-SPTECH";"ram";"ram_Usada";"GB";"2022-11-08 12:22:09";6.61
"Servidor-SPTECH";"ram";"ram_Usada";"GB";"2022-11-08 12:22:07";6.66
"Servidor-SPTECH";"ram";"ram_Usada";"GB";"2022-11-08 12:22:06";6.68
"Servidor-SPTECH";"ram";"ram_Usada";"GB";"2022-11-08 12:22:05";6.65
"Servidor-SPTECH";"ram";"ram_Usada";"GB";"2022-11-08 12:22:03";6.52
"Servidor-SPTECH";"ram";"ram_Usada";"GB";"2022-11-08 12:22:02";6.51
"Servidor-SPTECH";"ram";"ram_Usada";"GB";"2022-11-08 12:22:00";6.5
"Servidor-SPTECH";"ram";"ram_Usada";"GB";"2022-11-08 12:21:59";6.49
"Servidor-SPTECH";"ram";"ram_Usada";"GB";"2022-11-08 12:21:57";6.47
"Servidor-SPTECH";"ram";"ram_Usada";"GB";"2022-11-08 12:21:56";6.5
"Servidor-SPTECH";"ram";"ram_Usada";"GB";"2022-11-08 12:21:54";6.49
"Servidor-SPTECH";"ram";"ram_Usada";"GB";"2022-11-08 12:21:53";6.49
"Servidor-SPTECH";"ram";"ram_Usada";"GB";"2022-11-08 12:21:51";6.42
"Servidor-SPTECH";"ram";"ram_Usada";"GB";"2022-11-08 12:21:50";6.43
"Servidor-SPTECH";"ram";"ram_Usada";"GB";"2022-11-08 12:21:48";6.44
"Servidor-SPTECH";"ram";"ram_Usada";"GB";"2022-11-08 12:21:47";6.46
"Servidor-SPTECH";"ram";"ram_Usada";"GB";"2022-11-08 12:21:46";6.45
"Servidor-SPTECH";"ram";"ram_Usada";"GB";"2022-11-08 12:21:44";6.45
"Servidor-SPTECH";"ram";"ram_Usada";"GB";"2022-11-08 12:21:43";6.44
"Servidor-SPTECH";"ram";"ram_Usada";"GB";"2022-11-08 12:21:41";6.46
"Servidor-SPTECH";"ram";"ram_Usada";"GB";"2022-11-08 12:21:40";6.46
"Servidor-SPTECH";"ram";"ram_Usada";"GB";"2022-11-08 12:21:38";6.46
"Servidor-SPTECH";"ram";"ram_Usada";"GB";"2022-11-08 12:21:37";6.46
"Servidor-SPTECH";"ram";"ram_Usada";"GB";"2022-11-08 12:21:35";6.45
"Servidor-SPTECH";"ram";"ram_Usada";"GB";"2022-11-08 12:21:34";6.46
"Servidor-SPTECH";"ram";"ram_Usada";"GB";"2022-11-08 12:21:33";6.41
"Servidor-SPTECH";"ram";"ram_Usada";"GB";"2022-11-08 12:21:31";6.44
"Servidor-SPTECH";"ram";"ram_Usada";"GB";"2022-11-08 12:21:30";6.44
"Servidor-SPTECH";"ram";"ram_Usada";"GB";"2022-11-08 12:21:28";6.44
"Servidor-SPTECH";"ram";"ram_Usada";"GB";"2022-11-08 12:21:27";6.42
"Servidor-SPTECH";"ram";"ram_Usada";"GB";"2022-11-08 12:21:25";6.45
"Servidor-SPTECH";"ram";"ram_Usada";"GB";"2022-11-08 12:21:24";6.45
"Servidor-SPTECH";"ram";"ram_Usada";"GB";"2022-11-08 12:21:22";6.46
"Servidor-SPTECH";"ram";"ram_Usada";"GB";"2022-11-08 12:21:21";6.43
"Servidor-SPTECH";"ram";"ram_Usada";"GB";"2022-11-08 12:21:20";6.45
"Servidor-SPTECH";"ram";"ram_Usada";"GB";"2022-11-08 12:21:18";6.45
"Servidor-SPTECH";"ram";"ram_Usada";"GB";"2022-11-08 12:21:17";6.44
"Servidor-SPTECH";"ram";"ram_Usada";"GB";"2022-11-08 12:21:15";6.42
"Servidor-SPTECH";"ram";"ram_Usada";"GB";"2022-11-08 12:21:14";6.47
"Servidor-SPTECH";"ram";"ram_Usada";"GB";"2022-11-08 12:21:12";6.49
"Servidor-SPTECH";"ram";"ram_Usada";"GB";"2022-11-09 14:09:06";6.73
"Servidor-SPTECH";"ram";"ram_Usada";"GB";"2022-11-09 14:09:05";6.75
"Servidor-SPTECH";"ram";"ram_Usada";"GB";"2022-11-09 14:09:03";6.72
"Servidor-SPTECH";"ram";"ram_Usada";"GB";"2022-11-09 14:09:01";6.75
"Servidor-SPTECH";"ram";"ram_Usada";"GB";"2022-11-09 14:09:00";6.75
"Servidor-SPTECH";"ram";"ram_Usada";"GB";"2022-11-09 14:08:58";6.73
"Servidor-SPTECH";"ram";"ram_Usada";"GB";"2022-11-09 14:08:57";6.71
"Servidor-SPTECH";"ram";"ram_Usada";"GB";"2022-11-09 14:08:55";6.71
"Servidor-SPTECH";"ram";"ram_Usada";"GB";"2022-11-09 14:08:54";6.71
"Servidor-SPTECH";"ram";"ram_Usada";"GB";"2022-11-09 14:08:52";6.7
"Servidor-SPTECH";"ram";"ram_Usada";"GB";"2022-11-09 14:08:50";6.71
"Servidor-SPTECH";"ram";"ram_Usada";"GB";"2022-11-09 14:08:49";6.69
"Servidor-SPTECH";"ram";"ram_Usada";"GB";"2022-11-09 14:08:47";6.69
"Servidor-SPTECH";"ram";"ram_Usada";"GB";"2022-11-09 14:08:46";6.7
"Servidor-SPTECH";"ram";"ram_Usada";"GB";"2022-11-09 14:08:44";6.69
"Servidor-SPTECH";"ram";"ram_Usada";"GB";"2022-11-09 14:08:43";6.7
"Servidor-SPTECH";"ram";"ram_Usada";"GB";"2022-11-09 14:08:41";6.7
"Servidor-SPTECH";"ram";"ram_Usada";"GB";"2022-11-09 14:08:40";6.7
"Servidor-SPTECH";"ram";"ram_Usada";"GB";"2022-11-09 14:08:38";6.7
"Servidor-SPTECH";"ram";"ram_Usada";"GB";"2022-11-09 14:08:37";6.69
"Servidor-SPTECH";"ram";"ram_Usada";"GB";"2022-11-09 14:08:35";6.67
"Servidor-SPTECH";"ram";"ram_Usada";"GB";"2022-11-09 14:08:33";6.63
"Servidor-SPTECH";"ram";"ram_Usada";"GB";"2022-11-09 14:08:32";6.75
"Servidor-SPTECH";"ram";"ram_Usada";"GB";"2022-11-09 14:08:30";6.76
"Servidor-SPTECH";"ram";"ram_Usada";"GB";"2022-11-09 14:08:29";6.76
"Servidor-SPTECH";"ram";"ram_Usada";"GB";"2022-11-09 14:08:27";6.73
"Servidor-SPTECH";"ram";"ram_Usada";"GB";"2022-11-09 14:08:26";6.75
"Servidor-SPTECH";"ram";"ram_Usada";"GB";"2022-11-09 14:08:24";6.75
"Servidor-SPTECH";"ram";"ram_Usada";"GB";"2022-11-09 14:08:23";6.76
"Servidor-SPTECH";"ram";"ram_Usada";"GB";"2022-11-09 14:08:21";6.75
"Servidor-SPTECH";"ram";"ram_Usada";"GB";"2022-11-09 14:08:19";6.8
"Servidor-SPTECH";"ram";"ram_Usada";"GB";"2022-11-09 14:08:18";6.79
"Servidor-SPTECH";"ram";"ram_Usada";"GB";"2022-11-09 14:08:16";6.81
"Servidor-SPTECH";"ram";"ram_Usada";"GB";"2022-11-09 14:08:15";6.62
"Servidor-SPTECH";"ram";"ram_Usada";"GB";"2022-11-09 14:08:13";6.69
"Servidor-SPTECH";"ram";"ram_Usada";"GB";"2022-11-09 14:08:11";6.67
"Servidor-SPTECH";"ram";"ram_Usada";"GB";"2022-11-09 14:08:09";6.62
"Servidor-SPTECH";"ram";"ram_Usada";"GB";"2022-11-09 14:08:08";6.65
"Servidor-SPTECH";"ram";"ram_Usada";"GB";"2022-11-09 14:08:06";6.66
"Servidor-SPTECH";"ram";"ram_Usada";"GB";"2022-11-09 14:08:04";6.64
"Servidor-SPTECH";"ram";"ram_Usada";"GB";"2022-11-09 14:08:03";7.28
"Servidor-SPTECH";"ram";"ram_Usada";"GB";"2022-11-09 14:08:01";7.34
"Servidor-SPTECH";"ram";"ram_Usada";"GB";"2022-11-09 14:07:58";6.95
"Servidor-SPTECH";"ram";"ram_Usada";"GB";"2022-11-09 14:07:56";6.82
"Servidor-SPTECH";"ram";"ram_Usada";"GB";"2022-11-09 14:07:55";6.84
"Servidor-SPTECH";"ram";"ram_Usada";"GB";"2022-11-09 14:07:53";6.82
"Servidor-SPTECH";"ram";"ram_Usada";"GB";"2022-11-09 14:07:51";6.65
"Servidor-SPTECH";"ram";"ram_Usada";"GB";"2022-11-09 14:07:49";6.74
"Servidor-SPTECH";"ram";"ram_Usada";"GB";"2022-11-09 14:07:48";6.75
"Servidor-SPTECH";"ram";"ram_Usada";"GB";"2022-11-09 14:07:46";6.75
"Servidor-SPTECH";"ram";"ram_Usada";"GB";"2022-11-09 14:07:45";6.75
"Servidor-SPTECH";"ram";"ram_Usada";"GB";"2022-11-09 14:07:43";6.75
"Servidor-SPTECH";"ram";"ram_Usada";"GB";"2022-11-09 14:07:41";6.78
"Servidor-SPTECH";"ram";"ram_Usada";"GB";"2022-11-09 14:07:40";6.66
"Servidor-SPTECH";"ram";"ram_Usada";"GB";"2022-11-09 14:07:38";6.62
"Servidor-SPTECH";"ram";"ram_Usada";"GB";"2022-11-09 14:07:36";6.62
"Servidor-SPTECH";"ram";"ram_Usada";"GB";"2022-11-09 14:07:35";6.63
"Servidor-SPTECH";"ram";"ram_Usada";"GB";"2022-11-09 14:07:33";6.63
"Servidor-SPTECH";"ram";"ram_Usada";"GB";"2022-11-09 14:07:32";6.63
"Servidor-SPTECH";"ram";"ram_Usada";"GB";"2022-11-09 14:07:30";6.65
"Servidor-SPTECH";"ram";"ram_Usada";"GB";"2022-11-09 14:07:28";6.68
"Servidor-SPTECH";"ram";"ram_Usada";"GB";"2022-11-09 14:07:27";6.67
"Servidor-SPTECH";"ram";"ram_Usada";"GB";"2022-11-09 14:07:25";6.67
"Servidor-SPTECH";"ram";"ram_Usada";"GB";"2022-11-09 14:07:23";6.68
"Servidor-SPTECH";"ram";"ram_Usada";"GB";"2022-11-09 14:07:22";6.66
"Servidor-SPTECH";"ram";"ram_Usada";"GB";"2022-11-09 14:07:20";6.64
"Servidor-SPTECH";"ram";"ram_Usada";"GB";"2022-11-09 14:07:18";6.63
"Servidor-SPTECH";"ram";"ram_Usada";"GB";"2022-11-09 14:07:17";6.62
"Servidor-SPTECH";"ram";"ram_Usada";"GB";"2022-11-09 14:07:15";6.61
"Servidor-SPTECH";"ram";"ram_Usada";"GB";"2022-11-09 14:07:14";6.61
"Servidor-SPTECH";"ram";"ram_Usada";"GB";"2022-11-09 14:07:12";6.61
"Servidor-SPTECH";"ram";"ram_Usada";"GB";"2022-11-09 14:07:10";6.61
"Servidor-SPTECH";"ram";"ram_Usada";"GB";"2022-11-09 14:07:09";6.65
"Servidor-SPTECH";"ram";"ram_Usada";"GB";"2022-11-09 14:07:07";6.66
"Servidor-SPTECH";"ram";"ram_Usada";"GB";"2022-11-09 14:07:06";6.69
"Servidor-SPTECH";"ram";"ram_Usada";"GB";"2022-11-09 14:07:04";6.73
"Servidor-SPTECH";"ram";"ram_Usada";"GB";"2022-11-09 14:07:02";6.81
"Servidor-SPTECH";"ram";"ram_Usada";"GB";"2022-11-09 14:07:01";6.82
"Servidor-SPTECH";"ram";"ram_Usada";"GB";"2022-11-09 14:06:59";6.86
"Servidor-SPTECH";"ram";"ram_Usada";"GB";"2022-11-09 14:06:57";6.78
"Servidor-SPTECH";"ram";"ram_Usada";"GB";"2022-11-09 14:06:55";6.67
"Servidor-SPTECH";"ram";"ram_Usada";"GB";"2022-11-09 14:06:54";6.78
"Servidor-SPTECH";"ram";"ram_Usada";"GB";"2022-11-09 14:06:52";6.66
"Servidor-SPTECH";"ram";"ram_Usada";"GB";"2022-11-09 14:06:50";6.64
"Servidor-SPTECH";"ram";"ram_Usada";"GB";"2022-11-09 14:06:49";6.63
"Servidor-SPTECH";"ram";"ram_Usada";"GB";"2022-11-09 14:06:47";6.6
"Servidor-SPTECH";"ram";"ram_Usada";"GB";"2022-11-09 14:06:45";6.58
"Servidor-SPTECH";"ram";"ram_Usada";"GB";"2022-11-09 14:06:43";6.57
"Servidor-SPTECH";"ram";"ram_Usada";"GB";"2022-11-09 14:06:42";6.55
"Servidor-SPTECH";"ram";"ram_Usada";"GB";"2022-11-09 14:06:40";6.55
"Servidor-SPTECH";"ram";"ram_Usada";"GB";"2022-11-09 14:06:38";6.55
"Servidor-SPTECH";"ram";"ram_Usada";"GB";"2022-11-09 14:06:37";6.54
"Servidor-SPTECH";"ram";"ram_Usada";"GB";"2022-11-09 14:06:35";6.58
"Servidor-SPTECH";"ram";"ram_Usada";"GB";"2022-11-09 14:06:33";6.56
"Servidor-SPTECH";"ram";"ram_Usada";"GB";"2022-11-09 14:06:32";6.58
"Servidor-SPTECH";"ram";"ram_Usada";"GB";"2022-11-09 14:06:30";6.65
"Servidor-SPTECH";"ram";"ram_Usada";"GB";"2022-11-09 14:06:29";6.87
"Servidor-SPTECH";"ram";"ram_Usada";"GB";"2022-11-09 14:06:27";6.73
"Servidor-SPTECH";"ram";"ram_Usada";"GB";"2022-11-09 14:06:25";6.7
"Servidor-SPTECH";"ram";"ram_Usada";"GB";"2022-11-09 14:06:24";6.72
"Servidor-SPTECH";"ram";"ram_Usada";"GB";"2022-11-09 14:06:22";6.73
"Servidor-SPTECH";"ram";"ram_Usada";"GB";"2022-11-09 14:06:20";6.72
"Servidor-SPTECH";"ram";"ram_Usada";"GB";"2022-11-09 14:06:18";6.64
"Servidor-SPTECH";"ram";"ram_Usada";"GB";"2022-11-09 14:06:17";6.6
"Servidor-SPTECH";"ram";"ram_Usada";"GB";"2022-11-09 14:06:15";6.6
"Servidor-SPTECH";"ram";"ram_Usada";"GB";"2022-11-09 14:06:13";6.57
"Servidor-SPTECH";"ram";"ram_Usada";"GB";"2022-11-09 14:06:11";6.55
"Servidor-SPTECH";"ram";"ram_Usada";"GB";"2022-11-09 14:06:10";6.56
"Servidor-SPTECH";"ram";"ram_Usada";"GB";"2022-11-09 14:06:08";6.82
"Servidor-SPTECH";"ram";"ram_Usada";"GB";"2022-11-09 14:06:06";6.8
"Servidor-SPTECH";"ram";"ram_Usada";"GB";"2022-11-09 14:06:05";6.77
"Servidor-SPTECH";"ram";"ram_Usada";"GB";"2022-11-09 14:06:03";6.76
"Servidor-SPTECH";"ram";"ram_Usada";"GB";"2022-11-09 14:06:01";6.69
"Servidor-SPTECH";"ram";"ram_Usada";"GB";"2022-11-09 14:05:59";6.69
"Servidor-SPTECH";"ram";"ram_Usada";"GB";"2022-11-09 14:05:58";6.65
"Servidor-SPTECH";"ram";"ram_Usada";"GB";"2022-11-09 14:05:56";6.65
"Servidor-SPTECH";"ram";"ram_Usada";"GB";"2022-11-09 14:05:55";6.66
"Servidor-SPTECH";"ram";"ram_Usada";"GB";"2022-11-09 14:05:53";6.66
"Servidor-SPTECH";"ram";"ram_Usada";"GB";"2022-11-09 14:05:51";6.66
"Servidor-SPTECH";"ram";"ram_Usada";"GB";"2022-11-09 14:05:50";6.64
"Servidor-SPTECH";"ram";"ram_Usada";"GB";"2022-11-09 14:05:48";6.63
"Servidor-SPTECH";"ram";"ram_Usada";"GB";"2022-11-09 14:05:47";6.63
"Servidor-SPTECH";"ram";"ram_Usada";"GB";"2022-11-09 14:05:45";6.64
"Servidor-SPTECH";"ram";"ram_Usada";"GB";"2022-11-09 14:05:43";6.64
"Servidor-SPTECH";"ram";"ram_Usada";"GB";"2022-11-09 14:05:42";6.63
"Servidor-SPTECH";"ram";"ram_Usada";"GB";"2022-11-09 14:05:40";6.63
"Servidor-SPTECH";"ram";"ram_Usada";"GB";"2022-11-09 14:05:39";6.63
"Servidor-SPTECH";"ram";"ram_Usada";"GB";"2022-11-09 14:05:37";6.63
"Servidor-SPTECH";"ram";"ram_Usada";"GB";"2022-11-09 14:05:35";6.64
"Servidor-SPTECH";"ram";"ram_Usada";"GB";"2022-11-09 14:05:34";6.64
"Servidor-SPTECH";"ram";"ram_Usada";"GB";"2022-11-09 14:05:32";6.65
"Servidor-SPTECH";"ram";"ram_Usada";"GB";"2022-11-09 14:05:30";6.66
"Servidor-SPTECH";"ram";"ram_Usada";"GB";"2022-11-09 14:05:29";6.67
"Servidor-SPTECH";"ram";"ram_Usada";"GB";"2022-11-09 14:02:52";6.77
"Servidor-SPTECH";"ram";"ram_Usada";"GB";"2022-11-09 14:02:50";6.76
"Servidor-SPTECH";"ram";"ram_Usada";"GB";"2022-11-09 14:02:48";6.77
"Servidor-SPTECH";"ram";"ram_Usada";"GB";"2022-11-09 14:02:47";6.75
"Servidor-SPTECH";"ram";"ram_Usada";"GB";"2022-11-09 14:02:45";6.75
"Servidor-SPTECH";"ram";"ram_Usada";"GB";"2022-11-09 14:02:43";6.75
"Servidor-SPTECH";"ram";"ram_Usada";"GB";"2022-11-09 14:02:42";6.76
"Servidor-SPTECH";"ram";"ram_Usada";"GB";"2022-11-09 14:02:40";6.76
"Servidor-SPTECH";"ram";"ram_Usada";"GB";"2022-11-09 14:02:39";6.75
"Servidor-SPTECH";"ram";"ram_Usada";"GB";"2022-11-09 14:02:37";6.76
"Servidor-SPTECH";"ram";"ram_Usada";"GB";"2022-11-09 14:02:35";6.74
"Servidor-SPTECH";"ram";"ram_Usada";"GB";"2022-11-09 14:02:34";6.76
"Servidor-SPTECH";"ram";"ram_Usada";"GB";"2022-11-09 11:29:48";7.2
"Servidor-SPTECH";"ram";"ram_Usada";"GB";"2022-11-09 11:29:46";7.08
"Servidor-SPTECH";"ram";"ram_Usada";"GB";"2022-11-09 11:29:44";7.07
"Servidor-SPTECH";"ram";"ram_Usada";"GB";"2022-11-09 11:29:42";7.06
"Servidor-SPTECH";"ram";"ram_Usada";"GB";"2022-11-09 11:29:40";7.08
"Servidor-SPTECH";"ram";"ram_Usada";"GB";"2022-11-09 11:29:38";7.09
"Servidor-SPTECH";"ram";"ram_Usada";"GB";"2022-11-09 11:29:36";7.08
"Servidor-SPTECH";"ram";"ram_Usada";"GB";"2022-11-09 11:29:35";7.11
"Servidor-SPTECH";"ram";"ram_Usada";"GB";"2022-11-09 11:29:33";7.14
"Servidor-SPTECH";"ram";"ram_Usada";"GB";"2022-11-09 11:29:31";7.15
"Servidor-SPTECH";"ram";"ram_Usada";"GB";"2022-11-09 11:29:29";7.15
"Servidor-SPTECH";"ram";"ram_Usada";"GB";"2022-11-09 11:29:27";7.15
"Servidor-SPTECH";"ram";"ram_Usada";"GB";"2022-11-09 11:29:25";7.13
"Servidor-SPTECH";"ram";"ram_Usada";"GB";"2022-11-09 11:29:23";7.03
"Servidor-SPTECH";"ram";"ram_Usada";"GB";"2022-11-09 11:29:22";7.0
"Servidor-SPTECH";"ram";"ram_Usada";"GB";"2022-11-09 11:29:20";7.0
"Servidor-SPTECH";"ram";"ram_Usada";"GB";"2022-11-09 11:29:19";6.99
"Servidor-SPTECH";"ram";"ram_Usada";"GB";"2022-11-09 11:29:17";6.96
"Servidor-SPTECH";"ram";"ram_Usada";"GB";"2022-11-09 11:29:16";6.95
"Servidor-SPTECH";"ram";"ram_Usada";"GB";"2022-11-09 11:29:15";6.96
"Servidor-SPTECH";"ram";"ram_Usada";"GB";"2022-11-09 11:29:13";6.95
"Servidor-SPTECH";"ram";"ram_Usada";"GB";"2022-11-09 11:29:12";6.95
"Servidor-SPTECH";"ram";"ram_Usada";"GB";"2022-11-09 11:29:10";6.96
"Servidor-SPTECH";"ram";"ram_Usada";"GB";"2022-11-09 11:29:09";6.97
"Servidor-SPTECH";"ram";"ram_Usada";"GB";"2022-11-09 11:29:07";6.95
"Servidor-SPTECH";"ram";"ram_Usada";"GB";"2022-11-09 11:29:06";6.96
"Servidor-SPTECH";"ram";"ram_Usada";"GB";"2022-11-09 11:29:04";6.95
"Servidor-SPTECH";"ram";"ram_Usada";"GB";"2022-11-09 11:29:03";6.96
"Servidor-SPTECH";"ram";"ram_Usada";"GB";"2022-11-09 11:29:02";6.95
"Servidor-SPTECH";"ram";"ram_Usada";"GB";"2022-11-09 11:29:00";6.95
"Servidor-SPTECH";"ram";"ram_Usada";"GB";"2022-11-09 11:28:59";6.95
"Servidor-SPTECH";"ram";"ram_Usada";"GB";"2022-11-09 11:28:57";6.97
"Servidor-SPTECH";"ram";"ram_Usada";"GB";"2022-11-09 11:28:56";6.97
"Servidor-SPTECH";"ram";"ram_Usada";"GB";"2022-11-09 11:28:54";6.96
"Servidor-SPTECH";"ram";"ram_Usada";"GB";"2022-11-09 11:28:53";6.95
"Servidor-SPTECH";"ram";"ram_Usada";"GB";"2022-11-09 11:28:52";7.08
"Servidor-SPTECH";"ram";"ram_Usada";"GB";"2022-11-09 11:28:50";6.99
"Servidor-SPTECH";"ram";"ram_Usada";"GB";"2022-11-09 11:28:49";6.97
"Servidor-SPTECH";"ram";"ram_Usada";"GB";"2022-11-09 11:28:47";6.95
"Servidor-SPTECH";"ram";"ram_Usada";"GB";"2022-11-09 11:28:46";6.97
"Servidor-SPTECH";"ram";"ram_Usada";"GB";"2022-11-09 11:28:44";6.97
"Servidor-SPTECH";"ram";"ram_Usada";"GB";"2022-11-09 11:28:43";6.98
"Servidor-SPTECH";"ram";"ram_Usada";"GB";"2022-11-09 11:28:41";6.98
"Servidor-SPTECH";"ram";"ram_Usada";"GB";"2022-11-09 11:28:40";6.98
"Servidor-SPTECH";"ram";"ram_Usada";"GB";"2022-11-09 11:28:39";7.0
"Servidor-SPTECH";"ram";"ram_Usada";"GB";"2022-11-09 11:28:37";7.05
"Servidor-SPTECH";"ram";"ram_Usada";"GB";"2022-11-09 11:28:36";7.02
"Servidor-SPTECH";"ram";"ram_Usada";"GB";"2022-11-09 11:28:34";6.89
"Servidor-SPTECH";"ram";"ram_Usada";"GB";"2022-11-09 11:28:33";6.94
"Servidor-SPTECH";"ram";"ram_Usada";"GB";"2022-11-09 11:28:31";7.06
"Servidor-SPTECH";"ram";"ram_Usada";"GB";"2022-11-09 11:28:30";7.06
"Servidor-SPTECH";"ram";"ram_Usada";"GB";"2022-11-09 11:28:28";7.05
"Servidor-SPTECH";"ram";"ram_Usada";"GB";"2022-11-09 11:28:27";7.04
"Servidor-SPTECH";"ram";"ram_Usada";"GB";"2022-11-09 11:28:26";7.05
"Servidor-SPTECH";"ram";"ram_Usada";"GB";"2022-11-09 11:28:24";7.05
"Servidor-SPTECH";"ram";"ram_Usada";"GB";"2022-11-09 11:28:23";7.05
"Servidor-SPTECH";"ram";"ram_Usada";"GB";"2022-11-09 11:28:21";7.06
"Servidor-SPTECH";"ram";"ram_Usada";"GB";"2022-11-09 11:28:20";7.06
"Servidor-SPTECH";"ram";"ram_Usada";"GB";"2022-11-09 11:28:18";7.06
"Servidor-SPTECH";"ram";"ram_Usada";"GB";"2022-11-09 11:28:17";7.05
"Servidor-SPTECH";"ram";"ram_Usada";"GB";"2022-11-09 11:28:15";7.04
"Servidor-SPTECH";"ram";"ram_Usada";"GB";"2022-11-09 11:28:14";7.05
"Servidor-SPTECH";"ram";"ram_Usada";"GB";"2022-11-09 11:28:13";7.05
"Servidor-SPTECH";"ram";"ram_Usada";"GB";"2022-11-09 11:28:11";7.06
"Servidor-SPTECH";"ram";"ram_Usada";"GB";"2022-11-09 11:28:10";7.06
"Servidor-SPTECH";"ram";"ram_Usada";"GB";"2022-11-09 11:28:08";7.06
"Servidor-SPTECH";"ram";"ram_Usada";"GB";"2022-11-09 11:28:07";7.08
"Servidor-SPTECH";"ram";"ram_Usada";"GB";"2022-11-09 11:28:05";7.09
"Servidor-SPTECH";"ram";"ram_Usada";"GB";"2022-11-09 11:28:04";7.08
"Servidor-SPTECH";"ram";"ram_Usada";"GB";"2022-11-09 11:28:03";7.09
"Servidor-SPTECH";"ram";"ram_Usada";"GB";"2022-11-09 11:28:01";7.09
"Servidor-SPTECH";"ram";"ram_Usada";"GB";"2022-11-09 11:28:00";7.1
"Servidor-SPTECH";"ram";"ram_Usada";"GB";"2022-11-09 11:27:58";7.1
"Servidor-SPTECH";"ram";"ram_Usada";"GB";"2022-11-09 11:27:57";7.14
"Servidor-SPTECH";"ram";"ram_Usada";"GB";"2022-11-09 11:27:55";7.21
"Servidor-SPTECH";"ram";"ram_Usada";"GB";"2022-11-09 11:27:54";7.21
"Servidor-SPTECH";"ram";"ram_Usada";"GB";"2022-11-09 11:27:53";7.21
"Servidor-SPTECH";"ram";"ram_Usada";"GB";"2022-11-09 11:27:51";7.22
"Servidor-SPTECH";"ram";"ram_Usada";"GB";"2022-11-09 11:27:50";7.19
"Servidor-SPTECH";"ram";"ram_Usada";"GB";"2022-11-09 11:27:48";7.19
"Servidor-SPTECH";"ram";"ram_Usada";"GB";"2022-11-09 11:27:47";7.18
"Servidor-SPTECH";"ram";"ram_Usada";"GB";"2022-11-09 11:27:45";7.18
"Servidor-SPTECH";"ram";"ram_Usada";"GB";"2022-11-09 11:27:44";7.19
"Servidor-SPTECH";"ram";"ram_Usada";"GB";"2022-11-09 11:27:42";7.22
"Servidor-SPTECH";"ram";"ram_Usada";"GB";"2022-11-09 11:27:41";7.05
"Servidor-SPTECH";"ram";"ram_Usada";"GB";"2022-11-09 11:27:39";6.78
"Servidor-SPTECH";"ram";"ram_Usada";"GB";"2022-11-09 11:27:38";6.78
"Servidor-SPTECH";"ram";"ram_Usada";"GB";"2022-11-09 11:27:36";6.86
"Servidor-SPTECH";"ram";"ram_Usada";"GB";"2022-11-09 11:27:35";6.83
"Servidor-SPTECH";"ram";"ram_Usada";"GB";"2022-11-09 11:27:33";6.83
"Servidor-SPTECH";"ram";"ram_Usada";"GB";"2022-11-09 11:27:32";6.82
"Servidor-SPTECH";"ram";"ram_Usada";"GB";"2022-11-09 11:27:30";6.8
"Servidor-SPTECH";"ram";"ram_Usada";"GB";"2022-11-09 11:27:29";6.7
"Servidor-SPTECH";"ram";"ram_Usada";"GB";"2022-11-09 11:27:28";6.72
"Servidor-SPTECH";"ram";"ram_Usada";"GB";"2022-11-09 11:27:26";6.72
"Servidor-SPTECH";"ram";"ram_Usada";"GB";"2022-11-09 11:27:25";6.71
"Servidor-SPTECH";"ram";"ram_Usada";"GB";"2022-11-09 11:27:23";6.7
"Servidor-SPTECH";"ram";"ram_Usada";"GB";"2022-11-09 11:27:22";6.71
"Servidor-SPTECH";"ram";"ram_Usada";"GB";"2022-11-09 11:27:20";6.71
"Servidor-SPTECH";"ram";"ram_Usada";"GB";"2022-11-09 11:27:19";6.72
"Servidor-SPTECH";"ram";"ram_Usada";"GB";"2022-11-09 11:27:18";6.71
"Servidor-SPTECH";"ram";"ram_Usada";"GB";"2022-11-09 11:27:16";6.71
"Servidor-SPTECH";"ram";"ram_Usada";"GB";"2022-11-09 11:27:15";6.71
"Servidor-SPTECH";"ram";"ram_Usada";"GB";"2022-11-09 11:27:13";6.71
"Servidor-SPTECH";"ram";"ram_Usada";"GB";"2022-11-09 11:27:12";6.71
"Servidor-SPTECH";"ram";"ram_Usada";"GB";"2022-11-09 11:27:10";6.72
"Servidor-SPTECH";"ram";"ram_Usada";"GB";"2022-11-09 11:27:09";6.73
"Servidor-SPTECH";"ram";"ram_Usada";"GB";"2022-11-09 11:27:08";6.74
"Servidor-SPTECH";"ram";"ram_Usada";"GB";"2022-11-09 11:27:06";6.73
"Servidor-SPTECH";"ram";"ram_Usada";"GB";"2022-11-09 11:27:05";6.71
"Servidor-SPTECH";"ram";"ram_Usada";"GB";"2022-11-09 11:27:03";6.72
"Servidor-SPTECH";"ram";"ram_Usada";"GB";"2022-11-09 11:27:02";6.71
"Servidor-SPTECH";"ram";"ram_Usada";"GB";"2022-11-09 11:27:00";6.71
"Servidor-SPTECH";"ram";"ram_Usada";"GB";"2022-11-09 11:26:59";6.69
"Servidor-SPTECH";"ram";"ram_Usada";"GB";"2022-11-09 11:26:58";6.7
"Servidor-SPTECH";"ram";"ram_Usada";"GB";"2022-11-09 11:26:56";6.71
"Servidor-SPTECH";"ram";"ram_Usada";"GB";"2022-11-09 11:26:55";6.72
"Servidor-SPTECH";"ram";"ram_Usada";"GB";"2022-11-09 11:26:53";6.72
"Servidor-SPTECH";"ram";"ram_Usada";"GB";"2022-11-09 11:26:52";6.72
"Servidor-SPTECH";"ram";"ram_Usada";"GB";"2022-11-09 11:26:50";6.76
"Servidor-SPTECH";"ram";"ram_Usada";"GB";"2022-11-09 11:26:49";6.8
"Servidor-SPTECH";"ram";"ram_Usada";"GB";"2022-11-09 11:26:48";6.79
"Servidor-SPTECH";"ram";"ram_Usada";"GB";"2022-11-09 11:26:46";6.79
"Servidor-SPTECH";"ram";"ram_Usada";"GB";"2022-11-09 11:26:45";6.78
"Servidor-SPTECH";"ram";"ram_Usada";"GB";"2022-11-09 11:26:43";6.77
"Servidor-SPTECH";"ram";"ram_Usada";"GB";"2022-11-09 11:26:42";6.7
"Servidor-SPTECH";"ram";"ram_Usada";"GB";"2022-11-09 11:26:40";6.7
"Servidor-SPTECH";"ram";"ram_Usada";"GB";"2022-11-09 11:26:39";6.68
"Servidor-SPTECH";"ram";"ram_Usada";"GB";"2022-11-09 11:26:37";6.69
"Servidor-SPTECH";"ram";"ram_Usada";"GB";"2022-11-09 11:26:36";6.68
"Servidor-SPTECH";"ram";"ram_Usada";"GB";"2022-11-09 11:26:35";6.65
"Servidor-SPTECH";"ram";"ram_Usada";"GB";"2022-11-09 11:26:33";6.67
"Servidor-SPTECH";"ram";"ram_Usada";"GB";"2022-11-09 11:26:32";6.7
"Servidor-SPTECH";"ram";"ram_Usada";"GB";"2022-11-09 11:26:30";6.7
"Servidor-SPTECH";"ram";"ram_Usada";"GB";"2022-11-09 11:26:29";6.7
"Servidor-SPTECH";"ram";"ram_Usada";"GB";"2022-11-09 11:26:27";6.71
"Servidor-SPTECH";"ram";"ram_Usada";"GB";"2022-11-09 11:26:26";6.71
"Servidor-SPTECH";"ram";"ram_Usada";"GB";"2022-11-09 11:26:25";6.72
"Servidor-SPTECH";"ram";"ram_Usada";"GB";"2022-11-09 11:26:23";6.72
"Servidor-SPTECH";"ram";"ram_Usada";"GB";"2022-11-09 11:26:22";6.71
"Servidor-SPTECH";"ram";"ram_Usada";"GB";"2022-11-09 11:26:20";6.7
"Servidor-SPTECH";"ram";"ram_Usada";"GB";"2022-11-09 11:26:19";6.7
"Servidor-SPTECH";"ram";"ram_Usada";"GB";"2022-11-09 11:26:17";6.7
"Servidor-SPTECH";"ram";"ram_Usada";"GB";"2022-11-09 11:26:16";6.7
"Servidor-SPTECH";"ram";"ram_Usada";"GB";"2022-11-09 11:26:15";6.7
"Servidor-SPTECH";"ram";"ram_Usada";"GB";"2022-11-09 11:26:13";6.69
"Servidor-SPTECH";"ram";"ram_Usada";"GB";"2022-11-09 11:26:12";6.71
"Servidor-SPTECH";"ram";"ram_Usada";"GB";"2022-11-09 11:26:10";6.7
"Servidor-SPTECH";"ram";"ram_Usada";"GB";"2022-11-09 11:26:09";6.7
"Servidor-SPTECH";"ram";"ram_Usada";"GB";"2022-11-09 11:26:08";6.7
"Servidor-SPTECH";"ram";"ram_Usada";"GB";"2022-11-09 11:26:06";6.72
"Servidor-SPTECH";"ram";"ram_Usada";"GB";"2022-11-09 11:26:05";6.72
"Servidor-SPTECH";"ram";"ram_Usada";"GB";"2022-11-09 11:26:03";6.71
"Servidor-SPTECH";"ram";"ram_Usada";"GB";"2022-11-09 11:26:02";6.73
"Servidor-SPTECH";"ram";"ram_Usada";"GB";"2022-11-09 11:26:00";6.77
"Servidor-SPTECH";"ram";"ram_Usada";"GB";"2022-11-09 11:25:59";6.77
"Servidor-SPTECH";"ram";"ram_Usada";"GB";"2022-11-09 11:25:58";6.79
"Servidor-SPTECH";"ram";"ram_Usada";"GB";"2022-11-09 11:25:56";6.78
"Servidor-SPTECH";"ram";"ram_Usada";"GB";"2022-11-09 11:25:55";6.77
"Servidor-SPTECH";"ram";"ram_Usada";"GB";"2022-11-09 11:25:53";6.77
"Servidor-SPTECH";"ram";"ram_Usada";"GB";"2022-11-09 11:25:52";6.78
"Servidor-SPTECH";"ram";"ram_Usada";"GB";"2022-11-09 11:25:50";6.78
"Servidor-SPTECH";"ram";"ram_Usada";"GB";"2022-11-09 11:25:49";6.77
"Servidor-SPTECH";"ram";"ram_Usada";"GB";"2022-11-09 11:25:48";6.88
"Servidor-SPTECH";"ram";"ram_Usada";"GB";"2022-11-09 11:25:46";6.89
"Servidor-SPTECH";"ram";"ram_Usada";"GB";"2022-11-09 11:25:45";6.96
"Servidor-SPTECH";"ram";"ram_Usada";"GB";"2022-11-09 11:25:43";6.86
"Servidor-SPTECH";"ram";"ram_Usada";"GB";"2022-11-09 11:25:42";7.07
"Servidor-SPTECH";"ram";"ram_Usada";"GB";"2022-11-09 11:25:40";7.06
"Servidor-SPTECH";"ram";"ram_Usada";"GB";"2022-11-09 11:25:39";7.06
"Servidor-SPTECH";"ram";"ram_Usada";"GB";"2022-11-09 11:25:37";7.07
"Servidor-SPTECH";"ram";"ram_Usada";"GB";"2022-11-09 11:25:36";7.08
"Servidor-SPTECH";"ram";"ram_Usada";"GB";"2022-11-09 11:25:34";7.03
"Servidor-SPTECH";"ram";"ram_Usada";"GB";"2022-11-09 11:25:33";6.83
"Servidor-SPTECH";"ram";"ram_Usada";"GB";"2022-11-09 11:25:32";7.04
"Servidor-SPTECH";"ram";"ram_Usada";"GB";"2022-11-09 11:25:30";7.09
"Servidor-SPTECH";"ram";"ram_Usada";"GB";"2022-11-09 11:25:29";7.1
"Servidor-SPTECH";"ram";"ram_Usada";"GB";"2022-11-09 11:25:27";7.09
"Servidor-SPTECH";"ram";"ram_Usada";"GB";"2022-11-09 11:25:26";7.08
"Servidor-SPTECH";"ram";"ram_Usada";"GB";"2022-11-09 11:25:24";6.67
"Servidor-SPTECH";"ram";"ram_Usada";"GB";"2022-11-09 11:25:23";6.67
"Servidor-SPTECH";"ram";"ram_Usada";"GB";"2022-11-09 11:25:21";6.68
"Servidor-SPTECH";"ram";"ram_Usada";"GB";"2022-11-09 11:25:20";6.67
"Servidor-SPTECH";"ram";"ram_Usada";"GB";"2022-11-09 11:25:19";6.66
"Servidor-SPTECH";"ram";"ram_Usada";"GB";"2022-11-09 11:25:17";6.66
"Servidor-SPTECH";"ram";"ram_Usada";"GB";"2022-11-09 11:25:16";6.67
"Servidor-SPTECH";"ram";"ram_Usada";"GB";"2022-11-09 11:25:14";6.68
"Servidor-SPTECH";"ram";"ram_Usada";"GB";"2022-11-09 11:25:13";6.67
"Servidor-SPTECH";"ram";"ram_Usada";"GB";"2022-11-09 11:25:11";6.67
"Servidor-SPTECH";"ram";"ram_Usada";"GB";"2022-11-09 11:25:10";6.65
"Servidor-SPTECH";"ram";"ram_Usada";"GB";"2022-11-09 11:25:09";6.65
"Servidor-SPTECH";"ram";"ram_Usada";"GB";"2022-11-09 11:25:07";6.6
"Servidor-SPTECH";"ram";"ram_Usada";"GB";"2022-11-09 11:25:06";6.59
"Servidor-SPTECH";"ram";"ram_Usada";"GB";"2022-11-09 11:25:04";6.59
"Servidor-SPTECH";"ram";"ram_Usada";"GB";"2022-11-09 11:25:03";6.6
"Servidor-SPTECH";"ram";"ram_Usada";"GB";"2022-11-09 11:25:02";6.6
"Servidor-SPTECH";"ram";"ram_Usada";"GB";"2022-11-09 11:25:00";6.59
"Servidor-SPTECH";"ram";"ram_Usada";"GB";"2022-11-09 11:24:59";6.59
"Servidor-SPTECH";"ram";"ram_Usada";"GB";"2022-11-09 11:24:57";6.59
"Servidor-SPTECH";"ram";"ram_Usada";"GB";"2022-11-09 11:24:56";6.6
"Servidor-SPTECH";"ram";"ram_Usada";"GB";"2022-11-09 11:24:54";6.59
"Servidor-SPTECH";"ram";"ram_Usada";"GB";"2022-11-09 11:24:53";6.6
"Servidor-SPTECH";"ram";"ram_Usada";"GB";"2022-11-09 11:24:52";6.6
"Servidor-SPTECH";"ram";"ram_Usada";"GB";"2022-11-09 11:24:50";6.6
"Servidor-SPTECH";"ram";"ram_Usada";"GB";"2022-11-09 11:24:49";6.59
"Servidor-SPTECH";"ram";"ram_Usada";"GB";"2022-11-09 11:24:47";6.63
"Servidor-SPTECH";"ram";"ram_Usada";"GB";"2022-11-09 11:24:46";6.62
"Servidor-SPTECH";"ram";"ram_Usada";"GB";"2022-11-09 11:24:44";6.61
"Servidor-SPTECH";"ram";"ram_Usada";"GB";"2022-11-09 11:24:43";6.6
"Servidor-SPTECH";"ram";"ram_Usada";"GB";"2022-11-09 11:24:42";6.6
"Servidor-SPTECH";"ram";"ram_Usada";"GB";"2022-11-09 11:24:40";6.6
"Servidor-SPTECH";"ram";"ram_Usada";"GB";"2022-11-09 11:24:39";6.6
"Servidor-SPTECH";"ram";"ram_Usada";"GB";"2022-11-09 11:24:37";6.59
"Servidor-SPTECH";"ram";"ram_Usada";"GB";"2022-11-09 11:24:36";6.6
"Servidor-SPTECH";"ram";"ram_Usada";"GB";"2022-11-09 11:24:34";6.59
"Servidor-SPTECH";"ram";"ram_Usada";"GB";"2022-11-09 11:24:33";6.59
"Servidor-SPTECH";"ram";"ram_Usada";"GB";"2022-11-09 11:24:32";6.63
"Servidor-SPTECH";"ram";"ram_Usada";"GB";"2022-11-09 11:24:30";6.63
"Servidor-SPTECH";"ram";"ram_Usada";"GB";"2022-11-09 11:24:29";6.63
"Servidor-SPTECH";"ram";"ram_Usada";"GB";"2022-11-09 11:24:27";6.6
"Servidor-SPTECH";"ram";"ram_Usada";"GB";"2022-11-09 11:24:26";6.59
"Servidor-SPTECH";"ram";"ram_Usada";"GB";"2022-11-09 11:24:24";6.58
"Servidor-SPTECH";"ram";"ram_Usada";"GB";"2022-11-09 11:24:23";6.58
"Servidor-SPTECH";"ram";"ram_Usada";"GB";"2022-11-09 11:24:22";6.59
"Servidor-SPTECH";"ram";"ram_Usada";"GB";"2022-11-09 11:24:20";6.59
"Servidor-SPTECH";"ram";"ram_Usada";"GB";"2022-11-09 11:24:19";6.58
"Servidor-SPTECH";"ram";"ram_Usada";"GB";"2022-11-09 11:24:17";6.59
"Servidor-SPTECH";"ram";"ram_Usada";"GB";"2022-11-09 11:24:16";6.58
"Servidor-SPTECH";"ram";"ram_Usada";"GB";"2022-11-09 11:24:14";6.58
"Servidor-SPTECH";"ram";"ram_Usada";"GB";"2022-11-09 11:24:13";6.58
"Servidor-SPTECH";"ram";"ram_Usada";"GB";"2022-11-09 11:24:12";6.58
"Servidor-SPTECH";"ram";"ram_Usada";"GB";"2022-11-09 11:24:10";6.56
"Servidor-SPTECH";"ram";"ram_Usada";"GB";"2022-11-09 11:24:09";6.57
"Servidor-SPTECH";"ram";"ram_Usada";"GB";"2022-11-09 11:24:07";6.57
"Servidor-SPTECH";"ram";"ram_Usada";"GB";"2022-11-09 11:24:06";6.57
"Servidor-SPTECH";"ram";"ram_Usada";"GB";"2022-11-09 11:24:04";6.58
"Servidor-SPTECH";"ram";"ram_Usada";"GB";"2022-11-09 11:24:03";6.56
"Servidor-SPTECH";"ram";"ram_Usada";"GB";"2022-11-09 11:24:02";6.57
"Servidor-SPTECH";"ram";"ram_Usada";"GB";"2022-11-09 11:24:00";6.57
"Servidor-SPTECH";"ram";"ram_Usada";"GB";"2022-11-09 11:23:59";6.58
"Servidor-SPTECH";"ram";"ram_Usada";"GB";"2022-11-09 11:23:57";6.56
"Servidor-SPTECH";"ram";"ram_Usada";"GB";"2022-11-09 11:23:56";6.57
"Servidor-SPTECH";"ram";"ram_Usada";"GB";"2022-11-09 11:23:54";6.56
"Servidor-SPTECH";"ram";"ram_Usada";"GB";"2022-11-09 11:23:53";6.57
"Servidor-SPTECH";"ram";"ram_Usada";"GB";"2022-11-09 11:23:52";6.58
"Servidor-SPTECH";"ram";"ram_Usada";"GB";"2022-11-09 11:23:50";6.62
"Servidor-SPTECH";"ram";"ram_Usada";"GB";"2022-11-09 11:23:49";6.65
"Servidor-SPTECH";"ram";"ram_Usada";"GB";"2022-11-09 11:23:47";6.64
"Servidor-SPTECH";"ram";"ram_Usada";"GB";"2022-11-09 11:23:46";6.64
"Servidor-SPTECH";"ram";"ram_Usada";"GB";"2022-11-09 11:23:44";6.65
"Servidor-SPTECH";"ram";"ram_Usada";"GB";"2022-11-09 11:23:43";6.65
"Servidor-SPTECH";"ram";"ram_Usada";"GB";"2022-11-09 11:23:41";6.65
"Servidor-SPTECH";"ram";"ram_Usada";"GB";"2022-11-09 11:23:40";6.64
"Servidor-SPTECH";"ram";"ram_Usada";"GB";"2022-11-09 11:23:38";6.64
"Servidor-SPTECH";"ram";"ram_Usada";"GB";"2022-11-09 11:23:37";6.64
"Servidor-SPTECH";"ram";"ram_Usada";"GB";"2022-11-09 11:23:36";6.65
"Servidor-SPTECH";"ram";"ram_Usada";"GB";"2022-11-09 11:23:34";6.65
"Servidor-SPTECH";"ram";"ram_Usada";"GB";"2022-11-09 11:23:33";6.75
"Servidor-SPTECH";"ram";"ram_Usada";"GB";"2022-11-09 11:23:31";6.75
"Servidor-SPTECH";"ram";"ram_Usada";"GB";"2022-11-09 11:23:30";6.74
"Servidor-SPTECH";"ram";"ram_Usada";"GB";"2022-11-09 11:23:28";6.75
"Servidor-SPTECH";"ram";"ram_Usada";"GB";"2022-11-09 11:23:27";6.78
"Servidor-SPTECH";"ram";"ram_Usada";"GB";"2022-11-09 11:23:25";6.78
"Servidor-SPTECH";"ram";"ram_Usada";"GB";"2022-11-09 11:23:24";6.77
"Servidor-SPTECH";"ram";"ram_Usada";"GB";"2022-11-09 11:23:22";6.76
"Servidor-SPTECH";"ram";"ram_Usada";"GB";"2022-11-09 11:23:21";6.76
"Servidor-SPTECH";"ram";"ram_Usada";"GB";"2022-11-09 11:23:19";6.75
"Servidor-SPTECH";"ram";"ram_Usada";"GB";"2022-11-09 11:23:18";6.76
"Servidor-SPTECH";"ram";"ram_Usada";"GB";"2022-11-09 11:23:17";6.75
"Servidor-SPTECH";"ram";"ram_Usada";"GB";"2022-11-09 11:23:15";6.75
"Servidor-SPTECH";"ram";"ram_Usada";"GB";"2022-11-09 11:23:14";6.75
"Servidor-SPTECH";"ram";"ram_Usada";"GB";"2022-11-09 11:23:12";6.74
"Servidor-SPTECH";"ram";"ram_Usada";"GB";"2022-11-09 11:23:11";6.75
"Servidor-SPTECH";"ram";"ram_Usada";"GB";"2022-11-09 11:23:09";6.74
"Servidor-SPTECH";"ram";"ram_Usada";"GB";"2022-11-09 11:23:08";6.74
"Servidor-SPTECH";"ram";"ram_Usada";"GB";"2022-11-09 11:23:07";6.74
"Servidor-SPTECH";"ram";"ram_Usada";"GB";"2022-11-09 11:23:05";6.75
"Servidor-SPTECH";"ram";"ram_Usada";"GB";"2022-11-09 11:23:04";6.74
"Servidor-SPTECH";"ram";"ram_Usada";"GB";"2022-11-09 11:23:02";6.74
"Servidor-SPTECH";"ram";"ram_Usada";"GB";"2022-11-09 11:23:01";6.76
"Servidor-SPTECH";"ram";"ram_Usada";"GB";"2022-11-09 11:22:59";6.76
"Servidor-SPTECH";"ram";"ram_Usada";"GB";"2022-11-09 11:22:58";6.74
"Servidor-SPTECH";"ram";"ram_Usada";"GB";"2022-11-09 11:22:57";6.74
"Servidor-SPTECH";"ram";"ram_Usada";"GB";"2022-11-09 11:22:55";6.74
"Servidor-SPTECH";"ram";"ram_Usada";"GB";"2022-11-09 11:22:54";6.74
"Servidor-SPTECH";"ram";"ram_Usada";"GB";"2022-11-09 11:22:52";6.74
"Servidor-SPTECH";"ram";"ram_Usada";"GB";"2022-11-09 11:22:51";6.74
"Servidor-SPTECH";"ram";"ram_Usada";"GB";"2022-11-09 11:22:49";6.75
"Servidor-SPTECH";"ram";"ram_Usada";"GB";"2022-11-09 11:22:48";6.78
"Servidor-SPTECH";"ram";"ram_Usada";"GB";"2022-11-09 11:22:47";6.78
"Servidor-SPTECH";"ram";"ram_Usada";"GB";"2022-11-09 11:22:45";6.77
"Servidor-SPTECH";"ram";"ram_Usada";"GB";"2022-11-09 11:22:44";6.77
"Servidor-SPTECH";"ram";"ram_Usada";"GB";"2022-11-09 11:22:42";6.77
"Servidor-SPTECH";"ram";"ram_Usada";"GB";"2022-11-09 11:22:41";6.78
"Servidor-SPTECH";"ram";"ram_Usada";"GB";"2022-11-09 11:22:39";6.78
"Servidor-SPTECH";"ram";"ram_Usada";"GB";"2022-11-09 11:22:38";6.78
"Servidor-SPTECH";"ram";"ram_Usada";"GB";"2022-11-09 11:22:37";6.77
"Servidor-SPTECH";"ram";"ram_Usada";"GB";"2022-11-09 11:22:35";6.77
"Servidor-SPTECH";"ram";"ram_Usada";"GB";"2022-11-09 11:22:34";6.77
"Servidor-SPTECH";"ram";"ram_Usada";"GB";"2022-11-09 11:22:32";6.8
"Servidor-SPTECH";"ram";"ram_Usada";"GB";"2022-11-09 11:22:31";6.8
"Servidor-SPTECH";"ram";"ram_Usada";"GB";"2022-11-09 11:22:29";6.79
"Servidor-SPTECH";"ram";"ram_Usada";"GB";"2022-11-09 11:22:28";6.79
"Servidor-SPTECH";"ram";"ram_Usada";"GB";"2022-11-09 11:22:26";6.78
"Servidor-SPTECH";"ram";"ram_Usada";"GB";"2022-11-09 11:22:25";6.78
"Servidor-SPTECH";"ram";"ram_Usada";"GB";"2022-11-09 11:22:24";6.77
"Servidor-SPTECH";"ram";"ram_Usada";"GB";"2022-11-09 11:22:22";6.77
"Servidor-SPTECH";"ram";"ram_Usada";"GB";"2022-11-09 11:22:21";6.76
"Servidor-SPTECH";"ram";"ram_Usada";"GB";"2022-11-09 11:22:19";6.76
"Servidor-SPTECH";"ram";"ram_Usada";"GB";"2022-11-09 11:22:18";6.75
"Servidor-SPTECH";"ram";"ram_Usada";"GB";"2022-11-09 11:22:16";6.76
"Servidor-SPTECH";"ram";"ram_Usada";"GB";"2022-11-09 11:22:15";6.75
"Servidor-SPTECH";"ram";"ram_Usada";"GB";"2022-11-09 11:22:13";6.75
"Servidor-SPTECH";"ram";"ram_Usada";"GB";"2022-11-09 11:22:12";6.74
"Servidor-SPTECH";"ram";"ram_Usada";"GB";"2022-11-09 11:22:10";6.76
"Servidor-SPTECH";"ram";"ram_Usada";"GB";"2022-11-09 11:22:09";6.77
"Servidor-SPTECH";"ram";"ram_Usada";"GB";"2022-11-09 11:22:08";6.77
"Servidor-SPTECH";"ram";"ram_Usada";"GB";"2022-11-09 11:22:06";6.76
"Servidor-SPTECH";"ram";"ram_Usada";"GB";"2022-11-09 11:22:05";6.77
"Servidor-SPTECH";"ram";"ram_Usada";"GB";"2022-11-09 11:22:03";6.79
"Servidor-SPTECH";"ram";"ram_Usada";"GB";"2022-11-09 11:22:02";6.78
"Servidor-SPTECH";"ram";"ram_Usada";"GB";"2022-11-09 11:22:00";6.79
"Servidor-SPTECH";"ram";"ram_Usada";"GB";"2022-11-09 11:21:59";6.8
"Servidor-SPTECH";"ram";"ram_Usada";"GB";"2022-11-09 11:21:57";6.78
"Servidor-SPTECH";"ram";"ram_Usada";"GB";"2022-11-09 11:21:56";6.79
"Servidor-SPTECH";"ram";"ram_Usada";"GB";"2022-11-09 11:21:55";6.8
"Servidor-SPTECH";"ram";"ram_Usada";"GB";"2022-11-09 11:21:53";6.8
"Servidor-SPTECH";"ram";"ram_Usada";"GB";"2022-11-09 11:21:52";6.79
"Servidor-SPTECH";"ram";"ram_Usada";"GB";"2022-11-09 11:21:50";6.79
"Servidor-SPTECH";"ram";"ram_Usada";"GB";"2022-11-09 11:21:49";6.79
"Servidor-SPTECH";"ram";"ram_Usada";"GB";"2022-11-09 11:21:47";6.79
"Servidor-SPTECH";"ram";"ram_Usada";"GB";"2022-11-09 11:21:46";6.78
"Servidor-SPTECH";"ram";"ram_Usada";"GB";"2022-11-09 11:21:44";6.78
"Servidor-SPTECH";"ram";"ram_Usada";"GB";"2022-11-09 11:21:43";6.77
"Servidor-SPTECH";"ram";"ram_Usada";"GB";"2022-11-09 11:21:42";6.77
"Servidor-SPTECH";"ram";"ram_Usada";"GB";"2022-11-09 11:21:40";6.78
"Servidor-SPTECH";"ram";"ram_Usada";"GB";"2022-11-09 11:21:39";6.77
"Servidor-SPTECH";"ram";"ram_Usada";"GB";"2022-11-09 11:21:37";6.78
"Servidor-SPTECH";"ram";"ram_Usada";"GB";"2022-11-09 11:21:36";6.78
"Servidor-SPTECH";"ram";"ram_Usada";"GB";"2022-11-09 11:21:34";6.79
"Servidor-SPTECH";"ram";"ram_Usada";"GB";"2022-11-09 11:21:33";6.81
"Servidor-SPTECH";"ram";"ram_Usada";"GB";"2022-11-09 11:21:31";6.8
"Servidor-SPTECH";"ram";"ram_Usada";"GB";"2022-11-09 11:21:30";6.79
"Servidor-SPTECH";"ram";"ram_Usada";"GB";"2022-11-09 11:21:29";6.8
"Servidor-SPTECH";"ram";"ram_Usada";"GB";"2022-11-09 11:21:27";6.8
"Servidor-SPTECH";"ram";"ram_Usada";"GB";"2022-11-09 11:21:26";6.81
"Servidor-SPTECH";"ram";"ram_Usada";"GB";"2022-11-09 11:21:24";6.8
"Servidor-SPTECH";"ram";"ram_Usada";"GB";"2022-11-09 11:21:23";6.8
"Servidor-SPTECH";"ram";"ram_Usada";"GB";"2022-11-09 11:21:21";6.8
"Servidor-SPTECH";"ram";"ram_Usada";"GB";"2022-11-09 11:21:20";6.8
"Servidor-SPTECH";"ram";"ram_Usada";"GB";"2022-11-09 11:21:18";6.82
"Servidor-SPTECH";"ram";"ram_Usada";"GB";"2022-11-09 11:21:17";6.81
"Servidor-SPTECH";"ram";"ram_Usada";"GB";"2022-11-09 11:21:16";6.8
"Servidor-SPTECH";"ram";"ram_Usada";"GB";"2022-11-09 11:21:14";6.79
"Servidor-SPTECH";"ram";"ram_Usada";"GB";"2022-11-09 11:21:13";6.78
"Servidor-SPTECH";"ram";"ram_Usada";"GB";"2022-11-09 11:21:11";6.78
"Servidor-SPTECH";"ram";"ram_Usada";"GB";"2022-11-09 11:21:10";6.78
"Servidor-SPTECH";"ram";"ram_Usada";"GB";"2022-11-09 11:21:08";6.78
"Servidor-SPTECH";"ram";"ram_Usada";"GB";"2022-11-09 11:21:07";6.78
"Servidor-SPTECH";"ram";"ram_Usada";"GB";"2022-11-09 11:21:05";6.79
"Servidor-SPTECH";"ram";"ram_Usada";"GB";"2022-11-09 11:21:04";6.79
"Servidor-SPTECH";"ram";"ram_Usada";"GB";"2022-11-09 11:21:02";6.77
"Servidor-SPTECH";"ram";"ram_Usada";"GB";"2022-11-09 11:21:01";6.76
"Servidor-SPTECH";"ram";"ram_Usada";"GB";"2022-11-09 11:21:00";6.76
"Servidor-SPTECH";"ram";"ram_Usada";"GB";"2022-11-09 11:20:58";6.76
"Servidor-SPTECH";"ram";"ram_Usada";"GB";"2022-11-09 11:20:57";6.76
"Servidor-SPTECH";"ram";"ram_Usada";"GB";"2022-11-09 11:20:55";6.77
"Servidor-SPTECH";"ram";"ram_Usada";"GB";"2022-11-09 11:20:54";6.76
"Servidor-SPTECH";"ram";"ram_Usada";"GB";"2022-11-09 11:20:52";6.76
"Servidor-SPTECH";"ram";"ram_Usada";"GB";"2022-11-09 11:20:51";6.76
"Servidor-SPTECH";"ram";"ram_Usada";"GB";"2022-11-09 11:20:49";6.76
"Servidor-SPTECH";"ram";"ram_Usada";"GB";"2022-11-09 11:20:48";6.75
"Servidor-SPTECH";"ram";"ram_Usada";"GB";"2022-11-09 11:20:47";6.74
"Servidor-SPTECH";"ram";"ram_Usada";"GB";"2022-11-09 11:20:45";6.75
"Servidor-SPTECH";"ram";"ram_Usada";"GB";"2022-11-09 11:20:44";6.71
"Servidor-SPTECH";"ram";"ram_Usada";"GB";"2022-11-09 11:20:42";6.69
"Servidor-SPTECH";"ram";"ram_Usada";"GB";"2022-11-09 11:20:41";6.7
"Servidor-SPTECH";"ram";"ram_Usada";"GB";"2022-11-09 11:20:39";6.7
"Servidor-SPTECH";"ram";"ram_Usada";"GB";"2022-11-09 11:20:38";6.71
"Servidor-SPTECH";"ram";"ram_Usada";"GB";"2022-11-09 11:20:36";6.72
"Servidor-SPTECH";"ram";"ram_Usada";"GB";"2022-11-09 11:20:35";6.72
"Servidor-SPTECH";"ram";"ram_Usada";"GB";"2022-11-09 11:20:34";6.74
"Servidor-SPTECH";"ram";"ram_Usada";"GB";"2022-11-09 11:20:32";6.77
"Servidor-SPTECH";"ram";"ram_Usada";"GB";"2022-11-09 11:20:31";6.81
"Servidor-SPTECH";"ram";"ram_Usada";"GB";"2022-11-09 11:20:29";6.81
"Servidor-SPTECH";"ram";"ram_Usada";"GB";"2022-11-09 11:20:28";6.81
"Servidor-SPTECH";"ram";"ram_Usada";"GB";"2022-11-09 11:20:26";6.81
"Servidor-SPTECH";"ram";"ram_Usada";"GB";"2022-11-09 11:20:25";6.8
"Servidor-SPTECH";"ram";"ram_Usada";"GB";"2022-11-09 11:20:23";6.79
"Servidor-SPTECH";"ram";"ram_Usada";"GB";"2022-11-09 11:20:22";6.78
"Servidor-SPTECH";"ram";"ram_Usada";"GB";"2022-11-09 11:20:21";6.78
"Servidor-SPTECH";"ram";"ram_Usada";"GB";"2022-11-09 11:20:19";6.78
"Servidor-SPTECH";"ram";"ram_Usada";"GB";"2022-11-09 11:20:18";6.76
"Servidor-SPTECH";"ram";"ram_Usada";"GB";"2022-11-09 11:20:16";6.76
"Servidor-SPTECH";"ram";"ram_Usada";"GB";"2022-11-09 11:20:15";6.76
"Servidor-SPTECH";"ram";"ram_Usada";"GB";"2022-11-09 11:20:13";6.75
"Servidor-SPTECH";"ram";"ram_Usada";"GB";"2022-11-09 11:20:12";6.76
"Servidor-SPTECH";"ram";"ram_Usada";"GB";"2022-11-09 11:20:10";6.75
"Servidor-SPTECH";"ram";"ram_Usada";"GB";"2022-11-09 11:20:09";6.78
"Servidor-SPTECH";"ram";"ram_Usada";"GB";"2022-11-09 11:20:08";6.79
"Servidor-SPTECH";"ram";"ram_Usada";"GB";"2022-11-09 11:20:06";6.79
"Servidor-SPTECH";"ram";"ram_Usada";"GB";"2022-11-09 11:20:05";6.79
"Servidor-SPTECH";"ram";"ram_Usada";"GB";"2022-11-09 11:20:03";6.81
"Servidor-SPTECH";"ram";"ram_Usada";"GB";"2022-11-09 11:20:02";6.81
"Servidor-SPTECH";"ram";"ram_Usada";"GB";"2022-11-09 11:20:00";6.81
"Servidor-SPTECH";"ram";"ram_Usada";"GB";"2022-11-09 11:19:59";6.82
"Servidor-SPTECH";"ram";"ram_Usada";"GB";"2022-11-09 11:19:58";6.74
"Servidor-SPTECH";"ram";"ram_Usada";"GB";"2022-11-09 11:19:56";6.68
"Servidor-SPTECH";"ram";"ram_Usada";"GB";"2022-11-09 11:19:54";6.69
"Servidor-SPTECH";"ram";"ram_Usada";"GB";"2022-11-09 11:19:53";6.69
"Servidor-SPTECH";"ram";"ram_Usada";"GB";"2022-11-09 11:19:52";6.71
"Servidor-SPTECH";"ram";"ram_Usada";"GB";"2022-11-09 11:19:50";6.72
"Servidor-SPTECH";"ram";"ram_Usada";"GB";"2022-11-09 11:19:49";6.72
"Servidor-SPTECH";"ram";"ram_Usada";"GB";"2022-11-09 11:19:47";6.73
"Servidor-SPTECH";"ram";"ram_Usada";"GB";"2022-11-09 11:19:46";6.75
"Servidor-SPTECH";"ram";"ram_Usada";"GB";"2022-11-09 11:19:44";6.75
"Servidor-SPTECH";"ram";"ram_Usada";"GB";"2022-11-09 11:19:43";6.75
"Servidor-SPTECH";"ram";"ram_Usada";"GB";"2022-11-09 11:19:41";6.68
"Servidor-SPTECH";"ram";"ram_Usada";"GB";"2022-11-09 11:19:40";6.67
"Servidor-SPTECH";"ram";"ram_Usada";"GB";"2022-11-09 11:19:38";6.69
"Servidor-SPTECH";"ram";"ram_Usada";"GB";"2022-11-09 11:19:37";6.7
"Servidor-SPTECH";"ram";"ram_Usada";"GB";"2022-11-09 11:19:35";6.72
"Servidor-SPTECH";"ram";"ram_Usada";"GB";"2022-11-09 11:19:34";6.73
"Servidor-SPTECH";"ram";"ram_Usada";"GB";"2022-11-09 11:19:33";6.78
"Servidor-SPTECH";"ram";"ram_Usada";"GB";"2022-11-09 11:19:31";6.77
"Servidor-SPTECH";"ram";"ram_Usada";"GB";"2022-11-09 11:19:30";6.78
"Servidor-SPTECH";"ram";"ram_Usada";"GB";"2022-11-09 11:19:28";6.77
"Servidor-SPTECH";"ram";"ram_Usada";"GB";"2022-11-09 11:19:26";7.04
"Servidor-SPTECH";"ram";"ram_Usada";"GB";"2022-11-09 11:19:24";6.79
"Servidor-SPTECH";"ram";"ram_Usada";"GB";"2022-11-09 11:19:23";6.79
"Servidor-SPTECH";"ram";"ram_Usada";"GB";"2022-11-09 11:19:22";6.8
"Servidor-SPTECH";"ram";"ram_Usada";"GB";"2022-11-09 11:19:20";6.73
"Servidor-SPTECH";"ram";"ram_Usada";"GB";"2022-11-09 11:19:19";6.75
"Servidor-SPTECH";"ram";"ram_Usada";"GB";"2022-11-09 11:19:17";6.74
"Servidor-SPTECH";"ram";"ram_Usada";"GB";"2022-11-09 11:19:16";6.73
"Servidor-SPTECH";"ram";"ram_Usada";"GB";"2022-11-09 11:19:14";6.73
"Servidor-SPTECH";"ram";"ram_Usada";"GB";"2022-11-09 11:19:13";6.68
"Servidor-SPTECH";"ram";"ram_Usada";"GB";"2022-11-09 11:19:11";6.69
"Servidor-SPTECH";"ram";"ram_Usada";"GB";"2022-11-09 11:19:10";6.69
"Servidor-SPTECH";"ram";"ram_Usada";"GB";"2022-11-09 11:19:09";6.72
"Servidor-SPTECH";"ram";"ram_Usada";"GB";"2022-11-09 11:19:07";6.72
"Servidor-SPTECH";"ram";"ram_Usada";"GB";"2022-11-09 11:19:06";6.71
"Servidor-SPTECH";"ram";"ram_Usada";"GB";"2022-11-09 11:19:04";6.7
"Servidor-SPTECH";"ram";"ram_Usada";"GB";"2022-11-09 11:19:03";6.76
"Servidor-SPTECH";"ram";"ram_Usada";"GB";"2022-11-09 11:19:01";6.76
"Servidor-SPTECH";"ram";"ram_Usada";"GB";"2022-11-09 11:18:58";6.73
"Servidor-SPTECH";"ram";"ram_Usada";"GB";"2022-11-09 11:18:56";6.76
"Servidor-SPTECH";"ram";"ram_Usada";"GB";"2022-11-09 11:18:54";6.78
"Servidor-SPTECH";"ram";"ram_Usada";"GB";"2022-11-09 11:18:52";6.77
"Servidor-SPTECH";"ram";"ram_Usada";"GB";"2022-11-09 11:18:50";6.72
"Servidor-SPTECH";"ram";"ram_Usada";"GB";"2022-11-09 11:18:49";6.8
"Servidor-SPTECH";"ram";"ram_Usada";"GB";"2022-11-09 11:18:47";6.78
"Servidor-SPTECH";"ram";"ram_Usada";"GB";"2022-11-09 11:18:46";6.76
"Servidor-SPTECH";"ram";"ram_Usada";"GB";"2022-11-09 11:18:44";6.74
"Servidor-SPTECH";"ram";"ram_Usada";"GB";"2022-11-09 11:18:43";6.75
"Servidor-SPTECH";"ram";"ram_Usada";"GB";"2022-11-09 11:18:41";6.75
"Servidor-SPTECH";"ram";"ram_Usada";"GB";"2022-11-09 11:18:40";6.73
"Servidor-SPTECH";"ram";"ram_Usada";"GB";"2022-11-09 11:18:38";6.73
"Servidor-SPTECH";"ram";"ram_Usada";"GB";"2022-11-09 11:18:37";6.7
"Servidor-SPTECH";"ram";"ram_Usada";"GB";"2022-11-09 11:18:35";6.76
"Servidor-SPTECH";"ram";"ram_Usada";"GB";"2022-11-09 11:18:34";6.76
"Servidor-SPTECH";"ram";"ram_Usada";"GB";"2022-11-09 11:18:32";6.78
"Servidor-SPTECH";"ram";"ram_Usada";"GB";"2022-11-09 11:18:31";6.86
"Servidor-SPTECH";"ram";"ram_Usada";"GB";"2022-11-09 11:18:30";6.85
"Servidor-SPTECH";"ram";"ram_Usada";"GB";"2022-11-09 11:18:28";6.85
"Servidor-SPTECH";"ram";"ram_Usada";"GB";"2022-11-09 11:18:27";6.86
"Servidor-SPTECH";"ram";"ram_Usada";"GB";"2022-11-09 11:18:25";6.85
"Servidor-SPTECH";"ram";"ram_Usada";"GB";"2022-11-09 11:18:24";6.86
"Servidor-SPTECH";"ram";"ram_Usada";"GB";"2022-11-09 11:18:22";6.85
"Servidor-SPTECH";"ram";"ram_Usada";"GB";"2022-11-09 11:18:21";6.84
"Servidor-SPTECH";"ram";"ram_Usada";"GB";"2022-11-09 11:18:19";6.86
"Servidor-SPTECH";"ram";"ram_Usada";"GB";"2022-11-09 11:18:18";6.85
"Servidor-SPTECH";"ram";"ram_Usada";"GB";"2022-11-09 11:18:16";6.84
"Servidor-SPTECH";"ram";"ram_Usada";"GB";"2022-11-09 11:18:15";6.86
"Servidor-SPTECH";"ram";"ram_Usada";"GB";"2022-11-09 11:18:13";6.85
"Servidor-SPTECH";"ram";"ram_Usada";"GB";"2022-11-09 11:18:12";6.85
"Servidor-SPTECH";"ram";"ram_Usada";"GB";"2022-11-09 11:18:10";6.86
"Servidor-SPTECH";"ram";"ram_Usada";"GB";"2022-11-09 11:18:09";6.86
"Servidor-SPTECH";"ram";"ram_Usada";"GB";"2022-11-09 11:18:08";6.87
"Servidor-SPTECH";"ram";"ram_Usada";"GB";"2022-11-09 11:18:06";6.88
"Servidor-SPTECH";"ram";"ram_Usada";"GB";"2022-11-09 11:18:05";6.92
"Servidor-SPTECH";"ram";"ram_Usada";"GB";"2022-11-09 11:18:03";6.89
"Servidor-SPTECH";"ram";"ram_Usada";"GB";"2022-11-09 11:18:02";6.88
"Servidor-SPTECH";"ram";"ram_Usada";"GB";"2022-11-09 11:18:00";6.88
"Servidor-SPTECH";"ram";"ram_Usada";"GB";"2022-11-09 11:17:59";6.86
"Servidor-SPTECH";"ram";"ram_Usada";"GB";"2022-11-09 11:17:57";6.86
"Servidor-SPTECH";"ram";"ram_Usada";"GB";"2022-11-09 11:17:56";6.83
"Servidor-SPTECH";"ram";"ram_Usada";"GB";"2022-11-09 11:17:54";6.76
"Servidor-SPTECH";"ram";"ram_Usada";"GB";"2022-11-09 11:17:53";6.77
"Servidor-SPTECH";"ram";"ram_Usada";"GB";"2022-11-09 11:17:51";6.76
"Servidor-SPTECH";"ram";"ram_Usada";"GB";"2022-11-09 11:17:50";6.76
"Servidor-SPTECH";"ram";"ram_Usada";"GB";"2022-11-09 11:17:48";6.77
"Servidor-SPTECH";"ram";"ram_Usada";"GB";"2022-11-09 11:17:47";6.78
"Servidor-SPTECH";"ram";"ram_Usada";"GB";"2022-11-09 11:17:46";6.78
"Servidor-SPTECH";"ram";"ram_Usada";"GB";"2022-11-09 11:17:44";6.77
"Servidor-SPTECH";"ram";"ram_Usada";"GB";"2022-11-09 11:17:43";6.78
"Servidor-SPTECH";"ram";"ram_Usada";"GB";"2022-11-09 11:17:41";6.78
"Servidor-SPTECH";"ram";"ram_Usada";"GB";"2022-11-09 11:17:40";6.77
"Servidor-SPTECH";"ram";"ram_Usada";"GB";"2022-11-09 11:17:38";6.77
"Servidor-SPTECH";"ram";"ram_Usada";"GB";"2022-11-09 11:17:37";6.76
"Servidor-SPTECH";"ram";"ram_Usada";"GB";"2022-11-09 11:17:35";6.75
"Servidor-SPTECH";"ram";"ram_Usada";"GB";"2022-11-09 11:17:34";6.72
"Servidor-SPTECH";"ram";"ram_Usada";"GB";"2022-11-09 11:17:32";6.74
"Servidor-SPTECH";"ram";"ram_Usada";"GB";"2022-11-09 11:17:31";6.73
"Servidor-SPTECH";"ram";"ram_Usada";"GB";"2022-11-09 11:17:30";6.74
"Servidor-SPTECH";"ram";"ram_Usada";"GB";"2022-11-09 11:17:28";6.75
"Servidor-SPTECH";"ram";"ram_Usada";"GB";"2022-11-09 11:17:27";6.74
"Servidor-SPTECH";"ram";"ram_Usada";"GB";"2022-11-09 11:17:25";6.74
"Servidor-SPTECH";"ram";"ram_Usada";"GB";"2022-11-09 11:17:24";6.73
"Servidor-SPTECH";"ram";"ram_Usada";"GB";"2022-11-09 11:17:22";6.73
"Servidor-SPTECH";"ram";"ram_Usada";"GB";"2022-11-09 11:17:21";6.72
"Servidor-SPTECH";"ram";"ram_Usada";"GB";"2022-11-09 11:17:19";6.72
"Servidor-SPTECH";"ram";"ram_Usada";"GB";"2022-11-09 11:17:18";6.73
"Servidor-SPTECH";"ram";"ram_Usada";"GB";"2022-11-09 11:17:17";6.72
"Servidor-SPTECH";"ram";"ram_Usada";"GB";"2022-11-09 11:17:15";6.69
"Servidor-SPTECH";"ram";"ram_Usada";"GB";"2022-11-09 11:17:14";6.69
"Servidor-SPTECH";"ram";"ram_Usada";"GB";"2022-11-09 11:17:12";6.69
"Servidor-SPTECH";"ram";"ram_Usada";"GB";"2022-11-09 11:17:11";6.69
"Servidor-SPTECH";"ram";"ram_Usada";"GB";"2022-11-09 11:17:09";6.69
"Servidor-SPTECH";"ram";"ram_Usada";"GB";"2022-11-09 11:17:08";6.69
"Servidor-SPTECH";"ram";"ram_Usada";"GB";"2022-11-09 11:17:07";6.68
"Servidor-SPTECH";"ram";"ram_Usada";"GB";"2022-11-09 11:17:05";6.69
"Servidor-SPTECH";"ram";"ram_Usada";"GB";"2022-11-09 11:17:04";6.69
"Servidor-SPTECH";"ram";"ram_Usada";"GB";"2022-11-09 11:17:02";6.68
"Servidor-SPTECH";"ram";"ram_Usada";"GB";"2022-11-09 11:17:01";6.69
"Servidor-SPTECH";"ram";"ram_Usada";"GB";"2022-11-09 11:16:59";6.68
"Servidor-SPTECH";"ram";"ram_Usada";"GB";"2022-11-09 11:16:58";6.69
"Servidor-SPTECH";"ram";"ram_Usada";"GB";"2022-11-09 11:16:56";6.72
"Servidor-SPTECH";"ram";"ram_Usada";"GB";"2022-11-09 11:16:55";6.71
"Servidor-SPTECH";"ram";"ram_Usada";"GB";"2022-11-09 11:16:54";6.71
"Servidor-SPTECH";"ram";"ram_Usada";"GB";"2022-11-09 11:16:52";6.72
"Servidor-SPTECH";"ram";"ram_Usada";"GB";"2022-11-09 11:16:51";6.73
"Servidor-SPTECH";"ram";"ram_Usada";"GB";"2022-11-09 11:16:49";6.73
"Servidor-SPTECH";"ram";"ram_Usada";"GB";"2022-11-09 11:16:48";6.73
"Servidor-SPTECH";"ram";"ram_Usada";"GB";"2022-11-09 11:16:46";6.72
"Servidor-SPTECH";"ram";"ram_Usada";"GB";"2022-11-09 11:16:45";6.72
"Servidor-SPTECH";"ram";"ram_Usada";"GB";"2022-11-09 11:16:43";6.73
"Servidor-SPTECH";"ram";"ram_Usada";"GB";"2022-11-09 11:16:42";6.74
"Servidor-SPTECH";"ram";"ram_Usada";"GB";"2022-11-09 11:16:41";6.73
"Servidor-SPTECH";"ram";"ram_Usada";"GB";"2022-11-09 11:16:39";6.73
"Servidor-SPTECH";"ram";"ram_Usada";"GB";"2022-11-09 11:16:38";6.72
"Servidor-SPTECH";"ram";"ram_Usada";"GB";"2022-11-09 11:16:36";6.74
"Servidor-SPTECH";"ram";"ram_Usada";"GB";"2022-11-09 11:16:35";6.73
"Servidor-SPTECH";"ram";"ram_Usada";"GB";"2022-11-09 11:16:33";6.73
"Servidor-SPTECH";"ram";"ram_Usada";"GB";"2022-11-09 11:16:32";6.77
"Servidor-SPTECH";"ram";"ram_Usada";"GB";"2022-11-09 11:16:31";6.77
"Servidor-SPTECH";"ram";"ram_Usada";"GB";"2022-11-09 11:16:29";6.77
"Servidor-SPTECH";"ram";"ram_Usada";"GB";"2022-11-09 11:16:28";6.77
"Servidor-SPTECH";"ram";"ram_Usada";"GB";"2022-11-09 11:16:26";6.76
"Servidor-SPTECH";"ram";"ram_Usada";"GB";"2022-11-09 11:16:25";6.76
"Servidor-SPTECH";"ram";"ram_Usada";"GB";"2022-11-09 11:16:23";6.76
"Servidor-SPTECH";"ram";"ram_Usada";"GB";"2022-11-09 11:16:22";6.76
"Servidor-SPTECH";"ram";"ram_Usada";"GB";"2022-11-09 11:16:20";6.76
"Servidor-SPTECH";"ram";"ram_Usada";"GB";"2022-11-09 11:16:19";6.76
"Servidor-SPTECH";"ram";"ram_Usada";"GB";"2022-11-09 11:16:17";6.75
"Servidor-SPTECH";"ram";"ram_Usada";"GB";"2022-11-09 11:16:16";6.75
"Servidor-SPTECH";"ram";"ram_Usada";"GB";"2022-11-09 11:16:15";6.76
"Servidor-SPTECH";"ram";"ram_Usada";"GB";"2022-11-09 11:16:13";6.75
"Servidor-SPTECH";"ram";"ram_Usada";"GB";"2022-11-09 11:16:12";6.76
"Servidor-SPTECH";"ram";"ram_Usada";"GB";"2022-11-09 11:16:10";6.77
"Servidor-SPTECH";"ram";"ram_Usada";"GB";"2022-11-09 11:16:09";6.74
"Servidor-SPTECH";"ram";"ram_Usada";"GB";"2022-11-09 11:16:07";6.75
"Servidor-SPTECH";"ram";"ram_Usada";"GB";"2022-11-09 11:16:06";6.74
"Servidor-SPTECH";"ram";"ram_Usada";"GB";"2022-11-09 11:16:04";6.74
"Servidor-SPTECH";"ram";"ram_Usada";"GB";"2022-11-09 11:16:03";6.74
"Servidor-SPTECH";"ram";"ram_Usada";"GB";"2022-11-09 11:16:02";6.74
"Servidor-SPTECH";"ram";"ram_Usada";"GB";"2022-11-09 11:16:00";6.72
"Servidor-SPTECH";"ram";"ram_Usada";"GB";"2022-11-09 11:15:59";6.75
"Servidor-SPTECH";"ram";"ram_Usada";"GB";"2022-11-09 11:15:57";6.75
"Servidor-SPTECH";"ram";"ram_Usada";"GB";"2022-11-09 11:15:56";6.75
"Servidor-SPTECH";"ram";"ram_Usada";"GB";"2022-11-09 11:15:54";6.74
"Servidor-SPTECH";"ram";"ram_Usada";"GB";"2022-11-09 11:15:53";6.75
"Servidor-SPTECH";"ram";"ram_Usada";"GB";"2022-11-09 11:15:51";6.75
"Servidor-SPTECH";"ram";"ram_Usada";"GB";"2022-11-09 11:15:50";6.76
"Servidor-SPTECH";"ram";"ram_Usada";"GB";"2022-11-09 11:15:49";6.78
"Servidor-SPTECH";"ram";"ram_Usada";"GB";"2022-11-09 11:15:47";6.78
"Servidor-SPTECH";"ram";"ram_Usada";"GB";"2022-11-09 11:15:46";6.78
"Servidor-SPTECH";"ram";"ram_Usada";"GB";"2022-11-09 11:15:44";6.78
"Servidor-SPTECH";"ram";"ram_Usada";"GB";"2022-11-09 11:15:43";6.77
"Servidor-SPTECH";"ram";"ram_Usada";"GB";"2022-11-09 11:15:41";6.78
"Servidor-SPTECH";"ram";"ram_Usada";"GB";"2022-11-09 11:15:40";6.76
"Servidor-SPTECH";"ram";"ram_Usada";"GB";"2022-11-09 11:15:38";6.75
"Servidor-SPTECH";"ram";"ram_Usada";"GB";"2022-11-09 11:15:37";6.75
"Servidor-SPTECH";"ram";"ram_Usada";"GB";"2022-11-09 11:15:35";6.76
"Servidor-SPTECH";"ram";"ram_Usada";"GB";"2022-11-09 11:15:34";6.73
"Servidor-SPTECH";"ram";"ram_Usada";"GB";"2022-11-09 11:15:32";6.78
"Servidor-SPTECH";"ram";"ram_Usada";"GB";"2022-11-09 11:15:31";6.77
"Servidor-SPTECH";"ram";"ram_Usada";"GB";"2022-11-09 11:15:29";6.78
"Servidor-SPTECH";"ram";"ram_Usada";"GB";"2022-11-09 11:15:28";6.77
"Servidor-SPTECH";"ram";"ram_Usada";"GB";"2022-11-09 11:15:27";6.8
"Servidor-SPTECH";"ram";"ram_Usada";"GB";"2022-11-09 11:15:25";6.81
"Servidor-SPTECH";"ram";"ram_Usada";"GB";"2022-11-09 11:15:24";6.82
"Servidor-SPTECH";"ram";"ram_Usada";"GB";"2022-11-09 11:15:22";6.82
"Servidor-SPTECH";"ram";"ram_Usada";"GB";"2022-11-09 11:15:21";6.73
"Servidor-SPTECH";"ram";"ram_Usada";"GB";"2022-11-09 11:15:19";6.73
"Servidor-SPTECH";"ram";"ram_Usada";"GB";"2022-11-09 11:15:18";6.72
"Servidor-SPTECH";"ram";"ram_Usada";"GB";"2022-11-09 11:15:16";6.73
"Servidor-SPTECH";"ram";"ram_Usada";"GB";"2022-11-09 11:15:15";6.73
"Servidor-SPTECH";"ram";"ram_Usada";"GB";"2022-11-09 11:15:13";6.72
"Servidor-SPTECH";"ram";"ram_Usada";"GB";"2022-11-09 11:15:12";6.71
"Servidor-SPTECH";"ram";"ram_Usada";"GB";"2022-11-09 11:15:10";6.71
"Servidor-SPTECH";"ram";"ram_Usada";"GB";"2022-11-09 11:15:09";6.71
"Servidor-SPTECH";"ram";"ram_Usada";"GB";"2022-11-09 11:15:08";6.7
"Servidor-SPTECH";"ram";"ram_Usada";"GB";"2022-11-09 11:15:06";6.74
"Servidor-SPTECH";"ram";"ram_Usada";"GB";"2022-11-09 11:15:04";6.71
"Servidor-SPTECH";"ram";"ram_Usada";"GB";"2022-11-09 11:15:03";6.59
"Servidor-SPTECH";"ram";"ram_Usada";"GB";"2022-11-09 11:15:01";6.79
"Servidor-SPTECH";"ram";"ram_Usada";"GB";"2022-11-09 11:14:59";6.79
"Servidor-SPTECH";"ram";"ram_Usada";"GB";"2022-11-09 11:14:58";6.78
"Servidor-SPTECH";"ram";"ram_Usada";"GB";"2022-11-09 11:14:56";6.82
"Servidor-SPTECH";"ram";"ram_Usada";"GB";"2022-11-09 11:14:55";6.82
"Servidor-SPTECH";"ram";"ram_Usada";"GB";"2022-11-09 11:14:54";6.82
"Servidor-SPTECH";"ram";"ram_Usada";"GB";"2022-11-09 11:14:52";6.82
"Servidor-SPTECH";"ram";"ram_Usada";"GB";"2022-11-09 11:14:51";6.82
"Servidor-SPTECH";"ram";"ram_Usada";"GB";"2022-11-09 11:14:49";6.82
"Servidor-SPTECH";"ram";"ram_Usada";"GB";"2022-11-09 11:14:48";6.81
"Servidor-SPTECH";"ram";"ram_Usada";"GB";"2022-11-09 11:14:46";6.78
"Servidor-SPTECH";"ram";"ram_Usada";"GB";"2022-11-09 11:14:45";6.77
"Servidor-SPTECH";"ram";"ram_Usada";"GB";"2022-11-09 11:14:43";6.76
"Servidor-SPTECH";"ram";"ram_Usada";"GB";"2022-11-09 11:14:42";6.76
"Servidor-SPTECH";"ram";"ram_Usada";"GB";"2022-11-09 11:14:40";6.74
"Servidor-SPTECH";"ram";"ram_Usada";"GB";"2022-11-09 11:14:39";6.73
"Servidor-SPTECH";"ram";"ram_Usada";"GB";"2022-11-09 11:14:38";6.74
"Servidor-SPTECH";"ram";"ram_Usada";"GB";"2022-11-09 11:14:36";6.74
"Servidor-SPTECH";"ram";"ram_Usada";"GB";"2022-11-09 11:14:35";6.74
"Servidor-SPTECH";"ram";"ram_Usada";"GB";"2022-11-09 11:14:33";6.75
"Servidor-SPTECH";"ram";"ram_Usada";"GB";"2022-11-09 11:14:32";6.76
"Servidor-SPTECH";"ram";"ram_Usada";"GB";"2022-11-09 11:14:30";6.76
"Servidor-SPTECH";"ram";"ram_Usada";"GB";"2022-11-09 11:14:29";6.76
"Servidor-SPTECH";"ram";"ram_Usada";"GB";"2022-11-09 11:14:28";6.76
"Servidor-SPTECH";"ram";"ram_Usada";"GB";"2022-11-09 11:14:26";6.76
"Servidor-SPTECH";"ram";"ram_Usada";"GB";"2022-11-09 11:14:25";6.76
"Servidor-SPTECH";"ram";"ram_Usada";"GB";"2022-11-09 11:14:23";6.77
"Servidor-SPTECH";"ram";"ram_Usada";"GB";"2022-11-09 11:14:22";6.77
"Servidor-SPTECH";"ram";"ram_Usada";"GB";"2022-11-09 11:14:20";6.76
"Servidor-SPTECH";"ram";"ram_Usada";"GB";"2022-11-09 11:14:19";6.76
"Servidor-SPTECH";"ram";"ram_Usada";"GB";"2022-11-09 11:14:17";6.77
"Servidor-SPTECH";"ram";"ram_Usada";"GB";"2022-11-09 11:14:16";6.75
"Servidor-SPTECH";"ram";"ram_Usada";"GB";"2022-11-09 11:14:15";6.75
"Servidor-SPTECH";"ram";"ram_Usada";"GB";"2022-11-09 11:14:13";6.75
"Servidor-SPTECH";"ram";"ram_Usada";"GB";"2022-11-09 11:14:12";6.75
"Servidor-SPTECH";"ram";"ram_Usada";"GB";"2022-11-09 11:14:10";6.75
"Servidor-SPTECH";"ram";"ram_Usada";"GB";"2022-11-09 11:14:09";6.75
"Servidor-SPTECH";"ram";"ram_Usada";"GB";"2022-11-09 11:14:07";6.75
"Servidor-SPTECH";"ram";"ram_Usada";"GB";"2022-11-09 11:14:06";6.75
"Servidor-SPTECH";"ram";"ram_Usada";"GB";"2022-11-09 11:14:05";6.74
"Servidor-SPTECH";"ram";"ram_Usada";"GB";"2022-11-09 11:14:03";6.74
"Servidor-SPTECH";"ram";"ram_Usada";"GB";"2022-11-09 11:14:02";6.75
"Servidor-SPTECH";"ram";"ram_Usada";"GB";"2022-11-09 11:14:00";6.75
"Servidor-SPTECH";"ram";"ram_Usada";"GB";"2022-11-09 11:13:59";6.75
"Servidor-SPTECH";"ram";"ram_Usada";"GB";"2022-11-09 11:13:57";6.75
"Servidor-SPTECH";"ram";"ram_Usada";"GB";"2022-11-09 11:13:56";6.75
"Servidor-SPTECH";"ram";"ram_Usada";"GB";"2022-11-09 11:13:55";6.75
"Servidor-SPTECH";"ram";"ram_Usada";"GB";"2022-11-09 11:13:53";6.75
"Servidor-SPTECH";"ram";"ram_Usada";"GB";"2022-11-09 11:13:52";6.75
"Servidor-SPTECH";"ram";"ram_Usada";"GB";"2022-11-09 11:13:50";6.76
"Servidor-SPTECH";"ram";"ram_Usada";"GB";"2022-11-09 11:13:49";6.91
"Servidor-SPTECH";"ram";"ram_Usada";"GB";"2022-11-09 11:13:47";7.1
"Servidor-SPTECH";"ram";"ram_Usada";"GB";"2022-11-09 11:13:46";7.08
"Servidor-SPTECH";"ram";"ram_Usada";"GB";"2022-11-09 11:13:44";7.08
"Servidor-SPTECH";"ram";"ram_Usada";"GB";"2022-11-09 11:13:43";7.08
"Servidor-SPTECH";"ram";"ram_Usada";"GB";"2022-11-09 11:13:42";7.08
"Servidor-SPTECH";"ram";"ram_Usada";"GB";"2022-11-09 11:13:40";7.08
"Servidor-SPTECH";"ram";"ram_Usada";"GB";"2022-11-09 11:13:39";7.09
"Servidor-SPTECH";"ram";"ram_Usada";"GB";"2022-11-09 11:13:37";7.08
"Servidor-SPTECH";"ram";"ram_Usada";"GB";"2022-11-09 11:13:36";7.09
"Servidor-SPTECH";"ram";"ram_Usada";"GB";"2022-11-09 11:13:34";7.08
"Servidor-SPTECH";"ram";"ram_Usada";"GB";"2022-11-09 11:13:33";7.09
"Servidor-SPTECH";"ram";"ram_Usada";"GB";"2022-11-09 11:13:32";7.12
"Servidor-SPTECH";"ram";"ram_Usada";"GB";"2022-11-09 11:13:30";7.13
"Servidor-SPTECH";"ram";"ram_Usada";"GB";"2022-11-09 11:13:29";7.13
"Servidor-SPTECH";"ram";"ram_Usada";"GB";"2022-11-09 11:13:27";7.13
"Servidor-SPTECH";"ram";"ram_Usada";"GB";"2022-11-09 11:13:26";7.14
"Servidor-SPTECH";"ram";"ram_Usada";"GB";"2022-11-09 11:13:24";7.14
"Servidor-SPTECH";"ram";"ram_Usada";"GB";"2022-11-09 11:13:23";7.15
"Servidor-SPTECH";"ram";"ram_Usada";"GB";"2022-11-09 11:13:22";7.13
"Servidor-SPTECH";"ram";"ram_Usada";"GB";"2022-11-09 11:13:20";7.14
"Servidor-SPTECH";"ram";"ram_Usada";"GB";"2022-11-09 11:13:19";7.14
"Servidor-SPTECH";"ram";"ram_Usada";"GB";"2022-11-09 11:13:17";7.13
"Servidor-SPTECH";"ram";"ram_Usada";"GB";"2022-11-09 11:13:16";7.13
"Servidor-SPTECH";"ram";"ram_Usada";"GB";"2022-11-09 11:13:14";7.13
"Servidor-SPTECH";"ram";"ram_Usada";"GB";"2022-11-09 11:13:13";7.13
"Servidor-SPTECH";"ram";"ram_Usada";"GB";"2022-11-09 11:13:11";7.13
"Servidor-SPTECH";"ram";"ram_Usada";"GB";"2022-11-09 11:13:10";7.13
"Servidor-SPTECH";"ram";"ram_Usada";"GB";"2022-11-09 11:13:09";7.12
"Servidor-SPTECH";"ram";"ram_Usada";"GB";"2022-11-09 11:13:07";7.12
"Servidor-SPTECH";"ram";"ram_Usada";"GB";"2022-11-09 11:13:06";7.12
"Servidor-SPTECH";"ram";"ram_Usada";"GB";"2022-11-09 11:13:04";7.12
"Servidor-SPTECH";"ram";"ram_Usada";"GB";"2022-11-09 11:13:03";7.11
"Servidor-SPTECH";"ram";"ram_Usada";"GB";"2022-11-09 11:13:01";7.11
"Servidor-SPTECH";"ram";"ram_Usada";"GB";"2022-11-09 11:13:00";7.11
"Servidor-SPTECH";"ram";"ram_Usada";"GB";"2022-11-09 11:12:59";7.1
"Servidor-SPTECH";"ram";"ram_Usada";"GB";"2022-11-09 11:12:57";7.1
"Servidor-SPTECH";"ram";"ram_Usada";"GB";"2022-11-09 11:12:56";7.11
"Servidor-SPTECH";"ram";"ram_Usada";"GB";"2022-11-09 11:12:54";7.08
"Servidor-SPTECH";"ram";"ram_Usada";"GB";"2022-11-09 11:12:53";7.07
"Servidor-SPTECH";"ram";"ram_Usada";"GB";"2022-11-09 11:12:51";7.08
"Servidor-SPTECH";"ram";"ram_Usada";"GB";"2022-11-09 11:12:50";7.09
"Servidor-SPTECH";"ram";"ram_Usada";"GB";"2022-11-09 11:12:48";7.1
"Servidor-SPTECH";"ram";"ram_Usada";"GB";"2022-11-09 11:12:47";7.08
"Servidor-SPTECH";"ram";"ram_Usada";"GB";"2022-11-09 11:12:46";7.07
"Servidor-SPTECH";"ram";"ram_Usada";"GB";"2022-11-09 11:12:44";7.07
"Servidor-SPTECH";"ram";"ram_Usada";"GB";"2022-11-09 11:12:43";7.07
"Servidor-SPTECH";"ram";"ram_Usada";"GB";"2022-11-09 11:12:41";7.07
"Servidor-SPTECH";"ram";"ram_Usada";"GB";"2022-11-09 11:12:40";7.07
"Servidor-SPTECH";"ram";"ram_Usada";"GB";"2022-11-09 11:12:38";7.07
"Servidor-SPTECH";"ram";"ram_Usada";"GB";"2022-11-09 11:12:37";7.07
"Servidor-SPTECH";"ram";"ram_Usada";"GB";"2022-11-09 11:12:36";7.07
"Servidor-SPTECH";"ram";"ram_Usada";"GB";"2022-11-09 11:12:34";7.07
"Servidor-SPTECH";"ram";"ram_Usada";"GB";"2022-11-09 11:12:33";7.12
"Servidor-SPTECH";"ram";"ram_Usada";"GB";"2022-11-09 11:12:31";7.13
"Servidor-SPTECH";"ram";"ram_Usada";"GB";"2022-11-09 11:12:30";7.13
"Servidor-SPTECH";"ram";"ram_Usada";"GB";"2022-11-09 11:12:28";7.13
"Servidor-SPTECH";"ram";"ram_Usada";"GB";"2022-11-09 11:12:27";7.14
"Servidor-SPTECH";"ram";"ram_Usada";"GB";"2022-11-09 11:12:26";7.14
"Servidor-SPTECH";"ram";"ram_Usada";"GB";"2022-11-09 11:12:24";7.13
"Servidor-SPTECH";"ram";"ram_Usada";"GB";"2022-11-09 11:12:23";7.14
"Servidor-SPTECH";"ram";"ram_Usada";"GB";"2022-11-09 11:12:21";7.14
"Servidor-SPTECH";"ram";"ram_Usada";"GB";"2022-11-09 11:12:20";7.16
"Servidor-SPTECH";"ram";"ram_Usada";"GB";"2022-11-09 11:12:18";7.15
"Servidor-SPTECH";"ram";"ram_Usada";"GB";"2022-11-09 11:12:17";7.16
"Servidor-SPTECH";"ram";"ram_Usada";"GB";"2022-11-09 11:12:15";7.15
"Servidor-SPTECH";"ram";"ram_Usada";"GB";"2022-11-09 11:12:14";7.13
"Servidor-SPTECH";"ram";"ram_Usada";"GB";"2022-11-09 11:12:12";7.13
"Servidor-SPTECH";"ram";"ram_Usada";"GB";"2022-11-09 11:12:11";7.13
"Servidor-SPTECH";"ram";"ram_Usada";"GB";"2022-11-09 11:12:09";7.13
"Servidor-SPTECH";"ram";"ram_Usada";"GB";"2022-11-09 11:12:08";7.14
"Servidor-SPTECH";"ram";"ram_Usada";"GB";"2022-11-09 11:12:07";7.14
"Servidor-SPTECH";"ram";"ram_Usada";"GB";"2022-11-09 11:12:05";7.15
"Servidor-SPTECH";"ram";"ram_Usada";"GB";"2022-11-09 11:12:04";7.15
"Servidor-SPTECH";"ram";"ram_Usada";"GB";"2022-11-09 11:12:02";7.14
"Servidor-SPTECH";"ram";"ram_Usada";"GB";"2022-11-09 11:12:01";7.18
"Servidor-SPTECH";"ram";"ram_Usada";"GB";"2022-11-09 11:11:59";7.14
"Servidor-SPTECH";"ram";"ram_Usada";"GB";"2022-11-09 11:11:58";7.12
"Servidor-SPTECH";"ram";"ram_Usada";"GB";"2022-11-09 11:11:56";7.11
"Servidor-SPTECH";"ram";"ram_Usada";"GB";"2022-11-09 11:11:55";7.1
"Servidor-SPTECH";"ram";"ram_Usada";"GB";"2022-11-09 11:11:54";7.1
"Servidor-SPTECH";"ram";"ram_Usada";"GB";"2022-11-09 11:11:52";7.1
"Servidor-SPTECH";"ram";"ram_Usada";"GB";"2022-11-09 11:11:51";7.11
"Servidor-SPTECH";"ram";"ram_Usada";"GB";"2022-11-09 11:11:49";7.11
"Servidor-SPTECH";"ram";"ram_Usada";"GB";"2022-11-09 11:11:48";7.12
"Servidor-SPTECH";"ram";"ram_Usada";"GB";"2022-11-09 11:11:46";7.11
"Servidor-SPTECH";"ram";"ram_Usada";"GB";"2022-11-09 11:11:45";7.11
"Servidor-SPTECH";"ram";"ram_Usada";"GB";"2022-11-09 11:11:43";7.11
"Servidor-SPTECH";"ram";"ram_Usada";"GB";"2022-11-09 11:11:42";7.09
"Servidor-SPTECH";"ram";"ram_Usada";"GB";"2022-11-09 11:11:41";7.1
"Servidor-SPTECH";"ram";"ram_Usada";"GB";"2022-11-09 11:11:39";7.13
"Servidor-SPTECH";"ram";"ram_Usada";"GB";"2022-11-09 11:11:38";7.13
"Servidor-SPTECH";"ram";"ram_Usada";"GB";"2022-11-09 11:11:36";7.13
"Servidor-SPTECH";"ram";"ram_Usada";"GB";"2022-11-09 11:11:35";7.13
"Servidor-SPTECH";"ram";"ram_Usada";"GB";"2022-11-09 11:11:33";7.13
"Servidor-SPTECH";"ram";"ram_Usada";"GB";"2022-11-09 11:11:32";7.21
"Servidor-SPTECH";"ram";"ram_Usada";"GB";"2022-11-09 11:11:31";7.2
"Servidor-SPTECH";"ram";"ram_Usada";"GB";"2022-11-09 11:11:29";7.2
"Servidor-SPTECH";"ram";"ram_Usada";"GB";"2022-11-09 11:11:28";7.2
"Servidor-SPTECH";"ram";"ram_Usada";"GB";"2022-11-09 11:11:26";7.2
"Servidor-SPTECH";"ram";"ram_Usada";"GB";"2022-11-09 11:11:25";7.2
"Servidor-SPTECH";"ram";"ram_Usada";"GB";"2022-11-09 11:11:23";7.21
"Servidor-SPTECH";"ram";"ram_Usada";"GB";"2022-11-09 11:11:22";7.22
"Servidor-SPTECH";"ram";"ram_Usada";"GB";"2022-11-09 11:11:21";7.22
"Servidor-SPTECH";"ram";"ram_Usada";"GB";"2022-11-09 11:11:19";7.23
"Servidor-SPTECH";"ram";"ram_Usada";"GB";"2022-11-09 11:11:18";7.23
"Servidor-SPTECH";"ram";"ram_Usada";"GB";"2022-11-09 11:11:16";7.25
"Servidor-SPTECH";"ram";"ram_Usada";"GB";"2022-11-09 11:11:15";7.25
"Servidor-SPTECH";"ram";"ram_Usada";"GB";"2022-11-09 11:11:13";7.26
"Servidor-SPTECH";"ram";"ram_Usada";"GB";"2022-11-09 11:11:12";7.27
"Servidor-SPTECH";"ram";"ram_Usada";"GB";"2022-11-09 11:11:10";7.31
"Servidor-SPTECH";"ram";"ram_Usada";"GB";"2022-11-09 11:11:09";7.33
"Servidor-SPTECH";"ram";"ram_Usada";"GB";"2022-11-09 11:11:08";7.33
"Servidor-SPTECH";"ram";"ram_Usada";"GB";"2022-11-09 11:11:06";7.37
"Servidor-SPTECH";"ram";"ram_Usada";"GB";"2022-11-09 11:11:05";7.36
"Servidor-SPTECH";"ram";"ram_Usada";"GB";"2022-11-09 11:11:03";7.35
"Servidor-SPTECH";"ram";"ram_Usada";"GB";"2022-11-09 11:11:01";7.27
"Servidor-SPTECH";"ram";"ram_Usada";"GB";"2022-11-09 11:10:59";7.14
"Servidor-SPTECH";"ram";"ram_Usada";"GB";"2022-11-09 11:10:58";7.1
"Servidor-SPTECH";"ram";"ram_Usada";"GB";"2022-11-09 11:10:57";7.09
"Servidor-SPTECH";"ram";"ram_Usada";"GB";"2022-11-09 11:10:55";7.09
"Servidor-SPTECH";"ram";"ram_Usada";"GB";"2022-11-09 11:10:54";7.06
"Servidor-SPTECH";"ram";"ram_Usada";"GB";"2022-11-09 11:10:52";7.06
"Servidor-SPTECH";"ram";"ram_Usada";"GB";"2022-11-09 11:10:51";7.07
"Servidor-SPTECH";"ram";"ram_Usada";"GB";"2022-11-09 11:10:49";7.07
"Servidor-SPTECH";"ram";"ram_Usada";"GB";"2022-11-09 11:10:48";7.05
"Servidor-SPTECH";"ram";"ram_Usada";"GB";"2022-11-09 11:10:46";7.05
"Servidor-SPTECH";"ram";"ram_Usada";"GB";"2022-11-09 11:10:45";7.05
"Servidor-SPTECH";"ram";"ram_Usada";"GB";"2022-11-09 11:10:43";7.05
"Servidor-SPTECH";"ram";"ram_Usada";"GB";"2022-11-09 11:10:42";7.06
"Servidor-SPTECH";"ram";"ram_Usada";"GB";"2022-11-09 11:10:41";7.05
"Servidor-SPTECH";"ram";"ram_Usada";"GB";"2022-11-09 11:10:39";7.04
"Servidor-SPTECH";"ram";"ram_Usada";"GB";"2022-11-09 11:10:38";7.03
"Servidor-SPTECH";"ram";"ram_Usada";"GB";"2022-11-09 11:10:36";7.03
"Servidor-SPTECH";"ram";"ram_Usada";"GB";"2022-11-09 11:10:35";7.03
"Servidor-SPTECH";"ram";"ram_Usada";"GB";"2022-11-09 11:10:33";7.03
"Servidor-SPTECH";"ram";"ram_Usada";"GB";"2022-11-09 11:10:32";7.06
"Servidor-SPTECH";"ram";"ram_Usada";"GB";"2022-11-09 11:10:30";7.08
"Servidor-SPTECH";"ram";"ram_Usada";"GB";"2022-11-09 11:10:29";7.08
"Servidor-SPTECH";"ram";"ram_Usada";"GB";"2022-11-09 11:10:28";7.08
"Servidor-SPTECH";"ram";"ram_Usada";"GB";"2022-11-09 11:10:26";7.08
"Servidor-SPTECH";"ram";"ram_Usada";"GB";"2022-11-09 11:10:25";7.08
"Servidor-SPTECH";"ram";"ram_Usada";"GB";"2022-11-09 11:10:23";7.08
"Servidor-SPTECH";"ram";"ram_Usada";"GB";"2022-11-09 11:10:22";7.08
"Servidor-SPTECH";"ram";"ram_Usada";"GB";"2022-11-09 11:10:20";7.08
"Servidor-SPTECH";"ram";"ram_Usada";"GB";"2022-11-09 11:10:19";7.07
"Servidor-SPTECH";"ram";"ram_Usada";"GB";"2022-11-09 11:10:17";7.07
"Servidor-SPTECH";"ram";"ram_Usada";"GB";"2022-11-09 11:10:16";7.08
"Servidor-SPTECH";"ram";"ram_Usada";"GB";"2022-11-09 11:10:15";7.07
"Servidor-SPTECH";"ram";"ram_Usada";"GB";"2022-11-09 11:10:13";7.07
"Servidor-SPTECH";"ram";"ram_Usada";"GB";"2022-11-09 11:10:12";7.07
"Servidor-SPTECH";"ram";"ram_Usada";"GB";"2022-11-09 11:10:10";7.08
"Servidor-SPTECH";"ram";"ram_Usada";"GB";"2022-11-09 11:10:09";7.07
"Servidor-SPTECH";"ram";"ram_Usada";"GB";"2022-11-09 11:10:07";7.05
"Servidor-SPTECH";"ram";"ram_Usada";"GB";"2022-11-09 11:10:06";7.06
"Servidor-SPTECH";"ram";"ram_Usada";"GB";"2022-11-09 11:10:04";7.05
"Servidor-SPTECH";"ram";"ram_Usada";"GB";"2022-11-09 11:10:03";7.05
"Servidor-SPTECH";"ram";"ram_Usada";"GB";"2022-11-09 11:10:01";7.06
"Servidor-SPTECH";"ram";"ram_Usada";"GB";"2022-11-09 11:10:00";7.06
"Servidor-SPTECH";"ram";"ram_Usada";"GB";"2022-11-09 11:09:58";7.06
"Servidor-SPTECH";"ram";"ram_Usada";"GB";"2022-11-09 11:09:57";7.07
"Servidor-SPTECH";"ram";"ram_Usada";"GB";"2022-11-09 11:09:56";7.07
"Servidor-SPTECH";"ram";"ram_Usada";"GB";"2022-11-09 11:09:54";7.07
"Servidor-SPTECH";"ram";"ram_Usada";"GB";"2022-11-09 11:09:53";7.06
"Servidor-SPTECH";"ram";"ram_Usada";"GB";"2022-11-09 11:09:51";7.07
"Servidor-SPTECH";"ram";"ram_Usada";"GB";"2022-11-09 11:09:50";7.07
"Servidor-SPTECH";"ram";"ram_Usada";"GB";"2022-11-09 11:09:48";7.08
"Servidor-SPTECH";"ram";"ram_Usada";"GB";"2022-11-09 11:09:47";7.07
"Servidor-SPTECH";"ram";"ram_Usada";"GB";"2022-11-09 11:09:45";7.07
"Servidor-SPTECH";"ram";"ram_Usada";"GB";"2022-11-09 11:09:44";7.08
"Servidor-SPTECH";"ram";"ram_Usada";"GB";"2022-11-09 11:09:42";7.08
"Servidor-SPTECH";"ram";"ram_Usada";"GB";"2022-11-09 11:09:41";7.07
"Servidor-SPTECH";"ram";"ram_Usada";"GB";"2022-11-09 11:09:39";7.2
"Servidor-SPTECH";"ram";"ram_Usada";"GB";"2022-11-09 11:09:38";7.2
"Servidor-SPTECH";"ram";"ram_Usada";"GB";"2022-11-09 11:09:36";7.21
"Servidor-SPTECH";"ram";"ram_Usada";"GB";"2022-11-09 11:09:35";7.16
"Servidor-SPTECH";"ram";"ram_Usada";"GB";"2022-11-09 11:09:33";7.13
"Servidor-SPTECH";"ram";"ram_Usada";"GB";"2022-11-09 11:09:32";7.13
"Servidor-SPTECH";"ram";"ram_Usada";"GB";"2022-11-09 11:09:30";6.92
"Servidor-SPTECH";"ram";"ram_Usada";"GB";"2022-11-09 11:09:29";6.91
"Servidor-SPTECH";"ram";"ram_Usada";"GB";"2022-11-09 11:09:27";6.91
"Servidor-SPTECH";"ram";"ram_Usada";"GB";"2022-11-09 11:09:26";6.89
"Servidor-SPTECH";"ram";"ram_Usada";"GB";"2022-11-09 11:09:24";6.9
"Servidor-SPTECH";"ram";"ram_Usada";"GB";"2022-11-09 11:09:23";6.89
"Servidor-SPTECH";"ram";"ram_Usada";"GB";"2022-11-09 11:09:21";6.89
"Servidor-SPTECH";"ram";"ram_Usada";"GB";"2022-11-09 11:09:20";6.9
"Servidor-SPTECH";"ram";"ram_Usada";"GB";"2022-11-09 11:09:18";6.89
"Servidor-SPTECH";"ram";"ram_Usada";"GB";"2022-11-09 11:09:17";6.92
"Servidor-SPTECH";"ram";"ram_Usada";"GB";"2022-11-09 11:09:16";6.91
"Servidor-SPTECH";"ram";"ram_Usada";"GB";"2022-11-09 11:09:14";6.91
"Servidor-SPTECH";"ram";"ram_Usada";"GB";"2022-11-09 11:09:13";6.91
"Servidor-SPTECH";"ram";"ram_Usada";"GB";"2022-11-09 11:09:11";6.91
"Servidor-SPTECH";"ram";"ram_Usada";"GB";"2022-11-09 11:09:10";6.91
"Servidor-SPTECH";"ram";"ram_Usada";"GB";"2022-11-09 11:09:08";6.91
"Servidor-SPTECH";"ram";"ram_Usada";"GB";"2022-11-09 11:09:07";6.91
"Servidor-SPTECH";"ram";"ram_Usada";"GB";"2022-11-09 11:09:06";6.91
"Servidor-SPTECH";"ram";"ram_Usada";"GB";"2022-11-09 11:09:04";6.92
"Servidor-SPTECH";"ram";"ram_Usada";"GB";"2022-11-09 11:09:03";6.92
"Servidor-SPTECH";"ram";"ram_Usada";"GB";"2022-11-09 11:09:01";6.92
"Servidor-SPTECH";"ram";"ram_Usada";"GB";"2022-11-09 11:09:00";6.92
"Servidor-SPTECH";"ram";"ram_Usada";"GB";"2022-11-09 11:08:58";6.9
"Servidor-SPTECH";"ram";"ram_Usada";"GB";"2022-11-09 11:08:57";6.9
"Servidor-SPTECH";"ram";"ram_Usada";"GB";"2022-11-09 11:08:55";6.91
"Servidor-SPTECH";"ram";"ram_Usada";"GB";"2022-11-09 11:08:54";6.91
"Servidor-SPTECH";"ram";"ram_Usada";"GB";"2022-11-09 11:08:53";6.91
"Servidor-SPTECH";"ram";"ram_Usada";"GB";"2022-11-09 11:08:51";6.9
"Servidor-SPTECH";"ram";"ram_Usada";"GB";"2022-11-09 11:08:50";6.91
"Servidor-SPTECH";"ram";"ram_Usada";"GB";"2022-11-09 11:08:48";6.9
"Servidor-SPTECH";"ram";"ram_Usada";"GB";"2022-11-09 11:08:47";6.88
"Servidor-SPTECH";"ram";"ram_Usada";"GB";"2022-11-09 11:08:45";6.88
"Servidor-SPTECH";"ram";"ram_Usada";"GB";"2022-11-09 11:08:44";6.88
"Servidor-SPTECH";"ram";"ram_Usada";"GB";"2022-11-09 11:08:43";6.88
"Servidor-SPTECH";"ram";"ram_Usada";"GB";"2022-11-09 11:08:41";6.88
"Servidor-SPTECH";"ram";"ram_Usada";"GB";"2022-11-09 11:08:40";6.89
"Servidor-SPTECH";"ram";"ram_Usada";"GB";"2022-11-09 11:08:38";6.9
"Servidor-SPTECH";"ram";"ram_Usada";"GB";"2022-11-09 11:08:37";6.88
"Servidor-SPTECH";"ram";"ram_Usada";"GB";"2022-11-09 11:08:35";6.89
"Servidor-SPTECH";"ram";"ram_Usada";"GB";"2022-11-09 11:08:34";6.9
"Servidor-SPTECH";"ram";"ram_Usada";"GB";"2022-11-09 11:08:32";6.97
"Servidor-SPTECH";"ram";"ram_Usada";"GB";"2022-11-09 11:08:31";7.03
"Servidor-SPTECH";"ram";"ram_Usada";"GB";"2022-11-09 11:08:30";6.96
"Servidor-SPTECH";"ram";"ram_Usada";"GB";"2022-11-09 11:08:28";6.96
"Servidor-SPTECH";"ram";"ram_Usada";"GB";"2022-11-09 11:08:27";6.95
"Servidor-SPTECH";"ram";"ram_Usada";"GB";"2022-11-09 11:08:25";6.95
"Servidor-SPTECH";"ram";"ram_Usada";"GB";"2022-11-09 11:08:24";6.95
"Servidor-SPTECH";"ram";"ram_Usada";"GB";"2022-11-09 11:08:22";6.94
"Servidor-SPTECH";"ram";"ram_Usada";"GB";"2022-11-09 11:08:21";6.95
"Servidor-SPTECH";"ram";"ram_Usada";"GB";"2022-11-09 11:08:19";6.96
"Servidor-SPTECH";"ram";"ram_Usada";"GB";"2022-11-09 11:08:18";6.97
"Servidor-SPTECH";"ram";"ram_Usada";"GB";"2022-11-09 11:08:17";6.97
"Servidor-SPTECH";"ram";"ram_Usada";"GB";"2022-11-09 11:08:15";6.93
"Servidor-SPTECH";"ram";"ram_Usada";"GB";"2022-11-09 11:08:13";6.93
"Servidor-SPTECH";"ram";"ram_Usada";"GB";"2022-11-09 11:08:12";6.86
"Servidor-SPTECH";"ram";"ram_Usada";"GB";"2022-11-09 11:08:11";6.86
"Servidor-SPTECH";"ram";"ram_Usada";"GB";"2022-11-09 11:08:09";6.87
"Servidor-SPTECH";"ram";"ram_Usada";"GB";"2022-11-09 11:08:08";6.86
"Servidor-SPTECH";"ram";"ram_Usada";"GB";"2022-11-09 11:08:06";6.87
"Servidor-SPTECH";"ram";"ram_Usada";"GB";"2022-11-09 11:08:05";6.87
"Servidor-SPTECH";"ram";"ram_Usada";"GB";"2022-11-09 11:08:03";6.88
"Servidor-SPTECH";"ram";"ram_Usada";"GB";"2022-11-09 11:08:02";6.88
"Servidor-SPTECH";"ram";"ram_Usada";"GB";"2022-11-09 11:08:01";6.87
"Servidor-SPTECH";"ram";"ram_Usada";"GB";"2022-11-09 11:07:59";6.87
"Servidor-SPTECH";"ram";"ram_Usada";"GB";"2022-11-09 11:07:58";6.87
"Servidor-SPTECH";"ram";"ram_Usada";"GB";"2022-11-09 11:07:56";6.87
"Servidor-SPTECH";"ram";"ram_Usada";"GB";"2022-11-09 11:07:55";6.85
"Servidor-SPTECH";"ram";"ram_Usada";"GB";"2022-11-09 11:07:53";6.84
"Servidor-SPTECH";"ram";"ram_Usada";"GB";"2022-11-09 11:07:52";6.85
"Servidor-SPTECH";"ram";"ram_Usada";"GB";"2022-11-09 11:07:50";6.84
"Servidor-SPTECH";"ram";"ram_Usada";"GB";"2022-11-09 11:07:49";6.85
"Servidor-SPTECH";"ram";"ram_Usada";"GB";"2022-11-09 11:07:48";6.86
"Servidor-SPTECH";"ram";"ram_Usada";"GB";"2022-11-09 11:07:46";6.86
"Servidor-SPTECH";"ram";"ram_Usada";"GB";"2022-11-09 11:07:45";6.87
"Servidor-SPTECH";"ram";"ram_Usada";"GB";"2022-11-09 11:07:43";6.86
"Servidor-SPTECH";"ram";"ram_Usada";"GB";"2022-11-09 11:07:42";6.87
"Servidor-SPTECH";"ram";"ram_Usada";"GB";"2022-11-09 11:07:40";6.87
"Servidor-SPTECH";"ram";"ram_Usada";"GB";"2022-11-09 11:07:39";6.87
"Servidor-SPTECH";"ram";"ram_Usada";"GB";"2022-11-09 11:07:37";6.89
"Servidor-SPTECH";"ram";"ram_Usada";"GB";"2022-11-09 11:07:36";6.89
"Servidor-SPTECH";"ram";"ram_Usada";"GB";"2022-11-09 11:07:35";6.89
"Servidor-SPTECH";"ram";"ram_Usada";"GB";"2022-11-09 11:07:33";6.89
"Servidor-SPTECH";"ram";"ram_Usada";"GB";"2022-11-09 11:07:32";6.91
"Servidor-SPTECH";"ram";"ram_Usada";"GB";"2022-11-09 11:07:30";6.91
"Servidor-SPTECH";"ram";"ram_Usada";"GB";"2022-11-09 11:07:29";6.96
"Servidor-SPTECH";"ram";"ram_Usada";"GB";"2022-11-09 11:07:27";6.91
"Servidor-SPTECH";"ram";"ram_Usada";"GB";"2022-11-09 11:07:26";6.91
"Servidor-SPTECH";"ram";"ram_Usada";"GB";"2022-11-09 11:07:24";6.92
"Servidor-SPTECH";"ram";"ram_Usada";"GB";"2022-11-09 11:07:23";6.92
"Servidor-SPTECH";"ram";"ram_Usada";"GB";"2022-11-09 11:07:22";6.92
"Servidor-SPTECH";"ram";"ram_Usada";"GB";"2022-11-09 11:07:20";6.92
"Servidor-SPTECH";"ram";"ram_Usada";"GB";"2022-11-09 11:07:19";6.91
"Servidor-SPTECH";"ram";"ram_Usada";"GB";"2022-11-09 11:07:17";6.91
"Servidor-SPTECH";"ram";"ram_Usada";"GB";"2022-11-09 11:07:16";6.91
"Servidor-SPTECH";"ram";"ram_Usada";"GB";"2022-11-09 11:07:14";6.91
"Servidor-SPTECH";"ram";"ram_Usada";"GB";"2022-11-09 11:07:13";6.9
"Servidor-SPTECH";"ram";"ram_Usada";"GB";"2022-11-09 11:07:11";6.91
"Servidor-SPTECH";"ram";"ram_Usada";"GB";"2022-11-09 11:07:10";6.9
"Servidor-SPTECH";"ram";"ram_Usada";"GB";"2022-11-09 11:07:08";6.91
"Servidor-SPTECH";"ram";"ram_Usada";"GB";"2022-11-09 11:07:07";6.9
"Servidor-SPTECH";"ram";"ram_Usada";"GB";"2022-11-09 11:07:06";6.89
"Servidor-SPTECH";"ram";"ram_Usada";"GB";"2022-11-09 11:07:04";6.88
"Servidor-SPTECH";"ram";"ram_Usada";"GB";"2022-11-09 11:07:03";6.87
"Servidor-SPTECH";"ram";"ram_Usada";"GB";"2022-11-09 11:07:01";6.88
"Servidor-SPTECH";"ram";"ram_Usada";"GB";"2022-11-09 11:07:00";6.87
"Servidor-SPTECH";"ram";"ram_Usada";"GB";"2022-11-09 11:06:58";6.87
"Servidor-SPTECH";"ram";"ram_Usada";"GB";"2022-11-09 11:06:57";6.88
"Servidor-SPTECH";"ram";"ram_Usada";"GB";"2022-11-09 11:06:55";6.88
"Servidor-SPTECH";"ram";"ram_Usada";"GB";"2022-11-09 11:06:54";6.86
"Servidor-SPTECH";"ram";"ram_Usada";"GB";"2022-11-09 11:06:52";6.86
"Servidor-SPTECH";"ram";"ram_Usada";"GB";"2022-11-09 11:06:51";6.85
"Servidor-SPTECH";"ram";"ram_Usada";"GB";"2022-11-09 11:06:50";6.87
"Servidor-SPTECH";"ram";"ram_Usada";"GB";"2022-11-09 11:06:48";6.86
"Servidor-SPTECH";"ram";"ram_Usada";"GB";"2022-11-09 11:06:47";6.86
"Servidor-SPTECH";"ram";"ram_Usada";"GB";"2022-11-09 11:06:45";6.86
"Servidor-SPTECH";"ram";"ram_Usada";"GB";"2022-11-09 11:06:44";6.84
"Servidor-SPTECH";"ram";"ram_Usada";"GB";"2022-11-09 11:06:42";6.84
"Servidor-SPTECH";"ram";"ram_Usada";"GB";"2022-11-09 11:06:41";6.86
"Servidor-SPTECH";"ram";"ram_Usada";"GB";"2022-11-09 11:06:39";6.93
"Servidor-SPTECH";"ram";"ram_Usada";"GB";"2022-11-09 11:06:38";6.84
"Servidor-SPTECH";"ram";"ram_Usada";"GB";"2022-11-09 11:06:37";6.83
"Servidor-SPTECH";"ram";"ram_Usada";"GB";"2022-11-09 11:06:35";6.83
"Servidor-SPTECH";"ram";"ram_Usada";"GB";"2022-11-09 11:06:34";6.83
"Servidor-SPTECH";"ram";"ram_Usada";"GB";"2022-11-09 11:06:32";6.86
"Servidor-SPTECH";"ram";"ram_Usada";"GB";"2022-11-09 11:06:31";6.86
"Servidor-SPTECH";"ram";"ram_Usada";"GB";"2022-11-09 11:06:29";6.86
"Servidor-SPTECH";"ram";"ram_Usada";"GB";"2022-11-09 11:06:28";6.85
"Servidor-SPTECH";"ram";"ram_Usada";"GB";"2022-11-09 11:06:26";6.85
"Servidor-SPTECH";"ram";"ram_Usada";"GB";"2022-11-09 11:06:25";6.87
"Servidor-SPTECH";"ram";"ram_Usada";"GB";"2022-11-09 11:06:24";6.94
"Servidor-SPTECH";"ram";"ram_Usada";"GB";"2022-11-09 11:06:22";6.88
"Servidor-SPTECH";"ram";"ram_Usada";"GB";"2022-11-09 11:06:20";6.87
"Servidor-SPTECH";"ram";"ram_Usada";"GB";"2022-11-09 11:06:19";6.89
"Servidor-SPTECH";"ram";"ram_Usada";"GB";"2022-11-09 11:06:17";6.9
"Servidor-SPTECH";"ram";"ram_Usada";"GB";"2022-11-09 11:06:16";6.91
"Servidor-SPTECH";"ram";"ram_Usada";"GB";"2022-11-09 11:06:15";6.91
"Servidor-SPTECH";"ram";"ram_Usada";"GB";"2022-11-09 11:06:13";6.91
"Servidor-SPTECH";"ram";"ram_Usada";"GB";"2022-11-09 11:06:12";6.91
"Servidor-SPTECH";"ram";"ram_Usada";"GB";"2022-11-09 11:06:10";6.9
"Servidor-SPTECH";"ram";"ram_Usada";"GB";"2022-11-09 11:06:09";6.91
"Servidor-SPTECH";"ram";"ram_Usada";"GB";"2022-11-09 11:06:07";6.92
"Servidor-SPTECH";"ram";"ram_Usada";"GB";"2022-11-09 11:06:06";6.93
"Servidor-SPTECH";"ram";"ram_Usada";"GB";"2022-11-09 11:06:05";6.92
"Servidor-SPTECH";"ram";"ram_Usada";"GB";"2022-11-09 11:06:03";6.91
"Servidor-SPTECH";"ram";"ram_Usada";"GB";"2022-11-09 11:06:02";6.91
"Servidor-SPTECH";"ram";"ram_Usada";"GB";"2022-11-09 11:06:00";6.91
"Servidor-SPTECH";"ram";"ram_Usada";"GB";"2022-11-09 11:05:59";6.91
"Servidor-SPTECH";"ram";"ram_Usada";"GB";"2022-11-09 11:05:57";6.91
"Servidor-SPTECH";"ram";"ram_Usada";"GB";"2022-11-09 11:05:56";6.9
"Servidor-SPTECH";"ram";"ram_Usada";"GB";"2022-11-09 11:05:54";6.9
"Servidor-SPTECH";"ram";"ram_Usada";"GB";"2022-11-09 11:05:53";6.88
"Servidor-SPTECH";"ram";"ram_Usada";"GB";"2022-11-09 11:05:51";6.88
"Servidor-SPTECH";"ram";"ram_Usada";"GB";"2022-11-09 11:05:50";6.87
"Servidor-SPTECH";"ram";"ram_Usada";"GB";"2022-11-09 11:05:48";6.87
"Servidor-SPTECH";"ram";"ram_Usada";"GB";"2022-11-09 11:05:47";6.85
"Servidor-SPTECH";"ram";"ram_Usada";"GB";"2022-11-09 11:05:45";6.84
"Servidor-SPTECH";"ram";"ram_Usada";"GB";"2022-11-09 11:05:44";6.82
"Servidor-SPTECH";"ram";"ram_Usada";"GB";"2022-11-09 11:05:42";6.83
"Servidor-SPTECH";"ram";"ram_Usada";"GB";"2022-11-09 11:05:41";6.83
"Servidor-SPTECH";"ram";"ram_Usada";"GB";"2022-11-09 11:05:40";6.83
"Servidor-SPTECH";"ram";"ram_Usada";"GB";"2022-11-09 11:05:38";6.81
"Servidor-SPTECH";"ram";"ram_Usada";"GB";"2022-11-09 11:05:37";6.82
"Servidor-SPTECH";"ram";"ram_Usada";"GB";"2022-11-09 11:05:35";6.82
"Servidor-SPTECH";"ram";"ram_Usada";"GB";"2022-11-09 11:05:34";6.82
"Servidor-SPTECH";"ram";"ram_Usada";"GB";"2022-11-09 11:05:32";6.87
"Servidor-SPTECH";"ram";"ram_Usada";"GB";"2022-11-09 11:05:31";6.87
"Servidor-SPTECH";"ram";"ram_Usada";"GB";"2022-11-09 11:05:30";6.87
"Servidor-SPTECH";"ram";"ram_Usada";"GB";"2022-11-09 11:05:28";6.89
"Servidor-SPTECH";"ram";"ram_Usada";"GB";"2022-11-09 11:05:27";6.84
"Servidor-SPTECH";"ram";"ram_Usada";"GB";"2022-11-09 11:05:25";6.85
"Servidor-SPTECH";"ram";"ram_Usada";"GB";"2022-11-09 11:05:24";6.84
"Servidor-SPTECH";"ram";"ram_Usada";"GB";"2022-11-09 11:05:22";6.84
"Servidor-SPTECH";"ram";"ram_Usada";"GB";"2022-11-09 11:05:21";6.85
"Servidor-SPTECH";"ram";"ram_Usada";"GB";"2022-11-09 11:05:20";6.86
"Servidor-SPTECH";"ram";"ram_Usada";"GB";"2022-11-09 11:05:18";6.86
"Servidor-SPTECH";"ram";"ram_Usada";"GB";"2022-11-09 11:05:17";6.86
"Servidor-SPTECH";"ram";"ram_Usada";"GB";"2022-11-09 11:05:15";6.86
"Servidor-SPTECH";"ram";"ram_Usada";"GB";"2022-11-09 11:05:14";6.86
"Servidor-SPTECH";"ram";"ram_Usada";"GB";"2022-11-09 11:05:12";6.86
"Servidor-SPTECH";"ram";"ram_Usada";"GB";"2022-11-09 11:05:11";6.86
"Servidor-SPTECH";"ram";"ram_Usada";"GB";"2022-11-09 11:05:09";6.85
"Servidor-SPTECH";"ram";"ram_Usada";"GB";"2022-11-09 11:05:08";6.86
"Servidor-SPTECH";"ram";"ram_Usada";"GB";"2022-11-09 11:05:06";6.86
"Servidor-SPTECH";"ram";"ram_Usada";"GB";"2022-11-09 11:05:05";6.85
"Servidor-SPTECH";"ram";"ram_Usada";"GB";"2022-11-09 11:05:04";6.86
"Servidor-SPTECH";"ram";"ram_Usada";"GB";"2022-11-09 11:05:02";6.85
"Servidor-SPTECH";"ram";"ram_Usada";"GB";"2022-11-09 11:05:01";6.85
"Servidor-SPTECH";"ram";"ram_Usada";"GB";"2022-11-09 11:04:59";6.84
"Servidor-SPTECH";"ram";"ram_Usada";"GB";"2022-11-09 11:04:58";6.84
"Servidor-SPTECH";"ram";"ram_Usada";"GB";"2022-11-09 11:04:56";6.84
"Servidor-SPTECH";"ram";"ram_Usada";"GB";"2022-11-09 11:04:55";6.86
"Servidor-SPTECH";"ram";"ram_Usada";"GB";"2022-11-09 11:04:53";6.87
"Servidor-SPTECH";"ram";"ram_Usada";"GB";"2022-11-09 11:04:52";6.87
"Servidor-SPTECH";"ram";"ram_Usada";"GB";"2022-11-09 11:04:51";6.87
"Servidor-SPTECH";"ram";"ram_Usada";"GB";"2022-11-09 11:04:49";6.89
"Servidor-SPTECH";"ram";"ram_Usada";"GB";"2022-11-09 11:04:48";6.88
"Servidor-SPTECH";"ram";"ram_Usada";"GB";"2022-11-09 11:04:46";6.9
"Servidor-SPTECH";"ram";"ram_Usada";"GB";"2022-11-09 11:04:45";6.88
"Servidor-SPTECH";"ram";"ram_Usada";"GB";"2022-11-09 11:04:43";6.88
"Servidor-SPTECH";"ram";"ram_Usada";"GB";"2022-11-09 11:04:42";6.89
"Servidor-SPTECH";"ram";"ram_Usada";"GB";"2022-11-09 11:04:40";6.89
"Servidor-SPTECH";"ram";"ram_Usada";"GB";"2022-11-09 11:04:39";6.9
"Servidor-SPTECH";"ram";"ram_Usada";"GB";"2022-11-09 11:04:38";6.9
"Servidor-SPTECH";"ram";"ram_Usada";"GB";"2022-11-09 11:04:36";6.9
"Servidor-SPTECH";"ram";"ram_Usada";"GB";"2022-11-09 11:04:35";6.89
"Servidor-SPTECH";"ram";"ram_Usada";"GB";"2022-11-09 11:04:33";6.9
"Servidor-SPTECH";"ram";"ram_Usada";"GB";"2022-11-09 11:04:32";6.94
"Servidor-SPTECH";"ram";"ram_Usada";"GB";"2022-11-09 11:04:30";6.94
"Servidor-SPTECH";"ram";"ram_Usada";"GB";"2022-11-09 11:04:29";6.94
"Servidor-SPTECH";"ram";"ram_Usada";"GB";"2022-11-09 11:04:27";6.95
"Servidor-SPTECH";"ram";"ram_Usada";"GB";"2022-11-09 11:04:26";6.94
"Servidor-SPTECH";"ram";"ram_Usada";"GB";"2022-11-09 11:04:25";6.93
"Servidor-SPTECH";"ram";"ram_Usada";"GB";"2022-11-09 11:04:23";6.94
"Servidor-SPTECH";"ram";"ram_Usada";"GB";"2022-11-09 11:04:22";6.94
"Servidor-SPTECH";"ram";"ram_Usada";"GB";"2022-11-09 11:04:20";7.02
"Servidor-SPTECH";"ram";"ram_Usada";"GB";"2022-11-09 11:04:18";7.09
"Servidor-SPTECH";"ram";"ram_Usada";"GB";"2022-11-09 11:04:16";7.01
"Servidor-SPTECH";"ram";"ram_Usada";"GB";"2022-11-09 11:04:14";7.06
"Servidor-SPTECH";"ram";"ram_Usada";"GB";"2022-11-09 11:04:11";6.92
"Servidor-SPTECH";"ram";"ram_Usada";"GB";"2022-11-09 11:04:10";6.85
"Servidor-SPTECH";"ram";"ram_Usada";"GB";"2022-11-09 11:04:08";6.84
"Servidor-SPTECH";"ram";"ram_Usada";"GB";"2022-11-09 11:04:07";6.84
"Servidor-SPTECH";"ram";"ram_Usada";"GB";"2022-11-09 11:04:05";6.83
"Servidor-SPTECH";"ram";"ram_Usada";"GB";"2022-11-09 11:04:04";6.82
"Servidor-SPTECH";"ram";"ram_Usada";"GB";"2022-11-09 11:04:02";6.82
"Servidor-SPTECH";"ram";"ram_Usada";"GB";"2022-11-09 11:04:01";6.83
"Servidor-SPTECH";"ram";"ram_Usada";"GB";"2022-11-09 11:03:59";6.83
"Servidor-SPTECH";"ram";"ram_Usada";"GB";"2022-11-09 11:03:58";6.82
"Servidor-SPTECH";"ram";"ram_Usada";"GB";"2022-11-09 11:03:57";6.82
"Servidor-SPTECH";"ram";"ram_Usada";"GB";"2022-11-09 11:03:55";6.83
"Servidor-SPTECH";"ram";"ram_Usada";"GB";"2022-11-09 11:03:54";6.83
"Servidor-SPTECH";"ram";"ram_Usada";"GB";"2022-11-09 11:03:52";6.83
"Servidor-SPTECH";"ram";"ram_Usada";"GB";"2022-11-09 11:03:51";6.82
"Servidor-SPTECH";"ram";"ram_Usada";"GB";"2022-11-09 11:03:49";6.83
"Servidor-SPTECH";"ram";"ram_Usada";"GB";"2022-11-09 11:03:48";6.91
"Servidor-SPTECH";"ram";"ram_Usada";"GB";"2022-11-09 11:03:46";7.13
"Servidor-SPTECH";"ram";"ram_Usada";"GB";"2022-11-09 11:03:45";7.13
"Servidor-SPTECH";"ram";"ram_Usada";"GB";"2022-11-09 11:03:43";7.17
"Servidor-SPTECH";"ram";"ram_Usada";"GB";"2022-11-09 11:03:42";7.15
"Servidor-SPTECH";"ram";"ram_Usada";"GB";"2022-11-09 11:03:41";7.15
"Servidor-SPTECH";"ram";"ram_Usada";"GB";"2022-11-09 11:03:39";7.14
"Servidor-SPTECH";"ram";"ram_Usada";"GB";"2022-11-09 11:03:38";7.13
"Servidor-SPTECH";"ram";"ram_Usada";"GB";"2022-11-09 11:03:36";7.12
"Servidor-SPTECH";"ram";"ram_Usada";"GB";"2022-11-09 11:03:35";7.11
"Servidor-SPTECH";"ram";"ram_Usada";"GB";"2022-11-09 11:03:33";7.11
"Servidor-SPTECH";"ram";"ram_Usada";"GB";"2022-11-09 11:03:32";7.15
"Servidor-SPTECH";"ram";"ram_Usada";"GB";"2022-11-09 11:03:30";7.12
"Servidor-SPTECH";"ram";"ram_Usada";"GB";"2022-11-09 11:03:29";7.13
"Servidor-SPTECH";"ram";"ram_Usada";"GB";"2022-11-09 11:03:27";7.12
"Servidor-SPTECH";"ram";"ram_Usada";"GB";"2022-11-09 11:03:26";7.13
"Servidor-SPTECH";"ram";"ram_Usada";"GB";"2022-11-09 11:03:25";7.12
"Servidor-SPTECH";"ram";"ram_Usada";"GB";"2022-11-09 11:03:23";7.14
"Servidor-SPTECH";"ram";"ram_Usada";"GB";"2022-11-09 11:03:22";7.13
"Servidor-SPTECH";"ram";"ram_Usada";"GB";"2022-11-09 11:03:20";7.14
"Servidor-SPTECH";"ram";"ram_Usada";"GB";"2022-11-09 11:03:19";7.15
"Servidor-SPTECH";"ram";"ram_Usada";"GB";"2022-11-09 11:03:17";7.15
"Servidor-SPTECH";"ram";"ram_Usada";"GB";"2022-11-09 11:03:16";7.15
"Servidor-SPTECH";"ram";"ram_Usada";"GB";"2022-11-09 11:03:14";7.14
"Servidor-SPTECH";"ram";"ram_Usada";"GB";"2022-11-09 11:03:13";7.16
"Servidor-SPTECH";"ram";"ram_Usada";"GB";"2022-11-09 11:03:12";7.15
"Servidor-SPTECH";"ram";"ram_Usada";"GB";"2022-11-09 11:03:10";7.16
"Servidor-SPTECH";"ram";"ram_Usada";"GB";"2022-11-09 11:03:09";7.16
"Servidor-SPTECH";"ram";"ram_Usada";"GB";"2022-11-09 11:03:07";7.18
"Servidor-SPTECH";"ram";"ram_Usada";"GB";"2022-11-09 11:03:06";7.19
"Servidor-SPTECH";"ram";"ram_Usada";"GB";"2022-11-09 11:03:04";7.19
"Servidor-SPTECH";"ram";"ram_Usada";"GB";"2022-11-09 11:03:03";7.1
"Servidor-SPTECH";"ram";"ram_Usada";"GB";"2022-11-09 11:03:01";7.09
"Servidor-SPTECH";"ram";"ram_Usada";"GB";"2022-11-09 11:03:00";7.1
"Servidor-SPTECH";"ram";"ram_Usada";"GB";"2022-11-09 11:02:58";7.12
"Servidor-SPTECH";"ram";"ram_Usada";"GB";"2022-11-09 11:02:57";7.11
"Servidor-SPTECH";"ram";"ram_Usada";"GB";"2022-11-09 11:02:55";7.11
"Servidor-SPTECH";"ram";"ram_Usada";"GB";"2022-11-09 11:02:54";7.11
"Servidor-SPTECH";"ram";"ram_Usada";"GB";"2022-11-09 11:02:52";7.12
"Servidor-SPTECH";"ram";"ram_Usada";"GB";"2022-11-09 11:02:51";7.14
"Servidor-SPTECH";"ram";"ram_Usada";"GB";"2022-11-09 11:02:50";7.15
"Servidor-SPTECH";"ram";"ram_Usada";"GB";"2022-11-09 11:02:48";7.13
"Servidor-SPTECH";"ram";"ram_Usada";"GB";"2022-11-09 11:02:47";7.12
"Servidor-SPTECH";"ram";"ram_Usada";"GB";"2022-11-09 11:02:45";7.12
"Servidor-SPTECH";"ram";"ram_Usada";"GB";"2022-11-09 11:02:44";7.14
"Servidor-SPTECH";"ram";"ram_Usada";"GB";"2022-11-09 11:02:42";7.16
"Servidor-SPTECH";"ram";"ram_Usada";"GB";"2022-11-09 11:02:41";7.14
"Servidor-SPTECH";"ram";"ram_Usada";"GB";"2022-11-09 11:02:39";7.14
"Servidor-SPTECH";"ram";"ram_Usada";"GB";"2022-11-09 11:02:38";7.13
"Servidor-SPTECH";"ram";"ram_Usada";"GB";"2022-11-09 11:02:37";7.13
"Servidor-SPTECH";"ram";"ram_Usada";"GB";"2022-11-09 11:02:35";7.11
"Servidor-SPTECH";"ram";"ram_Usada";"GB";"2022-11-09 11:02:34";7.13
"Servidor-SPTECH";"ram";"ram_Usada";"GB";"2022-11-09 11:02:32";7.2
"Servidor-SPTECH";"ram";"ram_Usada";"GB";"2022-11-09 11:02:31";7.21
"Servidor-SPTECH";"ram";"ram_Usada";"GB";"2022-11-09 11:02:29";7.19
"Servidor-SPTECH";"ram";"ram_Usada";"GB";"2022-11-09 11:02:28";7.2
"Servidor-SPTECH";"ram";"ram_Usada";"GB";"2022-11-09 11:02:26";7.19
"Servidor-SPTECH";"ram";"ram_Usada";"GB";"2022-11-09 11:02:25";7.2
"Servidor-SPTECH";"ram";"ram_Usada";"GB";"2022-11-09 11:02:23";7.19
"Servidor-SPTECH";"ram";"ram_Usada";"GB";"2022-11-09 11:02:22";7.19
"Servidor-SPTECH";"ram";"ram_Usada";"GB";"2022-11-09 11:02:20";7.15
"Servidor-SPTECH";"ram";"ram_Usada";"GB";"2022-11-09 11:02:19";7.17
"Servidor-SPTECH";"ram";"ram_Usada";"GB";"2022-11-09 11:02:17";7.16
"Servidor-SPTECH";"ram";"ram_Usada";"GB";"2022-11-09 11:02:16";7.17
"Servidor-SPTECH";"ram";"ram_Usada";"GB";"2022-11-09 11:02:14";7.16
"Servidor-SPTECH";"ram";"ram_Usada";"GB";"2022-11-09 11:02:13";7.18
"Servidor-SPTECH";"ram";"ram_Usada";"GB";"2022-11-09 11:02:11";7.16
"Servidor-SPTECH";"ram";"ram_Usada";"GB";"2022-11-09 11:02:10";7.14
"Servidor-SPTECH";"ram";"ram_Usada";"GB";"2022-11-09 11:02:09";7.13
"Servidor-SPTECH";"ram";"ram_Usada";"GB";"2022-11-09 11:02:07";7.13
"Servidor-SPTECH";"ram";"ram_Usada";"GB";"2022-11-09 11:02:06";7.13
"Servidor-SPTECH";"ram";"ram_Usada";"GB";"2022-11-09 11:02:04";7.13
"Servidor-SPTECH";"ram";"ram_Usada";"GB";"2022-11-09 11:02:03";7.13
"Servidor-SPTECH";"ram";"ram_Usada";"GB";"2022-11-09 11:02:01";7.13
"Servidor-SPTECH";"ram";"ram_Usada";"GB";"2022-11-09 11:02:00";7.13
"Servidor-SPTECH";"ram";"ram_Usada";"GB";"2022-11-09 11:01:58";7.13
"Servidor-SPTECH";"ram";"ram_Usada";"GB";"2022-11-09 11:01:57";7.14
"Servidor-SPTECH";"ram";"ram_Usada";"GB";"2022-11-09 11:01:55";7.13
"Servidor-SPTECH";"ram";"ram_Usada";"GB";"2022-11-09 11:01:54";7.14
"Servidor-SPTECH";"ram";"ram_Usada";"GB";"2022-11-09 11:01:52";7.12
"Servidor-SPTECH";"ram";"ram_Usada";"GB";"2022-11-09 11:01:51";7.11
"Servidor-SPTECH";"ram";"ram_Usada";"GB";"2022-11-09 11:01:49";7.1
"Servidor-SPTECH";"ram";"ram_Usada";"GB";"2022-11-09 11:01:48";7.09
"Servidor-SPTECH";"ram";"ram_Usada";"GB";"2022-11-09 11:01:47";7.09
"Servidor-SPTECH";"ram";"ram_Usada";"GB";"2022-11-09 11:01:45";7.08
"Servidor-SPTECH";"ram";"ram_Usada";"GB";"2022-11-09 11:01:44";7.08
"Servidor-SPTECH";"ram";"ram_Usada";"GB";"2022-11-09 11:01:42";7.09
"Servidor-SPTECH";"ram";"ram_Usada";"GB";"2022-11-09 11:01:41";7.09
"Servidor-SPTECH";"ram";"ram_Usada";"GB";"2022-11-09 11:01:39";7.08
"Servidor-SPTECH";"ram";"ram_Usada";"GB";"2022-11-09 11:01:38";7.1
"Servidor-SPTECH";"ram";"ram_Usada";"GB";"2022-11-09 11:01:36";7.1
"Servidor-SPTECH";"ram";"ram_Usada";"GB";"2022-11-09 11:01:35";7.09
"Servidor-SPTECH";"ram";"ram_Usada";"GB";"2022-11-09 11:01:33";7.08
"Servidor-SPTECH";"ram";"ram_Usada";"GB";"2022-11-09 11:01:32";7.08
"Servidor-SPTECH";"ram";"ram_Usada";"GB";"2022-11-09 11:01:31";7.08
"Servidor-SPTECH";"ram";"ram_Usada";"GB";"2022-11-09 11:01:29";7.08
"Servidor-SPTECH";"ram";"ram_Usada";"GB";"2022-11-09 11:01:28";7.08
"Servidor-SPTECH";"ram";"ram_Usada";"GB";"2022-11-09 11:01:26";7.08
"Servidor-SPTECH";"ram";"ram_Usada";"GB";"2022-11-09 11:01:25";7.08
"Servidor-SPTECH";"ram";"ram_Usada";"GB";"2022-11-09 11:01:23";7.07
"Servidor-SPTECH";"ram";"ram_Usada";"GB";"2022-11-09 11:01:22";7.08
"Servidor-SPTECH";"ram";"ram_Usada";"GB";"2022-11-09 11:01:21";7.08
"Servidor-SPTECH";"ram";"ram_Usada";"GB";"2022-11-09 11:01:19";7.1
"Servidor-SPTECH";"ram";"ram_Usada";"GB";"2022-11-09 11:01:18";7.1
"Servidor-SPTECH";"ram";"ram_Usada";"GB";"2022-11-09 11:01:16";7.09
"Servidor-SPTECH";"ram";"ram_Usada";"GB";"2022-11-09 11:01:15";7.1
"Servidor-SPTECH";"ram";"ram_Usada";"GB";"2022-11-09 11:01:13";7.1
"Servidor-SPTECH";"ram";"ram_Usada";"GB";"2022-11-09 11:01:12";7.09
"Servidor-SPTECH";"ram";"ram_Usada";"GB";"2022-11-09 11:01:10";7.1
"Servidor-SPTECH";"ram";"ram_Usada";"GB";"2022-11-09 11:01:09";7.1
"Servidor-SPTECH";"ram";"ram_Usada";"GB";"2022-11-09 11:01:07";7.11
"Servidor-SPTECH";"ram";"ram_Usada";"GB";"2022-11-09 11:01:06";7.1
"Servidor-SPTECH";"ram";"ram_Usada";"GB";"2022-11-09 11:01:05";7.08
"Servidor-SPTECH";"ram";"ram_Usada";"GB";"2022-11-09 11:01:03";7.12
"Servidor-SPTECH";"ram";"ram_Usada";"GB";"2022-11-09 11:01:02";7.12
"Servidor-SPTECH";"ram";"ram_Usada";"GB";"2022-11-09 11:01:00";7.13
"Servidor-SPTECH";"ram";"ram_Usada";"GB";"2022-11-09 11:00:59";7.12
"Servidor-SPTECH";"ram";"ram_Usada";"GB";"2022-11-09 11:00:57";7.1
"Servidor-SPTECH";"ram";"ram_Usada";"GB";"2022-11-09 11:00:56";7.1
"Servidor-SPTECH";"ram";"ram_Usada";"GB";"2022-11-09 11:00:54";7.1
"Servidor-SPTECH";"ram";"ram_Usada";"GB";"2022-11-09 11:00:53";7.1
"Servidor-SPTECH";"ram";"ram_Usada";"GB";"2022-11-09 11:00:52";7.09
"Servidor-SPTECH";"ram";"ram_Usada";"GB";"2022-11-09 11:00:50";7.11
"Servidor-SPTECH";"ram";"ram_Usada";"GB";"2022-11-09 11:00:49";7.13
"Servidor-SPTECH";"ram";"ram_Usada";"GB";"2022-11-09 11:00:47";7.12
"Servidor-SPTECH";"ram";"ram_Usada";"GB";"2022-11-09 11:00:46";7.12
"Servidor-SPTECH";"ram";"ram_Usada";"GB";"2022-11-09 11:00:44";7.13
"Servidor-SPTECH";"ram";"ram_Usada";"GB";"2022-11-09 11:00:43";7.13
"Servidor-SPTECH";"ram";"ram_Usada";"GB";"2022-11-09 11:00:41";7.07
"Servidor-SPTECH";"ram";"ram_Usada";"GB";"2022-11-09 11:00:40";7.07
"Servidor-SPTECH";"ram";"ram_Usada";"GB";"2022-11-09 11:00:38";7.08
"Servidor-SPTECH";"ram";"ram_Usada";"GB";"2022-11-09 11:00:37";7.07
"Servidor-SPTECH";"ram";"ram_Usada";"GB";"2022-11-09 11:00:35";7.05
"Servidor-SPTECH";"ram";"ram_Usada";"GB";"2022-11-09 11:00:34";7.04
"Servidor-SPTECH";"ram";"ram_Usada";"GB";"2022-11-09 11:00:32";7.05
"Servidor-SPTECH";"ram";"ram_Usada";"GB";"2022-11-09 11:00:31";7.06
"Servidor-SPTECH";"ram";"ram_Usada";"GB";"2022-11-09 11:00:29";7.05
"Servidor-SPTECH";"ram";"ram_Usada";"GB";"2022-11-09 11:00:28";7.05
"Servidor-SPTECH";"ram";"ram_Usada";"GB";"2022-11-09 11:00:27";7.06
"Servidor-SPTECH";"ram";"ram_Usada";"GB";"2022-11-09 11:00:25";7.05
"Servidor-SPTECH";"ram";"ram_Usada";"GB";"2022-11-09 11:00:24";7.04
"Servidor-SPTECH";"ram";"ram_Usada";"GB";"2022-11-09 11:00:22";7.04
"Servidor-SPTECH";"ram";"ram_Usada";"GB";"2022-11-09 11:00:21";7.02
"Servidor-SPTECH";"ram";"ram_Usada";"GB";"2022-11-09 11:00:19";7.02
"Servidor-SPTECH";"ram";"ram_Usada";"GB";"2022-11-09 11:00:18";7.0
"Servidor-SPTECH";"ram";"ram_Usada";"GB";"2022-11-09 11:00:16";7.01
"Servidor-SPTECH";"ram";"ram_Usada";"GB";"2022-11-09 11:00:15";7.01
"Servidor-SPTECH";"ram";"ram_Usada";"GB";"2022-11-09 11:00:13";7.03
"Servidor-SPTECH";"ram";"ram_Usada";"GB";"2022-11-09 11:00:12";7.02
"Servidor-SPTECH";"ram";"ram_Usada";"GB";"2022-11-09 11:00:11";7.03
"Servidor-SPTECH";"ram";"ram_Usada";"GB";"2022-11-09 11:00:09";7.02
"Servidor-SPTECH";"ram";"ram_Usada";"GB";"2022-11-09 11:00:08";7.03
"Servidor-SPTECH";"ram";"ram_Usada";"GB";"2022-11-09 11:00:06";7.07
"Servidor-SPTECH";"ram";"ram_Usada";"GB";"2022-11-09 11:00:05";7.06
"Servidor-SPTECH";"ram";"ram_Usada";"GB";"2022-11-09 11:00:03";7.1
"Servidor-SPTECH";"ram";"ram_Usada";"GB";"2022-11-09 11:00:02";7.09
"Servidor-SPTECH";"ram";"ram_Usada";"GB";"2022-11-09 11:00:00";7.12
"Servidor-SPTECH";"ram";"ram_Usada";"GB";"2022-11-09 10:59:58";6.85
"Servidor-SPTECH";"ram";"ram_Usada";"GB";"2022-11-09 10:59:56";6.85
"Servidor-SPTECH";"ram";"ram_Usada";"GB";"2022-11-09 10:59:55";6.8
"Servidor-SPTECH";"ram";"ram_Usada";"GB";"2022-11-09 10:59:53";6.92
"Servidor-SPTECH";"ram";"ram_Usada";"GB";"2022-11-09 10:59:52";7.01
"Servidor-SPTECH";"ram";"ram_Usada";"GB";"2022-11-09 10:59:51";7.05
"Servidor-SPTECH";"ram";"ram_Usada";"GB";"2022-11-09 10:59:49";7.07
"Servidor-SPTECH";"ram";"ram_Usada";"GB";"2022-11-09 10:59:48";7.05
"Servidor-SPTECH";"ram";"ram_Usada";"GB";"2022-11-09 10:59:46";7.06
"Servidor-SPTECH";"ram";"ram_Usada";"GB";"2022-11-09 10:59:45";7.16
"Servidor-SPTECH";"ram";"ram_Usada";"GB";"2022-11-09 10:59:43";7.16
"Servidor-SPTECH";"ram";"ram_Usada";"GB";"2022-11-09 10:59:41";7.35
"Servidor-SPTECH";"ram";"ram_Usada";"GB";"2022-11-09 10:59:40";7.42
"Servidor-SPTECH";"ram";"ram_Usada";"GB";"2022-11-08 15:23:44";5.17
"Servidor-SPTECH";"ram";"ram_Usada";"GB";"2022-11-08 15:23:42";5.13
"Servidor-SPTECH";"ram";"ram_Usada";"GB";"2022-11-08 15:23:40";5.72
"Servidor-SPTECH";"ram";"ram_Usada";"GB";"2022-11-08 15:23:39";6.44
"Servidor-SPTECH";"ram";"ram_Usada";"GB";"2022-11-08 15:23:37";6.45
"Servidor-SPTECH";"ram";"ram_Usada";"GB";"2022-11-08 15:23:35";6.45
"Servidor-SPTECH";"ram";"ram_Usada";"GB";"2022-11-08 15:23:34";6.45
"Servidor-SPTECH";"ram";"ram_Usada";"GB";"2022-11-08 15:23:32";6.36
"Servidor-SPTECH";"ram";"ram_Usada";"GB";"2022-11-08 15:23:31";6.38
"Servidor-SPTECH";"ram";"ram_Usada";"GB";"2022-11-08 15:23:29";6.4
"Servidor-SPTECH";"ram";"ram_Usada";"GB";"2022-11-08 15:23:28";6.41
"Servidor-SPTECH";"ram";"ram_Usada";"GB";"2022-11-08 15:23:26";6.4
"Servidor-SPTECH";"ram";"ram_Usada";"GB";"2022-11-08 15:23:24";6.4
"Servidor-SPTECH";"ram";"ram_Usada";"GB";"2022-11-08 15:23:23";6.4
"Servidor-SPTECH";"ram";"ram_Usada";"GB";"2022-11-08 15:23:21";6.44
"Servidor-SPTECH";"ram";"ram_Usada";"GB";"2022-11-08 15:23:19";6.41
"Servidor-SPTECH";"ram";"ram_Usada";"GB";"2022-11-08 15:23:18";6.4
"Servidor-SPTECH";"ram";"ram_Usada";"GB";"2022-11-08 15:23:16";6.39
"Servidor-SPTECH";"ram";"ram_Usada";"GB";"2022-11-08 15:23:15";6.38
"Servidor-SPTECH";"ram";"ram_Usada";"GB";"2022-11-08 15:23:13";6.38
"Servidor-SPTECH";"ram";"ram_Usada";"GB";"2022-11-08 15:23:11";6.38
"Servidor-SPTECH";"ram";"ram_Usada";"GB";"2022-11-08 15:23:10";6.43
"Servidor-SPTECH";"ram";"ram_Usada";"GB";"2022-11-08 15:23:08";6.39
"Servidor-SPTECH";"ram";"ram_Usada";"GB";"2022-11-08 15:23:07";6.39
"Servidor-SPTECH";"ram";"ram_Usada";"GB";"2022-11-08 15:23:05";6.38
"Servidor-SPTECH";"ram";"ram_Usada";"GB";"2022-11-08 15:23:04";6.38
"Servidor-SPTECH";"ram";"ram_Usada";"GB";"2022-11-08 15:23:02";6.41
"Servidor-SPTECH";"ram";"ram_Usada";"GB";"2022-11-08 15:23:00";6.38
"Servidor-SPTECH";"ram";"ram_Usada";"GB";"2022-11-08 15:22:59";6.37
"Servidor-SPTECH";"ram";"ram_Usada";"GB";"2022-11-08 15:22:57";6.37
"Servidor-SPTECH";"ram";"ram_Usada";"GB";"2022-11-08 15:22:55";6.37
"Servidor-SPTECH";"ram";"ram_Usada";"GB";"2022-11-08 15:22:54";6.38
"Servidor-SPTECH";"ram";"ram_Usada";"GB";"2022-11-08 15:22:52";6.39
"Servidor-SPTECH";"ram";"ram_Usada";"GB";"2022-11-08 15:22:51";6.39
"Servidor-SPTECH";"ram";"ram_Usada";"GB";"2022-11-08 15:22:49";6.45
"Servidor-SPTECH";"ram";"ram_Usada";"GB";"2022-11-08 15:22:47";6.47
"Servidor-SPTECH";"ram";"ram_Usada";"GB";"2022-11-08 15:22:45";6.51
"Servidor-SPTECH";"ram";"ram_Usada";"GB";"2022-11-08 15:22:43";6.4
"Servidor-SPTECH";"ram";"ram_Usada";"GB";"2022-11-08 15:22:42";6.42
"Servidor-SPTECH";"ram";"ram_Usada";"GB";"2022-11-08 15:22:40";6.4
"Servidor-SPTECH";"ram";"ram_Usada";"GB";"2022-11-08 15:22:38";6.38
"Servidor-SPTECH";"ram";"ram_Usada";"GB";"2022-11-08 15:22:36";6.38
"Servidor-SPTECH";"ram";"ram_Usada";"GB";"2022-11-08 15:22:35";6.38
"Servidor-SPTECH";"ram";"ram_Usada";"GB";"2022-11-08 15:22:33";6.37
"Servidor-SPTECH";"ram";"ram_Usada";"GB";"2022-11-08 15:22:31";6.39
"Servidor-SPTECH";"ram";"ram_Usada";"GB";"2022-11-08 15:22:30";6.39
"Servidor-SPTECH";"ram";"ram_Usada";"GB";"2022-11-08 15:22:28";6.39
"Servidor-SPTECH";"ram";"ram_Usada";"GB";"2022-11-08 15:22:26";6.38
"Servidor-SPTECH";"ram";"ram_Usada";"GB";"2022-11-08 15:22:25";6.38
"Servidor-SPTECH";"ram";"ram_Usada";"GB";"2022-11-08 15:22:23";6.39
"Servidor-SPTECH";"ram";"ram_Usada";"GB";"2022-11-08 15:22:21";6.39
"Servidor-SPTECH";"ram";"ram_Usada";"GB";"2022-11-08 15:22:20";6.38
"Servidor-SPTECH";"ram";"ram_Usada";"GB";"2022-11-08 15:22:18";6.37
"Servidor-SPTECH";"ram";"ram_Usada";"GB";"2022-11-08 15:22:16";6.4
"Servidor-SPTECH";"ram";"ram_Usada";"GB";"2022-11-08 15:22:14";6.37
"Servidor-SPTECH";"ram";"ram_Usada";"GB";"2022-11-08 15:22:13";6.35
"Servidor-SPTECH";"ram";"ram_Usada";"GB";"2022-11-08 15:22:11";6.36
"Servidor-SPTECH";"ram";"ram_Usada";"GB";"2022-11-08 15:22:09";6.38
"Servidor-SPTECH";"ram";"ram_Usada";"GB";"2022-11-08 15:22:08";6.37
"Servidor-SPTECH";"ram";"ram_Usada";"GB";"2022-11-08 15:22:06";6.38
"Servidor-SPTECH";"ram";"ram_Usada";"GB";"2022-11-08 15:22:05";6.39
"Servidor-SPTECH";"ram";"ram_Usada";"GB";"2022-11-08 15:22:03";6.39
"Servidor-SPTECH";"ram";"ram_Usada";"GB";"2022-11-08 15:22:01";6.39
"Servidor-SPTECH";"ram";"ram_Usada";"GB";"2022-11-08 15:21:59";6.39
"Servidor-SPTECH";"ram";"ram_Usada";"GB";"2022-11-08 15:21:58";6.36
"Servidor-SPTECH";"ram";"ram_Usada";"GB";"2022-11-08 15:21:56";6.36
"Servidor-SPTECH";"ram";"ram_Usada";"GB";"2022-11-08 15:21:55";6.36
"Servidor-SPTECH";"ram";"ram_Usada";"GB";"2022-11-08 15:21:53";6.38
"Servidor-SPTECH";"ram";"ram_Usada";"GB";"2022-11-08 15:21:51";6.38
"Servidor-SPTECH";"ram";"ram_Usada";"GB";"2022-11-08 15:21:50";6.38
"Servidor-SPTECH";"ram";"ram_Usada";"GB";"2022-11-08 15:21:48";6.38
"Servidor-SPTECH";"ram";"ram_Usada";"GB";"2022-11-08 15:21:46";6.37
"Servidor-SPTECH";"ram";"ram_Usada";"GB";"2022-11-08 15:21:45";6.37
"Servidor-SPTECH";"ram";"ram_Usada";"GB";"2022-11-08 15:21:43";6.4
"Servidor-SPTECH";"ram";"ram_Usada";"GB";"2022-11-08 15:21:42";6.4
"Servidor-SPTECH";"ram";"ram_Usada";"GB";"2022-11-08 15:21:40";6.39
"Servidor-SPTECH";"ram";"ram_Usada";"GB";"2022-11-08 15:21:38";6.39
"Servidor-SPTECH";"ram";"ram_Usada";"GB";"2022-11-08 15:21:37";6.4
